#   index    LocalEnergy         LocalEnergy_sq      LocalPotential      Kinetic             ElecElec            LocalECP            NonLocalECP         BlockWeight         BlockCPU            AcceptRatio         
         0   -1.4498913109e+02    2.1035066172e+04   -2.3441424067e+02    8.9425109578e+01    1.1014788114e+02   -3.6190673162e+02    1.7344609812e+01    2.0480000000e+03    1.5343618268e+01    4.4268918505e-01
         1   -1.4499269115e+02    2.1033773945e+04   -2.3309400421e+02    8.8101313064e+01    1.1031842882e+02   -3.6052691861e+02    1.7114485583e+01    2.0480000000e+03    1.5799954624e+01    4.4324257047e-01
         2   -1.4499376664e+02    2.1035042052e+04   -2.3348269651e+02    8.8488929872e+01    1.1024987289e+02   -3.6117485354e+02    1.7442284138e+01    2.0480000000e+03    1.5780523235e+01    4.4274471507e-01
         3   -1.4509408782e+02    2.1062710167e+04   -2.3411318233e+02    8.9019094514e+01    1.1065111306e+02   -3.6306891411e+02    1.8304618713e+01    2.0480000000e+03    1.5776949977e+01    4.4275811887e-01
         4   -1.4492174069e+02    2.1012125429e+04   -2.3381334976e+02    8.8891609074e+01    1.1042540764e+02   -3.6135657726e+02    1.7117819863e+01    2.0480000000e+03    1.5776708473e+01    4.4297640931e-01
         5   -1.4510594574e+02    2.1062011007e+04   -2.3448639191e+02    8.9380446171e+01    1.0993879815e+02   -3.6188694945e+02    1.7461759394e+01    2.0480000000e+03    1.5760781807e+01    4.4277343750e-01
         6   -1.4514110447e+02    2.1072539199e+04   -2.3334361875e+02    8.8202514283e+01    1.0992572446e+02   -3.6114262371e+02    1.7873280493e+01    2.0480000000e+03    1.5766814939e+01    4.4312193627e-01
         7   -1.4494997872e+02    2.1020853811e+04   -2.3503011858e+02    9.0080139852e+01    1.1017337705e+02   -3.6181461399e+02    1.6611118363e+01    2.0480000000e+03    1.5762408328e+01    4.4206207874e-01
         8   -1.4494511402e+02    2.1024414274e+04   -2.3446034165e+02    8.9515227630e+01    1.1028013324e+02   -3.6188265931e+02    1.7142184420e+01    2.0480000000e+03    1.5768656673e+01    4.4265759038e-01
         9   -1.4500959134e+02    2.1035681687e+04   -2.3227082517e+02    8.7261233835e+01    1.1001265417e+02   -3.6024573246e+02    1.7962253116e+01    2.0480000000e+03    1.5757224429e+01    4.4247185202e-01
        10   -1.4498254440e+02    2.1030648424e+04   -2.3276146048e+02    8.7778916081e+01    1.1016357107e+02   -3.6094808304e+02    1.8023051493e+01    2.0480000000e+03    1.5755367953e+01    4.4325980392e-01
        11   -1.4505540455e+02    2.1049569695e+04   -2.3341409431e+02    8.8358689767e+01    1.1009474267e+02   -3.6181711988e+02    1.8308282893e+01    2.0480000000e+03    1.5750576449e+01    4.4244600184e-01
        12   -1.4501967257e+02    2.1040598348e+04   -2.3349954308e+02    8.8479870516e+01    1.1027052475e+02   -3.6222794214e+02    1.8457874312e+01    2.0480000000e+03    1.5758553700e+01    4.4272939645e-01
        13   -1.4500307207e+02    2.1036451345e+04   -2.3520482052e+02    9.0201748443e+01    1.1046034390e+02   -3.6305843855e+02    1.7393274133e+01    2.0480000000e+03    1.5759786036e+01    4.4315640319e-01
        14   -1.4499892325e+02    2.1030997450e+04   -2.3447590261e+02    8.9476979359e+01    1.1038121308e+02   -3.6199170055e+02    1.7134584866e+01    2.0480000000e+03    1.5757581032e+01    4.4294385723e-01
        15   -1.4502934911e+02    2.1040124404e+04   -2.3387174348e+02    8.8842394364e+01    1.1025070141e+02   -3.6223114802e+02    1.8108703129e+01    2.0480000000e+03    1.5755841937e+01    4.4250153186e-01
        16   -1.4511011763e+02    2.1066475321e+04   -2.3543667682e+02    9.0326559190e+01    1.1051595585e+02   -3.6356099338e+02    1.7608360711e+01    2.0480000000e+03    1.5767898120e+01    4.4254653033e-01
        17   -1.4503237517e+02    2.1041419832e+04   -2.3396409783e+02    8.8931722655e+01    1.1026404701e+02   -3.6195556939e+02    1.7727424548e+01    2.0480000000e+03    1.5772950671e+01    4.4352883732e-01
        18   -1.4507313384e+02    2.1054005286e+04   -2.3395887575e+02    8.8885741906e+01    1.0978865090e+02   -3.6080266210e+02    1.7055135446e+01    2.0480000000e+03    1.5746018535e+01    4.4294960172e-01
        19   -1.4496440556e+02    2.1025732034e+04   -2.3410468153e+02    8.9140275966e+01    1.0999013483e+02   -3.6172900934e+02    1.7634192991e+01    2.0480000000e+03    1.5756084814e+01    4.4331150429e-01
        20   -1.4498986384e+02    2.1032516629e+04   -2.3230001234e+02    8.7310148492e+01    1.0973945465e+02   -3.5944680586e+02    1.7407338870e+01    2.0480000000e+03    1.5748771454e+01    4.4303864124e-01
        21   -1.4508542274e+02    2.1056832782e+04   -2.3247147097e+02    8.7386048231e+01    1.0990392922e+02   -3.5999064794e+02    1.7615247744e+01    2.0480000000e+03    1.5759781499e+01    4.4385914522e-01
        22   -1.4500199473e+02    2.1032214367e+04   -2.3469839810e+02    8.9696403374e+01    1.1024094616e+02   -3.6242358456e+02    1.7484240290e+01    2.0480000000e+03    1.5765894544e+01    4.4283758425e-01
        23   -1.4496789088e+02    2.1023376964e+04   -2.3365844256e+02    8.8690551679e+01    1.1005226062e+02   -3.6043566247e+02    1.6724959296e+01    2.0480000000e+03    1.5764268931e+01    4.4337948070e-01
        24   -1.4501292548e+02    2.1036473469e+04   -2.3480671943e+02    8.9793793950e+01    1.1060301295e+02   -3.6356066194e+02    1.8150929563e+01    2.0480000000e+03    1.5793097554e+01    4.4322916667e-01
        25   -1.4506510893e+02    2.1050642138e+04   -2.3378625748e+02    8.8721148550e+01    1.1024239122e+02   -3.6147925371e+02    1.7450605018e+01    2.0480000000e+03    1.5773930790e+01    4.4219324449e-01
        26   -1.4500795633e+02    2.1034488042e+04   -2.3320283208e+02    8.8194875757e+01    1.1026216567e+02   -3.6203883077e+02    1.8573833022e+01    2.0480000000e+03    1.5769094237e+01    4.4227366728e-01
        27   -1.4506225564e+02    2.1052812309e+04   -2.3428936765e+02    8.9227112018e+01    1.1020185092e+02   -3.6191098707e+02    1.7419768493e+01    2.0480000000e+03    1.5768469985e+01    4.4193570006e-01
        28   -1.4501283049e+02    2.1039886516e+04   -2.3346984796e+02    8.8457017468e+01    1.1025261601e+02   -3.6081143179e+02    1.7088967821e+01    2.0480000000e+03    1.5762066630e+01    4.4204197304e-01
        29   -1.4509629342e+02    2.1061938529e+04   -2.3367596429e+02    8.8579670866e+01    1.1013401748e+02   -3.6128974414e+02    1.7479762375e+01    2.0480000000e+03    1.5763175171e+01    4.4295151654e-01
        30   -1.4497476347e+02    2.1030080984e+04   -2.3346506793e+02    8.8490304467e+01    1.1017694254e+02   -3.6075266296e+02    1.7110652487e+01    2.0480000000e+03    1.5761359372e+01    4.4337948070e-01
        31   -1.4494817195e+02    2.1019282718e+04   -2.3356409695e+02    8.8615925002e+01    1.1004629158e+02   -3.6068519499e+02    1.7074806459e+01    2.0480000000e+03    1.5750387163e+01    4.4306257659e-01
        32   -1.4501256599e+02    2.1037751693e+04   -2.3306733395e+02    8.8054767958e+01    1.1041287556e+02   -3.6132100020e+02    1.7840790692e+01    2.0480000000e+03    1.5779964513e+01    4.4281556373e-01
        33   -1.4501947147e+02    2.1039236752e+04   -2.3282968174e+02    8.7810210268e+01    1.0983984518e+02   -3.5964750238e+02    1.6977975465e+01    2.0480000000e+03    1.5749969361e+01    4.4302619485e-01
        34   -1.4502940579e+02    2.1040676898e+04   -2.3305587500e+02    8.8026469215e+01    1.0969846488e+02   -3.6035776130e+02    1.7603421420e+01    2.0480000000e+03    1.5743438641e+01    4.4355277267e-01
        35   -1.4510009227e+02    2.1062590475e+04   -2.3285095973e+02    8.7750867456e+01    1.1017783950e+02   -3.6071486889e+02    1.7686069658e+01    2.0480000000e+03    1.5770657083e+01    4.4307502298e-01
        36   -1.4501582185e+02    2.1037728468e+04   -2.3368296743e+02    8.8667145576e+01    1.1013052906e+02   -3.6100023261e+02    1.7186736130e+01    2.0480000000e+03    1.5758082337e+01    4.4316310509e-01
        37   -1.4504465648e+02    2.1044277626e+04   -2.3348206611e+02    8.8437409628e+01    1.0992915065e+02   -3.6043135996e+02    1.7020143204e+01    2.0480000000e+03    1.5765046321e+01    4.4370691636e-01
        38   -1.4494034714e+02    2.1016397259e+04   -2.3352886000e+02    8.8588512856e+01    1.1042798946e+02   -3.6138392501e+02    1.7427075548e+01    2.0480000000e+03    1.5762415875e+01    4.4253121170e-01
        39   -1.4506281607e+02    2.1052569447e+04   -2.3515097166e+02    9.0088155595e+01    1.1049584433e+02   -3.6373746486e+02    1.8090648869e+01    2.0480000000e+03    1.5763335067e+01    4.4283183977e-01
        40   -1.4510032860e+02    2.1060494546e+04   -2.3326005421e+02    8.8159725614e+01    1.1001129624e+02   -3.6048043378e+02    1.7209083325e+01    2.0480000000e+03    1.5758826959e+01    4.4310087316e-01
        41   -1.4512104261e+02    2.1070548790e+04   -2.3361791101e+02    8.8496868396e+01    1.1009516912e+02   -3.6050316267e+02    1.6790082546e+01    2.0480000000e+03    1.5771532528e+01    4.4329331342e-01
        42   -1.4496004092e+02    2.1023443192e+04   -2.3330501392e+02    8.8344972992e+01    1.1032142767e+02   -3.6249389926e+02    1.8867457674e+01    2.0480000000e+03    1.5769008767e+01    4.4309512868e-01
        43   -1.4503733144e+02    2.1045344382e+04   -2.3371349150e+02    8.8676160060e+01    1.1008313569e+02   -3.6098856475e+02    1.7191937557e+01    2.0480000000e+03    1.5741699653e+01    4.4309800092e-01
        44   -1.4505098775e+02    2.1046017872e+04   -2.3317770014e+02    8.8126712386e+01    1.1002442244e+02   -3.5986575054e+02    1.6663627963e+01    2.0480000000e+03    1.5765072239e+01    4.4227270987e-01
        45   -1.4497882043e+02    2.1028200447e+04   -2.3456623962e+02    8.9587419188e+01    1.1076835652e+02   -3.6273113427e+02    1.7396538133e+01    2.0480000000e+03    1.5773312384e+01    4.4186772365e-01
        46   -1.4500749926e+02    2.1034247455e+04   -2.3276865916e+02    8.7761159905e+01    1.1000008952e+02   -3.6047743257e+02    1.7708683887e+01    2.0480000000e+03    1.5766797377e+01    4.4308938419e-01
        47   -1.4504096218e+02    2.1045111320e+04   -2.3489917841e+02    8.9858216227e+01    1.1054107928e+02   -3.6275481619e+02    1.7314558507e+01    2.0480000000e+03    1.5788463425e+01    4.4368298100e-01
        48   -1.4498487626e+02    2.1029150202e+04   -2.3316800080e+02    8.8183124538e+01    1.1023411007e+02   -3.6096872512e+02    1.7566614252e+01    2.0480000000e+03    1.5758990355e+01    4.4263748468e-01
        49   -1.4490768616e+02    2.1007462850e+04   -2.3515593976e+02    9.0248253597e+01    1.1053911964e+02   -3.6328777237e+02    1.7592712969e+01    2.0480000000e+03    1.5763370598e+01    4.4328373928e-01
        50   -1.4509490886e+02    2.1061529326e+04   -2.3385162939e+02    8.8756720534e+01    1.0993633461e+02   -3.6097688969e+02    1.7188925686e+01    2.0480000000e+03    1.5757439840e+01    4.4278971354e-01
        51   -1.4512972741e+02    2.1069465910e+04   -2.3327050836e+02    8.8140780955e+01    1.0998385032e+02   -3.6105310133e+02    1.7798742640e+01    2.0480000000e+03    1.5756253700e+01    4.4345128676e-01
        52   -1.4516410192e+02    2.1078785363e+04   -2.3430830528e+02    8.9144203355e+01    1.1031068870e+02   -3.6101425958e+02    1.6395265604e+01    2.0480000000e+03    1.5780705218e+01    4.4226983762e-01
        53   -1.4506060695e+02    2.1050210180e+04   -2.3438731819e+02    8.9326711239e+01    1.1034104030e+02   -3.6226250043e+02    1.7534141937e+01    2.0480000000e+03    1.5772539764e+01    4.4215877757e-01
        54   -1.4499311678e+02    2.1030128095e+04   -2.3428446250e+02    8.9291345722e+01    1.1023243115e+02   -3.6174107245e+02    1.7224178806e+01    2.0480000000e+03    1.5754996768e+01    4.4250536152e-01
        55   -1.4497235429e+02    2.1026828682e+04   -2.3451054762e+02    8.9538193335e+01    1.1063508755e+02   -3.6273296230e+02    1.7587327129e+01    2.0480000000e+03    1.5777568840e+01    4.4339192708e-01
        56   -1.4508507090e+02    2.1058870720e+04   -2.3344278684e+02    8.8357715938e+01    1.1016839726e+02   -3.6111685863e+02    1.7505674526e+01    2.0480000000e+03    1.5759827404e+01    4.4227749694e-01
        57   -1.4508577509e+02    2.1057933679e+04   -2.3372643985e+02    8.8640664766e+01    1.1028416316e+02   -3.6193663599e+02    1.7926032980e+01    2.0480000000e+03    1.5755118150e+01    4.4286534926e-01
        58   -1.4501309425e+02    2.1036324223e+04   -2.3267897624e+02    8.7665881991e+01    1.1016377642e+02   -3.6018181293e+02    1.7339060276e+01    2.0480000000e+03    1.5758408786e+01    4.4257142310e-01
        59   -1.4504513210e+02    2.1045721938e+04   -2.3544662861e+02    9.0401496512e+01    1.1030178642e+02   -3.6230190050e+02    1.6553485466e+01    2.0480000000e+03    1.5751291800e+01    4.4303959865e-01
        60   -1.4505372432e+02    2.1047419737e+04   -2.3448111265e+02    8.9427388330e+01    1.0998076982e+02   -3.6184525186e+02    1.7383369391e+01    2.0480000000e+03    1.5762602346e+01    4.4239047181e-01
        61   -1.4491820538e+02    2.1010637253e+04   -2.3389977872e+02    8.8981573342e+01    1.1040787209e+02   -3.6179033343e+02    1.7482682619e+01    2.0480000000e+03    1.5762406294e+01    4.4430625766e-01
        62   -1.4492606082e+02    2.1011886086e+04   -2.3456592398e+02    8.9639863153e+01    1.1053549225e+02   -3.6276705398e+02    1.7665637761e+01    2.0480000000e+03    1.5765539437e+01    4.4334884344e-01
        63   -1.4491546682e+02    2.1010295130e+04   -2.3390311082e+02    8.8987643999e+01    1.1052496313e+02   -3.6171112598e+02    1.7283052027e+01    2.0480000000e+03    1.5776283813e+01    4.4298311121e-01
        64   -1.4509521155e+02    2.1061996831e+04   -2.3446309844e+02    8.9367886890e+01    1.0997215896e+02   -3.6197980791e+02    1.7544550505e+01    2.0480000000e+03    1.5745289850e+01    4.4206782322e-01
        65   -1.4497468981e+02    2.1028093455e+04   -2.3245449202e+02    8.7479802209e+01    1.1003834972e+02   -3.6030092815e+02    1.7808086416e+01    2.0480000000e+03    1.5758143013e+01    4.4214537377e-01
        66   -1.4503887692e+02    2.1043488727e+04   -2.3330320429e+02    8.8264327366e+01    1.1020116322e+02   -3.6048156457e+02    1.6977197058e+01    2.0480000000e+03    1.5764914621e+01    4.4240674786e-01
        67   -1.4498362435e+02    2.1027176340e+04   -2.3401435200e+02    8.9030727649e+01    1.1059429363e+02   -3.6191320257e+02    1.7304556932e+01    2.0480000000e+03    1.5782396688e+01    4.4269205729e-01
        68   -1.4498432233e+02    2.1031953830e+04   -2.3407343011e+02    8.9089107786e+01    1.1048569773e+02   -3.6296496934e+02    1.8405841494e+01    2.0480000000e+03    1.5762614255e+01    4.4196729473e-01
        69   -1.4504164343e+02    2.1047017954e+04   -2.3364624865e+02    8.8604605217e+01    1.0985285540e+02   -3.6131816908e+02    1.7819065029e+01    2.0480000000e+03    1.5742804183e+01    4.4277056526e-01
        70   -1.4507175108e+02    2.1052589307e+04   -2.3246620187e+02    8.7394450790e+01    1.1005823975e+02   -3.5917222929e+02    1.6647787671e+01    2.0480000000e+03    1.5763921990e+01    4.4317555147e-01
        71   -1.4512273573e+02    2.1066528625e+04   -2.3309013808e+02    8.7967402352e+01    1.0985367247e+02   -3.6023818686e+02    1.7294376305e+01    2.0480000000e+03    1.5752874017e+01    4.4247759651e-01
        72   -1.4493209243e+02    2.1018414970e+04   -2.3503227987e+02    9.0100187433e+01    1.1091398730e+02   -3.6421435359e+02    1.8268086432e+01    2.0480000000e+03    1.5775049830e+01    4.4273801317e-01
        73   -1.4504213110e+02    2.1045768434e+04   -2.3446192570e+02    8.9419794606e+01    1.1020873141e+02   -3.6177351104e+02    1.7102853932e+01    2.0480000000e+03    1.5765669934e+01    4.4286247702e-01
        74   -1.4501375943e+02    2.1037493629e+04   -2.3417171118e+02    8.9157951756e+01    1.1087101705e+02   -3.6300301739e+02    1.7960289160e+01    2.0480000000e+03    1.5777401444e+01    4.4177868413e-01
        75   -1.4501065353e+02    2.1035750318e+04   -2.3395088838e+02    8.8940234848e+01    1.1028978639e+02   -3.6077814217e+02    1.6537467410e+01    2.0480000000e+03    1.5767190334e+01    4.4236462163e-01
        76   -1.4513356369e+02    2.1070882893e+04   -2.3422508477e+02    8.9091521080e+01    1.1013709729e+02   -3.6288047018e+02    1.8518288132e+01    2.0480000000e+03    1.5747933049e+01    4.4267673866e-01
        77   -1.4511532455e+02    2.1067194842e+04   -2.3405746386e+02    8.8942139307e+01    1.1001258856e+02   -3.6081408874e+02    1.6744036325e+01    2.0480000000e+03    1.5744981694e+01    4.4259152880e-01
        78   -1.4506864424e+02    2.1052710063e+04   -2.3475488195e+02    8.9686237708e+01    1.1034621800e+02   -3.6270443758e+02    1.7603337623e+01    2.0480000000e+03    1.5762089085e+01    4.4248142616e-01
        79   -1.4499171630e+02    2.1032626667e+04   -2.3379864312e+02    8.8806926819e+01    1.1017287699e+02   -3.6112847232e+02    1.7156952212e+01    2.0480000000e+03    1.5762032872e+01    4.4279833027e-01
        80   -1.4503041273e+02    2.1040899541e+04   -2.3388117331e+02    8.8850760576e+01    1.0973563265e+02   -3.6079418997e+02    1.7177384013e+01    2.0480000000e+03    1.5755526956e+01    4.4370212929e-01
        81   -1.4496997183e+02    2.1024675348e+04   -2.3191614136e+02    8.6946169524e+01    1.1010206504e+02   -3.5954227064e+02    1.7524064245e+01    2.0480000000e+03    1.5761009458e+01    4.4250823376e-01
        82   -1.4504460838e+02    2.1048486017e+04   -2.3420194186e+02    8.9157333478e+01    1.1048167014e+02   -3.6223608459e+02    1.7552472581e+01    2.0480000000e+03    1.5765692472e+01    4.4265567555e-01
        83   -1.4515119154e+02    2.1077216274e+04   -2.3351649887e+02    8.8365307324e+01    1.1030186601e+02   -3.6193564262e+02    1.8117277746e+01    2.0480000000e+03    1.5771775845e+01    4.4247472426e-01
        84   -1.4504277597e+02    2.1045276012e+04   -2.3343831748e+02    8.8395541510e+01    1.1029290581e+02   -3.6170543391e+02    1.7974210628e+01    2.0480000000e+03    1.5774388914e+01    4.4242493873e-01
        85   -1.4505481051e+02    2.1050990044e+04   -2.3462359175e+02    8.9568781236e+01    1.1058551687e+02   -3.6274365433e+02    1.7534545707e+01    2.0480000000e+03    1.5778369190e+01    4.4314778646e-01
        86   -1.4509171155e+02    2.1058267370e+04   -2.3412780040e+02    8.9036088846e+01    1.1001248326e+02   -3.6092072982e+02    1.6780446167e+01    2.0480000000e+03    1.5762914751e+01    4.4333735447e-01
        87   -1.4497471117e+02    2.1027004903e+04   -2.3379183357e+02    8.8817122408e+01    1.1000279234e+02   -3.6124272346e+02    1.7448097542e+01    2.0480000000e+03    1.5749391007e+01    4.4375478707e-01
        88   -1.4509665233e+02    2.1060260719e+04   -2.3437989765e+02    8.9283245313e+01    1.1034848885e+02   -3.6177910394e+02    1.7050717443e+01    2.0480000000e+03    1.5766411558e+01    4.4231387868e-01
        89   -1.4493727122e+02    2.1025004389e+04   -2.3266482461e+02    8.7727553396e+01    1.0995130822e+02   -3.6025878850e+02    1.7642655675e+01    2.0480000000e+03    1.5743564187e+01    4.4257525276e-01
        90   -1.4500297845e+02    2.1034883267e+04   -2.3302494820e+02    8.8021969750e+01    1.1031088283e+02   -3.6094857936e+02    1.7612748336e+01    2.0480000000e+03    1.5758827691e+01    4.4428232230e-01
        91   -1.4505262909e+02    2.1051606448e+04   -2.3417915792e+02    8.9126528831e+01    1.1042145353e+02   -3.6242103945e+02    1.7820427996e+01    2.0480000000e+03    1.5766424205e+01    4.4269301471e-01
        92   -1.4512003437e+02    2.1070520858e+04   -2.3373364393e+02    8.8613609561e+01    1.1029057991e+02   -3.6262050669e+02    1.8596282843e+01    2.0480000000e+03    1.5765332409e+01    4.4324065564e-01
        93   -1.4507993693e+02    2.1055738184e+04   -2.3431828501e+02    8.9238348077e+01    1.1010219199e+02   -3.6096854593e+02    1.6548068929e+01    2.0480000000e+03    1.5763687793e+01    4.4283758425e-01
        94   -1.4506429422e+02    2.1051405799e+04   -2.3335433856e+02    8.8290044335e+01    1.1038945504e+02   -3.6156769655e+02    1.7823902952e+01    2.0480000000e+03    1.5773112637e+01    4.4319565717e-01
        95   -1.4492906069e+02    2.1013496198e+04   -2.3390448516e+02    8.8975424474e+01    1.1025885772e+02   -3.6212624305e+02    1.7962900170e+01    2.0480000000e+03    1.5764673395e+01    4.4218175551e-01
        96   -1.4498411478e+02    2.1028708391e+04   -2.3521197326e+02    9.0227858480e+01    1.1057251787e+02   -3.6282286514e+02    1.7038374021e+01    2.0480000000e+03    1.5772753763e+01    4.4196633732e-01
        97   -1.4507927503e+02    2.1055272621e+04   -2.3438322606e+02    8.9303951031e+01    1.1006104564e+02   -3.6154844884e+02    1.7104177133e+01    2.0480000000e+03    1.5772386271e+01    4.4220186121e-01
        98   -1.4513578730e+02    2.1071185085e+04   -2.3344118675e+02    8.8305399452e+01    1.1013038042e+02   -3.6107059563e+02    1.7499028462e+01    2.0480000000e+03    1.5769915944e+01    4.4279450061e-01
        99   -1.4498380191e+02    2.1029476039e+04   -2.3388385354e+02    8.8900051624e+01    1.1067462607e+02   -3.6234753928e+02    1.7789059668e+01    2.0480000000e+03    1.5770804034e+01    4.4291513480e-01
       100   -1.4511011943e+02    2.1064855874e+04   -2.3373868830e+02    8.8628568863e+01    1.1017266958e+02   -3.6227128778e+02    1.8359929909e+01    2.0480000000e+03    1.5748689889e+01    4.4230143229e-01
       101   -1.4505870764e+02    2.1048743254e+04   -2.3318392389e+02    8.8125216249e+01    1.1027473047e+02   -3.6113563002e+02    1.7676975659e+01    2.0480000000e+03    1.5768395737e+01    4.4280503217e-01
       102   -1.4500891168e+02    2.1035926339e+04   -2.3439662828e+02    8.9387716597e+01    1.1035400506e+02   -3.6185519850e+02    1.7104565163e+01    2.0480000000e+03    1.5751116127e+01    4.4267578125e-01
       103   -1.4501938722e+02    2.1036957179e+04   -2.3470902549e+02    8.9689638273e+01    1.1061801683e+02   -3.6316186822e+02    1.7834825895e+01    2.0480000000e+03    1.5767479880e+01    4.4348479626e-01
       104   -1.4502968709e+02    2.1041530481e+04   -2.3437410665e+02    8.9344419561e+01    1.1015821397e+02   -3.6200700749e+02    1.7474686868e+01    2.0480000000e+03    1.5771857045e+01    4.4327607996e-01
       105   -1.4505371229e+02    2.1048610744e+04   -2.3301878987e+02    8.7965077582e+01    1.1015625760e+02   -3.6065258463e+02    1.7477537161e+01    2.0480000000e+03    1.5760808726e+01    4.4389265472e-01
       106   -1.4512250340e+02    2.1067340268e+04   -2.3377129175e+02    8.8648788345e+01    1.0981663265e+02   -3.6113250868e+02    1.7544584279e+01    2.0480000000e+03    1.5752149719e+01    4.4346181832e-01
       107   -1.4503407859e+02    2.1042069898e+04   -2.3398749425e+02    8.8953415666e+01    1.1005964744e+02   -3.6040575822e+02    1.6358616529e+01    2.0480000000e+03    1.5767542912e+01    4.4262216605e-01
       108   -1.4506194026e+02    2.1049236567e+04   -2.3275709957e+02    8.7695159318e+01    1.1033116654e+02   -3.6075467092e+02    1.7666404806e+01    2.0480000000e+03    1.5753100581e+01    4.4252163756e-01
       109   -1.4506329627e+02    2.1050124324e+04   -2.3364631793e+02    8.8583021666e+01    1.1023301214e+02   -3.6150174629e+02    1.7622416211e+01    2.0480000000e+03    1.5772998201e+01    4.4319278493e-01
       110   -1.4501454613e+02    2.1035861652e+04   -2.3455124481e+02    8.9536698684e+01    1.1058548645e+02   -3.6331128623e+02    1.8174554967e+01    2.0480000000e+03    1.5766037246e+01    4.4263748468e-01
       111   -1.4499563224e+02    2.1031699100e+04   -2.3343149651e+02    8.8435864273e+01    1.1011137703e+02   -3.6093175497e+02    1.7388881437e+01    2.0480000000e+03    1.5755508350e+01    4.4241727941e-01
       112   -1.4506531329e+02    2.1052121579e+04   -2.3356846208e+02    8.8503148789e+01    1.0962133423e+02   -3.6007555265e+02    1.6885756336e+01    2.0480000000e+03    1.5740814937e+01    4.4407935049e-01
       113   -1.4497102059e+02    2.1026997132e+04   -2.3517479588e+02    9.0203775287e+01    1.1024378755e+02   -3.6236674278e+02    1.6948159352e+01    2.0480000000e+03    1.5761294966e+01    4.4430625766e-01
       114   -1.4502680722e+02    2.1042507507e+04   -2.3276471339e+02    8.7737906172e+01    1.0999534813e+02   -3.5975816707e+02    1.6998105550e+01    2.0480000000e+03    1.5766606058e+01    4.4173368566e-01
       115   -1.4501962022e+02    2.1038540789e+04   -2.3463595846e+02    8.9616338233e+01    1.1029815510e+02   -3.6261984509e+02    1.7685731527e+01    2.0480000000e+03    1.5755937595e+01    4.4356617647e-01
       116   -1.4513954880e+02    2.1071160345e+04   -2.3298306241e+02    8.7843513608e+01    1.1000009485e+02   -3.5988103423e+02    1.6897876969e+01    2.0480000000e+03    1.5774618063e+01    4.4323299632e-01
       117   -1.4494909465e+02    2.1017185829e+04   -2.3354823031e+02    8.8599135666e+01    1.1026021047e+02   -3.6146923328e+02    1.7660792494e+01    2.0480000000e+03    1.5755201147e+01    4.4326459099e-01
       118   -1.4505126910e+02    2.1047397177e+04   -2.3348017217e+02    8.8428903068e+01    1.1026670704e+02   -3.6158782229e+02    1.7840943080e+01    2.0480000000e+03    1.5763374483e+01    4.4317650888e-01
       119   -1.4498279087e+02    2.1030259760e+04   -2.3419881329e+02    8.9216022414e+01    1.1019810177e+02   -3.6216946793e+02    1.7772552878e+01    2.0480000000e+03    1.5747758882e+01    4.4260684743e-01
       120   -1.4493687116e+02    2.1017742582e+04   -2.3372134902e+02    8.8784477856e+01    1.1053742307e+02   -3.6153485773e+02    1.7276085641e+01    2.0480000000e+03    1.5764566731e+01    4.4278971354e-01
       121   -1.4494141828e+02    2.1016173820e+04   -2.3381560802e+02    8.8874189735e+01    1.1035489170e+02   -3.6121647034e+02    1.7045970618e+01    2.0480000000e+03    1.5772716299e+01    4.4310470282e-01
       122   -1.4509273775e+02    2.1060985173e+04   -2.3453891257e+02    8.9446174825e+01    1.1029551257e+02   -3.6189788006e+02    1.7063454926e+01    2.0480000000e+03    1.5763833676e+01    4.4282992494e-01
       123   -1.4510854336e+02    2.1063170158e+04   -2.3247426937e+02    8.7365726009e+01    1.0988150755e+02   -3.5972186334e+02    1.7366086425e+01    2.0480000000e+03    1.5758630888e+01    4.4269014246e-01
       124   -1.4498912549e+02    2.1032245704e+04   -2.3398971924e+02    8.9000593747e+01    1.0999301261e+02   -3.6154230294e+02    1.7559571089e+01    2.0480000000e+03    1.5758765985e+01    4.4318704044e-01
       125   -1.4504325061e+02    2.1045465135e+04   -2.3336013832e+02    8.8316887706e+01    1.1068045687e+02   -3.6270466946e+02    1.8664074267e+01    2.0480000000e+03    1.5767799173e+01    4.4205537684e-01
       126   -1.4518324188e+02    2.1084199836e+04   -2.3310049191e+02    8.7917250027e+01    1.0996577318e+02   -3.6069329163e+02    1.7627026541e+01    2.0480000000e+03    1.5749450980e+01    4.4248046875e-01
       127   -1.4492588750e+02    2.1011103758e+04   -2.3444559382e+02    8.9519706317e+01    1.1016365785e+02   -3.6162514506e+02    1.7015893387e+01    2.0480000000e+03    1.5755693114e+01    4.4348192402e-01
       128   -1.4510571529e+02    2.1061937147e+04   -2.3326281095e+02    8.8157095664e+01    1.0986061266e+02   -3.6016998877e+02    1.7046565148e+01    2.0480000000e+03    1.5751457873e+01    4.4351256127e-01
       129   -1.4501553615e+02    2.1037607139e+04   -2.3372097581e+02    8.8705439659e+01    1.1025032198e+02   -3.6097070708e+02    1.6999409294e+01    2.0480000000e+03    1.5760285469e+01    4.4297832414e-01
       130   -1.4516108031e+02    2.1078863975e+04   -2.3288867168e+02    8.7727591373e+01    1.1020605916e+02   -3.6179977703e+02    1.8705046190e+01    2.0480000000e+03    1.5758235606e+01    4.4277918199e-01
       131   -1.4492361785e+02    2.1013810845e+04   -2.3271734088e+02    8.7793723025e+01    1.1046333618e+02   -3.6053801498e+02    1.7357337929e+01    2.0480000000e+03    1.5756930979e+01    4.4371170343e-01
       132   -1.4503423139e+02    2.1042612735e+04   -2.3483044827e+02    8.9796216883e+01    1.1023241481e+02   -3.6107075829e+02    1.6007895211e+01    2.0480000000e+03    1.5773414797e+01    4.4291513480e-01
       133   -1.4513864931e+02    2.1072275113e+04   -2.3358452158e+02    8.8445872271e+01    1.1024024056e+02   -3.6073189127e+02    1.6907129127e+01    2.0480000000e+03    1.5758980569e+01    4.4277822457e-01
       134   -1.4499179678e+02    2.1035861042e+04   -2.3399649937e+02    8.9004702590e+01    1.1031451649e+02   -3.6237440413e+02    1.8063388261e+01    2.0480000000e+03    1.5776324085e+01    4.4342926624e-01
       135   -1.4518232706e+02    2.1083715668e+04   -2.3429060284e+02    8.9108275776e+01    1.1032090194e+02   -3.6213992805e+02    1.7528423282e+01    2.0480000000e+03    1.5769355267e+01    4.4334501379e-01
       136   -1.4496222228e+02    2.1023225343e+04   -2.3367959704e+02    8.8717374761e+01    1.1043215986e+02   -3.6138958811e+02    1.7277831207e+01    2.0480000000e+03    1.5779566748e+01    4.4339671415e-01
       137   -1.4505728232e+02    2.1049381647e+04   -2.3466274357e+02    8.9605461253e+01    1.1021980637e+02   -3.6205722677e+02    1.7174676828e+01    2.0480000000e+03    1.5771158619e+01    4.4345894608e-01
       138   -1.4506031805e+02    2.1050746339e+04   -2.3536723103e+02    9.0306912973e+01    1.1057558116e+02   -3.6423536892e+02    1.8292556733e+01    2.0480000000e+03    1.5777469348e+01    4.4265567555e-01
       139   -1.4503309166e+02    2.1045993207e+04   -2.3414865184e+02    8.9115560184e+01    1.1033100123e+02   -3.6173879582e+02    1.7259142742e+01    2.0480000000e+03    1.5764688699e+01    4.4208218444e-01
       140   -1.4505756369e+02    2.1051645913e+04   -2.3452131176e+02    8.9463748068e+01    1.1039978090e+02   -3.6250650059e+02    1.7585407935e+01    2.0480000000e+03    1.5763084032e+01    4.4244600184e-01
       141   -1.4506212024e+02    2.1050441913e+04   -2.3389671120e+02    8.8834590952e+01    1.1009111700e+02   -3.6135191066e+02    1.7364082459e+01    2.0480000000e+03    1.5770484746e+01    4.4200080423e-01
       142   -1.4498679530e+02    2.1029413379e+04   -2.3395094830e+02    8.8964152999e+01    1.0996587096e+02   -3.6105322499e+02    1.7136405725e+01    2.0480000000e+03    1.5749141802e+01    4.4222675398e-01
       143   -1.4513933263e+02    2.1072735031e+04   -2.3384168937e+02    8.8702356738e+01    1.0989967756e+02   -3.6050008391e+02    1.6758716982e+01    2.0480000000e+03    1.5762290111e+01    4.4304630055e-01
       144   -1.4501922938e+02    2.1038384323e+04   -2.3392641302e+02    8.8907183639e+01    1.1012277681e+02   -3.6199151960e+02    1.7942329769e+01    2.0480000000e+03    1.5762133172e+01    4.4269588695e-01
       145   -1.4507876442e+02    2.1057070263e+04   -2.3315504011e+02    8.8076275691e+01    1.0993363204e+02   -3.6121140625e+02    1.8122734095e+01    2.0480000000e+03    1.5758523186e+01    4.4341203278e-01
       146   -1.4502971653e+02    2.1041225951e+04   -2.3446438884e+02    8.9434672307e+01    1.1055837373e+02   -3.6253989704e+02    1.7517134472e+01    2.0480000000e+03    1.5766124582e+01    4.4292375153e-01
       147   -1.4507427017e+02    2.1053864851e+04   -2.3332661101e+02    8.8252340843e+01    1.0997404771e+02   -3.6061954043e+02    1.7318881704e+01    2.0480000000e+03    1.5749130021e+01    4.4290843290e-01
       148   -1.4512738145e+02    2.1069609576e+04   -2.3487170070e+02    8.9744319244e+01    1.1024139953e+02   -3.6221989272e+02    1.7106792486e+01    2.0480000000e+03    1.5761338332e+01    4.4210611979e-01
       149   -1.4515236977e+02    2.1079088474e+04   -2.3363121587e+02    8.8478846108e+01    1.1010532749e+02   -3.6095989912e+02    1.7223355750e+01    2.0480000000e+03    1.5758601288e+01    4.4252163756e-01
       150   -1.4519321592e+02    2.1087663736e+04   -2.3335412815e+02    8.8160912229e+01    1.0980011136e+02   -3.6045129573e+02    1.7297056232e+01    2.0480000000e+03    1.5761799289e+01    4.4199984681e-01
       151   -1.4507222333e+02    2.1054576415e+04   -2.3328576460e+02    8.8213541272e+01    1.0989771612e+02   -3.6010188703e+02    1.6918406313e+01    2.0480000000e+03    1.5756667024e+01    4.4233589920e-01
       152   -1.4500457096e+02    2.1033304963e+04   -2.3230106613e+02    8.7296495171e+01    1.0991884955e+02   -3.5998154006e+02    1.7761624385e+01    2.0480000000e+03    1.5752934551e+01    4.4256855086e-01
       153   -1.4503383181e+02    2.1048646628e+04   -2.3352626741e+02    8.8492435598e+01    1.1016007016e+02   -3.6190630532e+02    1.8219967747e+01    2.0480000000e+03    1.5757483170e+01    4.4270354626e-01
       154   -1.4505882959e+02    2.1055816056e+04   -2.3384137287e+02    8.8782543274e+01    1.1045043213e+02   -3.6221021692e+02    1.7918411923e+01    2.0480000000e+03    1.5776089809e+01    4.4203239890e-01
       155   -1.4503741076e+02    2.1046441326e+04   -2.3359756709e+02    8.8560156327e+01    1.1065866624e+02   -3.6196536357e+02    1.7709130240e+01    2.0480000000e+03    1.5786615069e+01    4.4364276961e-01
       156   -1.4504056911e+02    2.1044633407e+04   -2.3345791925e+02    8.8417350146e+01    1.1035603690e+02   -3.6057057112e+02    1.6756614968e+01    2.0480000000e+03    1.5765438205e+01    4.4195197610e-01
       157   -1.4513621278e+02    2.1071172789e+04   -2.3502876816e+02    8.9892555378e+01    1.1008582400e+02   -3.6240613154e+02    1.7291539382e+01    2.0480000000e+03    1.5767476126e+01    4.4266524969e-01
       158   -1.4501386346e+02    2.1038071657e+04   -2.3365273288e+02    8.8638869419e+01    1.1008258739e+02   -3.6066669771e+02    1.6931377449e+01    2.0480000000e+03    1.5763906923e+01    4.4326842065e-01
       159   -1.4514354772e+02    2.1074033464e+04   -2.3323391474e+02    8.8090367019e+01    1.1004819739e+02   -3.6052845831e+02    1.7246346179e+01    2.0480000000e+03    1.5763532927e+01    4.4434455423e-01
       160   -1.4514857045e+02    2.1074495203e+04   -2.3371709360e+02    8.8568523149e+01    1.1046813105e+02   -3.6264982285e+02    1.8464598203e+01    2.0480000000e+03    1.5775788735e+01    4.4259535846e-01
       161   -1.4506083498e+02    2.1048157175e+04   -2.3257647721e+02    8.7515642223e+01    1.0991314133e+02   -3.6073644223e+02    1.8246823700e+01    2.0480000000e+03    1.5753128318e+01    4.4249961703e-01
       162   -1.4511830490e+02    2.1065600092e+04   -2.3317866678e+02    8.8060361876e+01    1.0985751491e+02   -3.6084722110e+02    1.7811039419e+01    2.0480000000e+03    1.5763299915e+01    4.4311044730e-01
       163   -1.4512372317e+02    2.1067811729e+04   -2.3304005683e+02    8.7916333658e+01    1.1016244432e+02   -3.6057510403e+02    1.7372602870e+01    2.0480000000e+03    1.5765308238e+01    4.4216356464e-01
       164   -1.4509991107e+02    2.1060092677e+04   -2.3374861000e+02    8.8648698928e+01    1.0995308921e+02   -3.6178584067e+02    1.8084141460e+01    2.0480000000e+03    1.5760014305e+01    4.4360543045e-01
       165   -1.4505439114e+02    2.1048999295e+04   -2.3451723151e+02    8.9462840366e+01    1.1016055469e+02   -3.6176726300e+02    1.7089476800e+01    2.0480000000e+03    1.5761643335e+01    4.4238281250e-01
       166   -1.4513882922e+02    2.1071424922e+04   -2.3307667202e+02    8.7937842805e+01    1.0999631730e+02   -3.6082567488e+02    1.7752685554e+01    2.0480000000e+03    1.5759836345e+01    4.4359585631e-01
       167   -1.4501133735e+02    2.1037179518e+04   -2.3251298388e+02    8.7501646535e+01    1.1005543657e+02   -3.5986773082e+02    1.7299310372e+01    2.0480000000e+03    1.5751054121e+01    4.4154316023e-01
       168   -1.4510392951e+02    2.1062630489e+04   -2.3368873531e+02    8.8584805803e+01    1.1040016320e+02   -3.6157221613e+02    1.7483317617e+01    2.0480000000e+03    1.5774761952e+01    4.4213484222e-01
       169   -1.4491265668e+02    2.1013002499e+04   -2.3329188613e+02    8.8379229453e+01    1.1011256527e+02   -3.6056236942e+02    1.7157918016e+01    2.0480000000e+03    1.5759527599e+01    4.4159581801e-01
       170   -1.4505949253e+02    2.1049837698e+04   -2.3439024204e+02    8.9330749509e+01    1.1045172125e+02   -3.6172787000e+02    1.6885906711e+01    2.0480000000e+03    1.5779589502e+01    4.4215590533e-01
       171   -1.4510908644e+02    2.1063154806e+04   -2.3299293624e+02    8.7883849803e+01    1.1003902640e+02   -3.6068935833e+02    1.7657395686e+01    2.0480000000e+03    1.5763836174e+01    4.4272748162e-01
       172   -1.4510248061e+02    2.1061619507e+04   -2.3475819925e+02    8.9655718637e+01    1.1045471388e+02   -3.6290200420e+02    1.7689091076e+01    2.0480000000e+03    1.5756055404e+01    4.4281364890e-01
       173   -1.4500202620e+02    2.1034365864e+04   -2.3507550951e+02    9.0073483304e+01    1.1053892856e+02   -3.6295625316e+02    1.7341815089e+01    2.0480000000e+03    1.5768472911e+01    4.4342256434e-01
       174   -1.4495241224e+02    2.1021183367e+04   -2.3205319608e+02    8.7100783840e+01    1.1000890128e+02   -3.5990358190e+02    1.7841484538e+01    2.0480000000e+03    1.5753893224e+01    4.4314204197e-01
       175   -1.4511164965e+02    2.1064867103e+04   -2.3354234710e+02    8.8430697449e+01    1.1018984710e+02   -3.6092193936e+02    1.7189745164e+01    2.0480000000e+03    1.5775090320e+01    4.4262791054e-01
       176   -1.4504298560e+02    2.1044826799e+04   -2.3353553207e+02    8.8492546470e+01    1.1005709913e+02   -3.6150611083e+02    1.7913479637e+01    2.0480000000e+03    1.5764774039e+01    4.4273131127e-01
       177   -1.4488182565e+02    2.1007575546e+04   -2.3364353458e+02    8.8761708933e+01    1.1013348415e+02   -3.6099632655e+02    1.7219307822e+01    2.0480000000e+03    1.5752489099e+01    4.4383903952e-01
       178   -1.4505336048e+02    2.1047243924e+04   -2.3461077697e+02    8.9557416499e+01    1.1020897100e+02   -3.6261363816e+02    1.7793890180e+01    2.0480000000e+03    1.5768636130e+01    4.4160539216e-01
       179   -1.4506082643e+02    2.1050675807e+04   -2.3287913409e+02    8.7818307660e+01    1.1021734627e+02   -3.6017093416e+02    1.7074453798e+01    2.0480000000e+03    1.5756140464e+01    4.4308076746e-01
       180   -1.4500182522e+02    2.1033225506e+04   -2.3405087177e+02    8.9049046552e+01    1.1031252162e+02   -3.6161477542e+02    1.7251382029e+01    2.0480000000e+03    1.5761808158e+01    4.4218558517e-01
       181   -1.4500091466e+02    2.1032630793e+04   -2.3286815357e+02    8.7867238905e+01    1.1009878832e+02   -3.6110880870e+02    1.8141866812e+01    2.0480000000e+03    1.5761594826e+01    4.4315544577e-01
       182   -1.4507781229e+02    2.1055305862e+04   -2.3362404031e+02    8.8546228025e+01    1.1055729495e+02   -3.6257684308e+02    1.8395507818e+01    2.0480000000e+03    1.5762622149e+01    4.4201803768e-01
       183   -1.4516120866e+02    2.1077523722e+04   -2.3470755327e+02    8.9546344610e+01    1.1013806104e+02   -3.6194819478e+02    1.7102580462e+01    2.0480000000e+03    1.5756204638e+01    4.4336990656e-01
       184   -1.4512560665e+02    2.1068491105e+04   -2.3333879247e+02    8.8213185821e+01    1.0987545281e+02   -3.6058964726e+02    1.7375401984e+01    2.0480000000e+03    1.5747860712e+01    4.4272365196e-01
       185   -1.4505093166e+02    2.1049373886e+04   -2.3457928984e+02    8.9528358182e+01    1.1008774763e+02   -3.6101915748e+02    1.6352120016e+01    2.0480000000e+03    1.5765170685e+01    4.4282801011e-01
       186   -1.4492131232e+02    2.1011839385e+04   -2.3368181193e+02    8.8760499608e+01    1.1025098126e+02   -3.6160852230e+02    1.7675729106e+01    2.0480000000e+03    1.5756507659e+01    4.4308651195e-01
       187   -1.4505818755e+02    2.1048950560e+04   -2.3427993775e+02    8.9221750205e+01    1.1034950396e+02   -3.6204437021e+02    1.7414928494e+01    2.0480000000e+03    1.5761431832e+01    4.4284524357e-01
       188   -1.4507458615e+02    2.1055220504e+04   -2.3490507984e+02    8.9830493693e+01    1.1044692016e+02   -3.6285866567e+02    1.7506665663e+01    2.0480000000e+03    1.5770544369e+01    4.4277152267e-01
       189   -1.4499086012e+02    2.1030852589e+04   -2.3436003092e+02    8.9369170805e+01    1.1025269471e+02   -3.6174594165e+02    1.7133216011e+01    2.0480000000e+03    1.5758561347e+01    4.4287971048e-01
       190   -1.4501375790e+02    2.1039112259e+04   -2.3394354829e+02    8.8929790391e+01    1.1039754463e+02   -3.6302221439e+02    1.8681121468e+01    2.0480000000e+03    1.5754904253e+01    4.4238472733e-01
       191   -1.4509176667e+02    2.1059581159e+04   -2.3289203298e+02    8.7800266317e+01    1.0973385093e+02   -3.6078211305e+02    1.8156229137e+01    2.0480000000e+03    1.5794919722e+01    4.4375957414e-01
       192   -1.4495410190e+02    2.1019797611e+04   -2.3352746772e+02    8.8573365816e+01    1.1041744299e+02   -3.6191913786e+02    1.7974227155e+01    2.0480000000e+03    1.5772579120e+01    4.4364659926e-01
       193   -1.4500910351e+02    2.1037445794e+04   -2.3385206516e+02    8.8842961648e+01    1.0999138314e+02   -3.6101259668e+02    1.7169148378e+01    2.0480000000e+03    1.5755026800e+01    4.4334884344e-01
       194   -1.4507351980e+02    2.1055307719e+04   -2.3242600106e+02    8.7352481266e+01    1.0963038905e+02   -3.5996441255e+02    1.7908022431e+01    2.0480000000e+03    1.5740196595e+01    4.4317459406e-01
       195   -1.4497806459e+02    2.1046853033e+04   -2.3406036048e+02    8.9082295885e+01    1.1058250037e+02   -3.6247721324e+02    1.7834352388e+01    2.0480000000e+03    1.5779506041e+01    4.4224398744e-01
       196   -1.4503709804e+02    2.1045162698e+04   -2.3303632059e+02    8.7999222554e+01    1.1017354405e+02   -3.6169288932e+02    1.8483024677e+01    2.0480000000e+03    1.5773296431e+01    4.4264418658e-01
       197   -1.4506556494e+02    2.1062502305e+04   -2.3340097033e+02    8.8335405391e+01    1.1004429914e+02   -3.6061964105e+02    1.7174371578e+01    2.0480000000e+03    1.5755146367e+01    4.4287013634e-01
       198   -1.4493383965e+02    2.1014894843e+04   -2.3339308551e+02    8.8459245854e+01    1.1024030796e+02   -3.6084430206e+02    1.7210908600e+01    2.0480000000e+03    1.5766590346e+01    4.4241440717e-01
       199   -1.4504287598e+02    2.1045741292e+04   -2.3313980405e+02    8.8096928074e+01    1.0995941994e+02   -3.6011251742e+02    1.7013293426e+01    2.0480000000e+03    1.5772872760e+01    4.4328756893e-01
