#   index    LocalEnergy         LocalEnergy_sq      LocalPotential      Kinetic             ElecElec            LocalECP            NonLocalECP         BlockWeight         BlockCPU            AcceptRatio         
         0   -4.6504862881e+01    2.1632441139e+03   -6.5479916035e+01    1.8975053154e+01    3.0126424277e+01   -1.0362287781e+02    8.0165374975e+00    2.0480000000e+03    5.9378149454e-03    5.9227627841e-01
         1   -4.6511033670e+01    2.1638955353e+03   -6.5592716639e+01    1.9081682968e+01    3.0282581677e+01   -1.0429158634e+02    8.4162880285e+00    2.0480000000e+03    5.8537360746e-03    5.9194779830e-01
         2   -4.6503658826e+01    2.1631878103e+03   -6.5384724577e+01    1.8881065751e+01    3.0135616433e+01   -1.0353066369e+02    8.0103226797e+00    2.0480000000e+03    5.7734120637e-03    5.8946200284e-01
         3   -4.6486321550e+01    2.1615508797e+03   -6.5819905175e+01    1.9333583625e+01    3.0166003883e+01   -1.0415299807e+02    8.1670890163e+00    2.0480000000e+03    5.7533495128e-03    5.9012784091e-01
         4   -4.6529650263e+01    2.1659761346e+03   -6.5745372722e+01    1.9215722459e+01    3.0210801190e+01   -1.0421706165e+02    8.2608877327e+00    2.0480000000e+03    5.7598822750e-03    5.9224076705e-01
         5   -4.6514347711e+01    2.1642497501e+03   -6.5576724965e+01    1.9062377254e+01    3.0274820355e+01   -1.0451215098e+02    8.6606056573e+00    2.0480000000e+03    5.7438998483e-03    5.9079367898e-01
         6   -4.6514394967e+01    2.1660362800e+03   -6.6045996224e+01    1.9531601257e+01    3.0235980086e+01   -1.0471876896e+02    8.4367926537e+00    2.0480000000e+03    5.7223262265e-03    5.9175248580e-01
         7   -4.6518301044e+01    2.1647719698e+03   -6.5838807608e+01    1.9320506564e+01    3.0159613817e+01   -1.0422743700e+02    8.2290155756e+00    2.0480000000e+03    5.7254142594e-03    5.9064275568e-01
         8   -4.6483203703e+01    2.1612946944e+03   -6.5763691830e+01    1.9280488127e+01    2.9984510533e+01   -1.0332916879e+02    7.5809664325e+00    2.0480000000e+03    5.7028713636e-03    5.9065163352e-01
         9   -4.6477504261e+01    2.1606677474e+03   -6.5514647665e+01    1.9037143404e+01    3.0013345524e+01   -1.0362049840e+02    8.0925052065e+00    2.0480000000e+03    5.7035870850e-03    5.9133522727e-01
        10   -4.6496580846e+01    2.1624533161e+03   -6.5647733160e+01    1.9151152313e+01    3.0145346605e+01   -1.0395047869e+02    8.1573989226e+00    2.0480000000e+03    5.7034282945e-03    5.9259588068e-01
        11   -4.6503741228e+01    2.1634637884e+03   -6.5720526004e+01    1.9216784776e+01    3.0118734147e+01   -1.0382821782e+02    7.9889576705e+00    2.0480000000e+03    5.6962885428e-03    5.8941761364e-01
        12   -4.6487882194e+01    2.1616940178e+03   -6.5691822944e+01    1.9203940749e+01    3.0189245100e+01   -1.0388904567e+02    8.0079776266e+00    2.0480000000e+03    5.7045670692e-03    5.9161044034e-01
        13   -4.6501601639e+01    2.1629944828e+03   -6.5506145087e+01    1.9004543448e+01    3.0217972944e+01   -1.0418950769e+02    8.4653896585e+00    2.0480000000e+03    5.7042010594e-03    5.9248046875e-01
        14   -4.6484362928e+01    2.1614382266e+03   -6.5549394927e+01    1.9065031999e+01    3.0137244878e+01   -1.0411389207e+02    8.4272522693e+00    2.0480000000e+03    5.6835431606e-03    5.9077592330e-01
        15   -4.6475744132e+01    2.1607594074e+03   -6.5470648008e+01    1.8994903876e+01    3.0251293393e+01   -1.0441022601e+02    8.6882846118e+00    2.0480000000e+03    5.6841317564e-03    5.9261363636e-01
        16   -4.6485520839e+01    2.1614087257e+03   -6.6107353938e+01    1.9621833098e+01    3.0185132657e+01   -1.0368960626e+02    7.3971196668e+00    2.0480000000e+03    5.6908400729e-03    5.9145951705e-01
        17   -4.6507092024e+01    2.1639187043e+03   -6.5812100619e+01    1.9305008595e+01    3.0192676110e+01   -1.0431625373e+02    8.3114769990e+00    2.0480000000e+03    5.6960617658e-03    5.9216086648e-01
        18   -4.6528241108e+01    2.1655174348e+03   -6.5867110639e+01    1.9338869531e+01    3.0245896040e+01   -1.0434121931e+02    8.2282126337e+00    2.0480000000e+03    5.6926254183e-03    5.9063387784e-01
        19   -4.6529554747e+01    2.1656910073e+03   -6.5662485778e+01    1.9132931031e+01    3.0258504594e+01   -1.0420294532e+02    8.2819549521e+00    2.0480000000e+03    5.6813063566e-03    5.8968394886e-01
        20   -4.6517202569e+01    2.1644127455e+03   -6.5800019412e+01    1.9282816842e+01    3.0268234486e+01   -1.0465219203e+02    8.5839381370e+00    2.0480000000e+03    5.6962100789e-03    5.8977272727e-01
        21   -4.6489183687e+01    2.1618374494e+03   -6.5619867950e+01    1.9130684264e+01    3.0191583024e+01   -1.0405630086e+02    8.2448498866e+00    2.0480000000e+03    5.7007258292e-03    5.9294211648e-01
        22   -4.6487830437e+01    2.1616563483e+03   -6.5720496394e+01    1.9232665957e+01    3.0290000820e+01   -1.0447073294e+02    8.4602357252e+00    2.0480000000e+03    5.6750867516e-03    5.8985262784e-01
        23   -4.6495889687e+01    2.1625029562e+03   -6.6023203831e+01    1.9527314144e+01    3.0279100641e+01   -1.0457149767e+02    8.2691931964e+00    2.0480000000e+03    5.6803387124e-03    5.9111328125e-01
        24   -4.6472858388e+01    2.1603206426e+03   -6.5523933609e+01    1.9051075221e+01    3.0222142040e+01   -1.0470719917e+02    8.9611235237e+00    2.0480000000e+03    5.6806653738e-03    5.9213423295e-01
        25   -4.6514175482e+01    2.1641278507e+03   -6.5691579190e+01    1.9177403708e+01    3.0213412546e+01   -1.0407886101e+02    8.1738692704e+00    2.0480000000e+03    5.6857804302e-03    5.9280894886e-01
        26   -4.6534878188e+01    2.1662112191e+03   -6.5632674239e+01    1.9097796051e+01    3.0144294268e+01   -1.0406044855e+02    8.2834800417e+00    2.0480000000e+03    5.6752713863e-03    5.9174360795e-01
        27   -4.6509932733e+01    2.1639151721e+03   -6.5638700536e+01    1.9128767803e+01    3.0220086946e+01   -1.0432750031e+02    8.4687128324e+00    2.0480000000e+03    5.6571508758e-03    5.9090909091e-01
        28   -4.6477085407e+01    2.1608465048e+03   -6.5573018898e+01    1.9095933491e+01    3.0082115569e+01   -1.0384321667e+02    8.1880821999e+00    2.0480000000e+03    5.6688485201e-03    5.9170809659e-01
        29   -4.6482082937e+01    2.1611528078e+03   -6.5797500138e+01    1.9315417200e+01    3.0254637629e+01   -1.0434703213e+02    8.2948943615e+00    2.0480000000e+03    5.6727940682e-03    5.9126420455e-01
        30   -4.6495614977e+01    2.1624963309e+03   -6.5955988833e+01    1.9460373856e+01    3.0329275593e+01   -1.0433370175e+02    8.0484373268e+00    2.0480000000e+03    5.6819720194e-03    5.8913352273e-01
        31   -4.6500787203e+01    2.1630723786e+03   -6.5917978170e+01    1.9417190967e+01    3.0196803470e+01   -1.0422106382e+02    8.1062821786e+00    2.0480000000e+03    5.6834495626e-03    5.9081143466e-01
        32   -4.6493249870e+01    2.1623591228e+03   -6.5700985103e+01    1.9207735232e+01    3.0130477629e+01   -1.0424244819e+02    8.4109854549e+00    2.0480000000e+03    5.6778341532e-03    5.8982599432e-01
        33   -4.6452165163e+01    2.1584727587e+03   -6.5615477572e+01    1.9163312409e+01    3.0099435784e+01   -1.0380541377e+02    8.0905004119e+00    2.0480000000e+03    5.6657432579e-03    5.9223188920e-01
        34   -4.6461610836e+01    2.1593933583e+03   -6.5702416904e+01    1.9240806068e+01    3.0132337513e+01   -1.0400241606e+02    8.1676616421e+00    2.0480000000e+03    5.6855599396e-03    5.9214311080e-01
        35   -4.6462716030e+01    2.1597266966e+03   -6.5463878731e+01    1.9001162701e+01    3.0202088660e+01   -1.0419191441e+02    8.5259470174e+00    2.0480000000e+03    5.6824055500e-03    5.9171697443e-01
        36   -4.6519314075e+01    2.1647336572e+03   -6.5606560139e+01    1.9087246065e+01    3.0102247399e+01   -1.0405790903e+02    8.3491014879e+00    2.0480000000e+03    5.6702303700e-03    5.9247159091e-01
        37   -4.6506512858e+01    2.1635360330e+03   -6.6028672442e+01    1.9522159584e+01    3.0379714892e+01   -1.0458936892e+02    8.1809815882e+00    2.0480000000e+03    5.6721956935e-03    5.9175248580e-01
        38   -4.6501751364e+01    2.1629253766e+03   -6.5841717677e+01    1.9339966314e+01    3.0292440330e+01   -1.0401897590e+02    7.8848178961e+00    2.0480000000e+03    5.6789668743e-03    5.9199218750e-01
        39   -4.6497414715e+01    2.1625387265e+03   -6.5785130233e+01    1.9287715518e+01    3.0226285656e+01   -1.0401938209e+02    8.0079662027e+00    2.0480000000e+03    5.6703314185e-03    5.9042080966e-01
        40   -4.6492846471e+01    2.1620870759e+03   -6.5822475562e+01    1.9329629092e+01    3.0189006485e+01   -1.0420454606e+02    8.1930640144e+00    2.0480000000e+03    5.6730767246e-03    5.9159268466e-01
        41   -4.6490846238e+01    2.1620421570e+03   -6.5480093682e+01    1.8989247444e+01    3.0139085129e+01   -1.0402287839e+02    8.4036995797e+00    2.0480000000e+03    5.6843957864e-03    5.9125532670e-01
        42   -4.6482677158e+01    2.1612197884e+03   -6.5493583784e+01    1.9010906626e+01    3.0168816416e+01   -1.0371403786e+02    8.0516376588e+00    2.0480000000e+03    5.6720126886e-03    5.9103338068e-01
        43   -4.6498728971e+01    2.1627252988e+03   -6.5549985532e+01    1.9051256561e+01    3.0250662273e+01   -1.0418348536e+02    8.3828375512e+00    2.0480000000e+03    5.6958522182e-03    5.9152166193e-01
        44   -4.6446777801e+01    2.1582074316e+03   -6.6014521682e+01    1.9567743881e+01    3.0369812385e+01   -1.0460991094e+02    8.2255768756e+00    2.0480000000e+03    5.6990026496e-03    5.9234730114e-01
        45   -4.6465774586e+01    2.1594989497e+03   -6.5786719423e+01    1.9320944836e+01    3.0123729382e+01   -1.0361101948e+02    7.7005706768e+00    2.0480000000e+03    5.6763892062e-03    5.9131747159e-01
        46   -4.6516165162e+01    2.1644175918e+03   -6.5568789530e+01    1.9052624368e+01    3.0153905251e+01   -1.0365178627e+02    7.9290914848e+00    2.0480000000e+03    5.6757216807e-03    5.9265802557e-01
        47   -4.6516814748e+01    2.1645305816e+03   -6.5659387819e+01    1.9142573071e+01    3.0061458058e+01   -1.0382519158e+02    8.1043457020e+00    2.0480000000e+03    5.6601192337e-03    5.9009232955e-01
        48   -4.6447728315e+01    2.1582228825e+03   -6.5780875480e+01    1.9333147166e+01    3.0121196029e+01   -1.0417203853e+02    8.2699670211e+00    2.0480000000e+03    5.6685989257e-03    5.9216974432e-01
        49   -4.6463865855e+01    2.1595502418e+03   -6.5429090899e+01    1.8965225044e+01    3.0284820883e+01   -1.0456066088e+02    8.8467490967e+00    2.0480000000e+03    5.6598139927e-03    5.9025213068e-01
        50   -4.6487172798e+01    2.1616693594e+03   -6.5586988019e+01    1.9099815220e+01    3.0187441371e+01   -1.0361796873e+02    7.8435393432e+00    2.0480000000e+03    5.6742224842e-03    5.9259588068e-01
        51   -4.6479840623e+01    2.1609797535e+03   -6.5586706311e+01    1.9106865688e+01    3.0265924181e+01   -1.0385850029e+02    8.0058697997e+00    2.0480000000e+03    5.6883064099e-03    5.9438032670e-01
        52   -4.6466033377e+01    2.1598128632e+03   -6.5866626404e+01    1.9400593027e+01    3.0233337648e+01   -1.0443272433e+02    8.3327602807e+00    2.0480000000e+03    5.6755170226e-03    5.9101562500e-01
        53   -4.6496757723e+01    2.1625771329e+03   -6.5738809682e+01    1.9242051959e+01    3.0267212277e+01   -1.0388893551e+02    7.8829135501e+00    2.0480000000e+03    5.6865946390e-03    5.9426491477e-01
        54   -4.6469092231e+01    2.1600006481e+03   -6.5917838372e+01    1.9448746141e+01    3.0329455406e+01   -1.0441094535e+02    8.1636515730e+00    2.0480000000e+03    5.6792935356e-03    5.9053622159e-01
        55   -4.6514282139e+01    2.1641664885e+03   -6.5425372866e+01    1.8911090727e+01    3.0372310354e+01   -1.0451437137e+02    8.7166881531e+00    2.0480000000e+03    5.6848451495e-03    5.9183238636e-01
        56   -4.6510132296e+01    2.1638708076e+03   -6.5515494607e+01    1.9005362311e+01    3.0170578443e+01   -1.0440990331e+02    8.7238302608e+00    2.0480000000e+03    5.6737202685e-03    5.9082919034e-01
        57   -4.6491231795e+01    2.1619627593e+03   -6.5888323348e+01    1.9397091552e+01    3.0088972447e+01   -1.0392838812e+02    7.9510923203e+00    2.0480000000e+03    5.6634619832e-03    5.8937322443e-01
        58   -4.6493016443e+01    2.1622856002e+03   -6.5363974970e+01    1.8870958527e+01    3.0014004311e+01   -1.0377062275e+02    8.3926434697e+00    2.0480000000e+03    5.6702159345e-03    5.9293323864e-01
        59   -4.6483829712e+01    2.1612405893e+03   -6.5220090874e+01    1.8736261161e+01    3.0063294471e+01   -1.0311763905e+02    7.8342537027e+00    2.0480000000e+03    5.6587567087e-03    5.9154829545e-01
        60   -4.6469440911e+01    2.1600959386e+03   -6.5610099651e+01    1.9140658740e+01    3.0187187544e+01   -1.0415146321e+02    8.3541760158e+00    2.0480000000e+03    5.6906726677e-03    5.9206321023e-01
        61   -4.6504224845e+01    2.1632928703e+03   -6.5841699862e+01    1.9337475017e+01    3.0219679992e+01   -1.0428445510e+02    8.2230752498e+00    2.0480000000e+03    5.6825510692e-03    5.9033203125e-01
        62   -4.6485431936e+01    2.1614292098e+03   -6.5573350285e+01    1.9087918348e+01    3.0219755518e+01   -1.0372356382e+02    7.9304580193e+00    2.0480000000e+03    5.6932044681e-03    5.8975497159e-01
        63   -4.6503607086e+01    2.1632331042e+03   -6.5882721311e+01    1.9379114225e+01    3.0361852768e+01   -1.0445797317e+02    8.2133990896e+00    2.0480000000e+03    5.6891818531e-03    5.8891157670e-01
        64   -4.6473787601e+01    2.1603492105e+03   -6.5686910182e+01    1.9213122581e+01    3.0199359731e+01   -1.0398162845e+02    8.0953585363e+00    2.0480000000e+03    5.6820907630e-03    5.9247159091e-01
        65   -4.6489649268e+01    2.1618368030e+03   -6.5774333236e+01    1.9284683968e+01    3.0148012019e+01   -1.0383097351e+02    7.9086282538e+00    2.0480000000e+03    5.6956633925e-03    5.8997691761e-01
        66   -4.6483518638e+01    2.1613274906e+03   -6.5785588360e+01    1.9302069722e+01    3.0233874808e+01   -1.0417637285e+02    8.1569096816e+00    2.0480000000e+03    5.6637446396e-03    5.9069602273e-01
        67   -4.6490328349e+01    2.1619419073e+03   -6.5759421011e+01    1.9269092662e+01    3.0220343216e+01   -1.0428083753e+02    8.3010733048e+00    2.0480000000e+03    5.6671218481e-03    5.9058061080e-01
        68   -4.6512602688e+01    2.1641510445e+03   -6.5876518119e+01    1.9363915431e+01    3.0122488227e+01   -1.0408907275e+02    8.0900664090e+00    2.0480000000e+03    5.6639588438e-03    5.8991477273e-01
        69   -4.6473515193e+01    2.1603885060e+03   -6.5590456000e+01    1.9116940807e+01    3.0154546258e+01   -1.0388793922e+02    8.1429369583e+00    2.0480000000e+03    5.6691868231e-03    5.9112215909e-01
        70   -4.6497322264e+01    2.1626143375e+03   -6.5588509183e+01    1.9091186920e+01    3.0230903199e+01   -1.0401448343e+02    8.1950710490e+00    2.0480000000e+03    5.6698168628e-03    5.9074041193e-01
        71   -4.6509656510e+01    2.1638219830e+03   -6.5559839901e+01    1.9050183391e+01    3.0295177558e+01   -1.0447761156e+02    8.6225941049e+00    2.0480000000e+03    5.6734031532e-03    5.9101562500e-01
        72   -4.6515466910e+01    2.1643123032e+03   -6.5874239548e+01    1.9358772638e+01    3.0227295018e+01   -1.0434264139e+02    8.2411068224e+00    2.0480000000e+03    5.6833317503e-03    5.9157492898e-01
        73   -4.6524232175e+01    2.1651263204e+03   -6.5566428969e+01    1.9042196794e+01    3.0065261571e+01   -1.0399255409e+02    8.3608635498e+00    2.0480000000e+03    5.6759209838e-03    5.9062500000e-01
        74   -4.6497743114e+01    2.1626696223e+03   -6.5791335220e+01    1.9293592106e+01    3.0204474450e+01   -1.0413531855e+02    8.1395088820e+00    2.0480000000e+03    5.6748331990e-03    5.8797940341e-01
        75   -4.6478095547e+01    2.1607360071e+03   -6.5624704656e+01    1.9146609109e+01    3.0035801614e+01   -1.0372426404e+02    8.0637577693e+00    2.0480000000e+03    5.6777200662e-03    5.9264026989e-01
        76   -4.6524781691e+01    2.1652062970e+03   -6.5919269848e+01    1.9394488158e+01    3.0287439533e+01   -1.0406422300e+02    7.8575136234e+00    2.0480000000e+03    5.6647688616e-03    5.9018998580e-01
        77   -4.6460686043e+01    2.1591859065e+03   -6.5808019636e+01    1.9347333592e+01    3.0056332365e+01   -1.0396713664e+02    8.1027846411e+00    2.0480000000e+03    5.6823387276e-03    5.9064275568e-01
        78   -4.6484265778e+01    2.1613623093e+03   -6.5495309491e+01    1.9011043713e+01    2.9860334619e+01   -1.0328580646e+02    7.9301623517e+00    2.0480000000e+03    5.6558016222e-03    5.8995028409e-01
        79   -4.6504064594e+01    2.1632383287e+03   -6.5671802470e+01    1.9167737876e+01    3.0031212790e+01   -1.0390431913e+02    8.2013038743e+00    2.0480000000e+03    5.6631697807e-03    5.9271129261e-01
        80   -4.6502847529e+01    2.1631172452e+03   -6.5500933858e+01    1.8998086330e+01    3.0154076466e+01   -1.0401797868e+02    8.3629683529e+00    2.0480000000e+03    5.6704753079e-03    5.9273792614e-01
        81   -4.6520159018e+01    2.1652106197e+03   -6.6047407019e+01    1.9527248001e+01    3.0203564551e+01   -1.0409420908e+02    7.8432375076e+00    2.0480000000e+03    5.6679144036e-03    5.9108664773e-01
        82   -4.6487122036e+01    2.1617147175e+03   -6.5763411191e+01    1.9276289155e+01    3.0186125369e+01   -1.0448058359e+02    8.5310470269e+00    2.0480000000e+03    5.6545645930e-03    5.8908913352e-01
        83   -4.6482431350e+01    2.1611511603e+03   -6.5647580605e+01    1.9165149255e+01    3.0085054727e+01   -1.0383434885e+02    8.1017135164e+00    2.0480000000e+03    5.6777240243e-03    5.9319957386e-01
        84   -4.6484589845e+01    2.1615653575e+03   -6.5705057561e+01    1.9220467715e+01    3.0163207477e+01   -1.0412179847e+02    8.2535334368e+00    2.0480000000e+03    5.6715961546e-03    5.9095348011e-01
        85   -4.6505367356e+01    2.1632601796e+03   -6.5566820247e+01    1.9061452891e+01    3.0048918060e+01   -1.0383631819e+02    8.2205798876e+00    2.0480000000e+03    5.6659420952e-03    5.9218750000e-01
        86   -4.6509721650e+01    2.1638644805e+03   -6.5822490386e+01    1.9312768736e+01    3.0131908293e+01   -1.0422867391e+02    8.2742752322e+00    2.0480000000e+03    5.6764557958e-03    5.9210759943e-01
        87   -4.6480211147e+01    2.1612289627e+03   -6.6191626638e+01    1.9711415491e+01    3.0311942165e+01   -1.0480764613e+02    8.3040773304e+00    2.0480000000e+03    5.6786914356e-03    5.9015447443e-01
        88   -4.6476930644e+01    2.1606630359e+03   -6.5671122526e+01    1.9194191883e+01    3.0216289059e+01   -1.0437853206e+02    8.4911204765e+00    2.0480000000e+03    5.6617218070e-03    5.9165482955e-01
        89   -4.6506638891e+01    2.1635003485e+03   -6.5820770833e+01    1.9314131942e+01    3.0212291085e+01   -1.0435966016e+02    8.3265982415e+00    2.0480000000e+03    5.6702157017e-03    5.9277343750e-01
        90   -4.6488283595e+01    2.1617414139e+03   -6.5548981666e+01    1.9060698071e+01    3.0065578226e+01   -1.0348793570e+02    7.8733758079e+00    2.0480000000e+03    5.6580628734e-03    5.8933771307e-01
        91   -4.6423023125e+01    2.1558825026e+03   -6.5518493491e+01    1.9095470367e+01    3.0204273824e+01   -1.0403623587e+02    8.3134685529e+00    2.0480000000e+03    5.6813349947e-03    5.9172585227e-01
        92   -4.6507709525e+01    2.1635236575e+03   -6.5936252499e+01    1.9428542973e+01    3.0294274414e+01   -1.0430953390e+02    8.0790069908e+00    2.0480000000e+03    5.6748904753e-03    5.8896484375e-01
        93   -4.6490117995e+01    2.1619974226e+03   -6.5545787039e+01    1.9055669044e+01    3.0131400289e+01   -1.0419966742e+02    8.5224800966e+00    2.0480000000e+03    5.6621097028e-03    5.9104225852e-01
        94   -4.6502570659e+01    2.1631622589e+03   -6.5820449256e+01    1.9317878597e+01    3.0103224752e+01   -1.0398072755e+02    8.0570535438e+00    2.0480000000e+03    5.6784905028e-03    5.8900035511e-01
        95   -4.6480834036e+01    2.1611582253e+03   -6.5877995982e+01    1.9397161946e+01    3.0313860704e+01   -1.0442127381e+02    8.2294171222e+00    2.0480000000e+03    5.6781866588e-03    5.9030539773e-01
        96   -4.6513892035e+01    2.1642776825e+03   -6.5773622361e+01    1.9259730326e+01    3.0268165665e+01   -1.0442529033e+02    8.3835023072e+00    2.0480000000e+03    5.6786302011e-03    5.8922230114e-01
        97   -4.6465450785e+01    2.1598621857e+03   -6.5756843155e+01    1.9291392369e+01    3.0228274263e+01   -1.0432153242e+02    8.3364150001e+00    2.0480000000e+03    5.6746094488e-03    5.9195667614e-01
        98   -4.6506386968e+01    2.1635932472e+03   -6.5815749415e+01    1.9309362448e+01    3.0243867726e+01   -1.0416697337e+02    8.1073562244e+00    2.0480000000e+03    5.7063507847e-03    5.9170809659e-01
        99   -4.6478581740e+01    2.1608960715e+03   -6.5905092722e+01    1.9426510982e+01    3.0253692919e+01   -1.0456636364e+02    8.4075780018e+00    2.0480000000e+03    5.6916261092e-03    5.9155717330e-01
       100   -4.6473225423e+01    2.1604809428e+03   -6.5624234420e+01    1.9151008996e+01    3.0162601590e+01   -1.0437951817e+02    8.5926821618e+00    2.0480000000e+03    5.6831170805e-03    5.9274680398e-01
       101   -4.6482188633e+01    2.1612109962e+03   -6.5731680273e+01    1.9249491640e+01    3.0169119018e+01   -1.0415974080e+02    8.2589415085e+00    2.0480000000e+03    5.6615397334e-03    5.9101562500e-01
       102   -4.6482497235e+01    2.1612266677e+03   -6.5921302356e+01    1.9438805121e+01    3.0168602248e+01   -1.0393369259e+02    7.8437879897e+00    2.0480000000e+03    5.6699237321e-03    5.9216974432e-01
       103   -4.6483582800e+01    2.1613800159e+03   -6.5440341177e+01    1.8956758377e+01    3.0269327198e+01   -1.0399506748e+02    8.2853991051e+00    2.0480000000e+03    5.6846169755e-03    5.9238281250e-01
       104   -4.6490991144e+01    2.1619094764e+03   -6.5845173887e+01    1.9354182742e+01    3.0181526014e+01   -1.0434917639e+02    8.3224764879e+00    2.0480000000e+03    5.6727619376e-03    5.8919566761e-01
       105   -4.6464744309e+01    2.1595423452e+03   -6.5791790112e+01    1.9327045803e+01    3.0167994929e+01   -1.0435372642e+02    8.3939413833e+00    2.0480000000e+03    5.6842681952e-03    5.9327947443e-01
       106   -4.6492644149e+01    2.1620622308e+03   -6.5514854867e+01    1.9022210718e+01    3.0110377662e+01   -1.0326948848e+02    7.6442559489e+00    2.0480000000e+03    5.6660529226e-03    5.9240944602e-01
       107   -4.6482134558e+01    2.1612257989e+03   -6.5372708320e+01    1.8890573762e+01    3.0111812748e+01   -1.0373808371e+02    8.2535626423e+00    2.0480000000e+03    5.6823843624e-03    5.9522372159e-01
       108   -4.6507705704e+01    2.1635500592e+03   -6.5820327155e+01    1.9312621451e+01    3.0221752374e+01   -1.0445947443e+02    8.4173949049e+00    2.0480000000e+03    5.6565953419e-03    5.9050958807e-01
       109   -4.6493458800e+01    2.1622790821e+03   -6.6028802114e+01    1.9535343314e+01    3.0420393748e+01   -1.0459509769e+02    8.1459018295e+00    2.0480000000e+03    5.6722187437e-03    5.8928444602e-01
       110   -4.6485601517e+01    2.1614936126e+03   -6.5688154938e+01    1.9202553421e+01    3.0198221373e+01   -1.0403331970e+02    8.1469433915e+00    2.0480000000e+03    5.6750483345e-03    5.9213423295e-01
       111   -4.6483541595e+01    2.1613684288e+03   -6.5704922090e+01    1.9221380495e+01    3.0237188717e+01   -1.0440230109e+02    8.4601902812e+00    2.0480000000e+03    5.6653656065e-03    5.9065163352e-01
       112   -4.6523113932e+01    2.1651233830e+03   -6.6075761481e+01    1.9552647548e+01    3.0320802950e+01   -1.0475787505e+02    8.3613106199e+00    2.0480000000e+03    5.6774378754e-03    5.8893821023e-01
       113   -4.6494500122e+01    2.1624259245e+03   -6.5735746795e+01    1.9241246673e+01    3.0130271180e+01   -1.0387041839e+02    8.0044004144e+00    2.0480000000e+03    5.6872852147e-03    5.9230291193e-01
       114   -4.6480680852e+01    2.1610010122e+03   -6.5646598771e+01    1.9165917918e+01    3.0200629673e+01   -1.0372799078e+02    7.8807623330e+00    2.0480000000e+03    5.6855475996e-03    5.9303089489e-01
       115   -4.6472412750e+01    2.1602217580e+03   -6.5911014173e+01    1.9438601423e+01    3.0302102913e+01   -1.0451550490e+02    8.3023878104e+00    2.0480000000e+03    5.6819203310e-03    5.9006569602e-01
       116   -4.6488656989e+01    2.1618396392e+03   -6.6009224042e+01    1.9520567053e+01    3.0335080249e+01   -1.0422180363e+02    7.8774993360e+00    2.0480000000e+03    5.6751077063e-03    5.9061612216e-01
       117   -4.6484704393e+01    2.1614697817e+03   -6.5570727223e+01    1.9086022830e+01    3.0318700070e+01   -1.0447465022e+02    8.5852229260e+00    2.0480000000e+03    5.6780737359e-03    5.9061612216e-01
       118   -4.6501670698e+01    2.1629496644e+03   -6.5722632390e+01    1.9220961692e+01    3.0349541709e+01   -1.0413100510e+02    8.0588310056e+00    2.0480000000e+03    5.6909285486e-03    5.9179687500e-01
       119   -4.6466889886e+01    2.1598593921e+03   -6.5798888901e+01    1.9331999015e+01    3.0260975803e+01   -1.0439575572e+02    8.3358910166e+00    2.0480000000e+03    5.6757708080e-03    5.9121093750e-01
       120   -4.6492137307e+01    2.1620603239e+03   -6.5557936625e+01    1.9065799318e+01    3.0092493134e+01   -1.0371529759e+02    8.0648678269e+00    2.0480000000e+03    5.6769573130e-03    5.9220525568e-01
       121   -4.6477786516e+01    2.1608757870e+03   -6.5678525132e+01    1.9200738615e+01    3.0213791423e+01   -1.0387720374e+02    7.9848871866e+00    2.0480000000e+03    5.6967989076e-03    5.9203657670e-01
       122   -4.6489244633e+01    2.1618415548e+03   -6.5557921875e+01    1.9068677242e+01    3.0213426514e+01   -1.0447004608e+02    8.6986976917e+00    2.0480000000e+03    5.7198652066e-03    5.9404296875e-01
       123   -4.6486089199e+01    2.1615078042e+03   -6.5693951033e+01    1.9207861834e+01    3.0389460093e+01   -1.0450322075e+02    8.4198096252e+00    2.0480000000e+03    5.7045281865e-03    5.9222301136e-01
       124   -4.6487725736e+01    2.1617298065e+03   -6.5390680369e+01    1.8902954633e+01    3.0102491478e+01   -1.0343819914e+02    7.9450272883e+00    2.0480000000e+03    5.6793319527e-03    5.9216974432e-01
       125   -4.6497683994e+01    2.1626748245e+03   -6.5705578185e+01    1.9207894191e+01    3.0135811285e+01   -1.0390423169e+02    8.0628422219e+00    2.0480000000e+03    5.6857229210e-03    5.9268465909e-01
       126   -4.6499456038e+01    2.1628508451e+03   -6.5706132351e+01    1.9206676313e+01    3.0123367493e+01   -1.0359367781e+02    7.7641779617e+00    2.0480000000e+03    5.6810777169e-03    5.9248934659e-01
       127   -4.6512244029e+01    2.1639032587e+03   -6.5460345601e+01    1.8948101572e+01    3.0183746581e+01   -1.0414497060e+02    8.5008784228e+00    2.0480000000e+03    5.6840670295e-03    5.9399857955e-01
       128   -4.6515280621e+01    2.1642602297e+03   -6.5698772110e+01    1.9183491488e+01    3.0214631523e+01   -1.0399718653e+02    8.0837828987e+00    2.0480000000e+03    5.6906370446e-03    5.9145063920e-01
       129   -4.6509389903e+01    2.1637586981e+03   -6.5848305685e+01    1.9338915781e+01    3.0360564708e+01   -1.0430267028e+02    8.0937998909e+00    2.0480000000e+03    5.6980485097e-03    5.9167258523e-01
       130   -4.6491845091e+01    2.1620940204e+03   -6.5603746316e+01    1.9111901225e+01    3.0342100886e+01   -1.0423120056e+02    8.2853533556e+00    2.0480000000e+03    5.6924577802e-03    5.9255149148e-01
       131   -4.6523962656e+01    2.1651098855e+03   -6.6106529679e+01    1.9582567023e+01    3.0197639212e+01   -1.0413888690e+02    7.8347180055e+00    2.0480000000e+03    5.6935753673e-03    5.9154829545e-01
       132   -4.6518950193e+01    2.1646207540e+03   -6.5774635440e+01    1.9255685247e+01    3.0287794170e+01   -1.0429934222e+02    8.2369126084e+00    2.0480000000e+03    5.6825315114e-03    5.9105113636e-01
       133   -4.6504618767e+01    2.1634539754e+03   -6.5790769830e+01    1.9286151064e+01    3.0232575303e+01   -1.0429986858e+02    8.2765234414e+00    2.0480000000e+03    5.6963660754e-03    5.9459339489e-01
       134   -4.6475745446e+01    2.1605237563e+03   -6.5704497515e+01    1.9228752069e+01    3.0096739726e+01   -1.0384313149e+02    8.0418942528e+00    2.0480000000e+03    5.6861648336e-03    5.9294211648e-01
       135   -4.6518177339e+01    2.1647891249e+03   -6.5460918272e+01    1.8942740934e+01    3.0155338565e+01   -1.0448917080e+02    8.8729139612e+00    2.0480000000e+03    5.6778527796e-03    5.9157492898e-01
       136   -4.6521709413e+01    2.1647968131e+03   -6.5830459036e+01    1.9308749623e+01    3.0251028027e+01   -1.0432583630e+02    8.2443492335e+00    2.0480000000e+03    5.6686203461e-03    5.9030539773e-01
       137   -4.6501922018e+01    2.1631091992e+03   -6.5575064118e+01    1.9073142101e+01    3.0272871339e+01   -1.0412016743e+02    8.2722319730e+00    2.0480000000e+03    5.6706445757e-03    5.8977272727e-01
       138   -4.6520752442e+01    2.1649002731e+03   -6.5496642179e+01    1.8975889737e+01    3.0133503098e+01   -1.0361541264e+02    7.9852673644e+00    2.0480000000e+03    5.6777016725e-03    5.9316406250e-01
       139   -4.6467104812e+01    2.1598296093e+03   -6.5818749106e+01    1.9351644294e+01    3.0217961586e+01   -1.0414452502e+02    8.1078143258e+00    2.0480000000e+03    5.6918016635e-03    5.9414950284e-01
       140   -4.6508027610e+01    2.1636192498e+03   -6.5873905158e+01    1.9365877548e+01    3.0200108945e+01   -1.0411081384e+02    8.0367997341e+00    2.0480000000e+03    5.6856819429e-03    5.9232954545e-01
       141   -4.6483925452e+01    2.1613134604e+03   -6.5862526748e+01    1.9378601296e+01    3.0233528129e+01   -1.0401878648e+02    7.9227316000e+00    2.0480000000e+03    5.6794367265e-03    5.9072265625e-01
       142   -4.6494552060e+01    2.1623329946e+03   -6.5544747354e+01    1.9050195294e+01    3.0190318070e+01   -1.0407210047e+02    8.3370350445e+00    2.0480000000e+03    5.6848186068e-03    5.9254261364e-01
       143   -4.6513648588e+01    2.1642114945e+03   -6.5765458995e+01    1.9251810407e+01    3.0263176759e+01   -1.0461037249e+02    8.5817367317e+00    2.0480000000e+03    5.6908875704e-03    5.9388316761e-01
       144   -4.6499415218e+01    2.1631382325e+03   -6.5855345282e+01    1.9355930064e+01    3.0175751214e+01   -1.0423026137e+02    8.1991648777e+00    2.0480000000e+03    5.6662545539e-03    5.8956853693e-01
       145   -4.6483148865e+01    2.1612953645e+03   -6.5336978925e+01    1.8853830060e+01    2.9967907343e+01   -1.0343380717e+02    8.1289208997e+00    2.0480000000e+03    5.6729672942e-03    5.9199218750e-01
       146   -4.6513878741e+01    2.1641711939e+03   -6.5820723479e+01    1.9306844738e+01    3.0232003825e+01   -1.0410691536e+02    8.0541880560e+00    2.0480000000e+03    5.6669455953e-03    5.9070490057e-01
       147   -4.6491972201e+01    2.1621942345e+03   -6.5567787765e+01    1.9075815564e+01    3.0147602304e+01   -1.0412859558e+02    8.4132055115e+00    2.0480000000e+03    5.6818723679e-03    5.9082919034e-01
       148   -4.6476246608e+01    2.1608411022e+03   -6.5590665993e+01    1.9114419386e+01    3.0282426322e+01   -1.0426224680e+02    8.3891544821e+00    2.0480000000e+03    5.6946647819e-03    5.9117542614e-01
       149   -4.6479131303e+01    2.1608720388e+03   -6.5916183003e+01    1.9437051700e+01    3.0326073205e+01   -1.0438411538e+02    8.1418591731e+00    2.0480000000e+03    5.6794728152e-03    5.9199218750e-01
       150   -4.6485763923e+01    2.1615209071e+03   -6.5588198338e+01    1.9102434414e+01    3.0032315657e+01   -1.0344745919e+02    7.8269451975e+00    2.0480000000e+03    5.6701702997e-03    5.9199218750e-01
       151   -4.6502727042e+01    2.1631053484e+03   -6.5628696129e+01    1.9125969087e+01    3.0043446661e+01   -1.0345929167e+02    7.7871488773e+00    2.0480000000e+03    5.6710536592e-03    5.9204545455e-01
       152   -4.6525691908e+01    2.1651804400e+03   -6.6261657679e+01    1.9735965772e+01    3.0312709622e+01   -1.0461361035e+02    8.0392430514e+00    2.0480000000e+03    5.6683963630e-03    5.9086470170e-01
       153   -4.6493098107e+01    2.1621293103e+03   -6.5885480632e+01    1.9392382525e+01    3.0101838031e+01   -1.0375934515e+02    7.7720264830e+00    2.0480000000e+03    5.6639781687e-03    5.9390980114e-01
       154   -4.6485458816e+01    2.1614950454e+03   -6.5623319206e+01    1.9137860390e+01    3.0283232990e+01   -1.0421747101e+02    8.3109188160e+00    2.0480000000e+03    5.6708650663e-03    5.9025213068e-01
       155   -4.6480359312e+01    2.1611361107e+03   -6.5761744473e+01    1.9281385161e+01    3.0256945012e+01   -1.0435361449e+02    8.3349250042e+00    2.0480000000e+03    5.6642002892e-03    5.9219637784e-01
       156   -4.6490270349e+01    2.1620349073e+03   -6.5844916925e+01    1.9354646577e+01    3.0294079316e+01   -1.0455031378e+02    8.4113175398e+00    2.0480000000e+03    5.6738273706e-03    5.9074928977e-01
       157   -4.6481251510e+01    2.1613777449e+03   -6.5544492972e+01    1.9063241463e+01    3.0110162179e+01   -1.0388274815e+02    8.2280930006e+00    2.0480000000e+03    5.6799943559e-03    5.9171697443e-01
       158   -4.6507974195e+01    2.1637101735e+03   -6.5689736122e+01    1.9181761927e+01    3.0271487936e+01   -1.0446530609e+02    8.5040820356e+00    2.0480000000e+03    5.6759109721e-03    5.8864524148e-01
       159   -4.6469659029e+01    2.1601705607e+03   -6.5763190922e+01    1.9293531893e+01    3.0204912295e+01   -1.0394503866e+02    7.9769354382e+00    2.0480000000e+03    5.6959700305e-03    5.9248934659e-01
       160   -4.6511356393e+01    2.1639984931e+03   -6.5803526200e+01    1.9292169807e+01    3.0201441048e+01   -1.0395406880e+02    7.9491015501e+00    2.0480000000e+03    5.6743868627e-03    5.9411399148e-01
       161   -4.6488866407e+01    2.1618566640e+03   -6.5472776591e+01    1.8983910184e+01    3.0156158594e+01   -1.0412261917e+02    8.4936839807e+00    2.0480000000e+03    5.6826157961e-03    5.9269353693e-01
       162   -4.6481101446e+01    2.1611832627e+03   -6.5379174745e+01    1.8898073299e+01    3.0066450705e+01   -1.0368401459e+02    8.2383891356e+00    2.0480000000e+03    5.6712243240e-03    5.9133522727e-01
       163   -4.6495493556e+01    2.1624769174e+03   -6.5800844225e+01    1.9305350670e+01    3.0120648155e+01   -1.0377198860e+02    7.8504962164e+00    2.0480000000e+03    5.6622240227e-03    5.8844105114e-01
       164   -4.6490888222e+01    2.1621229255e+03   -6.5405229058e+01    1.8914340835e+01    3.0167515590e+01   -1.0406417939e+02    8.4914347406e+00    2.0480000000e+03    5.6569438893e-03    5.8816583807e-01
       165   -4.6498476202e+01    2.1626927171e+03   -6.5553766659e+01    1.9055290457e+01    3.0190491411e+01   -1.0389037625e+02    8.1461181780e+00    2.0480000000e+03    5.6799857412e-03    5.9258700284e-01
       166   -4.6489306258e+01    2.1618201933e+03   -6.5620388805e+01    1.9131082547e+01    3.0036914922e+01   -1.0370271761e+02    8.0454138827e+00    2.0480000000e+03    5.6544365361e-03    5.8982599432e-01
       167   -4.6480953888e+01    2.1610688454e+03   -6.5566953821e+01    1.9085999933e+01    3.0096540556e+01   -1.0367532962e+02    8.0118352435e+00    2.0480000000e+03    5.6703526061e-03    5.9261363636e-01
       168   -4.6486592126e+01    2.1616600617e+03   -6.5563433103e+01    1.9076840977e+01    3.0094323966e+01   -1.0392498541e+02    8.2672283446e+00    2.0480000000e+03    5.6695563253e-03    5.9151278409e-01
       169   -4.6486628847e+01    2.1616663380e+03   -6.5954796228e+01    1.9468167381e+01    3.0196288415e+01   -1.0401081438e+02    7.8597297412e+00    2.0480000000e+03    5.6572579779e-03    5.8947975852e-01
       170   -4.6489115043e+01    2.1621146885e+03   -6.5713508421e+01    1.9224393378e+01    3.0187904008e+01   -1.0410219262e+02    8.2007801911e+00    2.0480000000e+03    5.6643714197e-03    5.9057173295e-01
       171   -4.6476311768e+01    2.1606806060e+03   -6.5867942905e+01    1.9391631137e+01    3.0320126771e+01   -1.0450586507e+02    8.3177953909e+00    2.0480000000e+03    5.6687437464e-03    5.9090909091e-01
       172   -4.6533155244e+01    2.1659130982e+03   -6.5761092789e+01    1.9227937546e+01    3.0197092105e+01   -1.0420057022e+02    8.2423853226e+00    2.0480000000e+03    5.6864647195e-03    5.9385653409e-01
       173   -4.6516343862e+01    2.1644806987e+03   -6.5559311965e+01    1.9042968103e+01    3.0194511530e+01   -1.0431251907e+02    8.5586955754e+00    2.0480000000e+03    5.6739258580e-03    5.9139737216e-01
       174   -4.6496936762e+01    2.1627121179e+03   -6.5600082435e+01    1.9103145673e+01    3.0178662732e+01   -1.0418923018e+02    8.4104850103e+00    2.0480000000e+03    5.6764541660e-03    5.8985262784e-01
       175   -4.6492825455e+01    2.1622535112e+03   -6.5687548186e+01    1.9194722730e+01    3.0263995662e+01   -1.0470653775e+02    8.7549939051e+00    2.0480000000e+03    5.6877410971e-03    5.9317294034e-01
       176   -4.6492134628e+01    2.1621691428e+03   -6.5869624351e+01    1.9377489724e+01    3.0087343251e+01   -1.0414110863e+02    8.1841410322e+00    2.0480000000e+03    5.6799000595e-03    5.8894708807e-01
       177   -4.6469315765e+01    2.1599100135e+03   -6.5547807171e+01    1.9078491406e+01    3.0069568670e+01   -1.0354281907e+02    7.9254432312e+00    2.0480000000e+03    5.6718825363e-03    5.9074041193e-01
       178   -4.6494957344e+01    2.1623241110e+03   -6.5616882711e+01    1.9121925367e+01    3.0188253392e+01   -1.0395416273e+02    8.1490266270e+00    2.0480000000e+03    5.6648205500e-03    5.9069602273e-01
       179   -4.6497485351e+01    2.1627185283e+03   -6.5535899537e+01    1.9038414185e+01    3.0045040916e+01   -1.0376598953e+02    8.1850490724e+00    2.0480000000e+03    5.6898796465e-03    5.9477095170e-01
       180   -4.6491732765e+01    2.1621372446e+03   -6.5769425670e+01    1.9277692905e+01    3.0192891001e+01   -1.0431451140e+02    8.3521947258e+00    2.0480000000e+03    5.6780145969e-03    5.9045632102e-01
       181   -4.6505790524e+01    2.1633450481e+03   -6.5511556115e+01    1.9005765591e+01    3.0110700072e+01   -1.0381210664e+02    8.1898504570e+00    2.0480000000e+03    5.6737845298e-03    5.9351029830e-01
       182   -4.6498746227e+01    2.1627406778e+03   -6.5675183207e+01    1.9176436979e+01    3.0208623844e+01   -1.0392258081e+02    8.0387737599e+00    2.0480000000e+03    5.6723786984e-03    5.9173473011e-01
       183   -4.6502837552e+01    2.1630948538e+03   -6.5565787707e+01    1.9062950155e+01    3.0123366672e+01   -1.0376409947e+02    8.0749450902e+00    2.0480000000e+03    5.6566707790e-03    5.9125532670e-01
       184   -4.6478537809e+01    2.1609244285e+03   -6.5210631470e+01    1.8732093661e+01    3.0129475019e+01   -1.0378177004e+02    8.4416635473e+00    2.0480000000e+03    5.6666366290e-03    5.9251598011e-01
       185   -4.6494425413e+01    2.1623111890e+03   -6.5631027647e+01    1.9136602234e+01    3.0164699130e+01   -1.0361348064e+02    7.8177538619e+00    2.0480000000e+03    5.6695702951e-03    5.9034090909e-01
       186   -4.6487201372e+01    2.1617152177e+03   -6.5899861881e+01    1.9412660509e+01    3.0203081754e+01   -1.0407643892e+02    7.9734952824e+00    2.0480000000e+03    5.6861892808e-03    5.9321732955e-01
       187   -4.6488924097e+01    2.1617043315e+03   -6.5785560070e+01    1.9296635973e+01    3.0077824425e+01   -1.0373394544e+02    7.8705609481e+00    2.0480000000e+03    5.6674210355e-03    5.9098899148e-01
       188   -4.6457063698e+01    2.1589133967e+03   -6.5747253318e+01    1.9290189620e+01    3.0160911034e+01   -1.0430461868e+02    8.3964543289e+00    2.0480000000e+03    5.6603141129e-03    5.9098011364e-01
       189   -4.6506957768e+01    2.1635754452e+03   -6.5825355662e+01    1.9318397894e+01    3.0172568507e+01   -1.0397849562e+02    7.9805714543e+00    2.0480000000e+03    5.6735787075e-03    5.9076704545e-01
       190   -4.6550176667e+01    2.1676194846e+03   -6.5848058151e+01    1.9297881484e+01    3.0181810738e+01   -1.0404626256e+02    8.0163936717e+00    2.0480000000e+03    5.6620796677e-03    5.9208096591e-01
       191   -4.6502473791e+01    2.1638452559e+03   -6.5739370233e+01    1.9236896441e+01    3.0166200251e+01   -1.0419944494e+02    8.2938744533e+00    2.0480000000e+03    5.6607846636e-03    5.9030539773e-01
       192   -4.6475497121e+01    2.1606268700e+03   -6.5926291030e+01    1.9450793909e+01    3.0302303670e+01   -1.0403061123e+02    7.8020165306e+00    2.0480000000e+03    5.6735081598e-03    5.8970170455e-01
       193   -4.6476779954e+01    2.1608518259e+03   -6.5842756565e+01    1.9365976611e+01    3.0214356659e+01   -1.0476740400e+02    8.7102907712e+00    2.0480000000e+03    5.6641120464e-03    5.9218750000e-01
       194   -4.6475122357e+01    2.1605396073e+03   -6.5807350426e+01    1.9332228069e+01    3.0259035902e+01   -1.0457457021e+02    8.5081838787e+00    2.0480000000e+03    5.6676908862e-03    5.9027876420e-01
       195   -4.6496396005e+01    2.1624396685e+03   -6.5789395269e+01    1.9292999263e+01    3.0291469324e+01   -1.0427401760e+02    8.1931530031e+00    2.0480000000e+03    5.6644491851e-03    5.9033203125e-01
       196   -4.6498561896e+01    2.1631810823e+03   -6.5897258515e+01    1.9398696619e+01    3.0321142459e+01   -1.0432130522e+02    8.1029042422e+00    2.0480000000e+03    5.6758499704e-03    5.9331498580e-01
       197   -4.6485761725e+01    2.1615798889e+03   -6.5597591695e+01    1.9111829970e+01    3.0221101313e+01   -1.0443955367e+02    8.6208606570e+00    2.0480000000e+03    5.6702611037e-03    5.9123757102e-01
       198   -4.6463935485e+01    2.1596557225e+03   -6.5645636521e+01    1.9181701036e+01    3.0226561144e+01   -1.0431481883e+02    8.4426211669e+00    2.0480000000e+03    5.6710387580e-03    5.9066938920e-01
       199   -4.6464219061e+01    2.1596984426e+03   -6.5652127432e+01    1.9187908371e+01    3.0186637123e+01   -1.0415216397e+02    8.3133994138e+00    2.0480000000e+03    5.6612105109e-03    5.8954190341e-01
       200   -4.6474707533e+01    2.1603814916e+03   -6.5580511090e+01    1.9105803557e+01    3.0251622454e+01   -1.0410575372e+02    8.2736201792e+00    2.0480000000e+03    5.6705032475e-03    5.9299538352e-01
       201   -4.6488232146e+01    2.1617752139e+03   -6.5607783294e+01    1.9119551148e+01    3.0159716338e+01   -1.0398130868e+02    8.2138090446e+00    2.0480000000e+03    5.6714834645e-03    5.9259588068e-01
       202   -4.6510948337e+01    2.1638468227e+03   -6.6012725644e+01    1.9501777307e+01    3.0311199670e+01   -1.0473167894e+02    8.4077536227e+00    2.0480000000e+03    5.6586058345e-03    5.8878728693e-01
       203   -4.6501270630e+01    2.1629173640e+03   -6.6018722944e+01    1.9517452315e+01    3.0187500260e+01   -1.0401134847e+02    7.8051252641e+00    2.0480000000e+03    5.6584135164e-03    5.8852982955e-01
       204   -4.6513760980e+01    2.1641528978e+03   -6.5645327736e+01    1.9131566756e+01    3.0125561558e+01   -1.0394133880e+02    8.1704495074e+00    2.0480000000e+03    5.6744022295e-03    5.9149502841e-01
       205   -4.6463925525e+01    2.1598069214e+03   -6.5759089658e+01    1.9295164133e+01    3.0253883944e+01   -1.0445733424e+02    8.4443606357e+00    2.0480000000e+03    5.6738865096e-03    5.9061612216e-01
       206   -4.6506779172e+01    2.1636150833e+03   -6.5689071992e+01    1.9182292820e+01    3.0224530756e+01   -1.0458690431e+02    8.6733015587e+00    2.0480000000e+03    5.6789396331e-03    5.9238281250e-01
       207   -4.6466799744e+01    2.1598026300e+03   -6.6220434128e+01    1.9753634384e+01    3.0238320362e+01   -1.0421225509e+02    7.7535005956e+00    2.0480000000e+03    5.6879925542e-03    5.9192116477e-01
       208   -4.6479290433e+01    2.1609038698e+03   -6.5512728377e+01    1.9033437945e+01    3.0106195892e+01   -1.0373548713e+02    8.1165628646e+00    2.0480000000e+03    5.6763319299e-03    5.9129971591e-01
       209   -4.6514968288e+01    2.1642780508e+03   -6.5367130828e+01    1.8852162540e+01    3.0023598792e+01   -1.0385479100e+02    8.4640613761e+00    2.0480000000e+03    5.6590114255e-03    5.8950639205e-01
       210   -4.6504355953e+01    2.1633045616e+03   -6.5601321813e+01    1.9096965860e+01    3.0071298815e+01   -1.0379120902e+02    8.1185883926e+00    2.0480000000e+03    5.6684075389e-03    5.9153053977e-01
       211   -4.6475337300e+01    2.1606588356e+03   -6.5643425861e+01    1.9168088560e+01    3.0133788641e+01   -1.0389124285e+02    8.1140283479e+00    2.0480000000e+03    5.6765752379e-03    5.9076704545e-01
       212   -4.6479873024e+01    2.1611123993e+03   -6.5695077867e+01    1.9215204843e+01    3.0155382404e+01   -1.0443879612e+02    8.5883358465e+00    2.0480000000e+03    5.6931918953e-03    5.9152166193e-01
       213   -4.6496704756e+01    2.1626125089e+03   -6.5912852590e+01    1.9416147834e+01    3.0182958077e+01   -1.0430117378e+02    8.2053631162e+00    2.0480000000e+03    5.6996468920e-03    5.9211647727e-01
       214   -4.6494600876e+01    2.1622568275e+03   -6.5713991264e+01    1.9219390388e+01    3.0090769210e+01   -1.0387114315e+02    8.0663826784e+00    2.0480000000e+03    5.6784485932e-03    5.9169921875e-01
       215   -4.6466088530e+01    2.1600177714e+03   -6.5811984638e+01    1.9345896108e+01    3.0163965467e+01   -1.0395920059e+02    7.9832504892e+00    2.0480000000e+03    5.6962848175e-03    5.9447798295e-01
       216   -4.6457609308e+01    2.1589773337e+03   -6.5792631535e+01    1.9335022227e+01    3.0284198374e+01   -1.0432334431e+02    8.2465144040e+00    2.0480000000e+03    5.6874272414e-03    5.9240944602e-01
       217   -4.6498091191e+01    2.1629622674e+03   -6.5805373614e+01    1.9307282423e+01    3.0272106329e+01   -1.0468501754e+02    8.6075376004e+00    2.0480000000e+03    5.6650608312e-03    5.8892933239e-01
       218   -4.6517382602e+01    2.1647370185e+03   -6.5701205312e+01    1.9183822710e+01    3.0166965251e+01   -1.0414649486e+02    8.2783242986e+00    2.0480000000e+03    5.6692347862e-03    5.9241832386e-01
       219   -4.6520897032e+01    2.1652346571e+03   -6.5612705340e+01    1.9091808308e+01    3.0188206225e+01   -1.0429115184e+02    8.4902402737e+00    2.0480000000e+03    5.6697132532e-03    5.9289772727e-01
       220   -4.6525109941e+01    2.1651477220e+03   -6.5814631077e+01    1.9289521136e+01    3.0183292645e+01   -1.0447433560e+02    8.4764118751e+00    2.0480000000e+03    5.6734869722e-03    5.9082031250e-01
       221   -4.6474874378e+01    2.1604512571e+03   -6.5986647335e+01    1.9511772957e+01    3.0284275594e+01   -1.0454504984e+02    8.2741269135e+00    2.0480000000e+03    5.6830148678e-03    5.8958629261e-01
       222   -4.6490837948e+01    2.1619887987e+03   -6.5897802242e+01    1.9406964294e+01    3.0189415987e+01   -1.0440218108e+02    8.3149628524e+00    2.0480000000e+03    5.6855543517e-03    5.9304865057e-01
       223   -4.6484796429e+01    2.1614415832e+03   -6.5497051295e+01    1.9012254865e+01    3.0213443000e+01   -1.0361479437e+02    7.9043000754e+00    2.0480000000e+03    5.6762648746e-03    5.9006569602e-01
       224   -4.6471327534e+01    2.1603724594e+03   -6.5791240337e+01    1.9319912803e+01    3.0196584313e+01   -1.0407284770e+02    8.0850230527e+00    2.0480000000e+03    5.6963709649e-03    5.9303977273e-01
       225   -4.6518680292e+01    2.1648584307e+03   -6.5570091159e+01    1.9051410868e+01    3.0282503638e+01   -1.0413629320e+02    8.2836984007e+00    2.0480000000e+03    5.6903134100e-03    5.9140625000e-01
       226   -4.6510312256e+01    2.1639723911e+03   -6.5732261279e+01    1.9221949022e+01    3.0364843214e+01   -1.0469381262e+02    8.5967081282e+00    2.0480000000e+03    5.6815242860e-03    5.8948863636e-01
       227   -4.6503503331e+01    2.1632964710e+03   -6.5873117821e+01    1.9369614490e+01    3.0371481650e+01   -1.0428867357e+02    8.0440740945e+00    2.0480000000e+03    5.6892938446e-03    5.9407848011e-01
       228   -4.6530853820e+01    2.1660622013e+03   -6.5589988775e+01    1.9059134955e+01    3.0265049666e+01   -1.0391504319e+02    8.0600047506e+00    2.0480000000e+03    5.6947770063e-03    5.9161044034e-01
       229   -4.6488359193e+01    2.1617323986e+03   -6.5915598847e+01    1.9427239654e+01    3.0380096277e+01   -1.0486534292e+02    8.5696477956e+00    2.0480000000e+03    5.6904507801e-03    5.9014559659e-01
       230   -4.6503837592e+01    2.1633660342e+03   -6.5376367032e+01    1.8872529440e+01    3.0090684988e+01   -1.0356280115e+02    8.0957491256e+00    2.0480000000e+03    5.6826805230e-03    5.9169921875e-01
       231   -4.6527864528e+01    2.1655654437e+03   -6.5791737630e+01    1.9263873103e+01    3.0276477475e+01   -1.0421899244e+02    8.1507773344e+00    2.0480000000e+03    5.7003677357e-03    5.9215198864e-01
       232   -4.6508906003e+01    2.1636084734e+03   -6.5880153966e+01    1.9371247963e+01    3.0267701377e+01   -1.0426532438e+02    8.1174690349e+00    2.0480000000e+03    5.6890842970e-03    5.9215198864e-01
       233   -4.6509525765e+01    2.1638535872e+03   -6.5915327392e+01    1.9405801627e+01    3.0393158876e+01   -1.0465544961e+02    8.3469633382e+00    2.0480000000e+03    5.6952983141e-03    5.9210759943e-01
       234   -4.6494664962e+01    2.1625797882e+03   -6.5888523796e+01    1.9393858834e+01    3.0436865342e+01   -1.0496595770e+02    8.6405685615e+00    2.0480000000e+03    5.6904850062e-03    5.9152166193e-01
       235   -4.6478071025e+01    2.1608683833e+03   -6.5816032223e+01    1.9337961198e+01    3.0215335762e+01   -1.0431474584e+02    8.2833778532e+00    2.0480000000e+03    5.6787841022e-03    5.9175248580e-01
       236   -4.6502775400e+01    2.1630993652e+03   -6.5581742116e+01    1.9078966716e+01    3.0241873371e+01   -1.0412796827e+02    8.3043527806e+00    2.0480000000e+03    5.6837846059e-03    5.9232954545e-01
       237   -4.6480372598e+01    2.1619932528e+03   -6.5308164274e+01    1.8827791675e+01    3.0228034357e+01   -1.0441043289e+02    8.8742342633e+00    2.0480000000e+03    5.6887464598e-03    5.9462002841e-01
       238   -4.6506605875e+01    2.1633537507e+03   -6.5907006525e+01    1.9400400651e+01    3.0080793171e+01   -1.0381107362e+02    7.8232739206e+00    2.0480000000e+03    5.6725945324e-03    5.9221413352e-01
       239   -4.6527189725e+01    2.1654208076e+03   -6.5764068005e+01    1.9236878280e+01    3.0123587043e+01   -1.0381030760e+02    7.9226525482e+00    2.0480000000e+03    5.6724378373e-03    5.9279119318e-01
       240   -4.6486547586e+01    2.1617323273e+03   -6.5831020845e+01    1.9344473259e+01    3.0101348806e+01   -1.0428798765e+02    8.3556180034e+00    2.0480000000e+03    5.6618836243e-03    5.8911576705e-01
       241   -4.6461005014e+01    2.1603093130e+03   -6.5672752486e+01    1.9211747472e+01    3.0244592900e+01   -1.0432664919e+02    8.4093038059e+00    2.0480000000e+03    5.6701207068e-03    5.9116654830e-01
       242   -4.6479972401e+01    2.1610505336e+03   -6.5518509752e+01    1.9038537351e+01    3.0193935441e+01   -1.0411091905e+02    8.3984738546e+00    2.0480000000e+03    5.6638375390e-03    5.9124644886e-01
       243   -4.6499417489e+01    2.1627069106e+03   -6.5945453694e+01    1.9446036204e+01    3.0219067605e+01   -1.0420112493e+02    8.0366036338e+00    2.0480000000e+03    5.6777640712e-03    5.9075816761e-01
       244   -4.6493976011e+01    2.1623118679e+03   -6.5763776837e+01    1.9269800826e+01    3.0204267743e+01   -1.0422748698e+02    8.2594423957e+00    2.0480000000e+03    5.6806127541e-03    5.9501953125e-01
       245   -4.6510841933e+01    2.1641148036e+03   -6.5639061924e+01    1.9128219991e+01    3.0048532038e+01   -1.0410428482e+02    8.4166908611e+00    2.0480000000e+03    5.6636242662e-03    5.9327947443e-01
       246   -4.6508877096e+01    2.1637611909e+03   -6.5822011011e+01    1.9313133915e+01    3.0163580495e+01   -1.0424537936e+02    8.2597878537e+00    2.0480000000e+03    5.7475520298e-03    5.9175248580e-01
       247   -4.6485250601e+01    2.1614433439e+03   -6.5747797906e+01    1.9262547305e+01    3.0332953037e+01   -1.0469429849e+02    8.6135475517e+00    2.0480000000e+03    5.6832600385e-03    5.9045632102e-01
       248   -4.6508803903e+01    2.1637508891e+03   -6.5704321037e+01    1.9195517134e+01    3.0311014422e+01   -1.0450160883e+02    8.4862733755e+00    2.0480000000e+03    5.6726166513e-03    5.8895596591e-01
       249   -4.6491934330e+01    2.1619990778e+03   -6.5974116500e+01    1.9482182170e+01    3.0263048116e+01   -1.0449980238e+02    8.2626377601e+00    2.0480000000e+03    5.7044841815e-03    5.9427379261e-01
       250   -4.6488456043e+01    2.1617783302e+03   -6.6173526007e+01    1.9685069964e+01    3.0285746313e+01   -1.0425586312e+02    7.7965907998e+00    2.0480000000e+03    5.6918854825e-03    5.9124644886e-01
       251   -4.6496905026e+01    2.1625961133e+03   -6.5780794053e+01    1.9283889027e+01    3.0412979487e+01   -1.0453976095e+02    8.3459874094e+00    2.0480000000e+03    5.7002336252e-03    5.9405184659e-01
       252   -4.6494574665e+01    2.1625316489e+03   -6.5802033917e+01    1.9307459251e+01    3.0273357194e+01   -1.0410566183e+02    8.0302707178e+00    2.0480000000e+03    5.6647134479e-03    5.9090021307e-01
       253   -4.6483279871e+01    2.1612776613e+03   -6.5963267033e+01    1.9479987162e+01    3.0393873428e+01   -1.0463310955e+02    8.2759690932e+00    2.0480000000e+03    5.6964454707e-03    5.9291548295e-01
       254   -4.6525008134e+01    2.1652641047e+03   -6.5614468185e+01    1.9089460052e+01    3.0218012035e+01   -1.0431373110e+02    8.4812508810e+00    2.0480000000e+03    5.6790963281e-03    5.9266690341e-01
       255   -4.6503174134e+01    2.1631886001e+03   -6.5759741317e+01    1.9256567183e+01    3.0185108633e+01   -1.0441860388e+02    8.4737539290e+00    2.0480000000e+03    5.6682305876e-03    5.8977272727e-01
       256   -4.6524125167e+01    2.1654394625e+03   -6.5335290846e+01    1.8811165680e+01    3.0084749097e+01   -1.0394373159e+02    8.5236916479e+00    2.0480000000e+03    5.6685763411e-03    5.9145063920e-01
       257   -4.6489930412e+01    2.1619560928e+03   -6.5702872173e+01    1.9212941761e+01    3.0173460543e+01   -1.0442799613e+02    8.5516634166e+00    2.0480000000e+03    5.6584766135e-03    5.9036754261e-01
       258   -4.6494664152e+01    2.1623335035e+03   -6.5692591368e+01    1.9197927216e+01    3.0165163944e+01   -1.0381757398e+02    7.9598186645e+00    2.0480000000e+03    5.6656464003e-03    5.9327059659e-01
       259   -4.6534554930e+01    2.1659477230e+03   -6.5451351933e+01    1.8916797002e+01    3.0110300123e+01   -1.0397538137e+02    8.4137293111e+00    2.0480000000e+03    5.6705488823e-03    5.9211647727e-01
       260   -4.6488228071e+01    2.1618282710e+03   -6.5693762862e+01    1.9205534791e+01    3.0126615190e+01   -1.0424422950e+02    8.4238514496e+00    2.0480000000e+03    5.8024777099e-03    5.8837890625e-01
       261   -4.6489964698e+01    2.1618758491e+03   -6.5857343953e+01    1.9367379255e+01    3.0125403647e+01   -1.0370839743e+02    7.7256498319e+00    2.0480000000e+03    5.6859131437e-03    5.9352805398e-01
       262   -4.6495647399e+01    2.1624382638e+03   -6.5735633915e+01    1.9239986516e+01    3.0055344703e+01   -1.0389136637e+02    8.1003877568e+00    2.0480000000e+03    5.6851503905e-03    5.9435369318e-01
       263   -4.6482403190e+01    2.1613381132e+03   -6.5868256162e+01    1.9385852972e+01    3.0341219049e+01   -1.0459838743e+02    8.3889122172e+00    2.0480000000e+03    5.6879462209e-03    5.9130859375e-01
       264   -4.6491265067e+01    2.1620802361e+03   -6.5750947716e+01    1.9259682650e+01    3.0076526257e+01   -1.0353739156e+02    7.7099175850e+00    2.0480000000e+03    5.6730729993e-03    5.9203657670e-01
       265   -4.6481205809e+01    2.1614133385e+03   -6.5450292910e+01    1.8969087101e+01    3.0128941720e+01   -1.0368289733e+02    8.1036626951e+00    2.0480000000e+03    5.6669490878e-03    5.9138849432e-01
       266   -4.6528982277e+01    2.1701331245e+03   -6.5888069131e+01    1.9359086854e+01    3.0066898556e+01   -1.0413440078e+02    8.1794330912e+00    2.0480000000e+03    5.6548600551e-03    5.9125532670e-01
       267   -4.6499327591e+01    2.1629726207e+03   -6.5720227288e+01    1.9220899697e+01    3.0144577538e+01   -1.0426512260e+02    8.4003177709e+00    2.0480000000e+03    5.6717172265e-03    5.9287997159e-01
       268   -4.6489505500e+01    2.1618753972e+03   -6.5575216040e+01    1.9085710540e+01    3.0129333199e+01   -1.0388214992e+02    8.1776006855e+00    2.0480000000e+03    5.6752171367e-03    5.9404296875e-01
       269   -4.6472689628e+01    2.1608004590e+03   -6.5395358643e+01    1.8922669015e+01    2.9979055447e+01   -1.0399989245e+02    8.6254783564e+00    2.0480000000e+03    5.6662382558e-03    5.9493075284e-01
       270   -4.6498994317e+01    2.1628362838e+03   -6.5592251368e+01    1.9093257051e+01    3.0053504706e+01   -1.0398851011e+02    8.3427540344e+00    2.0480000000e+03    5.6758259889e-03    5.9274680398e-01
       271   -4.6511852269e+01    2.1640657566e+03   -6.5965328942e+01    1.9453476673e+01    3.0137499647e+01   -1.0427016784e+02    8.1673392473e+00    2.0480000000e+03    5.6769729126e-03    5.9260475852e-01
       272   -4.6469334040e+01    2.1602680768e+03   -6.5988974968e+01    1.9519640928e+01    3.0128055907e+01   -1.0427558253e+02    8.1585516567e+00    2.0480000000e+03    5.6719619315e-03    5.9143288352e-01
       273   -4.6479456114e+01    2.1609216871e+03   -6.5811404334e+01    1.9331948221e+01    3.0105600914e+01   -1.0393537806e+02    8.0183728151e+00    2.0480000000e+03    5.6526097469e-03    5.8895596591e-01
       274   -4.6518667664e+01    2.1645820977e+03   -6.5828925673e+01    1.9310258009e+01    3.0157735944e+01   -1.0429319381e+02    8.3065321960e+00    2.0480000000e+03    5.6693111546e-03    5.9033203125e-01
       275   -4.6499191589e+01    2.1627490025e+03   -6.5872698655e+01    1.9373507065e+01    3.0159899238e+01   -1.0419210914e+02    8.1595112491e+00    2.0480000000e+03    5.6755689438e-03    5.9031427557e-01
       276   -4.6495537287e+01    2.1626928702e+03   -6.5475770663e+01    1.8980233376e+01    3.0079011723e+01   -1.0427111613e+02    8.7163337438e+00    2.0480000000e+03    5.6624594145e-03    5.9075816761e-01
       277   -4.6478145243e+01    2.1607689528e+03   -6.5443073602e+01    1.8964928359e+01    2.9899641932e+01   -1.0336407211e+02    8.0213565765e+00    2.0480000000e+03    5.6631863117e-03    5.9104225852e-01
       278   -4.6516678743e+01    2.1644629392e+03   -6.5554856160e+01    1.9038177417e+01    3.0031324291e+01   -1.0373477112e+02    8.1485906676e+00    2.0480000000e+03    5.6579795200e-03    5.9024325284e-01
       279   -4.6524764227e+01    2.1652345449e+03   -6.5849466418e+01    1.9324702191e+01    3.0073820190e+01   -1.0385652545e+02    7.9332388463e+00    2.0480000000e+03    5.6660247501e-03    5.9211647727e-01
       280   -4.6451424343e+01    2.1586996792e+03   -6.5763110138e+01    1.9311685795e+01    3.0079318301e+01   -1.0407189555e+02    8.2294671063e+00    2.0480000000e+03    5.6737551931e-03    5.9314630682e-01
       281   -4.6475072817e+01    2.1604994662e+03   -6.5282714603e+01    1.8807641786e+01    2.9992879722e+01   -1.0344169288e+02    8.1660985509e+00    2.0480000000e+03    5.6730625220e-03    5.9213423295e-01
       282   -4.6460214900e+01    2.1590635487e+03   -6.5481759960e+01    1.9021545060e+01    3.0114194437e+01   -1.0369742690e+02    8.1014724994e+00    2.0480000000e+03    5.6704897434e-03    5.9341264205e-01
       283   -4.6484397007e+01    2.1613792482e+03   -6.5388144582e+01    1.8903747575e+01    3.0135462091e+01   -1.0401969086e+02    8.4960841848e+00    2.0480000000e+03    5.6663944852e-03    5.9003018466e-01
       284   -4.6471054290e+01    2.1601914585e+03   -6.5659293730e+01    1.9188239439e+01    3.0138988941e+01   -1.0355363184e+02    7.7553491731e+00    2.0480000000e+03    5.6730350479e-03    5.9161931818e-01
       285   -4.6510175968e+01    2.1637792835e+03   -6.5681089906e+01    1.9170913937e+01    3.0179780370e+01   -1.0425805434e+02    8.3971840640e+00    2.0480000000e+03    5.6510316208e-03    5.8948863636e-01
       286   -4.6507258923e+01    2.1635518322e+03   -6.5830635241e+01    1.9323376319e+01    3.0199674515e+01   -1.0385594856e+02    7.8256388076e+00    2.0480000000e+03    5.6682974100e-03    5.9093572443e-01
       287   -4.6511817453e+01    2.1639542917e+03   -6.5885661569e+01    1.9373844116e+01    3.0253109674e+01   -1.0458434624e+02    8.4455749965e+00    2.0480000000e+03    5.6739931460e-03    5.9324396307e-01
       288   -4.6483243949e+01    2.1612855030e+03   -6.5664291159e+01    1.9181047211e+01    3.0189940978e+01   -1.0430746703e+02    8.4532348918e+00    2.0480000000e+03    5.6669043843e-03    5.9056285511e-01
       289   -4.6494663282e+01    2.1623887650e+03   -6.5662109766e+01    1.9167446483e+01    3.0142702147e+01   -1.0390398048e+02    8.0991685683e+00    2.0480000000e+03    5.6751295924e-03    5.9087357955e-01
       290   -4.6501815007e+01    2.1631170245e+03   -6.5630414221e+01    1.9128599214e+01    3.0195234525e+01   -1.0403670242e+02    8.2110536754e+00    2.0480000000e+03    5.6677451357e-03    5.9136186080e-01
       291   -4.6479132125e+01    2.1608766267e+03   -6.5709445617e+01    1.9230313491e+01    3.0172363840e+01   -1.0396105840e+02    8.0792489454e+00    2.0480000000e+03    5.6725372560e-03    5.9077592330e-01
       292   -4.6489835923e+01    2.1619853247e+03   -6.5806053893e+01    1.9316217970e+01    3.0342396507e+01   -1.0441719899e+02    8.2687485845e+00    2.0480000000e+03    5.6732569356e-03    5.9058948864e-01
       293   -4.6508014635e+01    2.1636018761e+03   -6.5683314773e+01    1.9175300139e+01    3.0246517360e+01   -1.0426906443e+02    8.3392322955e+00    2.0480000000e+03    5.6909839623e-03    5.9106889205e-01
       294   -4.6498836941e+01    2.1628185442e+03   -6.5624864795e+01    1.9126027854e+01    3.0126952225e+01   -1.0437649748e+02    8.6246804623e+00    2.0480000000e+03    5.6701102294e-03    5.8945312500e-01
       295   -4.6483030787e+01    2.1612975408e+03   -6.5722279521e+01    1.9239248734e+01    3.0087096379e+01   -1.0378785892e+02    7.9784830233e+00    2.0480000000e+03    5.6635306682e-03    5.9221413352e-01
       296   -4.6502858939e+01    2.1636574533e+03   -6.5318892991e+01    1.8816034052e+01    3.0134487418e+01   -1.0409471130e+02    8.6413308892e+00    2.0480000000e+03    5.6854165159e-03    5.9542791193e-01
       297   -4.6480496733e+01    2.1612790919e+03   -6.5216375515e+01    1.8735878782e+01    3.0190304479e+01   -1.0435584759e+02    8.9491675987e+00    2.0480000000e+03    5.6683979928e-03    5.9190340909e-01
       298   -4.6497924995e+01    2.1626799418e+03   -6.5827005576e+01    1.9329080581e+01    3.0080234185e+01   -1.0385836573e+02    7.9511259685e+00    2.0480000000e+03    5.6966838893e-03    5.9437144886e-01
       299   -4.6482093584e+01    2.1611408680e+03   -6.5799412162e+01    1.9317318578e+01    3.0124793983e+01   -1.0401445229e+02    8.0902461416e+00    2.0480000000e+03    5.6687507313e-03    5.9045632102e-01
