#   index    LocalEnergy         LocalEnergy_sq      LocalPotential      Kinetic             ElecElec            LocalECP            NonLocalECP         BlockWeight         BlockCPU            AcceptRatio         
         0   -4.6492808103e+01    2.1621318693e+03   -6.5965772213e+01    1.9472964110e+01    3.0257496837e+01   -1.0446690822e+02    8.2436391722e+00    1.0240000000e+03    1.1669171043e-02    5.9119022254e-01
         1   -4.6536041394e+01    2.1660892522e+03   -6.5524126730e+01    1.8988085336e+01    3.0111841553e+01   -1.0353625874e+02    7.9002904570e+00    1.0240000000e+03    1.1702613905e-02    5.9094164299e-01
         2   -4.6500998040e+01    2.1629873684e+03   -6.5567119524e+01    1.9066121484e+01    3.0027499985e+01   -1.0359648734e+02    8.0018678322e+00    1.0240000000e+03    1.1593555566e-02    5.9091500947e-01
         3   -4.6513621237e+01    2.1642610254e+03   -6.6198402625e+01    1.9684781388e+01    3.0242756591e+01   -1.0452389584e+02    8.0827366235e+00    1.0240000000e+03    1.1588443769e-02    5.9211647727e-01
         4   -4.6498199001e+01    2.1627933298e+03   -6.5764232731e+01    1.9266033730e+01    3.0122104535e+01   -1.0419820784e+02    8.3118705776e+00    1.0240000000e+03    1.1550991330e-02    5.9088245739e-01
         5   -4.6537554744e+01    2.1664987840e+03   -6.5997286827e+01    1.9459732083e+01    3.0211964936e+01   -1.0433172423e+02    8.1224724663e+00    1.0240000000e+03    1.1544334935e-02    5.9124053030e-01
         6   -4.6473488458e+01    2.1604127312e+03   -6.5778441058e+01    1.9304952600e+01    3.0219081581e+01   -1.0461512330e+02    8.6176006590e+00    1.0240000000e+03    1.1517788982e-02    5.9147135417e-01
         7   -4.6514122137e+01    2.1641898444e+03   -6.5900477441e+01    1.9386355304e+01    3.0110979130e+01   -1.0412611970e+02    8.1146631291e+00    1.0240000000e+03    1.1519239284e-02    5.9158676610e-01
         8   -4.6506864531e+01    2.1636045344e+03   -6.5546520355e+01    1.9039655824e+01    3.0104575559e+01   -1.0431452474e+02    8.6634288272e+00    1.0240000000e+03    1.1522518005e-02    5.9124940814e-01
         9   -4.6462844294e+01    2.1593905792e+03   -6.5641148324e+01    1.9178304031e+01    3.0159301058e+01   -1.0441381684e+02    8.6133674612e+00    1.0240000000e+03    1.1540278094e-02    5.9124940814e-01
        10   -4.6491330548e+01    2.1621627599e+03   -6.5700308647e+01    1.9208978099e+01    3.0270755296e+01   -1.0432480644e+02    8.3537425010e+00    1.0240000000e+03    1.1529362993e-02    5.9088837595e-01
        11   -4.6483244779e+01    2.1613666098e+03   -6.6086592649e+01    1.9603347869e+01    3.0485578408e+01   -1.0548059823e+02    8.9084271761e+00    1.0240000000e+03    1.1533316458e-02    5.9205137311e-01
        12   -4.6516252296e+01    2.1642258145e+03   -6.5610484244e+01    1.9094231948e+01    3.0126183519e+01   -1.0356699835e+02    7.8303305917e+00    1.0240000000e+03    1.1521570617e-02    5.9218158144e-01
        13   -4.6509983825e+01    2.1637357573e+03   -6.6121886871e+01    1.9611903046e+01    3.0288107695e+01   -1.0455681939e+02    8.1468248209e+00    1.0240000000e+03    1.1520175030e-02    5.9087357955e-01
        14   -4.6482020198e+01    2.1613012231e+03   -6.5428809148e+01    1.8946788950e+01    3.0186825457e+01   -1.0378678174e+02    8.1711471325e+00    1.0240000000e+03    1.1503702030e-02    5.9132634943e-01
        15   -4.6456739499e+01    2.1592426255e+03   -6.5443780873e+01    1.8987041374e+01    3.0360258511e+01   -1.0475524621e+02    8.9512068222e+00    1.0240000000e+03    1.1490239762e-02    5.9069010417e-01
        16   -4.6517191167e+01    2.1644085505e+03   -6.5702683469e+01    1.9185492302e+01    3.0036648141e+01   -1.0409709760e+02    8.3577659859e+00    1.0240000000e+03    1.1500218883e-02    5.9151870265e-01
        17   -4.6516443855e+01    2.1644139731e+03   -6.5525777673e+01    1.9009333817e+01    3.0173847819e+01   -1.0410309223e+02    8.4034667418e+00    1.0240000000e+03    1.1497785104e-02    5.9147727273e-01
        18   -4.6464774007e+01    2.1595161540e+03   -6.5951641370e+01    1.9486867363e+01    3.0053887859e+01   -1.0402574205e+02    8.0202128173e+00    1.0240000000e+03    1.1497216299e-02    5.9172881155e-01
        19   -4.6530744350e+01    2.1658733650e+03   -6.5915074688e+01    1.9384330338e+01    3.0079996437e+01   -1.0359773081e+02    7.6026596871e+00    1.0240000000e+03    1.1479874142e-02    5.9097419508e-01
        20   -4.6498755650e+01    2.1626512150e+03   -6.5157264020e+01    1.8658508370e+01    3.0040509549e+01   -1.0378061952e+02    8.5828459463e+00    1.0240000000e+03    1.1493886821e-02    5.9213719223e-01
        21   -4.6460280981e+01    2.1592003492e+03   -6.6117325341e+01    1.9657044360e+01    3.0237052525e+01   -1.0452079577e+02    8.1664179021e+00    1.0240000000e+03    1.1498732958e-02    5.8968394886e-01
        22   -4.6463214457e+01    2.1593069224e+03   -6.5666616873e+01    1.9203402416e+01    3.0322378853e+01   -1.0433396540e+02    8.3449696695e+00    1.0240000000e+03    1.1534734396e-02    5.9165482955e-01
        23   -4.6453356580e+01    2.1583984852e+03   -6.5993117684e+01    1.9539761104e+01    3.0088637221e+01   -1.0367487676e+02    7.5931218596e+00    1.0240000000e+03    1.1516460916e-02    5.9156605114e-01
        24   -4.6468784953e+01    2.1599909625e+03   -6.5629514245e+01    1.9160729291e+01    3.0101206606e+01   -1.0385069124e+02    8.1199703855e+00    1.0240000000e+03    1.1510225944e-02    5.9188861269e-01
        25   -4.6561079969e+01    2.1684864640e+03   -6.5812102419e+01    1.9251022450e+01    3.0309642556e+01   -1.0402479484e+02    7.9030498669e+00    1.0240000000e+03    1.1511142133e-02    5.9135594223e-01
        26   -4.6472335749e+01    2.1603252249e+03   -6.6030840686e+01    1.9558504937e+01    3.0285711941e+01   -1.0424584833e+02    7.9292957059e+00    1.0240000000e+03    1.1493226746e-02    5.9011304451e-01
        27   -4.6500194759e+01    2.1634913047e+03   -6.5520819536e+01    1.9020624778e+01    3.0032665864e+01   -1.0375180931e+02    8.1983239128e+00    1.0240000000e+03    1.1497204658e-02    5.9232362689e-01
        28   -4.6486023755e+01    2.1616607766e+03   -6.5447300824e+01    1.8961277069e+01    3.0148729807e+01   -1.0386993660e+02    8.2739059653e+00    1.0240000000e+03    1.1497261934e-02    5.9039713542e-01
        29   -4.6500515027e+01    2.1629491326e+03   -6.5116334825e+01    1.8615819798e+01    3.0058773137e+01   -1.0341034475e+02    8.2352367920e+00    1.0240000000e+03    1.1504415656e-02    5.9224076705e-01
        30   -4.6517052918e+01    2.1644330766e+03   -6.5644437443e+01    1.9127384526e+01    3.0252024956e+01   -1.0429154833e+02    8.3950859336e+00    1.0240000000e+03    1.1496449588e-02    5.9152462121e-01
        31   -4.6487995372e+01    2.1618135484e+03   -6.5873988021e+01    1.9385992649e+01    3.0285901303e+01   -1.0470804071e+02    8.5481513887e+00    1.0240000000e+03    1.1500287335e-02    5.9076408617e-01
        32   -4.6480852898e+01    2.1610638076e+03   -6.5812544769e+01    1.9331691871e+01    3.0113525360e+01   -1.0378381113e+02    7.8577409995e+00    1.0240000000e+03    1.1502186768e-02    5.9102154356e-01
        33   -4.6501456167e+01    2.1630099673e+03   -6.5778436514e+01    1.9276980348e+01    3.0389563531e+01   -1.0449485553e+02    8.3268554800e+00    1.0240000000e+03    1.1507149553e-02    5.9121389678e-01
        34   -4.6480888030e+01    2.1609350154e+03   -6.5723301851e+01    1.9242413821e+01    3.0271972188e+01   -1.0385708020e+02    7.8618061598e+00    1.0240000000e+03    1.1507706484e-02    5.9095643939e-01
        35   -4.6491699430e+01    2.1620895131e+03   -6.6217141196e+01    1.9725441767e+01    3.0347063216e+01   -1.0503595333e+02    8.4717489222e+00    1.0240000000e+03    1.1492215563e-02    5.9113103693e-01
        36   -4.6506911895e+01    2.1635356005e+03   -6.5763377632e+01    1.9256465738e+01    3.0072160420e+01   -1.0409027855e+02    8.2547405001e+00    1.0240000000e+03    1.1514543323e-02    5.9222892992e-01
        37   -4.6506089977e+01    2.1632959581e+03   -6.5293573262e+01    1.8787483286e+01    3.0079014084e+01   -1.0367976746e+02    8.3071801134e+00    1.0240000000e+03    1.1460618349e-02    5.8873697917e-01
        38   -4.6487875579e+01    2.1615563242e+03   -6.5473888785e+01    1.8986013206e+01    3.0127475085e+01   -1.0372564865e+02    8.1242847835e+00    1.0240000000e+03    1.1509047123e-02    5.9231474905e-01
        39   -4.6513723966e+01    2.1641738507e+03   -6.5879816497e+01    1.9366092531e+01    3.0307585015e+01   -1.0469714037e+02    8.5097388597e+00    1.0240000000e+03    1.1504777241e-02    5.9135298295e-01
        40   -4.6509317638e+01    2.1640618048e+03   -6.5605488300e+01    1.9096170661e+01    3.0235041441e+01   -1.0413904814e+02    8.2985183959e+00    1.0240000000e+03    1.1507850606e-02    5.9120501894e-01
        41   -4.6477014195e+01    2.1608584171e+03   -6.5432835066e+01    1.8955820870e+01    3.0281382644e+01   -1.0405044894e+02    8.3362312343e+00    1.0240000000e+03    1.1491162935e-02    5.9115471117e-01
        42   -4.6486769167e+01    2.1616517479e+03   -6.5571911792e+01    1.9085142625e+01    3.0241860299e+01   -1.0394577073e+02    8.1319986419e+00    1.0240000000e+03    1.1499717133e-02    5.9195075758e-01
        43   -4.6490417304e+01    2.1618684210e+03   -6.5656640123e+01    1.9166222819e+01    3.0152903172e+01   -1.0356404222e+02    7.7544989205e+00    1.0240000000e+03    1.1493389029e-02    5.8995324337e-01
        44   -4.6503841243e+01    2.1631073380e+03   -6.5523952342e+01    1.9020111100e+01    3.0112324243e+01   -1.0365516516e+02    8.0188885780e+00    1.0240000000e+03    1.1501035886e-02    5.9165187027e-01
        45   -4.6534360891e+01    2.1660683625e+03   -6.5918141219e+01    1.9383780327e+01    3.0183564456e+01   -1.0446428408e+02    8.3625784043e+00    1.0240000000e+03    1.1525828624e-02    5.9335345644e-01
        46   -4.6507781014e+01    2.1636208991e+03   -6.5854504816e+01    1.9346723802e+01    3.0020923960e+01   -1.0389682732e+02    8.0213985421e+00    1.0240000000e+03    1.1486261152e-02    5.9092684659e-01
        47   -4.6495036701e+01    2.1623735511e+03   -6.5933412640e+01    1.9438375940e+01    3.0228215466e+01   -1.0439108054e+02    8.2294524369e+00    1.0240000000e+03    1.1489700992e-02    5.9048591383e-01
        48   -4.6484440252e+01    2.1614587952e+03   -6.5733430388e+01    1.9248990136e+01    3.0129908799e+01   -1.0358146994e+02    7.7181307576e+00    1.0240000000e+03    1.1499164393e-02    5.9001538826e-01
        49   -4.6497671204e+01    2.1627806740e+03   -6.5471988349e+01    1.8974317145e+01    3.0129979940e+01   -1.0457752160e+02    8.9755533108e+00    1.0240000000e+03    1.1513392441e-02    5.9258404356e-01
        50   -4.6516246011e+01    2.1644106439e+03   -6.5514675909e+01    1.8998429898e+01    2.9930758644e+01   -1.0321470427e+02    7.7692697208e+00    1.0240000000e+03    1.1476550717e-02    5.9023733428e-01
        51   -4.6527425678e+01    2.1654259771e+03   -6.5780010568e+01    1.9252584889e+01    3.0149998696e+01   -1.0390233411e+02    7.9723248443e+00    1.0240000000e+03    1.1491931276e-02    5.9148023201e-01
        52   -4.6481343399e+01    2.1611391586e+03   -6.5744728322e+01    1.9263384923e+01    3.0068210260e+01   -1.0359609717e+02    7.7831585878e+00    1.0240000000e+03    1.1488553137e-02    5.9136777936e-01
        53   -4.6462612855e+01    2.1594041600e+03   -6.5516395956e+01    1.9053783101e+01    3.0102088306e+01   -1.0416367462e+02    8.5451903592e+00    1.0240000000e+03    1.1501619592e-02    5.9000355114e-01
        54   -4.6469338658e+01    2.1602278090e+03   -6.5780446499e+01    1.9311107841e+01    3.0239280268e+01   -1.0419014306e+02    8.1704162910e+00    1.0240000000e+03    1.1503930902e-02    5.9068418561e-01
        55   -4.6495709961e+01    2.1623348468e+03   -6.5922510157e+01    1.9426800196e+01    3.0190166145e+01   -1.0443942498e+02    8.3267486788e+00    1.0240000000e+03    1.1505092494e-02    5.9212535511e-01
        56   -4.6525510327e+01    2.1653558656e+03   -6.5753422741e+01    1.9227912413e+01    3.0148939205e+01   -1.0385531769e+02    7.9529557467e+00    1.0240000000e+03    1.1509592878e-02    5.9238873106e-01
        57   -4.6490809298e+01    2.1617918607e+03   -6.5601379712e+01    1.9110570414e+01    3.0062474657e+01   -1.0372544644e+02    8.0615920732e+00    1.0240000000e+03    1.1507499497e-02    5.9201586174e-01
        58   -4.6468872861e+01    2.1599328106e+03   -6.5989382387e+01    1.9520509526e+01    3.0224530983e+01   -1.0429065035e+02    8.0767369804e+00    1.0240000000e+03    1.1515378486e-02    5.9295987216e-01
        59   -4.6547414674e+01    2.1677634037e+03   -6.5982063666e+01    1.9434648992e+01    3.0378415787e+01   -1.0445154323e+02    8.0910637757e+00    1.0240000000e+03    1.1500757188e-02    5.9145655777e-01
        60   -4.6520924721e+01    2.1649105608e+03   -6.5799451699e+01    1.9278526977e+01    3.0159309049e+01   -1.0357431024e+02    7.6155494942e+00    1.0240000000e+03    1.1494633975e-02    5.9026100852e-01
        61   -4.6500342403e+01    2.1630513677e+03   -6.5454642304e+01    1.8954299900e+01    3.0172092338e+01   -1.0444896334e+02    8.8222287013e+00    1.0240000000e+03    1.1479186360e-02    5.8959812973e-01
        62   -4.6508556828e+01    2.1636277779e+03   -6.5541679236e+01    1.9033122408e+01    3.0104090376e+01   -1.0401395725e+02    8.3681876416e+00    1.0240000000e+03    1.1495472630e-02    5.9132339015e-01
        63   -4.6563059188e+01    2.1688340148e+03   -6.5309256640e+01    1.8746197452e+01    3.0220487813e+01   -1.0406027420e+02    8.5305297505e+00    1.0240000000e+03    1.1501517612e-02    5.9243607955e-01
        64   -4.6482661702e+01    2.1611971830e+03   -6.5809403463e+01    1.9326741761e+01    3.0005300012e+01   -1.0356698667e+02    7.7522831967e+00    1.0240000000e+03    1.1522973655e-02    5.9200106534e-01
        65   -4.6522158367e+01    2.1649696923e+03   -6.5385369520e+01    1.8863211153e+01    3.0430127208e+01   -1.0465128050e+02    8.8357837718e+00    1.0240000000e+03    1.1534959311e-02    5.9218158144e-01
        66   -4.6485281193e+01    2.1616745074e+03   -6.5238458270e+01    1.8753177077e+01    3.0298966101e+01   -1.0442723905e+02    8.8898146777e+00    1.0240000000e+03    1.1506901123e-02    5.9154237689e-01
        67   -4.6462427576e+01    2.1593063546e+03   -6.5849412949e+01    1.9386985374e+01    3.0103701236e+01   -1.0351262778e+02    7.5595135969e+00    1.0240000000e+03    1.1513381032e-02    5.9270537405e-01
        68   -4.6469811568e+01    2.1599709604e+03   -6.5868337948e+01    1.9398526379e+01    3.0261338950e+01   -1.0452877883e+02    8.3991019339e+00    1.0240000000e+03    1.1493027909e-02    5.9231770833e-01
        69   -4.6491308973e+01    2.1620529221e+03   -6.5414696681e+01    1.8923387708e+01    3.0146851168e+01   -1.0370158157e+02    8.1400337196e+00    1.0240000000e+03    1.1511551682e-02    5.9279119318e-01
        70   -4.6441227140e+01    2.1572900993e+03   -6.5926339888e+01    1.9485112748e+01    3.0186205235e+01   -1.0392083820e+02    7.8082930755e+00    1.0240000000e+03    1.1491273995e-02    5.9057765152e-01
        71   -4.6509730800e+01    2.1637769416e+03   -6.5378040767e+01    1.8868309967e+01    3.0006632899e+01   -1.0377432934e+02    8.3896556741e+00    1.0240000000e+03    1.1488618795e-02    5.9048295455e-01
        72   -4.6469709407e+01    2.1600782420e+03   -6.5655847117e+01    1.9186137709e+01    3.0133416416e+01   -1.0368145466e+02    7.8921911281e+00    1.0240000000e+03    1.1477625230e-02    5.9084694602e-01
        73   -4.6556159960e+01    2.1682398113e+03   -6.5757778705e+01    1.9201618744e+01    3.0148190434e+01   -1.0451980502e+02    8.6138358821e+00    1.0240000000e+03    1.1479133740e-02    5.9107776989e-01
        74   -4.6474970892e+01    2.1603769033e+03   -6.5512837085e+01    1.9037866193e+01    2.9940312153e+01   -1.0288864991e+02    7.4355006707e+00    1.0240000000e+03    1.1473340914e-02    5.9108664773e-01
        75   -4.6532702027e+01    2.1658953672e+03   -6.6031293692e+01    1.9498591665e+01    3.0215768532e+01   -1.0443059845e+02    8.1835362249e+00    1.0240000000e+03    1.1484963819e-02    5.9098011364e-01
        76   -4.6555503401e+01    2.1682869530e+03   -6.5677974410e+01    1.9122471009e+01    3.0219395116e+01   -1.0415364689e+02    8.2562773668e+00    1.0240000000e+03    1.1502129957e-02    5.9208096591e-01
        77   -4.6492164147e+01    2.1621658491e+03   -6.5699185049e+01    1.9207020902e+01    3.0160834602e+01   -1.0374543411e+02    7.8854144604e+00    1.0240000000e+03    1.1504060123e-02    5.9156605114e-01
        78   -4.6465838108e+01    2.1595490123e+03   -6.5428542465e+01    1.8962704357e+01    3.0100448724e+01   -1.0364386393e+02    8.1148727365e+00    1.0240000000e+03    1.1559212580e-02    5.9114287405e-01
        79   -4.6451137019e+01    2.1586376501e+03   -6.5512646274e+01    1.9061509255e+01    3.0090930137e+01   -1.0490302704e+02    9.2994506248e+00    1.0240000000e+03    1.1489148485e-02    5.9209280303e-01
        80   -4.6534942545e+01    2.1660479488e+03   -6.5259761327e+01    1.8724818782e+01    3.0105572526e+01   -1.0353150071e+02    8.1661668548e+00    1.0240000000e+03    1.1474675033e-02    5.9100082860e-01
        81   -4.6517357762e+01    2.1643155254e+03   -6.5314531765e+01    1.8797174002e+01    3.0107650067e+01   -1.0403899877e+02    8.6168169356e+00    1.0240000000e+03    1.1495899642e-02    5.9156901042e-01
        82   -4.6516870724e+01    2.1646090505e+03   -6.6018442758e+01    1.9501572034e+01    3.0252434302e+01   -1.0483253128e+02    8.5616542153e+00    1.0240000000e+03    1.1502878042e-02    5.9280894886e-01
        83   -4.6491046333e+01    2.1619226988e+03   -6.5548526902e+01    1.9057480569e+01    3.0105457216e+01   -1.0434689986e+02    8.6929157415e+00    1.0240000000e+03    1.1478767963e-02    5.9085582386e-01
        84   -4.6488646342e+01    2.1617691738e+03   -6.5712201826e+01    1.9223555484e+01    3.0163360226e+01   -1.0373066930e+02    7.8551072500e+00    1.0240000000e+03    1.1498578824e-02    5.9124348958e-01
        85   -4.6527118410e+01    2.1657367309e+03   -6.5470717971e+01    1.8943599562e+01    3.0068501594e+01   -1.0371062707e+02    8.1714075070e+00    1.0240000000e+03    1.1499699438e-02    5.9195963542e-01
        86   -4.6524009743e+01    2.1655445886e+03   -6.6059369321e+01    1.9535359577e+01    3.0299398708e+01   -1.0437649554e+02    8.0177275062e+00    1.0240000000e+03    1.1495581828e-02    5.9102746212e-01
        87   -4.6525131975e+01    2.1650955471e+03   -6.5400273384e+01    1.8875141409e+01    3.0026066932e+01   -1.0318711495e+02    7.7607746347e+00    1.0240000000e+03    1.1498467065e-02    5.9167554451e-01
        88   -4.6482851130e+01    2.1612423294e+03   -6.5541351767e+01    1.9058500638e+01    2.9957016976e+01   -1.0375955652e+02    8.2611877788e+00    1.0240000000e+03    1.1497396277e-02    5.9185901989e-01
        89   -4.6494810978e+01    2.1624671194e+03   -6.6037642477e+01    1.9542831498e+01    3.0097480847e+01   -1.0481823064e+02    8.6831073205e+00    1.0240000000e+03    1.1491444893e-02    5.9126124527e-01
        90   -4.6544538492e+01    2.1669491175e+03   -6.5632069618e+01    1.9087531127e+01    3.0176917193e+01   -1.0399951134e+02    8.1905245315e+00    1.0240000000e+03    1.1468911543e-02    5.9037937973e-01
        91   -4.6469379631e+01    2.1599902769e+03   -6.5656868489e+01    1.9187488858e+01    3.0190192876e+01   -1.0390546301e+02    8.0584016468e+00    1.0240000000e+03    1.1465671705e-02    5.9057469223e-01
        92   -4.6501439597e+01    2.1629477009e+03   -6.6073096589e+01    1.9571656992e+01    3.0288868199e+01   -1.0416190614e+02    7.7999413477e+00    1.0240000000e+03    1.1483401759e-02    5.9105705492e-01
        93   -4.6459947563e+01    2.1589856205e+03   -6.5970370824e+01    1.9510423261e+01    3.0144594034e+01   -1.0421804105e+02    8.1030761887e+00    1.0240000000e+03    1.1501385830e-02    5.9137369792e-01
        94   -4.6505401507e+01    2.1633697406e+03   -6.6019410335e+01    1.9514008828e+01    3.0095824822e+01   -1.0381077308e+02    7.6955379268e+00    1.0240000000e+03    1.1488899356e-02    5.9127012311e-01
        95   -4.6538663273e+01    2.1663500643e+03   -6.5578719689e+01    1.9040056416e+01    3.0331099623e+01   -1.0389970494e+02    7.9898856229e+00    1.0240000000e+03    1.1524314294e-02    5.9314038826e-01
        96   -4.6488643218e+01    2.1617619627e+03   -6.5748806908e+01    1.9260163690e+01    3.0219100026e+01   -1.0409091646e+02    8.1230095265e+00    1.0240000000e+03    1.1471025646e-02    5.9023141572e-01
        97   -4.6477013040e+01    2.1607522530e+03   -6.5838955893e+01    1.9361942852e+01    3.0277702408e+01   -1.0435195052e+02    8.2352922199e+00    1.0240000000e+03    1.1487427168e-02    5.9171993371e-01
        98   -4.6481181286e+01    2.1612095565e+03   -6.5610792069e+01    1.9129610783e+01    3.0172234974e+01   -1.0390096759e+02    8.1179405495e+00    1.0240000000e+03    1.1488780146e-02    5.9100970644e-01
        99   -4.6466171231e+01    2.1596263753e+03   -6.5633386351e+01    1.9167215120e+01    3.0362268161e+01   -1.0427631027e+02    8.2806557573e+00    1.0240000000e+03    1.1521851644e-02    5.9204249527e-01
       100   -4.6482908593e+01    2.1612721146e+03   -6.5659031861e+01    1.9176123268e+01    3.0261173137e+01   -1.0403528047e+02    8.1150754752e+00    1.0240000000e+03    1.1512215715e-02    5.9147727273e-01
       101   -4.6487534869e+01    2.1616187853e+03   -6.5580058278e+01    1.9092523409e+01    3.0118878672e+01   -1.0370655428e+02    8.0076173336e+00    1.0240000000e+03    1.1501028435e-02    5.9238873106e-01
       102   -4.6476765222e+01    2.1607863608e+03   -6.5629706620e+01    1.9152941399e+01    3.0125129588e+01   -1.0381369128e+02    8.0588550770e+00    1.0240000000e+03    1.1499131564e-02    5.9111624053e-01
       103   -4.6474898421e+01    2.1606257780e+03   -6.5663758267e+01    1.9188859846e+01    3.0315476768e+01   -1.0423896319e+02    8.2597281588e+00    1.0240000000e+03    1.1518149171e-02    5.9240056818e-01
       104   -4.6495947001e+01    2.1623618164e+03   -6.5477937023e+01    1.8981990022e+01    3.0179635489e+01   -1.0374237796e+02    8.0848054505e+00    1.0240000000e+03    1.1499895714e-02    5.9153053977e-01
       105   -4.6456933391e+01    2.1587576699e+03   -6.5538207613e+01    1.9081274222e+01    3.0140159477e+01   -1.0428206980e+02    8.6037027122e+00    1.0240000000e+03    1.1510923970e-02    5.9074041193e-01
       106   -4.6489105751e+01    2.1618071204e+03   -6.5449077859e+01    1.8959972109e+01    3.0295672012e+01   -1.0424409557e+02    8.4993456955e+00    1.0240000000e+03    1.1498024687e-02    5.9193300189e-01
       107   -4.6487304778e+01    2.1617287305e+03   -6.5689697294e+01    1.9202392517e+01    3.0344330697e+01   -1.0428288538e+02    8.2488573914e+00    1.0240000000e+03    1.1477782391e-02    5.9013375947e-01
       108   -4.6490506415e+01    2.1619307535e+03   -6.5635980064e+01    1.9145473649e+01    3.0164932222e+01   -1.0431204071e+02    8.5111284212e+00    1.0240000000e+03    1.1465192307e-02    5.8980527936e-01
       109   -4.6493300186e+01    2.1623010518e+03   -6.5526045113e+01    1.9032744927e+01    3.0152038821e+01   -1.0408096659e+02    8.4028826518e+00    1.0240000000e+03    1.1551310541e-02    5.9219637784e-01
       110   -4.6455365881e+01    2.1588299631e+03   -6.5617387509e+01    1.9162021628e+01    3.0163705251e+01   -1.0402266982e+02    8.2415770626e+00    1.0240000000e+03    1.1492565507e-02    5.9111919981e-01
       111   -4.6502071539e+01    2.1630677478e+03   -6.5672812373e+01    1.9170740835e+01    3.0170320219e+01   -1.0415264375e+02    8.3095111588e+00    1.0240000000e+03    1.1495090090e-02    5.9194779830e-01
       112   -4.6491771682e+01    2.1622129159e+03   -6.5341613686e+01    1.8849842004e+01    3.0150104709e+01   -1.0431620915e+02    8.8244907587e+00    1.0240000000e+03    1.1484188261e-02    5.9073745265e-01
       113   -4.6488070799e+01    2.1617116495e+03   -6.5790849520e+01    1.9302778721e+01    3.0211776878e+01   -1.0451316213e+02    8.5105357346e+00    1.0240000000e+03    1.1490842560e-02    5.9085582386e-01
       114   -4.6489572969e+01    2.1618900538e+03   -6.5630133661e+01    1.9140560692e+01    3.0324690624e+01   -1.0438340081e+02    8.4285765211e+00    1.0240000000e+03    1.1476221494e-02    5.8986742424e-01
       115   -4.6544167994e+01    2.1671043839e+03   -6.5884646919e+01    1.9340478925e+01    3.0248104099e+01   -1.0424618703e+02    8.1134360088e+00    1.0240000000e+03    1.1500692694e-02    5.9046815814e-01
       116   -4.6461711872e+01    2.1593778699e+03   -6.5744733230e+01    1.9283021358e+01    3.0449580211e+01   -1.0481133973e+02    8.6170262914e+00    1.0240000000e+03    1.1496841908e-02    5.9074041193e-01
       117   -4.6515988920e+01    2.1642866054e+03   -6.5511844655e+01    1.8995855735e+01    3.0202437273e+01   -1.0399805338e+02    8.2837714535e+00    1.0240000000e+03    1.1516430648e-02    5.9012784091e-01
       118   -4.6486943187e+01    2.1616862811e+03   -6.5364493918e+01    1.8877550731e+01    3.0267230722e+01   -1.0378384863e+02    8.1521239910e+00    1.0240000000e+03    1.1472292244e-02    5.9012488163e-01
       119   -4.6518240229e+01    2.1647630282e+03   -6.5347552554e+01    1.8829312325e+01    3.0123057451e+01   -1.0369542858e+02    8.2248185710e+00    1.0240000000e+03    1.1487238575e-02    5.9181463068e-01
       120   -4.6484199219e+01    2.1613769827e+03   -6.5028139550e+01    1.8543940331e+01    3.0120683367e+01   -1.0361102677e+02    8.4622038538e+00    1.0240000000e+03    1.1480147485e-02    5.9091500947e-01
       121   -4.6483378295e+01    2.1612432679e+03   -6.5639145061e+01    1.9155766767e+01    3.0242900176e+01   -1.0419089266e+02    8.3088474265e+00    1.0240000000e+03    1.1479582870e-02    5.9142696496e-01
       122   -4.6487079774e+01    2.1615674987e+03   -6.5714921166e+01    1.9227841391e+01    3.0062850717e+01   -1.0355240539e+02    7.7746335107e+00    1.0240000000e+03    1.1487371288e-02    5.9124348958e-01
       123   -4.6508287222e+01    2.1637601335e+03   -6.6251151156e+01    1.9742863934e+01    3.0251297396e+01   -1.0504485494e+02    8.5424063837e+00    1.0240000000e+03    1.1497771367e-02    5.9161339962e-01
       124   -4.6462204383e+01    2.1592549917e+03   -6.5784333614e+01    1.9322129231e+01    2.9991469233e+01   -1.0333748763e+02    7.5616847792e+00    1.0240000000e+03    1.1489285156e-02    5.9202769886e-01
       125   -4.6509845526e+01    2.1640362029e+03   -6.5921628500e+01    1.9411782974e+01    3.0197640507e+01   -1.0453620645e+02    8.4169374457e+00    1.0240000000e+03    1.1492621852e-02    5.9187085701e-01
       126   -4.6502715342e+01    2.1630991096e+03   -6.5573419279e+01    1.9070703937e+01    3.0155046453e+01   -1.0419056945e+02    8.4621037137e+00    1.0240000000e+03    1.1468982324e-02    5.8916607481e-01
       127   -4.6464745176e+01    2.1594749165e+03   -6.6120296215e+01    1.9655551039e+01    3.0243029926e+01   -1.0444742312e+02    8.0840969817e+00    1.0240000000e+03    1.1489808792e-02    5.9146247633e-01
       128   -4.6510019298e+01    2.1637472379e+03   -6.5623599602e+01    1.9113580304e+01    3.0126420878e+01   -1.0403324285e+02    8.2832223732e+00    1.0240000000e+03    1.1482375208e-02    5.9116654830e-01
       129   -4.6457743144e+01    2.1588312588e+03   -6.5570843878e+01    1.9113100734e+01    3.0081896143e+01   -1.0345872827e+02    7.8059882491e+00    1.0240000000e+03    1.1486375006e-02    5.9101266572e-01
       130   -4.6485711883e+01    2.1616261909e+03   -6.5136575751e+01    1.8650863867e+01    3.0058317720e+01   -1.0397339762e+02    8.7785041537e+00    1.0240000000e+03    1.1485748691e-02    5.9168146307e-01
       131   -4.6503783353e+01    2.1631174116e+03   -6.6077258682e+01    1.9573475329e+01    3.0183152589e+01   -1.0421940288e+02    7.9589916048e+00    1.0240000000e+03    1.1495301267e-02    5.9092980587e-01
       132   -4.6511574546e+01    2.1639108228e+03   -6.5860212258e+01    1.9348637712e+01    3.0087362202e+01   -1.0361288013e+02    7.6653056747e+00    1.0240000000e+03    1.1476061540e-02    5.9077296402e-01
       133   -4.6472407910e+01    2.1605122972e+03   -6.5593325489e+01    1.9120917579e+01    3.0192864288e+01   -1.0436614410e+02    8.5799543241e+00    1.0240000000e+03    1.1491856072e-02    5.9256036932e-01
       134   -4.6486874353e+01    2.1623869125e+03   -6.6071508097e+01    1.9584633744e+01    3.0361852013e+01   -1.0477148690e+02    8.3381267876e+00    1.0240000000e+03    1.1509662494e-02    5.9221709280e-01
       135   -4.6463537635e+01    2.1594975345e+03   -6.5754903791e+01    1.9291366155e+01    3.0419505484e+01   -1.0460252547e+02    8.4281161959e+00    1.0240000000e+03    1.1527094292e-02    5.9250118371e-01
       136   -4.6500506794e+01    2.1630147732e+03   -6.5887982398e+01    1.9387475604e+01    3.0332785194e+01   -1.0460344627e+02    8.3826786748e+00    1.0240000000e+03    1.1499037733e-02    5.9184126420e-01
       137   -4.6456770819e+01    2.1588951480e+03   -6.5638994134e+01    1.9182223315e+01    3.0366152333e+01   -1.0437137027e+02    8.3662238070e+00    1.0240000000e+03    1.1499814689e-02    5.9181463068e-01
       138   -4.6482713060e+01    2.1612250868e+03   -6.5760032185e+01    1.9277319125e+01    3.0112854430e+01   -1.0390049708e+02    8.0276104625e+00    1.0240000000e+03    1.1475299485e-02    5.9016335227e-01
       139   -4.6480728002e+01    2.1610589612e+03   -6.5614134579e+01    1.9133406576e+01    3.0120300872e+01   -1.0361582439e+02    7.8813889399e+00    1.0240000000e+03    1.1487983633e-02    5.9131155303e-01
       140   -4.6501846111e+01    2.1631296342e+03   -6.5430206900e+01    1.8928360789e+01    3.0114426514e+01   -1.0342639428e+02    7.8817608621e+00    1.0240000000e+03    1.1489442317e-02    5.9086174242e-01
       141   -4.6509255460e+01    2.1642981060e+03   -6.5787565845e+01    1.9278310385e+01    3.0151420175e+01   -1.0397119678e+02    8.0322107636e+00    1.0240000000e+03    1.1493583908e-02    5.9225852273e-01
       142   -4.6501162909e+01    2.1628910631e+03   -6.5646726668e+01    1.9145563759e+01    3.0285924897e+01   -1.0403995210e+02    8.1073005310e+00    1.0240000000e+03    1.1507157935e-02    5.9216086648e-01
       143   -4.6493519452e+01    2.1621712634e+03   -6.5467119728e+01    1.8973600276e+01    3.0085629586e+01   -1.0378959760e+02    8.2368482862e+00    1.0240000000e+03    1.1493599275e-02    5.9200402462e-01
       144   -4.6557529445e+01    2.1711832350e+03   -6.5650925571e+01    1.9093396126e+01    3.0079146814e+01   -1.0357632085e+02    7.8462484615e+00    1.0240000000e+03    1.1496968567e-02    5.9190044981e-01
       145   -4.6548311802e+01    2.1674759454e+03   -6.5560668489e+01    1.9012356687e+01    3.0231912428e+01   -1.0426899616e+02    8.4764152414e+00    1.0240000000e+03    1.1505073169e-02    5.9183238636e-01
       146   -4.6481552585e+01    2.1610050257e+03   -6.5827544250e+01    1.9345991665e+01    3.0273268960e+01   -1.0454869974e+02    8.4478865256e+00    1.0240000000e+03    1.1493022321e-02    5.9015151515e-01
       147   -4.6472221453e+01    2.1603382671e+03   -6.5379579944e+01    1.8907358490e+01    3.0077224067e+01   -1.0364926778e+02    8.1924637657e+00    1.0240000000e+03    1.1484118411e-02    5.9099786932e-01
       148   -4.6474122754e+01    2.1604520634e+03   -6.5500496863e+01    1.9026374109e+01    2.9984698430e+01   -1.0392608318e+02    8.4408878843e+00    1.0240000000e+03    1.1483406182e-02    5.9181758996e-01
       149   -4.6508845813e+01    2.1635545502e+03   -6.5856503489e+01    1.9347657676e+01    3.0154260543e+01   -1.0460833260e+02    8.5975685638e+00    1.0240000000e+03    1.1490999954e-02    5.9148319129e-01
       150   -4.6499508232e+01    2.1627675133e+03   -6.5939041164e+01    1.9439532932e+01    3.0225001852e+01   -1.0438397999e+02    8.2199369766e+00    1.0240000000e+03    1.1473923689e-02    5.9029060133e-01
       151   -4.6506744159e+01    2.1633767083e+03   -6.5779575138e+01    1.9272830978e+01    3.0405654962e+01   -1.0497127579e+02    8.7860456912e+00    1.0240000000e+03    1.1483783601e-02    5.9023437500e-01
       152   -4.6556345462e+01    2.1685623078e+03   -6.5218229699e+01    1.8661884237e+01    3.0123754306e+01   -1.0443904371e+02    9.0970597089e+00    1.0240000000e+03    1.1487444863e-02    5.9101266572e-01
       153   -4.6421078961e+01    2.1562180449e+03   -6.5336280559e+01    1.8915201598e+01    3.0154395566e+01   -1.0354534722e+02    8.0546710977e+00    1.0240000000e+03    1.1477066902e-02    5.9094756155e-01
       154   -4.6473401048e+01    2.1604034631e+03   -6.5709416955e+01    1.9236015907e+01    3.0252986349e+01   -1.0429903177e+02    8.3366284688e+00    1.0240000000e+03    1.1505750241e-02    5.9246567235e-01
       155   -4.6494731213e+01    2.1626017349e+03   -6.5629391472e+01    1.9134660260e+01    2.9981128856e+01   -1.0365534495e+02    8.0448246206e+00    1.0240000000e+03    1.1536508799e-02    5.9117542614e-01
       156   -4.6474634068e+01    2.1603867469e+03   -6.5881168779e+01    1.9406534711e+01    3.0365842639e+01   -1.0492482120e+02    8.6778097783e+00    1.0240000000e+03    1.1535564205e-02    5.9166074811e-01
       157   -4.6495585266e+01    2.1625101231e+03   -6.5591569505e+01    1.9095984239e+01    3.0113676112e+01   -1.0399917764e+02    8.2939320207e+00    1.0240000000e+03    1.1515609920e-02    5.9263731061e-01
       158   -4.6494416854e+01    2.1622345540e+03   -6.5911189666e+01    1.9416772811e+01    3.0101435862e+01   -1.0402083796e+02    8.0082124351e+00    1.0240000000e+03    1.1484695598e-02    5.9103633996e-01
       159   -4.6472272258e+01    2.1601411358e+03   -6.5923002428e+01    1.9450730169e+01    3.0206695701e+01   -1.0390171414e+02    7.7720160130e+00    1.0240000000e+03    1.1488727992e-02    5.9135594223e-01
       160   -4.6505627973e+01    2.1632346394e+03   -6.5776490468e+01    1.9270862494e+01    3.0167773540e+01   -1.0353869067e+02    7.5944266649e+00    1.0240000000e+03    1.1485007359e-02    5.9074337121e-01
       161   -4.6508775864e+01    2.1638006999e+03   -6.5503713235e+01    1.8994937371e+01    3.0121642329e+01   -1.0395234992e+02    8.3269943512e+00    1.0240000000e+03    1.1499838205e-02    5.9188269413e-01
       162   -4.6448276009e+01    2.1580578403e+03   -6.6186849938e+01    1.9738573929e+01    3.0380841406e+01   -1.0501164589e+02    8.4439545464e+00    1.0240000000e+03    1.1517194565e-02    5.9058061080e-01
       163   -4.6493447480e+01    2.1621998045e+03   -6.5833159802e+01    1.9339712323e+01    3.0318225195e+01   -1.0437630173e+02    8.2249167289e+00    1.0240000000e+03    1.1500133201e-02    5.9101562500e-01
       164   -4.6521448251e+01    2.1648382712e+03   -6.6091728408e+01    1.9570280157e+01    3.0465308948e+01   -1.0485136375e+02    8.2943263959e+00    1.0240000000e+03    1.1483530747e-02    5.9029947917e-01
       165   -4.6494836377e+01    2.1623718276e+03   -6.5867298429e+01    1.9372462052e+01    3.0282358548e+01   -1.0453042377e+02    8.3807667930e+00    1.0240000000e+03    1.1486698641e-02    5.9031723485e-01
       166   -4.6462748730e+01    2.1594072664e+03   -6.5304354392e+01    1.8841605662e+01    3.0161165608e+01   -1.0421384457e+02    8.7483245684e+00    1.0240000000e+03    1.1541170068e-02    5.9228515625e-01
       167   -4.6458146329e+01    2.1589980247e+03   -6.5936967162e+01    1.9478820834e+01    3.0224651614e+01   -1.0399948882e+02    7.8378700481e+00    1.0240000000e+03    1.1487184092e-02    5.9104225852e-01
       168   -4.6527407578e+01    2.1654708220e+03   -6.5736362033e+01    1.9208954455e+01    3.0228212551e+01   -1.0386429399e+02    7.8997194020e+00    1.0240000000e+03    1.1494204635e-02    5.9015447443e-01
       169   -4.6479295748e+01    2.1612558144e+03   -6.5526016763e+01    1.9046721015e+01    3.0312422465e+01   -1.0487079063e+02    9.0323513984e+00    1.0240000000e+03    1.1482420377e-02    5.8978752367e-01
       170   -4.6463457699e+01    2.1595301477e+03   -6.5718900632e+01    1.9255442933e+01    3.0306625767e+01   -1.0413798177e+02    8.1124553727e+00    1.0240000000e+03    1.1513756588e-02    5.9118134470e-01
       171   -4.6478862206e+01    2.1609325331e+03   -6.5941749436e+01    1.9462887230e+01    3.0006890864e+01   -1.0376184833e+02    7.8132080272e+00    1.0240000000e+03    1.1477674358e-02    5.9010120739e-01
       172   -4.6525816606e+01    2.1652842644e+03   -6.5229863674e+01    1.8704047068e+01    2.9893324645e+01   -1.0310670148e+02    7.9835131580e+00    1.0240000000e+03    1.1470080586e-02    5.9189453125e-01
       173   -4.6504972871e+01    2.1633036170e+03   -6.5783250553e+01    1.9278277682e+01    3.0210029124e+01   -1.0352393006e+02    7.5306503872e+00    1.0240000000e+03    1.1510282056e-02    5.9129675663e-01
       174   -4.6466175960e+01    2.1598225091e+03   -6.5814818680e+01    1.9348642720e+01    3.0420425795e+01   -1.0462051356e+02    8.3852690830e+00    1.0240000000e+03    1.1500985129e-02    5.9000355114e-01
       175   -4.6494974927e+01    2.1623473253e+03   -6.5495765293e+01    1.9000790366e+01    3.0310087432e+01   -1.0433814909e+02    8.5322963702e+00    1.0240000000e+03    1.1515799677e-02    5.9226740057e-01
       176   -4.6454473121e+01    2.1586248362e+03   -6.5821578216e+01    1.9367105095e+01    3.0364428683e+01   -1.0459024289e+02    8.4042359942e+00    1.0240000000e+03    1.1517607374e-02    5.9176728220e-01
       177   -4.6515172877e+01    2.1641716761e+03   -6.6044687525e+01    1.9529514648e+01    3.0345647464e+01   -1.0445627850e+02    8.0659435112e+00    1.0240000000e+03    1.1500889901e-02    5.9030539773e-01
       178   -4.6512980204e+01    2.1640551111e+03   -6.5542822378e+01    1.9029842174e+01    3.0131697993e+01   -1.0406221860e+02    8.3876982318e+00    1.0240000000e+03    1.1514108162e-02    5.9074928977e-01
       179   -4.6479110119e+01    2.1609300152e+03   -6.5699883812e+01    1.9220773693e+01    3.0169290483e+01   -1.0449469186e+02    8.6255175667e+00    1.0240000000e+03    1.1530796066e-02    5.9162819602e-01
       180   -4.6525452041e+01    2.1651956064e+03   -6.5668082428e+01    1.9142630387e+01    3.0069623625e+01   -1.0387204661e+02    8.1343405601e+00    1.0240000000e+03    1.1473292019e-02    5.9083214962e-01
       181   -4.6457273974e+01    2.1591481748e+03   -6.5580136869e+01    1.9122862895e+01    2.9971950903e+01   -1.0347193886e+02    7.9198510844e+00    1.0240000000e+03    1.1497790692e-02    5.9148910985e-01
       182   -4.6509254685e+01    2.1637503945e+03   -6.5774950393e+01    1.9265695708e+01    3.0229393407e+01   -1.0448356597e+02    8.4792221668e+00    1.0240000000e+03    1.1507528136e-02    5.9200402462e-01
       183   -4.6488613754e+01    2.1618454793e+03   -6.5974540180e+01    1.9485926427e+01    3.0282182138e+01   -1.0509614580e+02    8.8394234860e+00    1.0240000000e+03    1.1498194886e-02    5.9136186080e-01
       184   -4.6525322789e+01    2.1654777065e+03   -6.5872105138e+01    1.9346782348e+01    3.0378088731e+01   -1.0434168934e+02    8.0914954704e+00    1.0240000000e+03    1.1520533822e-02    5.9147727273e-01
       185   -4.6483523069e+01    2.1612225742e+03   -6.6100268294e+01    1.9616745225e+01    3.0312116621e+01   -1.0460594064e+02    8.1935557230e+00    1.0240000000e+03    1.1485983152e-02    5.9076112689e-01
       186   -4.6501464302e+01    2.1630098228e+03   -6.5778005370e+01    1.9276541068e+01    3.0071147608e+01   -1.0381275786e+02    7.9636048870e+00    1.0240000000e+03    1.1494757608e-02    5.9155421402e-01
       187   -4.6511136618e+01    2.1640131661e+03   -6.5640721130e+01    1.9129584513e+01    3.0281810173e+01   -1.0443495303e+02    8.5124217317e+00    1.0240000000e+03    1.1497447966e-02    5.9289180871e-01
       188   -4.6484813272e+01    2.1615613855e+03   -6.5811314356e+01    1.9326501084e+01    3.0296333864e+01   -1.0447766618e+02    8.3700179598e+00    1.0240000000e+03    1.1506172363e-02    5.9167850379e-01
       189   -4.6470236276e+01    2.1600083882e+03   -6.5725811355e+01    1.9255575080e+01    3.0227021150e+01   -1.0452061233e+02    8.5677798240e+00    1.0240000000e+03    1.1484756134e-02    5.8990885417e-01
       190   -4.6507489483e+01    2.1635365602e+03   -6.5841738682e+01    1.9334249199e+01    3.0367539088e+01   -1.0421349142e+02    8.0042136460e+00    1.0240000000e+03    1.1510855285e-02    5.9156901042e-01
       191   -4.6484829268e+01    2.1613277505e+03   -6.5512126677e+01    1.9027297409e+01    3.0302036533e+01   -1.0421095326e+02    8.3967900459e+00    1.0240000000e+03    1.1515522609e-02    5.9342447917e-01
       192   -4.6498799095e+01    2.1627155948e+03   -6.6220294103e+01    1.9721495008e+01    3.0204558580e+01   -1.0436520779e+02    7.9403551061e+00    1.0240000000e+03    1.1498084292e-02    5.9100082860e-01
       193   -4.6544019246e+01    2.1671032700e+03   -6.5515876931e+01    1.8971857685e+01    3.0157442938e+01   -1.0394145438e+02    8.2681345122e+00    1.0240000000e+03    1.1492260499e-02    5.9175840436e-01
       194   -4.6489656551e+01    2.1619302580e+03   -6.5639801342e+01    1.9150144790e+01    3.0162366509e+01   -1.0408328518e+02    8.2811173317e+00    1.0240000000e+03    1.1473305291e-02    5.9094164299e-01
       195   -4.6499250922e+01    2.1626784657e+03   -6.5619916376e+01    1.9120665455e+01    3.0368772167e+01   -1.0432142158e+02    8.3327330330e+00    1.0240000000e+03    1.1492025340e-02    5.9146839489e-01
       196   -4.6490100922e+01    2.1620943289e+03   -6.5137794586e+01    1.8647693664e+01    3.0066399072e+01   -1.0365903613e+02    8.4548424767e+00    1.0240000000e+03    1.1478625005e-02    5.9100082860e-01
       197   -4.6522436678e+01    2.1649877748e+03   -6.5764260841e+01    1.9241824164e+01    3.0124164781e+01   -1.0398066372e+02    8.0922380939e+00    1.0240000000e+03    1.1463288451e-02    5.8938802083e-01
       198   -4.6522895660e+01    2.1652878690e+03   -6.5775022753e+01    1.9252127093e+01    3.0447334757e+01   -1.0495093845e+02    8.7285809371e+00    1.0240000000e+03    1.1502428446e-02    5.9108368845e-01
       199   -4.6465863303e+01    2.1597047256e+03   -6.5567829123e+01    1.9101965820e+01    3.0280158564e+01   -1.0421114163e+02    8.3631539465e+00    1.0240000000e+03    1.1494857492e-02    5.9111919981e-01
