#   index    LocalEnergy         LocalEnergy_sq      LocalPotential      Kinetic             ElecElec            LocalECP            NonLocalECP         BlockWeight         BlockCPU            AcceptRatio         
         0   -4.6504746610e+01    2.1632734083e+03   -6.5910433915e+01    1.9405687304e+01    3.0291419798e+01   -1.0419983798e+02    7.9979842682e+00    2.0480000000e+03    5.9478054754e-03    5.8990589489e-01
         1   -4.6505645587e+01    2.1632789005e+03   -6.5646758616e+01    1.9141113029e+01    3.0306850977e+01   -1.0435997303e+02    8.4063634413e+00    2.0480000000e+03    5.8744717389e-03    5.9229403409e-01
         2   -4.6489928721e+01    2.1619218842e+03   -6.5430415530e+01    1.8940486809e+01    3.0175457704e+01   -1.0405751403e+02    8.4516407966e+00    2.0480000000e+03    5.7849804871e-03    5.9139737216e-01
         3   -4.6500362625e+01    2.1631976020e+03   -6.5577558232e+01    1.9077195608e+01    2.9955177564e+01   -1.0366801818e+02    8.1352823848e+00    2.0480000000e+03    5.7444977574e-03    5.9235617898e-01
         4   -4.6493898318e+01    2.1622801850e+03   -6.5519070308e+01    1.9025171991e+01    3.0199955688e+01   -1.0393606346e+02    8.2170374639e+00    2.0480000000e+03    5.7407969143e-03    5.9243607955e-01
         5   -4.6463387460e+01    2.1594334211e+03   -6.5777803113e+01    1.9314415653e+01    3.0252846438e+01   -1.0404174416e+02    8.0110946105e+00    2.0480000000e+03    5.7500828989e-03    5.9429154830e-01
         6   -4.6472729657e+01    2.1601914417e+03   -6.5793594452e+01    1.9320864796e+01    3.0315905183e+01   -1.0428617036e+02    8.1766707229e+00    2.0480000000e+03    5.7224801276e-03    5.8887606534e-01
         7   -4.6496851011e+01    2.1625550168e+03   -6.5860367171e+01    1.9363516160e+01    3.0514740006e+01   -1.0493408787e+02    8.5589806911e+00    2.0480000000e+03    5.7348725386e-03    5.9139737216e-01
         8   -4.6500199008e+01    2.1628715026e+03   -6.6080651496e+01    1.9580452488e+01    3.0425251717e+01   -1.0471250749e+02    8.2066042819e+00    2.0480000000e+03    5.7180526201e-03    5.9138849432e-01
         9   -4.6490584996e+01    2.1618821776e+03   -6.5708988088e+01    1.9218403092e+01    3.0217748300e+01   -1.0426538439e+02    8.3386479982e+00    2.0480000000e+03    5.6927443948e-03    5.8967507102e-01
        10   -4.6481690456e+01    2.1610229821e+03   -6.5825692076e+01    1.9344001619e+01    3.0286769699e+01   -1.0411218524e+02    7.9997234634e+00    2.0480000000e+03    5.7073950302e-03    5.9331498580e-01
        11   -4.6492011033e+01    2.1621261066e+03   -6.5961911452e+01    1.9469900420e+01    3.0337214265e+01   -1.0479876554e+02    8.4996398274e+00    2.0480000000e+03    5.6991600432e-03    5.8956853693e-01
        12   -4.6488991801e+01    2.1617760803e+03   -6.6160804360e+01    1.9671812559e+01    3.0360709318e+01   -1.0475296339e+02    8.2314497131e+00    2.0480000000e+03    5.7003102265e-03    5.9030539773e-01
        13   -4.6484638429e+01    2.1613419987e+03   -6.5590924639e+01    1.9106286209e+01    3.0353974922e+01   -1.0437788299e+02    8.4329834244e+00    2.0480000000e+03    5.7024140842e-03    5.9151278409e-01
        14   -4.6478999488e+01    2.1608191715e+03   -6.5538104711e+01    1.9059105223e+01    3.0158182875e+01   -1.0360142686e+02    7.9051392716e+00    2.0480000000e+03    5.6855878793e-03    5.9168146307e-01
        15   -4.6459197056e+01    2.1589822917e+03   -6.5725516328e+01    1.9266319272e+01    3.0236490353e+01   -1.0399234331e+02    8.0303366252e+00    2.0480000000e+03    5.6862463243e-03    5.9372336648e-01
        16   -4.6482385414e+01    2.1610996139e+03   -6.5636949258e+01    1.9154563843e+01    3.0159515678e+01   -1.0384240210e+02    8.0459371600e+00    2.0480000000e+03    5.6855699513e-03    5.9204545455e-01
        17   -4.6484863811e+01    2.1612965416e+03   -6.5333920298e+01    1.8849056487e+01    3.0044852132e+01   -1.0345030558e+02    8.0715331504e+00    2.0480000000e+03    5.6824828498e-03    5.9269353693e-01
        18   -4.6472744225e+01    2.1602647429e+03   -6.5301062387e+01    1.8828318162e+01    3.0111680247e+01   -1.0374898056e+02    8.3362379284e+00    2.0480000000e+03    5.6766355410e-03    5.9242720170e-01
        19   -4.6476636529e+01    2.1606309058e+03   -6.6043752749e+01    1.9567116220e+01    3.0312332130e+01   -1.0450321346e+02    8.1471285847e+00    2.0480000000e+03    5.6807405781e-03    5.9361683239e-01
        20   -4.6497938063e+01    2.1625740756e+03   -6.5419394993e+01    1.8921456930e+01    3.0188390566e+01   -1.0388766801e+02    8.2798824504e+00    2.0480000000e+03    5.6665358134e-03    5.9196555398e-01
        21   -4.6490190575e+01    2.1619011550e+03   -6.5728771073e+01    1.9238580498e+01    3.0305784062e+01   -1.0427905278e+02    8.2444976442e+00    2.0480000000e+03    5.6649609469e-03    5.8860085227e-01
        22   -4.6511119505e+01    2.1638602467e+03   -6.5888265370e+01    1.9377145865e+01    3.0215234946e+01   -1.0464208590e+02    8.5385855810e+00    2.0480000000e+03    5.6826991495e-03    5.9171697443e-01
        23   -4.6493999360e+01    2.1622429441e+03   -6.6083822392e+01    1.9589823032e+01    3.0229961976e+01   -1.0427397052e+02    7.9601861532e+00    2.0480000000e+03    5.6902733631e-03    5.9173473011e-01
        24   -4.6494958802e+01    2.1624265210e+03   -6.6044621697e+01    1.9549662896e+01    3.0357513439e+01   -1.0442734841e+02    8.0252132770e+00    2.0480000000e+03    5.6842579506e-03    5.9052734375e-01
        25   -4.6464009786e+01    2.1595947978e+03   -6.5529217975e+01    1.9065208189e+01    3.0243682792e+01   -1.0433086319e+02    8.5579624233e+00    2.0480000000e+03    5.6813848205e-03    5.9153053977e-01
        26   -4.6478969435e+01    2.1607893501e+03   -6.5683026015e+01    1.9204056580e+01    3.0257272355e+01   -1.0427576617e+02    8.3354677968e+00    2.0480000000e+03    5.6752273813e-03    5.9058948864e-01
        27   -4.6487868707e+01    2.1615709101e+03   -6.5946653604e+01    1.9458784898e+01    3.0296853836e+01   -1.0411440092e+02    7.8708934772e+00    2.0480000000e+03    5.6727989577e-03    5.9034090909e-01
        28   -4.6500595786e+01    2.1628264116e+03   -6.5607798658e+01    1.9107202872e+01    3.0230850081e+01   -1.0383637788e+02    7.9977291364e+00    2.0480000000e+03    5.6632093620e-03    5.8920454545e-01
        29   -4.6480706197e+01    2.1609418573e+03   -6.5808507638e+01    1.9327801441e+01    3.0278484691e+01   -1.0404685669e+02    7.9598643616e+00    2.0480000000e+03    5.6733065285e-03    5.9242720170e-01
        30   -4.6511824766e+01    2.1638832071e+03   -6.5249351400e+01    1.8737526634e+01    3.0105298061e+01   -1.0367898022e+02    8.3243307634e+00    2.0480000000e+03    5.6489040144e-03    5.9005681818e-01
        31   -4.6467070857e+01    2.1597057638e+03   -6.5990138022e+01    1.9523067165e+01    3.0205428930e+01   -1.0446989474e+02    8.2743277876e+00    2.0480000000e+03    5.6596915238e-03    5.9333274148e-01
        32   -4.6464440608e+01    2.1593959105e+03   -6.5886607863e+01    1.9422167255e+01    3.0172868879e+01   -1.0402978803e+02    7.9703112859e+00    2.0480000000e+03    5.6847927626e-03    5.9217862216e-01
        33   -4.6480017247e+01    2.1609137918e+03   -6.6064871558e+01    1.9584854311e+01    3.0315751747e+01   -1.0500013953e+02    8.6195162242e+00    2.0480000000e+03    5.6912826840e-03    5.9134410511e-01
        34   -4.6496591230e+01    2.1624025700e+03   -6.6083382661e+01    1.9586791431e+01    3.0268064361e+01   -1.0425842439e+02    7.9069773725e+00    2.0480000000e+03    5.6946766563e-03    5.8919566761e-01
        35   -4.6497547184e+01    2.1626908181e+03   -6.5719179593e+01    1.9221632409e+01    3.0248064519e+01   -1.0431249246e+02    8.3452483469e+00    2.0480000000e+03    5.6767947972e-03    5.9224076705e-01
        36   -4.6518216852e+01    2.1644825879e+03   -6.5699705418e+01    1.9181488566e+01    3.0146824196e+01   -1.0421227535e+02    8.3657457386e+00    2.0480000000e+03    5.6760455482e-03    5.9145951705e-01
        37   -4.6500562878e+01    2.1627763829e+03   -6.5817150563e+01    1.9316587686e+01    3.0163526491e+01   -1.0389097935e+02    7.9103022974e+00    2.0480000000e+03    5.6773920078e-03    5.9113103693e-01
        38   -4.6460874817e+01    2.1593745707e+03   -6.5687950525e+01    1.9227075708e+01    3.0172472217e+01   -1.0376732401e+02    7.9069012708e+00    2.0480000000e+03    5.6866696104e-03    5.9363458807e-01
        39   -4.6497923648e+01    2.1626333894e+03   -6.5972902116e+01    1.9474978468e+01    3.0311911296e+01   -1.0450683362e+02    8.2220202100e+00    2.0480000000e+03    5.6763703469e-03    5.9088245739e-01
        40   -4.6465176282e+01    2.1594721951e+03   -6.5822445747e+01    1.9357269465e+01    3.0207922199e+01   -1.0380732927e+02    7.7769613270e+00    2.0480000000e+03    5.6724539027e-03    5.9098011364e-01
        41   -4.6528395819e+01    2.1654205488e+03   -6.5841087700e+01    1.9312691881e+01    3.0302470552e+01   -1.0400210989e+02    7.8585516335e+00    2.0480000000e+03    5.6820693426e-03    5.9086470170e-01
        42   -4.6461681921e+01    2.1596249765e+03   -6.5967506047e+01    1.9505824126e+01    3.0313107749e+01   -1.0430640576e+02    8.0257919607e+00    2.0480000000e+03    5.6735347025e-03    5.9147727273e-01
        43   -4.6486203563e+01    2.1614966058e+03   -6.5769382861e+01    1.9283179298e+01    3.0321641438e+01   -1.0436052658e+02    8.2695022837e+00    2.0480000000e+03    5.6902996730e-03    5.9426491477e-01
        44   -4.6491681451e+01    2.1623752696e+03   -6.5636446600e+01    1.9144765149e+01    3.0335911605e+01   -1.0476104728e+02    8.7886890740e+00    2.0480000000e+03    5.6794413831e-03    5.9181463068e-01
        45   -4.6453784837e+01    2.1584386169e+03   -6.5886320296e+01    1.9432535459e+01    3.0279463134e+01   -1.0438289318e+02    8.2171097474e+00    2.0480000000e+03    5.6772527751e-03    5.9049183239e-01
        46   -4.6511559216e+01    2.1638938888e+03   -6.5707563074e+01    1.9196003858e+01    3.0352208817e+01   -1.0451363491e+02    8.4538630208e+00    2.0480000000e+03    5.7058611419e-03    5.9276455966e-01
        47   -4.6522838267e+01    2.1651762982e+03   -6.5710072331e+01    1.9187234064e+01    3.0161865790e+01   -1.0378190894e+02    7.9099708178e+00    2.0480000000e+03    5.6930240244e-03    5.9379438920e-01
        48   -4.6482848841e+01    2.1611271231e+03   -6.6124006017e+01    1.9641157176e+01    3.0301162681e+01   -1.0460777189e+02    8.1826031960e+00    2.0480000000e+03    5.6984566618e-03    5.9405184659e-01
        49   -4.6503401398e+01    2.1631139531e+03   -6.5549082126e+01    1.9045680728e+01    3.0266733538e+01   -1.0389046821e+02    8.0746525440e+00    2.0480000000e+03    5.6763428729e-03    5.9189453125e-01
        50   -4.6497209482e+01    2.1624593157e+03   -6.5671942794e+01    1.9174733312e+01    3.0227120453e+01   -1.0402054746e+02    8.1214842149e+00    2.0480000000e+03    5.6716019753e-03    5.9379438920e-01
        51   -4.6495197132e+01    2.1628348843e+03   -6.5985186818e+01    1.9489989686e+01    3.0436764622e+01   -1.0484483842e+02    8.4228869766e+00    2.0480000000e+03    5.6872901041e-03    5.9496626420e-01
        52   -4.6505348997e+01    2.1634505767e+03   -6.5474914489e+01    1.8969565492e+01    3.0204367163e+01   -1.0425098429e+02    8.5717026337e+00    2.0480000000e+03    5.6622372940e-03    5.8943536932e-01
        53   -4.6443955420e+01    2.1575980732e+03   -6.5698261365e+01    1.9254305945e+01    3.0145623174e+01   -1.0391381948e+02    8.0699349371e+00    2.0480000000e+03    5.6633248460e-03    5.9175248580e-01
        54   -4.6499827887e+01    2.1627108066e+03   -6.5852572258e+01    1.9352744371e+01    3.0254693222e+01   -1.0404365332e+02    7.9363878402e+00    2.0480000000e+03    5.6762816384e-03    5.9072265625e-01
        55   -4.6511875902e+01    2.1639040302e+03   -6.5740606239e+01    1.9228730337e+01    3.0314110548e+01   -1.0388542234e+02    7.8307055509e+00    2.0480000000e+03    5.6857666932e-03    5.9080255682e-01
        56   -4.6463276043e+01    2.1593671393e+03   -6.6243970209e+01    1.9780694166e+01    3.0355404505e+01   -1.0479166611e+02    8.1922913913e+00    2.0480000000e+03    5.6945143733e-03    5.9160156250e-01
        57   -4.6507362239e+01    2.1634407740e+03   -6.5821068924e+01    1.9313706685e+01    3.0293306044e+01   -1.0437936812e+02    8.2649931531e+00    2.0480000000e+03    5.6700049900e-03    5.9224076705e-01
        58   -4.6479514136e+01    2.1612260852e+03   -6.5803399682e+01    1.9323885546e+01    3.0273907105e+01   -1.0445850156e+02    8.3811947719e+00    2.0480000000e+03    5.6914400775e-03    5.9142400568e-01
        59   -4.6477592255e+01    2.1607096397e+03   -6.6007946291e+01    1.9530354035e+01    3.0298661518e+01   -1.0414641671e+02    7.8398089026e+00    2.0480000000e+03    5.6803920306e-03    5.9137961648e-01
        60   -4.6493838986e+01    2.1622885434e+03   -6.5723757842e+01    1.9229918856e+01    3.0268270858e+01   -1.0460136352e+02    8.6093348210e+00    2.0480000000e+03    5.6854011491e-03    5.9171697443e-01
        61   -4.6516943101e+01    2.1644227847e+03   -6.5500627843e+01    1.8983684742e+01    3.0276779058e+01   -1.0385339222e+02    8.0759853161e+00    2.0480000000e+03    5.7101135608e-03    5.9396306818e-01
        62   -4.6506352923e+01    2.1634568179e+03   -6.5610470157e+01    1.9104117234e+01    3.0284186496e+01   -1.0419800209e+02    8.3033454416e+00    2.0480000000e+03    5.6713030208e-03    5.8973721591e-01
        63   -4.6489294160e+01    2.1618236606e+03   -6.5556347971e+01    1.9067053811e+01    3.0127198576e+01   -1.0408180148e+02    8.3982549325e+00    2.0480000000e+03    5.6668773759e-03    5.9039417614e-01
        64   -4.6513774215e+01    2.1640316587e+03   -6.5753313386e+01    1.9239539170e+01    3.0184716227e+01   -1.0422558741e+02    8.2875577933e+00    2.0480000000e+03    5.6719118729e-03    5.9092684659e-01
        65   -4.6491953258e+01    2.1620465658e+03   -6.5902223861e+01    1.9410270603e+01    3.0401323030e+01   -1.0467981541e+02    8.3762685209e+00    2.0480000000e+03    5.6936934125e-03    5.9398082386e-01
        66   -4.6482171578e+01    2.1611112091e+03   -6.5806423882e+01    1.9324252304e+01    3.0489878191e+01   -1.0460659742e+02    8.3102953484e+00    2.0480000000e+03    5.7022238616e-03    5.9331498580e-01
        67   -4.6462738215e+01    2.1594151818e+03   -6.5808381175e+01    1.9345642960e+01    3.0422742549e+01   -1.0474528225e+02    8.5141585231e+00    2.0480000000e+03    5.6983889081e-03    5.9310191761e-01
        68   -4.6498087613e+01    2.1625916150e+03   -6.5887980213e+01    1.9389892600e+01    3.0316275232e+01   -1.0449844306e+02    8.2941876172e+00    2.0480000000e+03    5.6790970266e-03    5.8833451705e-01
        69   -4.6478318752e+01    2.1608187743e+03   -6.5629281859e+01    1.9150963107e+01    3.0280073660e+01   -1.0456196219e+02    8.6526066677e+00    2.0480000000e+03    5.6879210752e-03    5.9113991477e-01
        70   -4.6510837111e+01    2.1638136602e+03   -6.5652425229e+01    1.9141588118e+01    3.0215629500e+01   -1.0390467280e+02    8.0366180742e+00    2.0480000000e+03    5.6890351698e-03    5.9315518466e-01
        71   -4.6497130280e+01    2.1625937799e+03   -6.5683727572e+01    1.9186597292e+01    3.0190699501e+01   -1.0392342397e+02    8.0489968939e+00    2.0480000000e+03    5.6754278485e-03    5.8987038352e-01
        72   -4.6499730395e+01    2.1628930157e+03   -6.5835944625e+01    1.9336214230e+01    3.0229291322e+01   -1.0436064633e+02    8.2954103797e+00    2.0480000000e+03    5.6782464962e-03    5.9204545455e-01
        73   -4.6520272993e+01    2.1647550037e+03   -6.5642628766e+01    1.9122355773e+01    3.0232694874e+01   -1.0367842688e+02    7.8031032383e+00    2.0480000000e+03    5.6762434542e-03    5.9337713068e-01
        74   -4.6515834699e+01    2.1642941771e+03   -6.5627805307e+01    1.9111970608e+01    3.0072177069e+01   -1.0386036774e+02    8.1603853670e+00    2.0480000000e+03    5.6787410285e-03    5.9370561080e-01
        75   -4.6491470652e+01    2.1620362427e+03   -6.5818391647e+01    1.9326920995e+01    3.0168107261e+01   -1.0462357703e+02    8.6370781263e+00    2.0480000000e+03    5.6762041058e-03    5.9235617898e-01
        76   -4.6475289054e+01    2.1604301117e+03   -6.5688163528e+01    1.9212874475e+01    3.0163181459e+01   -1.0381791601e+02    7.9665710212e+00    2.0480000000e+03    5.6827142835e-03    5.9344815341e-01
        77   -4.6452714887e+01    2.1583474117e+03   -6.5621180129e+01    1.9168465242e+01    3.0043182433e+01   -1.0380913517e+02    8.1447726069e+00    2.0480000000e+03    5.6764918845e-03    5.8868963068e-01
        78   -4.6484331776e+01    2.1613495097e+03   -6.5836394542e+01    1.9352062765e+01    3.0153896770e+01   -1.0392658764e+02    7.9362963248e+00    2.0480000000e+03    5.6802951731e-03    5.9026100852e-01
        79   -4.6498621750e+01    2.1626871355e+03   -6.5704318236e+01    1.9205696486e+01    3.0251214546e+01   -1.0445344791e+02    8.4979151301e+00    2.0480000000e+03    5.6827499066e-03    5.9139737216e-01
        80   -4.6488329631e+01    2.1618601080e+03   -6.6055529905e+01    1.9567200274e+01    3.0248699616e+01   -1.0477433573e+02    8.4701062068e+00    2.0480000000e+03    5.6808644440e-03    5.9288884943e-01
        81   -4.6507731215e+01    2.1635139577e+03   -6.5807145734e+01    1.9299414518e+01    3.0210386767e+01   -1.0412671569e+02    8.1091831922e+00    2.0480000000e+03    5.6782441679e-03    5.9191228693e-01
        82   -4.6502567632e+01    2.1630856858e+03   -6.5632043003e+01    1.9129475371e+01    3.0221345321e+01   -1.0390022719e+02    8.0468388696e+00    2.0480000000e+03    5.6602312252e-03    5.9121981534e-01
        83   -4.6497834881e+01    2.1625543981e+03   -6.5665815828e+01    1.9167980947e+01    3.0127430099e+01   -1.0396297774e+02    8.1697318122e+00    2.0480000000e+03    5.6704410817e-03    5.9199218750e-01
        84   -4.6516100646e+01    2.1643723083e+03   -6.5751889241e+01    1.9235788595e+01    3.0197689216e+01   -1.0386960423e+02    7.9200257765e+00    2.0480000000e+03    5.6786441710e-03    5.9216086648e-01
        85   -4.6500270067e+01    2.1628254279e+03   -6.5804347149e+01    1.9304077082e+01    3.0301094914e+01   -1.0428679761e+02    8.1813555449e+00    2.0480000000e+03    5.6931385770e-03    5.9292436080e-01
        86   -4.6516611076e+01    2.1643980439e+03   -6.5837534715e+01    1.9320923639e+01    3.0249690836e+01   -1.0405110996e+02    7.9638844116e+00    2.0480000000e+03    5.6847278029e-03    5.9207208807e-01
        87   -4.6512128875e+01    2.1638511446e+03   -6.5803866914e+01    1.9291738039e+01    3.0255686075e+01   -1.0448841377e+02    8.4288607815e+00    2.0480000000e+03    5.7010038290e-03    5.9175248580e-01
        88   -4.6491556118e+01    2.1621424590e+03   -6.5693458175e+01    1.9201902058e+01    3.0221371488e+01   -1.0434768458e+02    8.4328549163e+00    2.0480000000e+03    5.6788236834e-03    5.8926669034e-01
        89   -4.6474750268e+01    2.1604273305e+03   -6.5654197086e+01    1.9179446818e+01    3.0246505365e+01   -1.0425230242e+02    8.3515999672e+00    2.0480000000e+03    5.6798309088e-03    5.9208096591e-01
        90   -4.6467313366e+01    2.1597491128e+03   -6.5600829934e+01    1.9133516568e+01    3.0230807844e+01   -1.0469797305e+02    8.8663352690e+00    2.0480000000e+03    5.6759100407e-03    5.9174360795e-01
        91   -4.6494592422e+01    2.1622187460e+03   -6.5601279543e+01    1.9106687121e+01    3.0162918975e+01   -1.0394738513e+02    8.1831866132e+00    2.0480000000e+03    5.6866086088e-03    5.9520596591e-01
        92   -4.6479933026e+01    2.1608550450e+03   -6.5798980518e+01    1.9319047492e+01    3.0317002298e+01   -1.0396456338e+02    7.8485805636e+00    2.0480000000e+03    5.6836004369e-03    5.9276455966e-01
        93   -4.6464788558e+01    2.1594096296e+03   -6.5818836700e+01    1.9354048141e+01    3.0278851091e+01   -1.0438698437e+02    8.2892965778e+00    2.0480000000e+03    5.6648510508e-03    5.9201882102e-01
        94   -4.6454069252e+01    2.1585265179e+03   -6.5682331393e+01    1.9228262141e+01    3.0203902083e+01   -1.0408251697e+02    8.1962834977e+00    2.0480000000e+03    5.6777405553e-03    5.9175248580e-01
        95   -4.6522151880e+01    2.1649239561e+03   -6.6120066152e+01    1.9597914271e+01    3.0158104220e+01   -1.0409418405e+02    7.8160136802e+00    2.0480000000e+03    5.6717572734e-03    5.9131747159e-01
        96   -4.6499032821e+01    2.1627766046e+03   -6.5805581738e+01    1.9306548916e+01    3.0286817297e+01   -1.0462551253e+02    8.5331134987e+00    2.0480000000e+03    5.6887757964e-03    5.9126420455e-01
        97   -4.6477378419e+01    2.1605917877e+03   -6.5899385724e+01    1.9422007305e+01    3.0124659895e+01   -1.0399492127e+02    7.9708756489e+00    2.0480000000e+03    5.6876791641e-03    5.9350142045e-01
        98   -4.6498069705e+01    2.1625830614e+03   -6.5896152551e+01    1.9398082846e+01    3.0141479425e+01   -1.0394191519e+02    7.9042832101e+00    2.0480000000e+03    5.6759284344e-03    5.9112215909e-01
        99   -4.6490259417e+01    2.1618610782e+03   -6.5587062702e+01    1.9096803285e+01    3.0319399074e+01   -1.0434487540e+02    8.4384136246e+00    2.0480000000e+03    5.6851336267e-03    5.9179687500e-01
       100   -4.6482382362e+01    2.1610874106e+03   -6.5353570279e+01    1.8871187918e+01    3.0089053024e+01   -1.0372774706e+02    8.2851237535e+00    2.0480000000e+03    5.6883874349e-03    5.9396306818e-01
       101   -4.6471715488e+01    2.1601274968e+03   -6.5275916764e+01    1.8804201277e+01    3.0168762913e+01   -1.0382692419e+02    8.3822445167e+00    2.0480000000e+03    5.6618528906e-03    5.9130859375e-01
       102   -4.6495972296e+01    2.1623719142e+03   -6.5668935420e+01    1.9172963124e+01    3.0176019288e+01   -1.0402940490e+02    8.1844501945e+00    2.0480000000e+03    5.6712005753e-03    5.9138849432e-01
       103   -4.6474945767e+01    2.1605119789e+03   -6.5639825620e+01    1.9164879853e+01    3.0245381658e+01   -1.0422788034e+02    8.3426730654e+00    2.0480000000e+03    5.6663618889e-03    5.9112215909e-01
       104   -4.6489024857e+01    2.1618310065e+03   -6.5401248769e+01    1.8912223912e+01    3.0112077730e+01   -1.0401885907e+02    8.5055325739e+00    2.0480000000e+03    5.6702098809e-03    5.9154829545e-01
       105   -4.6469206799e+01    2.1600631632e+03   -6.5424263190e+01    1.8955056392e+01    3.0112982010e+01   -1.0419673318e+02    8.6594879820e+00    2.0480000000e+03    5.6853988208e-03    5.9446022727e-01
       106   -4.6483910308e+01    2.1614437597e+03   -6.5462506684e+01    1.8978596376e+01    3.0191869820e+01   -1.0398161856e+02    8.3272420567e+00    2.0480000000e+03    5.6786579080e-03    5.9018110795e-01
       107   -4.6491651418e+01    2.1619663907e+03   -6.5631989589e+01    1.9140338171e+01    3.0235361290e+01   -1.0406221255e+02    8.1948616766e+00    2.0480000000e+03    5.6839184836e-03    5.9142400568e-01
       108   -4.6470373869e+01    2.1601285914e+03   -6.6138506260e+01    1.9668132391e+01    3.0321768195e+01   -1.0459188189e+02    8.1316074345e+00    2.0480000000e+03    5.6717735715e-03    5.9024325284e-01
       109   -4.6506560589e+01    2.1636173971e+03   -6.6097791591e+01    1.9591231003e+01    3.0317221357e+01   -1.0443118971e+02    8.0161767632e+00    2.0480000000e+03    5.6858137250e-03    5.8971058239e-01
       110   -4.6500183356e+01    2.1631264472e+03   -6.5521088617e+01    1.9020905261e+01    3.0244748787e+01   -1.0395691584e+02    8.1910784390e+00    2.0480000000e+03    5.6850060355e-03    5.9268465909e-01
       111   -4.6495367490e+01    2.1624605765e+03   -6.5649170180e+01    1.9153802690e+01    3.0150426201e+01   -1.0401679636e+02    8.2171999749e+00    2.0480000000e+03    5.6811140385e-03    5.9239169034e-01
       112   -4.6508594772e+01    2.1635818113e+03   -6.5771315664e+01    1.9262720893e+01    3.0173309363e+01   -1.0419461052e+02    8.2499854938e+00    2.0480000000e+03    5.6700825226e-03    5.9111328125e-01
       113   -4.6483314809e+01    2.1612469161e+03   -6.5867896888e+01    1.9384582079e+01    3.0318119168e+01   -1.0462101126e+02    8.4349952070e+00    2.0480000000e+03    5.6628650054e-03    5.8964843750e-01
       114   -4.6480100098e+01    2.1609578297e+03   -6.5671183980e+01    1.9191083882e+01    3.0286428380e+01   -1.0420079364e+02    8.2431812829e+00    2.0480000000e+03    5.6663164869e-03    5.9054509943e-01
       115   -4.6496532290e+01    2.1625766201e+03   -6.5896997452e+01    1.9400465162e+01    3.0315415428e+01   -1.0467588439e+02    8.4634715144e+00    2.0480000000e+03    5.6787785143e-03    5.9234730114e-01
       116   -4.6495145196e+01    2.1622820663e+03   -6.5985671894e+01    1.9490526698e+01    3.0202199804e+01   -1.0418464982e+02    7.9967781222e+00    2.0480000000e+03    5.6827571243e-03    5.9316406250e-01
       117   -4.6476522959e+01    2.1606743720e+03   -6.5707851518e+01    1.9231328560e+01    3.0283629657e+01   -1.0461158206e+02    8.6201008893e+00    2.0480000000e+03    5.6848353706e-03    5.8933771307e-01
       118   -4.6468045675e+01    2.1598266218e+03   -6.5981773875e+01    1.9513728200e+01    3.0192948788e+01   -1.0459461097e+02    8.4198883048e+00    2.0480000000e+03    5.6748548523e-03    5.9099786932e-01
       119   -4.6511980807e+01    2.1639925924e+03   -6.5886858739e+01    1.9374877932e+01    3.0314385207e+01   -1.0438429747e+02    8.1830535296e+00    2.0480000000e+03    5.6780320592e-03    5.9040305398e-01
       120   -4.6468981472e+01    2.1598666120e+03   -6.5858460472e+01    1.9389478999e+01    3.0224345571e+01   -1.0388162745e+02    7.7988214115e+00    2.0480000000e+03    5.6729882490e-03    5.9200994318e-01
       121   -4.6486777482e+01    2.1616240433e+03   -6.5822120122e+01    1.9335342639e+01    3.0081022947e+01   -1.0419651102e+02    8.2933679493e+00    2.0480000000e+03    5.6572970934e-03    5.9104225852e-01
       122   -4.6512642364e+01    2.1640999468e+03   -6.5418292914e+01    1.8905650550e+01    3.0149900083e+01   -1.0435993413e+02    8.7917411329e+00    2.0480000000e+03    5.6718762498e-03    5.9167258523e-01
       123   -4.6481244705e+01    2.1611066377e+03   -6.5513498418e+01    1.9032253713e+01    3.0233363669e+01   -1.0441988948e+02    8.6730273894e+00    2.0480000000e+03    5.6842174381e-03    5.9230291193e-01
       124   -4.6504898831e+01    2.1634408210e+03   -6.5644072811e+01    1.9139173980e+01    3.0248776746e+01   -1.0432440763e+02    8.4315580730e+00    2.0480000000e+03    5.6753000244e-03    5.9150390625e-01
       125   -4.6509202486e+01    2.1636644332e+03   -6.5714649406e+01    1.9205446920e+01    3.0232466994e+01   -1.0419093235e+02    8.2438159489e+00    2.0480000000e+03    5.6678212713e-03    5.9123757102e-01
       126   -4.6487426679e+01    2.1616348091e+03   -6.5653007607e+01    1.9165580928e+01    3.0150585467e+01   -1.0420823830e+02    8.4046452280e+00    2.0480000000e+03    5.6667351164e-03    5.9039417614e-01
       127   -4.6488750640e+01    2.1617990240e+03   -6.5764275337e+01    1.9275524697e+01    3.0294743048e+01   -1.0426833487e+02    8.2093164818e+00    2.0480000000e+03    5.6611895561e-03    5.8971946023e-01
       128   -4.6467377871e+01    2.1597625170e+03   -6.6004997117e+01    1.9537619246e+01    3.0233288039e+01   -1.0463269690e+02    8.3944117442e+00    2.0480000000e+03    5.6860793848e-03    5.9193892045e-01
       129   -4.6487275103e+01    2.1615454376e+03   -6.6040338466e+01    1.9553063363e+01    3.0313690863e+01   -1.0465532388e+02    8.3012945563e+00    2.0480000000e+03    5.6825138163e-03    5.9338600852e-01
       130   -4.6494579111e+01    2.1623595319e+03   -6.5931837430e+01    1.9437258319e+01    3.0310670655e+01   -1.0450985285e+02    8.2673447695e+00    2.0480000000e+03    5.6860386394e-03    5.9312855114e-01
       131   -4.6471109229e+01    2.1602151008e+03   -6.5618591279e+01    1.9147482051e+01    3.0276471882e+01   -1.0440107376e+02    8.5060106027e+00    2.0480000000e+03    5.6839322206e-03    5.9237393466e-01
       132   -4.6501702736e+01    2.1630519599e+03   -6.5713291329e+01    1.9211588593e+01    3.0315703868e+01   -1.0419733034e+02    8.1683351424e+00    2.0480000000e+03    5.6799210142e-03    5.9161044034e-01
       133   -4.6469007782e+01    2.1598353409e+03   -6.5752029400e+01    1.9283021619e+01    3.0161713460e+01   -1.0397085250e+02    8.0571096371e+00    2.0480000000e+03    5.6705474854e-03    5.9243607955e-01
       134   -4.6483958611e+01    2.1613850057e+03   -6.5544283683e+01    1.9060325072e+01    3.0307994785e+01   -1.0429320274e+02    8.4409242751e+00    2.0480000000e+03    5.6768793147e-03    5.9148615057e-01
       135   -4.6480279826e+01    2.1609543419e+03   -6.5516180041e+01    1.9035900216e+01    3.0262957317e+01   -1.0395369550e+02    8.1745581382e+00    2.0480000000e+03    5.6723426096e-03    5.9057173295e-01
       136   -4.6509896692e+01    2.1636732986e+03   -6.5810446674e+01    1.9300549981e+01    3.0261275462e+01   -1.0417134197e+02    8.0996198331e+00    2.0480000000e+03    5.6944084354e-03    5.9267578125e-01
       137   -4.6497648318e+01    2.1625616987e+03   -6.5730658202e+01    1.9233009884e+01    3.0178750372e+01   -1.0414985726e+02    8.2404486841e+00    2.0480000000e+03    5.6704990566e-03    5.8883167614e-01
       138   -4.6480401027e+01    2.1610611527e+03   -6.5721807273e+01    1.9241406246e+01    3.0203131802e+01   -1.0422068558e+02    8.2957465099e+00    2.0480000000e+03    5.6600477546e-03    5.8970170455e-01
       139   -4.6473030233e+01    2.1602629473e+03   -6.5743656197e+01    1.9270625963e+01    3.0254886892e+01   -1.0426263328e+02    8.2640901942e+00    2.0480000000e+03    5.6866349187e-03    5.9089133523e-01
       140   -4.6497123403e+01    2.1624661481e+03   -6.5632097136e+01    1.9134973733e+01    3.0227239200e+01   -1.0401446205e+02    8.1551257137e+00    2.0480000000e+03    5.6704969611e-03    5.9027876420e-01
       141   -4.6465003301e+01    2.1595406645e+03   -6.5641066030e+01    1.9176062729e+01    3.0224439372e+01   -1.0389845455e+02    8.0329491460e+00    2.0480000000e+03    5.6775002740e-03    5.9272017045e-01
       142   -4.6502986841e+01    2.1630808055e+03   -6.5608353612e+01    1.9105366771e+01    3.0247502472e+01   -1.0398491050e+02    8.1290544193e+00    2.0480000000e+03    5.6689239573e-03    5.9241832386e-01
       143   -4.6498449700e+01    2.1626792073e+03   -6.5809149499e+01    1.9310699799e+01    3.0408558668e+01   -1.0420345056e+02    7.9857423929e+00    2.0480000000e+03    5.6988480501e-03    5.9267578125e-01
       144   -4.6505594226e+01    2.1633753560e+03   -6.5608709049e+01    1.9103114823e+01    3.0283128329e+01   -1.0421259626e+02    8.3207588830e+00    2.0480000000e+03    5.6717698462e-03    5.9109552557e-01
       145   -4.6502598064e+01    2.1632045013e+03   -6.5917745799e+01    1.9415147734e+01    3.0368037084e+01   -1.0439963207e+02    8.1138491904e+00    2.0480000000e+03    5.6796551216e-03    5.9353693182e-01
       146   -4.6509130244e+01    2.1636107301e+03   -6.5813141687e+01    1.9304011443e+01    3.0117645763e+01   -1.0440775763e+02    8.4769701828e+00    2.0480000000e+03    5.6837776210e-03    5.9225852273e-01
       147   -4.6506327015e+01    2.1632600985e+03   -6.5539837025e+01    1.9033510009e+01    3.0254054970e+01   -1.0389411101e+02    8.1002190115e+00    2.0480000000e+03    5.6810055394e-03    5.9081143466e-01
       148   -4.6489134332e+01    2.1617923982e+03   -6.5613207073e+01    1.9124072742e+01    3.0189419345e+01   -1.0380892109e+02    8.0062946762e+00    2.0480000000e+03    5.6793515105e-03    5.9250710227e-01
       149   -4.6479964820e+01    2.1610825032e+03   -6.5484006160e+01    1.9004041340e+01    3.0109704789e+01   -1.0380063393e+02    8.2069229791e+00    2.0480000000e+03    5.6642720010e-03    5.9204545455e-01
       150   -4.6490824439e+01    2.1618912226e+03   -6.5676168302e+01    1.9185343864e+01    3.0301349254e+01   -1.0418494369e+02    8.2074261349e+00    2.0480000000e+03    5.6905564852e-03    5.9099786932e-01
       151   -4.6468619968e+01    2.1598511080e+03   -6.5929093902e+01    1.9460473935e+01    3.0225723111e+01   -1.0424975110e+02    8.0949340880e+00    2.0480000000e+03    5.6875613518e-03    5.9234730114e-01
       152   -4.6505371408e+01    2.1632926190e+03   -6.5420416785e+01    1.8915045376e+01    3.0216435805e+01   -1.0374225019e+02    8.1053976051e+00    2.0480000000e+03    5.6754620746e-03    5.9082919034e-01
       153   -4.6457816803e+01    2.1590209040e+03   -6.5999317403e+01    1.9541500600e+01    3.0303203233e+01   -1.0456211719e+02    8.2595965527e+00    2.0480000000e+03    5.6987428106e-03    5.9163707386e-01
       154   -4.6484983483e+01    2.1614436897e+03   -6.5759908748e+01    1.9274925265e+01    3.0291487380e+01   -1.0405320086e+02    8.0018047362e+00    2.0480000000e+03    5.6933036540e-03    5.8993252841e-01
       155   -4.6462711021e+01    2.1593206636e+03   -6.5938113736e+01    1.9475402715e+01    3.0384479074e+01   -1.0436042905e+02    8.0378362446e+00    2.0480000000e+03    5.6894870941e-03    5.9079367898e-01
       156   -4.6471323096e+01    2.1600643874e+03   -6.5671138887e+01    1.9199815791e+01    3.0252884927e+01   -1.0390637129e+02    7.9823474795e+00    2.0480000000e+03    5.6889560074e-03    5.9170809659e-01
       157   -4.6522043017e+01    2.1649030984e+03   -6.5468937539e+01    1.8946894522e+01    3.0000012666e+01   -1.0357214028e+02    8.1031900731e+00    2.0480000000e+03    5.6919776835e-03    5.9359019886e-01
       158   -4.6465577174e+01    2.1595446242e+03   -6.5643789453e+01    1.9178212279e+01    3.0112830865e+01   -1.0377523526e+02    8.0186149448e+00    2.0480000000e+03    5.6943381205e-03    5.9272904830e-01
       159   -4.6502062507e+01    2.1629633692e+03   -6.5698981155e+01    1.9196918648e+01    3.0162589252e+01   -1.0405245136e+02    8.1908809532e+00    2.0480000000e+03    5.6831561960e-03    5.9430930398e-01
       160   -4.6494779746e+01    2.1623445238e+03   -6.5467914654e+01    1.8973134908e+01    3.0206666844e+01   -1.0395107541e+02    8.2764939109e+00    2.0480000000e+03    5.6953646708e-03    5.9265802557e-01
       161   -4.6519214756e+01    2.1645470720e+03   -6.5880424547e+01    1.9361209791e+01    3.0260629219e+01   -1.0419551554e+02    8.0544617754e+00    2.0480000000e+03    5.6730506476e-03    5.9003018466e-01
       162   -4.6494209944e+01    2.1622683975e+03   -6.5763578383e+01    1.9269368439e+01    3.0317243615e+01   -1.0418059509e+02    8.0997730871e+00    2.0480000000e+03    5.6812516414e-03    5.9101562500e-01
       163   -4.6506007572e+01    2.1634528206e+03   -6.6032546221e+01    1.9526538649e+01    3.0369332809e+01   -1.0465558684e+02    8.2537078120e+00    2.0480000000e+03    5.6783999316e-03    5.9356356534e-01
       164   -4.6494737743e+01    2.1623162895e+03   -6.5572093563e+01    1.9077355821e+01    3.0192234807e+01   -1.0428686659e+02    8.5225382232e+00    2.0480000000e+03    5.6787268259e-03    5.9096235795e-01
       165   -4.6514041880e+01    2.1642649540e+03   -6.5474430480e+01    1.8960388600e+01    3.0187968618e+01   -1.0401664806e+02    8.3542489578e+00    2.0480000000e+03    5.6689884514e-03    5.9021661932e-01
       166   -4.6455722947e+01    2.1586152775e+03   -6.5805958734e+01    1.9350235786e+01    3.0383101815e+01   -1.0455425963e+02    8.3651990764e+00    2.0480000000e+03    5.6960231159e-03    5.9253373580e-01
       167   -4.6465028755e+01    2.1596426749e+03   -6.5656028820e+01    1.9191000064e+01    3.0290196289e+01   -1.0407620735e+02    8.1299822428e+00    2.0480000000e+03    5.6859578472e-03    5.9201882102e-01
       168   -4.6454531219e+01    2.1585280082e+03   -6.5557762187e+01    1.9103230969e+01    3.0123808850e+01   -1.0364983982e+02    7.9682687869e+00    2.0480000000e+03    5.6910978165e-03    5.9275568182e-01
       169   -4.6508410378e+01    2.1636166423e+03   -6.5512472477e+01    1.9004062099e+01    3.0140435341e+01   -1.0426926307e+02    8.6163552494e+00    2.0480000000e+03    5.6811722461e-03    5.9311967330e-01
       170   -4.6480804669e+01    2.1609929186e+03   -6.5567130876e+01    1.9086326207e+01    3.0217847426e+01   -1.0383785147e+02    8.0528731676e+00    2.0480000000e+03    5.6708185002e-03    5.9181463068e-01
       171   -4.6475367594e+01    2.1605261742e+03   -6.5371693106e+01    1.8896325511e+01    3.0180847190e+01   -1.0356516385e+02    8.0126235571e+00    2.0480000000e+03    5.6570135057e-03    5.9087357955e-01
       172   -4.6521548486e+01    2.1648749118e+03   -6.5846331489e+01    1.9324783003e+01    3.0258067239e+01   -1.0444720878e+02    8.3428100499e+00    2.0480000000e+03    5.6762876920e-03    5.9049183239e-01
       173   -4.6489021635e+01    2.1616994155e+03   -6.5696297134e+01    1.9207275500e+01    3.0203872031e+01   -1.0411772709e+02    8.2175579271e+00    2.0480000000e+03    5.6891501881e-03    5.9324396307e-01
       174   -4.6468015236e+01    2.1599239037e+03   -6.6071075757e+01    1.9603060521e+01    3.0256782529e+01   -1.0460051798e+02    8.2726596986e+00    2.0480000000e+03    5.6786772329e-03    5.9150390625e-01
       175   -4.6463824996e+01    2.1597550654e+03   -6.5875749834e+01    1.9411924837e+01    3.0536642806e+01   -1.0502376567e+02    8.6113730275e+00    2.0480000000e+03    5.6914810557e-03    5.8987038352e-01
       176   -4.6474125455e+01    2.1605151952e+03   -6.5831201446e+01    1.9357075991e+01    3.0409497833e+01   -1.0450591363e+02    8.2652143507e+00    2.0480000000e+03    5.7132171933e-03    5.9129083807e-01
       177   -4.6462047593e+01    2.1594654469e+03   -6.5965685005e+01    1.9503637412e+01    3.0275456121e+01   -1.0414641438e+02    7.9052732530e+00    2.0480000000e+03    5.7028844021e-03    5.9241832386e-01
       178   -4.6496087486e+01    2.1624431408e+03   -6.5343203854e+01    1.8847116368e+01    3.0264543840e+01   -1.0414049526e+02    8.5327475636e+00    2.0480000000e+03    5.6882218923e-03    5.9135298295e-01
       179   -4.6472410441e+01    2.1604215190e+03   -6.5529527462e+01    1.9057117021e+01    3.0179999181e+01   -1.0418331023e+02    8.4737835851e+00    2.0480000000e+03    5.6749442592e-03    5.9042968750e-01
       180   -4.6492063977e+01    2.1619779343e+03   -6.5558641445e+01    1.9066577469e+01    3.0073593705e+01   -1.0346659598e+02    7.8343608288e+00    2.0480000000e+03    5.6773405522e-03    5.9153053977e-01
       181   -4.6480316656e+01    2.1610098322e+03   -6.5653704476e+01    1.9173387820e+01    3.0154253139e+01   -1.0386626614e+02    8.0583085214e+00    2.0480000000e+03    5.6832898408e-03    5.9049183239e-01
       182   -4.6495428088e+01    2.1625349280e+03   -6.5803634885e+01    1.9308206798e+01    3.0119452772e+01   -1.0392645968e+02    8.0033720199e+00    2.0480000000e+03    5.6677665561e-03    5.9220525568e-01
       183   -4.6493253242e+01    2.1621224594e+03   -6.6018067246e+01    1.9524814004e+01    3.0401517789e+01   -1.0461245011e+02    8.1928650743e+00    2.0480000000e+03    5.6767810602e-03    5.8954190341e-01
       184   -4.6508630222e+01    2.1636106398e+03   -6.5557145722e+01    1.9048515501e+01    3.0281336140e+01   -1.0464418726e+02    8.8057053992e+00    2.0480000000e+03    5.6758020073e-03    5.9114879261e-01
       185   -4.6458039330e+01    2.1589081949e+03   -6.5819845229e+01    1.9361805898e+01    3.0507557257e+01   -1.0488152589e+02    8.5541234061e+00    2.0480000000e+03    5.6816358119e-03    5.9211647727e-01
       186   -4.6473367680e+01    2.1602877945e+03   -6.5769203515e+01    1.9295835835e+01    3.0344184613e+01   -1.0450804796e+02    8.3946598319e+00    2.0480000000e+03    5.6854698341e-03    5.9134410511e-01
       187   -4.6468656535e+01    2.1598636675e+03   -6.5591503930e+01    1.9122847394e+01    3.0279584142e+01   -1.0428962404e+02    8.4185359637e+00    2.0480000000e+03    5.6804970372e-03    5.9078480114e-01
       188   -4.6480561384e+01    2.1611345258e+03   -6.5704605557e+01    1.9224044173e+01    3.0209516659e+01   -1.0442299960e+02    8.5088773816e+00    2.0480000000e+03    5.6697609834e-03    5.9371448864e-01
       189   -4.6500147576e+01    2.1629504946e+03   -6.5833604964e+01    1.9333457388e+01    3.0234251031e+01   -1.0387243392e+02    7.8045779215e+00    2.0480000000e+03    5.6721691508e-03    5.9153941761e-01
       190   -4.6485525505e+01    2.1614322999e+03   -6.5581971161e+01    1.9096445656e+01    3.0202606436e+01   -1.0398993107e+02    8.2053534751e+00    2.0480000000e+03    5.6767398492e-03    5.9413174716e-01
       191   -4.6489454634e+01    2.1617361559e+03   -6.5657069326e+01    1.9167614692e+01    3.0170792253e+01   -1.0389347332e+02    8.0656117439e+00    2.0480000000e+03    5.6800146122e-03    5.9218750000e-01
       192   -4.6479665648e+01    2.1609387966e+03   -6.5197525016e+01    1.8717859368e+01    3.0160348147e+01   -1.0406480480e+02    8.7069316378e+00    2.0480000000e+03    5.6684729643e-03    5.9149502841e-01
       193   -4.6484674398e+01    2.1611998060e+03   -6.5823827734e+01    1.9339153336e+01    3.0186940144e+01   -1.0367569964e+02    7.6649317657e+00    2.0480000000e+03    5.6885832455e-03    5.9347478693e-01
       194   -4.6452596498e+01    2.1582979096e+03   -6.5845818716e+01    1.9393222218e+01    3.0347366880e+01   -1.0446763499e+02    8.2744493896e+00    2.0480000000e+03    5.6721672881e-03    5.9214311080e-01
       195   -4.6494236414e+01    2.1621708515e+03   -6.5859505185e+01    1.9365268771e+01    3.0369240198e+01   -1.0414977579e+02    7.9210304048e+00    2.0480000000e+03    5.6886340026e-03    5.9230291193e-01
       196   -4.6497357777e+01    2.1625782547e+03   -6.5994585751e+01    1.9497227974e+01    3.0335022755e+01   -1.0490431334e+02    8.5747048348e+00    2.0480000000e+03    5.6668415200e-03    5.8839666193e-01
       197   -4.6495390446e+01    2.1624413303e+03   -6.5812867067e+01    1.9317476621e+01    3.0305646880e+01   -1.0456918941e+02    8.4506754624e+00    2.0480000000e+03    5.6675239466e-03    5.9018110795e-01
       198   -4.6507338533e+01    2.1634168855e+03   -6.5929485083e+01    1.9422146549e+01    3.0340272438e+01   -1.0455354592e+02    8.2837883971e+00    2.0480000000e+03    5.6641034316e-03    5.9030539773e-01
       199   -4.6458875959e+01    2.1588803540e+03   -6.5898349812e+01    1.9439473853e+01    3.0194512489e+01   -1.0423053654e+02    8.1376742351e+00    2.0480000000e+03    5.6752541568e-03    5.9123757102e-01
       200   -4.6503032601e+01    2.1631425303e+03   -6.5955511976e+01    1.9452479375e+01    3.0281647804e+01   -1.0422893953e+02    7.9917797535e+00    2.0480000000e+03    5.6757067796e-03    5.9197443182e-01
       201   -4.6478514172e+01    2.1609209722e+03   -6.5771954759e+01    1.9293440587e+01    3.0330169024e+01   -1.0441263329e+02    8.3105095091e+00    2.0480000000e+03    5.6799862068e-03    5.9065163352e-01
       202   -4.6520508626e+01    2.1651668676e+03   -6.5674198182e+01    1.9153689556e+01    3.0328287135e+01   -1.0426929898e+02    8.2668136648e+00    2.0480000000e+03    5.6876861490e-03    5.9324396307e-01
       203   -4.6485230132e+01    2.1614553229e+03   -6.5563597507e+01    1.9078367375e+01    3.0173337820e+01   -1.0420176642e+02    8.4648310979e+00    2.0480000000e+03    5.6782378815e-03    5.9146839489e-01
       204   -4.6485272049e+01    2.1613944197e+03   -6.5489355703e+01    1.9004083654e+01    3.0258241792e+01   -1.0418363151e+02    8.4360340147e+00    2.0480000000e+03    5.6859385222e-03    5.9128196023e-01
       205   -4.6503620394e+01    2.1632960850e+03   -6.5884254448e+01    1.9380634054e+01    3.0237642049e+01   -1.0436119731e+02    8.2393008090e+00    2.0480000000e+03    5.6843908969e-03    5.9129971591e-01
       206   -4.6495083511e+01    2.1624108493e+03   -6.5777018990e+01    1.9281935479e+01    3.0422907426e+01   -1.0480793851e+02    8.6080120950e+00    2.0480000000e+03    5.6847569067e-03    5.9000355114e-01
       207   -4.6474632539e+01    2.1605607371e+03   -6.5693980371e+01    1.9219347833e+01    3.0256735902e+01   -1.0423956331e+02    8.2888470327e+00    2.0480000000e+03    5.6627707090e-03    5.8921342330e-01
       208   -4.6493598715e+01    2.1622474393e+03   -6.5776770513e+01    1.9283171797e+01    3.0298531660e+01   -1.0442287662e+02    8.3475744499e+00    2.0480000000e+03    5.6596514769e-03    5.8940873580e-01
       209   -4.6497523783e+01    2.1625235535e+03   -6.5744971220e+01    1.9247447438e+01    3.0306957031e+01   -1.0371196231e+02    7.6600340551e+00    2.0480000000e+03    5.6834847201e-03    5.9147727273e-01
       210   -4.6504911906e+01    2.1632851721e+03   -6.5728649206e+01    1.9223737300e+01    3.0192587426e+01   -1.0386135954e+02    7.9401229086e+00    2.0480000000e+03    5.6869871914e-03    5.9333274148e-01
       211   -4.6473838906e+01    2.1603738645e+03   -6.5675243201e+01    1.9201404295e+01    3.0233038338e+01   -1.0452911755e+02    8.6208360100e+00    2.0480000000e+03    5.6996175554e-03    5.9287109375e-01
       212   -4.6481886971e+01    2.1609845592e+03   -6.5889849689e+01    1.9407962718e+01    3.0266264764e+01   -1.0445680932e+02    8.3006948672e+00    2.0480000000e+03    5.6784767658e-03    5.9160156250e-01
       213   -4.6500546041e+01    2.1628618344e+03   -6.5522996226e+01    1.9022450184e+01    3.0185515694e+01   -1.0394020695e+02    8.2316950309e+00    2.0480000000e+03    5.6768315844e-03    5.9152166193e-01
       214   -4.6520249726e+01    2.1647900262e+03   -6.5828280029e+01    1.9308030303e+01    3.0366473337e+01   -1.0465566709e+02    8.4609137187e+00    2.0480000000e+03    5.6806383654e-03    5.9079367898e-01
       215   -4.6493066269e+01    2.1620479489e+03   -6.5823614277e+01    1.9330548008e+01    3.0420572730e+01   -1.0417987455e+02    7.9356875436e+00    2.0480000000e+03    5.6886328384e-03    5.9254261364e-01
       216   -4.6500283623e+01    2.1627916243e+03   -6.5749290361e+01    1.9249006738e+01    3.0278489917e+01   -1.0454533874e+02    8.5175584582e+00    2.0480000000e+03    5.6782830507e-03    5.9285333807e-01
       217   -4.6473960789e+01    2.1603262907e+03   -6.5587089666e+01    1.9113128877e+01    3.0203740910e+01   -1.0332288089e+02    7.5320503140e+00    2.0480000000e+03    5.6708538905e-03    5.9234730114e-01
       218   -4.6472087153e+01    2.1601416860e+03   -6.5578042316e+01    1.9105955163e+01    3.0292297164e+01   -1.0420152689e+02    8.3311874128e+00    2.0480000000e+03    5.6740078144e-03    5.9442471591e-01
       219   -4.6482702347e+01    2.1613149714e+03   -6.5698463966e+01    1.9215761620e+01    3.0278038511e+01   -1.0415666662e+02    8.1801641439e+00    2.0480000000e+03    5.6778043509e-03    5.9406072443e-01
       220   -4.6457612821e+01    2.1588111737e+03   -6.5539970328e+01    1.9082357507e+01    3.0131923783e+01   -1.0386832908e+02    8.1964349703e+00    2.0480000000e+03    5.6777847931e-03    5.9170809659e-01
       221   -4.6484402081e+01    2.1613414311e+03   -6.5764781225e+01    1.9280379144e+01    3.0171590439e+01   -1.0418560515e+02    8.2492334828e+00    2.0480000000e+03    5.6682939176e-03    5.9114879261e-01
       222   -4.6502049163e+01    2.1631172069e+03   -6.5704674755e+01    1.9202625591e+01    3.0304307380e+01   -1.0416886642e+02    8.1598842804e+00    2.0480000000e+03    5.6809475645e-03    5.8848544034e-01
       223   -4.6488073257e+01    2.1618835538e+03   -6.5639430412e+01    1.9151357155e+01    3.0258315746e+01   -1.0444278309e+02    8.5450369289e+00    2.0480000000e+03    5.6686790194e-03    5.8927556818e-01
       224   -4.6474956965e+01    2.1605269946e+03   -6.5486819004e+01    1.9011862039e+01    3.0230637739e+01   -1.0387114812e+02    8.1536913724e+00    2.0480000000e+03    5.6911774445e-03    5.9332386364e-01
       225   -4.6494626376e+01    2.1623158838e+03   -6.6003737545e+01    1.9509111169e+01    3.0427485146e+01   -1.0480672834e+02    8.3755056480e+00    2.0480000000e+03    5.6842891499e-03    5.9327059659e-01
       226   -4.6475021407e+01    2.1604775065e+03   -6.5968915338e+01    1.9493893931e+01    3.0423514224e+01   -1.0513492613e+02    8.7424965709e+00    2.0480000000e+03    5.6890691631e-03    5.9106001420e-01
       227   -4.6481562671e+01    2.1611023717e+03   -6.5957231918e+01    1.9475669248e+01    3.0341185316e+01   -1.0440453871e+02    8.1061214786e+00    2.0480000000e+03    5.6758760475e-03    5.9147727273e-01
       228   -4.6476606692e+01    2.1606259764e+03   -6.5523463280e+01    1.9046856588e+01    3.0220162145e+01   -1.0395118629e+02    8.2075608602e+00    2.0480000000e+03    5.6860810146e-03    5.9294211648e-01
       229   -4.6526772446e+01    2.1652533850e+03   -6.5766186831e+01    1.9239414385e+01    3.0224394122e+01   -1.0420368274e+02    8.2131017895e+00    2.0480000000e+03    5.6692124344e-03    5.8951526989e-01
       230   -4.6485843137e+01    2.1617098836e+03   -6.5744413668e+01    1.9258570531e+01    3.0339033365e+01   -1.0446899323e+02    8.3855461960e+00    2.0480000000e+03    5.6521899533e-03    5.9010120739e-01
       231   -4.6487076494e+01    2.1616514244e+03   -6.5817096874e+01    1.9330020380e+01    3.0330411024e+01   -1.0451609854e+02    8.3685906459e+00    2.0480000000e+03    5.6737989653e-03    5.9136186080e-01
       232   -4.6493575041e+01    2.1621682023e+03   -6.5768677393e+01    1.9275102352e+01    3.0114321031e+01   -1.0392938605e+02    8.0463876243e+00    2.0480000000e+03    5.6646000594e-03    5.8939098011e-01
       233   -4.6503497037e+01    2.1631621166e+03   -6.5631400734e+01    1.9127903697e+01    3.0105052749e+01   -1.0343520464e+02    7.6987511564e+00    2.0480000000e+03    5.6729665957e-03    5.9246271307e-01
       234   -4.6498368686e+01    2.1634344002e+03   -6.5758374848e+01    1.9260006162e+01    3.0371538558e+01   -1.0469603640e+02    8.5661229962e+00    2.0480000000e+03    5.6633483618e-03    5.9190340909e-01
       235   -4.6494597935e+01    2.1627623550e+03   -6.5656576274e+01    1.9161978339e+01    3.0223230274e+01   -1.0449884420e+02    8.6190376529e+00    2.0480000000e+03    5.6608433370e-03    5.9189453125e-01
       236   -4.6517654617e+01    2.1645007014e+03   -6.5761591122e+01    1.9243936505e+01    3.0165377218e+01   -1.0422640784e+02    8.2994394994e+00    2.0480000000e+03    5.6773009710e-03    5.9435369318e-01
       237   -4.6502429337e+01    2.1630464926e+03   -6.5533351538e+01    1.9030922200e+01    3.0157934125e+01   -1.0379750832e+02    8.1062226565e+00    2.0480000000e+03    5.6706059258e-03    5.9084694602e-01
       238   -4.6479672161e+01    2.1608921184e+03   -6.5439422956e+01    1.8959750796e+01    2.9995982126e+01   -1.0323532978e+02    7.7999246933e+00    2.0480000000e+03    5.6641134433e-03    5.9267578125e-01
       239   -4.6513356339e+01    2.1640449111e+03   -6.5374596978e+01    1.8861240640e+01    3.0078405134e+01   -1.0354367957e+02    8.0906774558e+00    2.0480000000e+03    5.6759875733e-03    5.9313742898e-01
       240   -4.6498883044e+01    2.1627406525e+03   -6.5546649737e+01    1.9047766693e+01    3.0225197774e+01   -1.0398420819e+02    8.2123606765e+00    2.0480000000e+03    5.6762821041e-03    5.9122869318e-01
       241   -4.6486178716e+01    2.1615457001e+03   -6.6020577294e+01    1.9534398578e+01    3.0317016762e+01   -1.0480707323e+02    8.4694791687e+00    2.0480000000e+03    5.6813219562e-03    5.9162819602e-01
       242   -4.6481084723e+01    2.1610352795e+03   -6.5840648675e+01    1.9359563952e+01    3.0322405415e+01   -1.0431946845e+02    8.1564143582e+00    2.0480000000e+03    5.6978384964e-03    5.9293323864e-01
       243   -4.6487877642e+01    2.1616331577e+03   -6.5767102644e+01    1.9279225003e+01    3.0301036336e+01   -1.0387888303e+02    7.8107440526e+00    2.0480000000e+03    5.6945481338e-03    5.9288884943e-01
       244   -4.6488861512e+01    2.1617850024e+03   -6.5930720713e+01    1.9441859201e+01    3.0460546082e+01   -1.0463153881e+02    8.2402720118e+00    2.0480000000e+03    5.7114539668e-03    5.9395419034e-01
       245   -4.6514572162e+01    2.1640895587e+03   -6.5904661034e+01    1.9390088872e+01    3.0257303296e+01   -1.0411578957e+02    7.9538252376e+00    2.0480000000e+03    5.6931772269e-03    5.9295987216e-01
       246   -4.6480178058e+01    2.1609883454e+03   -6.5839017550e+01    1.9358839492e+01    3.0265934691e+01   -1.0387125223e+02    7.7662999873e+00    2.0480000000e+03    5.6819412857e-03    5.8971058239e-01
       247   -4.6510106341e+01    2.1636959489e+03   -6.5887078068e+01    1.9376971727e+01    3.0308426855e+01   -1.0424354820e+02    8.0480432778e+00    2.0480000000e+03    5.6884924415e-03    5.9148615057e-01
       248   -4.6498593058e+01    2.1626334157e+03   -6.5834125023e+01    1.9335531965e+01    3.0365362414e+01   -1.0472373543e+02    8.5242479892e+00    2.0480000000e+03    5.6807808578e-03    5.8879616477e-01
       249   -4.6484289160e+01    2.1614967271e+03   -6.5712995585e+01    1.9228706425e+01    3.0373285298e+01   -1.0418548975e+02    8.0992088669e+00    2.0480000000e+03    5.6679719128e-03    5.8669211648e-01
       250   -4.6500223634e+01    2.1634341215e+03   -6.5507491025e+01    1.9007267391e+01    3.0279106111e+01   -1.0415846568e+02    8.3718685481e+00    2.0480000000e+03    5.6787945796e-03    5.9068714489e-01
       251   -4.6493175257e+01    2.1621030559e+03   -6.5461520697e+01    1.8968345440e+01    3.0123332840e+01   -1.0394976631e+02    8.3649127777e+00    2.0480000000e+03    5.6630414911e-03    5.9323508523e-01
       252   -4.6514008866e+01    2.1642246388e+03   -6.5680536828e+01    1.9166527962e+01    3.0149154521e+01   -1.0425593466e+02    8.4262433073e+00    2.0480000000e+03    5.6832244154e-03    5.9472656250e-01
       253   -4.6485429396e+01    2.1614977204e+03   -6.6028513247e+01    1.9543083852e+01    3.0277122780e+01   -1.0425490816e+02    7.9492721310e+00    2.0480000000e+03    5.6716552936e-03    5.9020774148e-01
       254   -4.6479423221e+01    2.1608315183e+03   -6.6067424470e+01    1.9588001250e+01    3.0548048631e+01   -1.0480837501e+02    8.1929019127e+00    2.0480000000e+03    5.6904542726e-03    5.9279119318e-01
       255   -4.6489921471e+01    2.1618830884e+03   -6.5655621608e+01    1.9165700137e+01    3.0295744369e+01   -1.0395684115e+02    8.0054751733e+00    2.0480000000e+03    5.6813128758e-03    5.9223188920e-01
       256   -4.6489197191e+01    2.1616861146e+03   -6.5728195868e+01    1.9238998677e+01    3.0294364694e+01   -1.0409182492e+02    8.0692643576e+00    2.0480000000e+03    5.6664946023e-03    5.9005681818e-01
       257   -4.6526961528e+01    2.1655551945e+03   -6.5895241381e+01    1.9368279854e+01    3.0196674945e+01   -1.0465834001e+02    8.5664236877e+00    2.0480000000e+03    5.6811077520e-03    5.9405184659e-01
       258   -4.6485446850e+01    2.1614983345e+03   -6.5790808747e+01    1.9305361897e+01    3.0244576949e+01   -1.0437747993e+02    8.3420942328e+00    2.0480000000e+03    5.6631709449e-03    5.8893821023e-01
       259   -4.6498977452e+01    2.1627046607e+03   -6.5715892905e+01    1.9216915453e+01    3.0206598579e+01   -1.0382344656e+02    7.9009550749e+00    2.0480000000e+03    5.6836537551e-03    5.9122869318e-01
       260   -4.6504471837e+01    2.1633819896e+03   -6.5900901611e+01    1.9396429774e+01    3.0301171390e+01   -1.0432134728e+02    8.1192742800e+00    2.0480000000e+03    5.6657281239e-03    5.9280007102e-01
       261   -4.6492726161e+01    2.1620818786e+03   -6.5781442815e+01    1.9288716654e+01    3.0251076514e+01   -1.0413954609e+02    8.1070267564e+00    2.0480000000e+03    5.6710583158e-03    5.9304865057e-01
       262   -4.6490664863e+01    2.1620456825e+03   -6.5746541032e+01    1.9255876169e+01    3.0261767290e+01   -1.0428741364e+02    8.2791053186e+00    2.0480000000e+03    5.6605977006e-03    5.8984375000e-01
       263   -4.6461114198e+01    2.1591537446e+03   -6.5628378344e+01    1.9167264146e+01    3.0189110619e+01   -1.0397237678e+02    8.1548878132e+00    2.0480000000e+03    5.6691430509e-03    5.9090909091e-01
       264   -4.6503343687e+01    2.1631800454e+03   -6.5625888260e+01    1.9122544574e+01    3.0200398608e+01   -1.0392634367e+02    8.1000568004e+00    2.0480000000e+03    5.6814148556e-03    5.9170809659e-01
       265   -4.6469245096e+01    2.1599802062e+03   -6.5712460239e+01    1.9243215144e+01    3.0324250204e+01   -1.0429432106e+02    8.2576106167e+00    2.0480000000e+03    5.6859923061e-03    5.9261363636e-01
       266   -4.6492939411e+01    2.1621181543e+03   -6.5804782847e+01    1.9311843437e+01    3.0310063557e+01   -1.0388520562e+02    7.7703592182e+00    2.0480000000e+03    5.6785063352e-03    5.9061612216e-01
       267   -4.6517958758e+01    2.1645249826e+03   -6.5794698623e+01    1.9276739865e+01    3.0074755043e+01   -1.0406564190e+02    8.1961882327e+00    2.0480000000e+03    5.6719176937e-03    5.9283558239e-01
       268   -4.6505974654e+01    2.1633517021e+03   -6.5765799026e+01    1.9259824372e+01    3.0147891929e+01   -1.0399629846e+02    8.0826075074e+00    2.0480000000e+03    5.6712350342e-03    5.9258700284e-01
       269   -4.6471099142e+01    2.1600785783e+03   -6.5620956466e+01    1.9149857324e+01    3.0185078659e+01   -1.0428525471e+02    8.4792195793e+00    2.0480000000e+03    5.6595655624e-03    5.9145951705e-01
       270   -4.6500168098e+01    2.1628170916e+03   -6.5658966742e+01    1.9158798645e+01    3.0232870060e+01   -1.0478142179e+02    8.8895849889e+00    2.0480000000e+03    5.6710815988e-03    5.9250710227e-01
       271   -4.6491234622e+01    2.1618904700e+03   -6.5522664080e+01    1.9031429458e+01    3.0038593126e+01   -1.0364029238e+02    8.0790351693e+00    2.0480000000e+03    5.6589483283e-03    5.9094460227e-01
       272   -4.6468684434e+01    2.1605444135e+03   -6.5640142437e+01    1.9171458002e+01    3.0102511755e+01   -1.0391103827e+02    8.1683840797e+00    2.0480000000e+03    5.6771300733e-03    5.9359907670e-01
       273   -4.6479122126e+01    2.1609525776e+03   -6.5487414480e+01    1.9008292353e+01    3.0128163812e+01   -1.0382185895e+02    8.2062806603e+00    2.0480000000e+03    5.6802956387e-03    5.9348366477e-01
       274   -4.6479477728e+01    2.1608217077e+03   -6.5718516660e+01    1.9239038932e+01    3.0162484899e+01   -1.0378973752e+02    7.9087359644e+00    2.0480000000e+03    5.6671395432e-03    5.9296875000e-01
       275   -4.6456591272e+01    2.1588070809e+03   -6.5409131411e+01    1.8952540139e+01    3.0322460129e+01   -1.0431714407e+02    8.5855525343e+00    2.0480000000e+03    5.6649909820e-03    5.9079367898e-01
       276   -4.6476143615e+01    2.1605244301e+03   -6.5539591537e+01    1.9063447923e+01    3.0092462348e+01   -1.0361999957e+02    7.9879456872e+00    2.0480000000e+03    5.6566244457e-03    5.9055397727e-01
       277   -4.6486158274e+01    2.1615041352e+03   -6.5824639309e+01    1.9338481035e+01    3.0168112947e+01   -1.0418958479e+02    8.1968325368e+00    2.0480000000e+03    5.6630594190e-03    5.9355468750e-01
       278   -4.6499302780e+01    2.1628860061e+03   -6.5648526214e+01    1.9149223434e+01    3.0207807331e+01   -1.0449114506e+02    8.6348115106e+00    2.0480000000e+03    5.6561636738e-03    5.9275568182e-01
       279   -4.6482581481e+01    2.1610556464e+03   -6.5599062056e+01    1.9116480575e+01    3.0223505408e+01   -1.0394289691e+02    8.1203294464e+00    2.0480000000e+03    5.6664797012e-03    5.9413174716e-01
       280   -4.6475403227e+01    2.1606858245e+03   -6.5974199946e+01    1.9498796719e+01    3.0278986647e+01   -1.0431471925e+02    8.0615326582e+00    2.0480000000e+03    5.6751412340e-03    5.9424715909e-01
       281   -4.6488420103e+01    2.1617627140e+03   -6.5718184273e+01    1.9229764170e+01    3.0090227240e+01   -1.0380178788e+02    7.9933763629e+00    2.0480000000e+03    5.6583995465e-03    5.9357244318e-01
       282   -4.6510631170e+01    2.1644314000e+03   -6.5513872237e+01    1.9003241067e+01    3.0057171718e+01   -1.0372443803e+02    8.1533940710e+00    2.0480000000e+03    5.6647069287e-03    5.9372336648e-01
       283   -4.6463961439e+01    2.1593808254e+03   -6.5943615338e+01    1.9479653898e+01    3.0148692637e+01   -1.0400865320e+02    7.9163452218e+00    2.0480000000e+03    5.6608517189e-03    5.9198330966e-01
       284   -4.6477213620e+01    2.1609203425e+03   -6.5596847396e+01    1.9119633776e+01    3.0001127370e+01   -1.0378965971e+02    8.1916849434e+00    2.0480000000e+03    5.6522465311e-03    5.9037642045e-01
       285   -4.6479672302e+01    2.1608205167e+03   -6.5626210680e+01    1.9146538378e+01    3.0066387956e+01   -1.0377225076e+02    8.0796521208e+00    2.0480000000e+03    5.6459505577e-03    5.8951526989e-01
       286   -4.6506546941e+01    2.1633898333e+03   -6.5526133213e+01    1.9019586272e+01    3.0179348484e+01   -1.0410965673e+02    8.4041750332e+00    2.0480000000e+03    5.6608407758e-03    5.9243607955e-01
       287   -4.6485686018e+01    2.1615699512e+03   -6.5630027636e+01    1.9144341618e+01    3.0216691405e+01   -1.0377431670e+02    7.9275976599e+00    2.0480000000e+03    5.6782972533e-03    5.9395419034e-01
       288   -4.6494828427e+01    2.1623528192e+03   -6.5758849146e+01    1.9264020720e+01    3.0361712056e+01   -1.0440754205e+02    8.2869808472e+00    2.0480000000e+03    5.6777496357e-03    5.9436257102e-01
       289   -4.6469623726e+01    2.1599677299e+03   -6.5660920369e+01    1.9191296643e+01    3.0104536016e+01   -1.0376618965e+02    8.0007332675e+00    2.0480000000e+03    5.6669162586e-03    5.9203657670e-01
       290   -4.6463551581e+01    2.1594799997e+03   -6.5727395486e+01    1.9263843905e+01    3.0247967469e+01   -1.0458532659e+02    8.6099636350e+00    2.0480000000e+03    5.6636596564e-03    5.8987926136e-01
       291   -4.6515675260e+01    2.1641445352e+03   -6.5880685215e+01    1.9365009954e+01    3.0345399274e+01   -1.0462928593e+02    8.4032014387e+00    2.0480000000e+03    5.6761445012e-03    5.9249822443e-01
       292   -4.6493609801e+01    2.1623314335e+03   -6.5875590914e+01    1.9381981113e+01    3.0412532301e+01   -1.0482409329e+02    8.5359700740e+00    2.0480000000e+03    5.6771459058e-03    5.9158380682e-01
       293   -4.6479954351e+01    2.1609212335e+03   -6.5984360922e+01    1.9504406571e+01    3.0350886797e+01   -1.0492697574e+02    8.5917280192e+00    2.0480000000e+03    5.6770702358e-03    5.9105113636e-01
       294   -4.6498189496e+01    2.1625172395e+03   -6.6082183720e+01    1.9583994225e+01    3.0302076492e+01   -1.0410247170e+02    7.7182114856e+00    2.0480000000e+03    5.6754210964e-03    5.9309303977e-01
       295   -4.6484453805e+01    2.1614118963e+03   -6.5836754917e+01    1.9352301112e+01    3.0227665510e+01   -1.0425381878e+02    8.1893983520e+00    2.0480000000e+03    5.6700813584e-03    5.9144176136e-01
       296   -4.6465246373e+01    2.1594767967e+03   -6.5840137685e+01    1.9374891312e+01    3.0187704333e+01   -1.0398551960e+02    7.9576775816e+00    2.0480000000e+03    5.6571296882e-03    5.9112215909e-01
       297   -4.6492806165e+01    2.1620923674e+03   -6.5755573033e+01    1.9262766868e+01    3.0213539205e+01   -1.0430188677e+02    8.3327745324e+00    2.0480000000e+03    5.6596321519e-03    5.9185014205e-01
       298   -4.6491509247e+01    2.1619730344e+03   -6.5434541041e+01    1.8943031794e+01    3.0184436425e+01   -1.0406712451e+02    8.4481470407e+00    2.0480000000e+03    5.6784118060e-03    5.9382102273e-01
       299   -4.6509130921e+01    2.1635686575e+03   -6.5757793901e+01    1.9248662980e+01    3.0096075104e+01   -1.0384839028e+02    7.9945212735e+00    2.0480000000e+03    5.6694478262e-03    5.9087357955e-01
