#   index    LocalEnergy         LocalEnergy_sq      LocalPotential      Kinetic             ElecElec            LocalECP            NonLocalECP         BlockWeight         BlockCPU            AcceptRatio         
         0   -4.6471740035e+01    2.1601808999e+03   -6.5745958406e+01    1.9274218371e+01    3.0169082919e+01   -1.0432917946e+02    8.4141381310e+00    2.0480000000e+03    5.9646831360e-03    5.9253373580e-01
         1   -4.6502682847e+01    2.1632212840e+03   -6.5771960750e+01    1.9269277902e+01    3.0295227766e+01   -1.0422526906e+02    8.1580805421e+00    2.0480000000e+03    5.8575633448e-03    5.8934659091e-01
         2   -4.6479576167e+01    2.1609381948e+03   -6.5999792526e+01    1.9520216359e+01    3.0262440347e+01   -1.0408792625e+02    7.8256933751e+00    2.0480000000e+03    5.8192771394e-03    5.9165482955e-01
         3   -4.6466530690e+01    2.1596103654e+03   -6.5296960224e+01    1.8830429533e+01    3.0095330596e+01   -1.0363256054e+02    8.2402697202e+00    2.0480000000e+03    5.7580952998e-03    5.9048295455e-01
         4   -4.6515875033e+01    2.1642611399e+03   -6.5769695915e+01    1.9253820882e+01    3.0148338455e+01   -1.0361704440e+02    7.6990100308e+00    2.0480000000e+03    5.7592575904e-03    5.9125532670e-01
         5   -4.6466000935e+01    2.1596369139e+03   -6.5659194061e+01    1.9193193126e+01    3.0276695004e+01   -1.0424313903e+02    8.3072499690e+00    2.0480000000e+03    5.7534202933e-03    5.9084694602e-01
         6   -4.6486661286e+01    2.1615764215e+03   -6.5644562786e+01    1.9157901499e+01    3.0166720660e+01   -1.0385179124e+02    8.0405077978e+00    2.0480000000e+03    5.7251348626e-03    5.9071377841e-01
         7   -4.6505088882e+01    2.1633170587e+03   -6.5540455554e+01    1.9035366672e+01    2.9932613761e+01   -1.0378063562e+02    8.3075663090e+00    2.0480000000e+03    5.7048737071e-03    5.9067826705e-01
         8   -4.6490882273e+01    2.1620018432e+03   -6.5650038901e+01    1.9159156628e+01    3.0185264049e+01   -1.0400662426e+02    8.1713213050e+00    2.0480000000e+03    5.7045025751e-03    5.9145063920e-01
         9   -4.6449485837e+01    2.1582371157e+03   -6.5576996256e+01    1.9127510419e+01    3.0108813785e+01   -1.0385925305e+02    8.1734430047e+00    2.0480000000e+03    5.6933679152e-03    5.8959517045e-01
        10   -4.6508290437e+01    2.1637272208e+03   -6.5841513245e+01    1.9333222809e+01    3.0072282099e+01   -1.0416233028e+02    8.2485349405e+00    2.0480000000e+03    5.6890514679e-03    5.8971058239e-01
        11   -4.6469722472e+01    2.1602408641e+03   -6.5977315433e+01    1.9507592960e+01    3.0288005425e+01   -1.0435639151e+02    8.0910706520e+00    2.0480000000e+03    5.6952522136e-03    5.9052734375e-01
        12   -4.6484402095e+01    2.1613976294e+03   -6.5671194970e+01    1.9186792875e+01    3.0331701655e+01   -1.0444515201e+02    8.4422553823e+00    2.0480000000e+03    5.7106183376e-03    5.9280007102e-01
        13   -4.6541649621e+01    2.1667242342e+03   -6.5566789615e+01    1.9025139994e+01    3.0202111960e+01   -1.0436498533e+02    8.5960837544e+00    2.0480000000e+03    5.6965169497e-03    5.9034978693e-01
        14   -4.6494420459e+01    2.1622737588e+03   -6.5940150872e+01    1.9445730413e+01    3.0243645458e+01   -1.0462728768e+02    8.4434913512e+00    2.0480000000e+03    5.7035363279e-03    5.9278231534e-01
        15   -4.6510916615e+01    2.1641861663e+03   -6.5720311962e+01    1.9209395347e+01    3.0322243712e+01   -1.0460502852e+02    8.5624728428e+00    2.0480000000e+03    5.6917108595e-03    5.9033203125e-01
        16   -4.6511018921e+01    2.1638169745e+03   -6.5932746659e+01    1.9421727738e+01    3.0156099750e+01   -1.0433158675e+02    8.2427403442e+00    2.0480000000e+03    5.7102178689e-03    5.9319069602e-01
        17   -4.6505163961e+01    2.1634468398e+03   -6.5698164731e+01    1.9193000769e+01    3.0136737449e+01   -1.0428059967e+02    8.4456974891e+00    2.0480000000e+03    5.6901937351e-03    5.9016335227e-01
        18   -4.6517981577e+01    2.1646911146e+03   -6.5831879244e+01    1.9313897667e+01    3.0130156040e+01   -1.0417848946e+02    8.2164541784e+00    2.0480000000e+03    5.6912822183e-03    5.9405184659e-01
        19   -4.6487284856e+01    2.1616232193e+03   -6.5623966661e+01    1.9136681804e+01    3.0171961528e+01   -1.0407843257e+02    8.2825043799e+00    2.0480000000e+03    5.6955146138e-03    5.9178799716e-01
        20   -4.6490566301e+01    2.1620094869e+03   -6.5766898462e+01    1.9276332160e+01    3.0170152200e+01   -1.0420304702e+02    8.2659963536e+00    2.0480000000e+03    5.6854360737e-03    5.9054509943e-01
        21   -4.6510649733e+01    2.1638475477e+03   -6.5579525643e+01    1.9068875909e+01    3.0182120635e+01   -1.0398719874e+02    8.2255524651e+00    2.0480000000e+03    5.7029749732e-03    5.9349254261e-01
        22   -4.6499175668e+01    2.1627491538e+03   -6.5673573887e+01    1.9174398219e+01    3.0163951209e+01   -1.0388265315e+02    8.0451280575e+00    2.0480000000e+03    5.6857771706e-03    5.9087357955e-01
        23   -4.6491266884e+01    2.1620597779e+03   -6.5685001105e+01    1.9193734220e+01    3.0195167685e+01   -1.0407077283e+02    8.1906040366e+00    2.0480000000e+03    5.6815962307e-03    5.9154829545e-01
        24   -4.6489715769e+01    2.1618895825e+03   -6.5850411431e+01    1.9360695662e+01    3.0243814949e+01   -1.0433250105e+02    8.2382746690e+00    2.0480000000e+03    5.6761566084e-03    5.9070490057e-01
        25   -4.6492735183e+01    2.1626802039e+03   -6.6099412681e+01    1.9606677498e+01    3.0327988870e+01   -1.0475064907e+02    8.3232475145e+00    2.0480000000e+03    5.6724203750e-03    5.9064275568e-01
        26   -4.6513662129e+01    2.1641382059e+03   -6.5662285727e+01    1.9148623597e+01    3.0210120092e+01   -1.0427463118e+02    8.4022253578e+00    2.0480000000e+03    5.6838293094e-03    5.9352805398e-01
        27   -4.6501471154e+01    2.1629563513e+03   -6.5808231263e+01    1.9306760109e+01    3.0240049913e+01   -1.0450893964e+02    8.4606584650e+00    2.0480000000e+03    5.6818185840e-03    5.9279119318e-01
        28   -4.6516008428e+01    2.1644405533e+03   -6.5671850538e+01    1.9155842110e+01    3.0259598101e+01   -1.0411436048e+02    8.1829118427e+00    2.0480000000e+03    5.6898293551e-03    5.9318181818e-01
        29   -4.6518067583e+01    2.1645269987e+03   -6.5720953572e+01    1.9202885989e+01    3.0254027947e+01   -1.0420011645e+02    8.2251349266e+00    2.0480000000e+03    5.6785792112e-03    5.9154829545e-01
        30   -4.6467988814e+01    2.1600101736e+03   -6.5546871814e+01    1.9078883000e+01    3.0199991856e+01   -1.0426722157e+02    8.5203578964e+00    2.0480000000e+03    5.6712324731e-03    5.8901811080e-01
        31   -4.6527469602e+01    2.1654735374e+03   -6.5715737259e+01    1.9188267657e+01    3.0143055103e+01   -1.0428090997e+02    8.4221176042e+00    2.0480000000e+03    5.6724087335e-03    5.9153053977e-01
        32   -4.6493511231e+01    2.1627497353e+03   -6.5544453637e+01    1.9050942406e+01    3.0174159795e+01   -1.0384620587e+02    8.1275924346e+00    2.0480000000e+03    5.6742744055e-03    5.8884055398e-01
        33   -4.6494160644e+01    2.1623904599e+03   -6.5845363247e+01    1.9351202602e+01    3.0245342621e+01   -1.0453390034e+02    8.4431944689e+00    2.0480000000e+03    5.6837019511e-03    5.9181463068e-01
        34   -4.6479073393e+01    2.1608066001e+03   -6.6025829374e+01    1.9546755980e+01    3.0194066462e+01   -1.0455360131e+02    8.3337054726e+00    2.0480000000e+03    5.6717274711e-03    5.9077592330e-01
        35   -4.6493040612e+01    2.1623309168e+03   -6.5773835489e+01    1.9280794877e+01    3.0365120248e+01   -1.0454428138e+02    8.4053256407e+00    2.0480000000e+03    5.6749291252e-03    5.9034090909e-01
        36   -4.6491367924e+01    2.1621321418e+03   -6.5626029928e+01    1.9134662004e+01    3.0302366626e+01   -1.0445567546e+02    8.5272789061e+00    2.0480000000e+03    5.6798865553e-03    5.9166370739e-01
        37   -4.6501163384e+01    2.1629146720e+03   -6.5827326630e+01    1.9326163247e+01    3.0243217279e+01   -1.0446376814e+02    8.3932242341e+00    2.0480000000e+03    5.6689642370e-03    5.8908025568e-01
        38   -4.6478874680e+01    2.1608913048e+03   -6.5471787940e+01    1.8992913260e+01    3.0031404656e+01   -1.0382984741e+02    8.3266548161e+00    2.0480000000e+03    5.6703337468e-03    5.9124644886e-01
        39   -4.6490993013e+01    2.1621005114e+03   -6.5680227991e+01    1.9189234978e+01    3.0145562577e+01   -1.0373008542e+02    7.9042948501e+00    2.0480000000e+03    5.6771053933e-03    5.9212535511e-01
        40   -4.6460664409e+01    2.1641497745e+03   -6.5889077350e+01    1.9428412941e+01    3.0120915775e+01   -1.0413060965e+02    8.1206165275e+00    2.0480000000e+03    5.6823045015e-03    5.9308416193e-01
        41   -4.6496171977e+01    2.1624760934e+03   -6.6000249217e+01    1.9504077240e+01    3.0150831107e+01   -1.0404820707e+02    7.8971267425e+00    2.0480000000e+03    5.6849427056e-03    5.9146839489e-01
        42   -4.6484419979e+01    2.1613724579e+03   -6.5792796375e+01    1.9308376396e+01    3.0230116610e+01   -1.0442650184e+02    8.4035888506e+00    2.0480000000e+03    5.6848370004e-03    5.9197443182e-01
        43   -4.6509834133e+01    2.1638894683e+03   -6.5604580210e+01    1.9094746077e+01    3.0126681609e+01   -1.0414374599e+02    8.4124841681e+00    2.0480000000e+03    5.6742518209e-03    5.9209872159e-01
        44   -4.6481804694e+01    2.1611887568e+03   -6.5657890804e+01    1.9176086111e+01    3.0268838701e+01   -1.0458849651e+02    8.6617670026e+00    2.0480000000e+03    5.6675104424e-03    5.9158380682e-01
        45   -4.6457677662e+01    2.1588965962e+03   -6.5986131096e+01    1.9528453433e+01    3.0131798773e+01   -1.0424592708e+02    8.1279972108e+00    2.0480000000e+03    5.6615031790e-03    5.8998579545e-01
        46   -4.6471736972e+01    2.1605379890e+03   -6.5604041915e+01    1.9132304943e+01    3.0105928067e+01   -1.0404454393e+02    8.3345739469e+00    2.0480000000e+03    5.6653560605e-03    5.9107776989e-01
        47   -4.6493101686e+01    2.1621791096e+03   -6.5615573178e+01    1.9122471492e+01    3.0091405013e+01   -1.0369469561e+02    7.9877174211e+00    2.0480000000e+03    5.6670417544e-03    5.9121981534e-01
        48   -4.6484689114e+01    2.1613795519e+03   -6.5561749085e+01    1.9077059971e+01    3.0150096500e+01   -1.0352592121e+02    7.8140756272e+00    2.0480000000e+03    5.6791673414e-03    5.9049183239e-01
        49   -4.6474254287e+01    2.1606573538e+03   -6.5556932021e+01    1.9082677734e+01    3.0262792342e+01   -1.0450697317e+02    8.6872488041e+00    2.0480000000e+03    5.6925020181e-03    5.9253373580e-01
        50   -4.6492867679e+01    2.1621386475e+03   -6.5781913910e+01    1.9289046230e+01    3.0219626672e+01   -1.0406218156e+02    8.0606409813e+00    2.0480000000e+03    5.6904351804e-03    5.9167258523e-01
        51   -4.6494443395e+01    2.1622577460e+03   -6.5583700239e+01    1.9089256844e+01    3.0227987288e+01   -1.0388471963e+02    8.0730321030e+00    2.0480000000e+03    5.7195820846e-03    5.9474431818e-01
        52   -4.6485840118e+01    2.1616236719e+03   -6.5731336788e+01    1.9245496670e+01    3.0122046470e+01   -1.0382926757e+02    7.9758843114e+00    2.0480000000e+03    5.6959257927e-03    5.9256924716e-01
        53   -4.6488164983e+01    2.1618459979e+03   -6.5341337777e+01    1.8853172794e+01    3.0182692531e+01   -1.0359097679e+02    8.0669464844e+00    2.0480000000e+03    5.6845929939e-03    5.9217862216e-01
        54   -4.6499119040e+01    2.1628846635e+03   -6.5910141719e+01    1.9411022678e+01    3.0124594197e+01   -1.0405385498e+02    8.0191190616e+00    2.0480000000e+03    5.6602919940e-03    5.8936434659e-01
        55   -4.6461659320e+01    2.1592842218e+03   -6.5914902620e+01    1.9453243301e+01    3.0109895417e+01   -1.0385600641e+02    7.8312083703e+00    2.0480000000e+03    5.6653895881e-03    5.8977272727e-01
        56   -4.6503219739e+01    2.1630956816e+03   -6.5707460279e+01    1.9204240540e+01    3.0108440547e+01   -1.0379240922e+02    7.9765083902e+00    2.0480000000e+03    5.6767219212e-03    5.9059836648e-01
        57   -4.6509174740e+01    2.1638675813e+03   -6.5753008437e+01    1.9243833697e+01    3.0102134984e+01   -1.0382840072e+02    7.9732572972e+00    2.0480000000e+03    5.6734846439e-03    5.9185014205e-01
        58   -4.6491425128e+01    2.1624071755e+03   -6.5761490784e+01    1.9270065656e+01    3.0180729149e+01   -1.0437074894e+02    8.4285290037e+00    2.0480000000e+03    5.6708254851e-03    5.8956853693e-01
        59   -4.6453781583e+01    2.1586775776e+03   -6.5635520034e+01    1.9181738450e+01    3.0174109385e+01   -1.0407641780e+02    8.2667883815e+00    2.0480000000e+03    5.6506078690e-03    5.8862748580e-01
        60   -4.6488858832e+01    2.1617335894e+03   -6.5505520372e+01    1.9016661539e+01    3.0066153505e+01   -1.0342574933e+02    7.8540754509e+00    2.0480000000e+03    5.6592461187e-03    5.9216086648e-01
        61   -4.6482386635e+01    2.1611894371e+03   -6.5766684066e+01    1.9284297431e+01    3.0222845076e+01   -1.0409998293e+02    8.1104537848e+00    2.0480000000e+03    5.6849375833e-03    5.9192116477e-01
        62   -4.6541658271e+01    2.1668433474e+03   -6.6074042006e+01    1.9532383735e+01    3.0387399738e+01   -1.0481984047e+02    8.3583987217e+00    2.0480000000e+03    5.6869713590e-03    5.9122869318e-01
        63   -4.6501702296e+01    2.1630911121e+03   -6.5698731987e+01    1.9197029691e+01    3.0276292504e+01   -1.0405986278e+02    8.0848382897e+00    2.0480000000e+03    5.6861867197e-03    5.9174360795e-01
        64   -4.6492156040e+01    2.1621612714e+03   -6.5577017602e+01    1.9084861563e+01    3.0124508998e+01   -1.0402976042e+02    8.3282338220e+00    2.0480000000e+03    5.6784492917e-03    5.9214311080e-01
        65   -4.6502723138e+01    2.1639000494e+03   -6.5403365419e+01    1.8900642281e+01    3.0131600928e+01   -1.0438748458e+02    8.8525182313e+00    2.0480000000e+03    5.6664312724e-03    5.9113991477e-01
        66   -4.6485729497e+01    2.1615977482e+03   -6.5875111044e+01    1.9389381547e+01    3.0202950986e+01   -1.0449735187e+02    8.4192898388e+00    2.0480000000e+03    5.6818004232e-03    5.9371448864e-01
        67   -4.6505052298e+01    2.1632657358e+03   -6.5691353950e+01    1.9186301652e+01    3.0129691154e+01   -1.0377393977e+02    7.9528946693e+00    2.0480000000e+03    5.6670538615e-03    5.9098011364e-01
        68   -4.6484942431e+01    2.1614935501e+03   -6.5820710213e+01    1.9335767782e+01    3.0113921556e+01   -1.0381078385e+02    7.8761520772e+00    2.0480000000e+03    5.6765200570e-03    5.9455788352e-01
        69   -4.6473568532e+01    2.1604188899e+03   -6.5792767386e+01    1.9319198854e+01    3.0206045636e+01   -1.0441896242e+02    8.4201493960e+00    2.0480000000e+03    5.6582435500e-03    5.8931107955e-01
        70   -4.6449014651e+01    2.1580876729e+03   -6.5821503045e+01    1.9372488395e+01    3.0191937393e+01   -1.0441963050e+02    8.4061900561e+00    2.0480000000e+03    5.6791964453e-03    5.9080255682e-01
        71   -4.6533135229e+01    2.1658869083e+03   -6.5535734273e+01    1.9002599044e+01    3.0074463773e+01   -1.0367783151e+02    8.0676334666e+00    2.0480000000e+03    5.6766492780e-03    5.8821022727e-01
        72   -4.6509632710e+01    2.1638475210e+03   -6.5663009412e+01    1.9153376702e+01    3.0295065759e+01   -1.0437025182e+02    8.4121766524e+00    2.0480000000e+03    5.6915318128e-03    5.9338600852e-01
        73   -4.6538346103e+01    2.1669032486e+03   -6.6270692592e+01    1.9732346489e+01    3.0210554621e+01   -1.0459466213e+02    8.1134149212e+00    2.0480000000e+03    5.6873834692e-03    5.9011008523e-01
        74   -4.6477596479e+01    2.1607871014e+03   -6.5696263562e+01    1.9218667083e+01    3.0082863083e+01   -1.0405762802e+02    8.2785013697e+00    2.0480000000e+03    5.6843331549e-03    5.8996803977e-01
        75   -4.6497281923e+01    2.1625985323e+03   -6.5535768284e+01    1.9038486361e+01    3.0145656840e+01   -1.0379717357e+02    8.1157484433e+00    2.0480000000e+03    5.6974797044e-03    5.9426491477e-01
        76   -4.6482229909e+01    2.1616174358e+03   -6.5394349183e+01    1.8912119275e+01    3.0116712945e+01   -1.0385201273e+02    8.3409506049e+00    2.0480000000e+03    5.6777892169e-03    5.9031427557e-01
        77   -4.6507212233e+01    2.1635909155e+03   -6.5752409182e+01    1.9245196950e+01    3.0077186699e+01   -1.0385438089e+02    8.0247850128e+00    2.0480000000e+03    5.6668319739e-03    5.8870738636e-01
        78   -4.6479536896e+01    2.1609960907e+03   -6.5493444170e+01    1.9013907274e+01    3.0081962890e+01   -1.0390628457e+02    8.3308775077e+00    2.0480000000e+03    5.6551231537e-03    5.8940873580e-01
        79   -4.6509730813e+01    2.1636710048e+03   -6.5649272549e+01    1.9139541736e+01    3.0158922328e+01   -1.0429754785e+02    8.4893529745e+00    2.0480000000e+03    5.6645090226e-03    5.9011896307e-01
        80   -4.6468363803e+01    2.1599303256e+03   -6.5483205976e+01    1.9014842173e+01    3.0066147192e+01   -1.0398396847e+02    8.4346152980e+00    2.0480000000e+03    5.6659146212e-03    5.9003906250e-01
        81   -4.6464317143e+01    2.1595830431e+03   -6.5545347172e+01    1.9081030029e+01    3.0044908242e+01   -1.0368855997e+02    8.0983045555e+00    2.0480000000e+03    5.6627376471e-03    5.9090021307e-01
        82   -4.6497814066e+01    2.1626078085e+03   -6.5704621738e+01    1.9206807671e+01    3.0084833050e+01   -1.0407583328e+02    8.2863784953e+00    2.0480000000e+03    5.6880295742e-03    5.9359019886e-01
        83   -4.6489053557e+01    2.1617967337e+03   -6.5881237811e+01    1.9392184254e+01    3.0331329199e+01   -1.0433010080e+02    8.1175337927e+00    2.0480000000e+03    5.6875471491e-03    5.9235617898e-01
        84   -4.6497333859e+01    2.1626070272e+03   -6.5665555859e+01    1.9168222000e+01    3.0190283007e+01   -1.0436342926e+02    8.5075903975e+00    2.0480000000e+03    5.6842034683e-03    5.9253373580e-01
        85   -4.6484789194e+01    2.1616629479e+03   -6.5840818047e+01    1.9356028853e+01    3.0212216881e+01   -1.0415426739e+02    8.1012324625e+00    2.0480000000e+03    5.6630459148e-03    5.9197443182e-01
        86   -4.6491853041e+01    2.1622200305e+03   -6.5723230307e+01    1.9231377266e+01    3.0316063717e+01   -1.0454412830e+02    8.5048342794e+00    2.0480000000e+03    5.6701116264e-03    5.8824573864e-01
        87   -4.6481391588e+01    2.1611183277e+03   -6.5769734911e+01    1.9288343323e+01    3.0219906640e+01   -1.0421671651e+02    8.2270749602e+00    2.0480000000e+03    5.6636531372e-03    5.8940873580e-01
        88   -4.6498130311e+01    2.1627584747e+03   -6.5765956642e+01    1.9267826332e+01    3.0147086699e+01   -1.0380157387e+02    7.8885305242e+00    2.0480000000e+03    5.6899390183e-03    5.9282670455e-01
        89   -4.6461699260e+01    2.1592353662e+03   -6.5747841108e+01    1.9286141848e+01    3.0295368326e+01   -1.0464040097e+02    8.5971915397e+00    2.0480000000e+03    5.6883320212e-03    5.9277343750e-01
        90   -4.6493351570e+01    2.1621829779e+03   -6.5770901695e+01    1.9277550125e+01    3.0201747655e+01   -1.0434752529e+02    8.3748759385e+00    2.0480000000e+03    5.6960876100e-03    5.9261363636e-01
        91   -4.6514538524e+01    2.1642542134e+03   -6.5875110700e+01    1.9360572177e+01    3.0210485270e+01   -1.0415307251e+02    8.0674765375e+00    2.0480000000e+03    5.6926987600e-03    5.8829900568e-01
        92   -4.6505291078e+01    2.1634082516e+03   -6.5957766912e+01    1.9452475835e+01    3.0243301158e+01   -1.0479595918e+02    8.5948911100e+00    2.0480000000e+03    5.6748986244e-03    5.8978160511e-01
        93   -4.6511619448e+01    2.1638442866e+03   -6.5542630727e+01    1.9031011279e+01    3.0161940151e+01   -1.0420643881e+02    8.5018679276e+00    2.0480000000e+03    5.6804397609e-03    5.9151278409e-01
        94   -4.6487088214e+01    2.1615792251e+03   -6.5725616907e+01    1.9238528693e+01    3.0245829233e+01   -1.0412278641e+02    8.1513402728e+00    2.0480000000e+03    5.6854900904e-03    5.9173473011e-01
        95   -4.6488677688e+01    2.1617425690e+03   -6.5653563801e+01    1.9164886113e+01    3.0242084241e+01   -1.0403928425e+02    8.1436362112e+00    2.0480000000e+03    5.6708548218e-03    5.9000355114e-01
        96   -4.6486896396e+01    2.1616647118e+03   -6.5452353934e+01    1.8965457538e+01    3.0083230060e+01   -1.0390253447e+02    8.3669504710e+00    2.0480000000e+03    5.6663879659e-03    5.9146839489e-01
        97   -4.6479489827e+01    2.1609087974e+03   -6.5685180421e+01    1.9205690594e+01    3.0195773387e+01   -1.0421261284e+02    8.3316590270e+00    2.0480000000e+03    5.6772055104e-03    5.9208984375e-01
        98   -4.6514469853e+01    2.1642038961e+03   -6.5989982904e+01    1.9475513052e+01    3.0177407942e+01   -1.0443977296e+02    8.2723821093e+00    2.0480000000e+03    5.6749300566e-03    5.9012784091e-01
        99   -4.6485251218e+01    2.1614053049e+03   -6.5829836562e+01    1.9344585344e+01    3.0121092010e+01   -1.0378368719e+02    7.8327586217e+00    2.0480000000e+03    5.6780348532e-03    5.9221413352e-01
       100   -4.6474783526e+01    2.1603694946e+03   -6.5569455431e+01    1.9094671905e+01    3.0039876950e+01   -1.0344521616e+02    7.8358837755e+00    2.0480000000e+03    5.6868765969e-03    5.8811257102e-01
       101   -4.6473319112e+01    2.1604057818e+03   -6.5534832383e+01    1.9061513271e+01    3.0146903392e+01   -1.0405471784e+02    8.3729820706e+00    2.0480000000e+03    5.6936005130e-03    5.9499289773e-01
       102   -4.6481880357e+01    2.1613312996e+03   -6.5321660818e+01    1.8839780461e+01    3.0036198349e+01   -1.0378505782e+02    8.4271986522e+00    2.0480000000e+03    5.6787747890e-03    5.9185014205e-01
       103   -4.6478666972e+01    2.1608194317e+03   -6.5647503213e+01    1.9168836241e+01    3.0074076313e+01   -1.0375018440e+02    8.0286048782e+00    2.0480000000e+03    5.6644259021e-03    5.8896484375e-01
       104   -4.6509575304e+01    2.1637655988e+03   -6.5720718278e+01    1.9211142973e+01    3.0240103173e+01   -1.0435941210e+02    8.3985906503e+00    2.0480000000e+03    5.6670703925e-03    5.8986150568e-01
       105   -4.6468911521e+01    2.1601396805e+03   -6.5310059392e+01    1.8841147871e+01    3.0034221386e+01   -1.0376161602e+02    8.4173352446e+00    2.0480000000e+03    5.6656883098e-03    5.9241832386e-01
       106   -4.6479978117e+01    2.1609292224e+03   -6.5787143309e+01    1.9307165192e+01    3.0149800648e+01   -1.0408510245e+02    8.1481584930e+00    2.0480000000e+03    5.6740536820e-03    5.9005681818e-01
       107   -4.6523453011e+01    2.1650357301e+03   -6.5572977959e+01    1.9049524948e+01    3.0184595619e+01   -1.0404270234e+02    8.2851287625e+00    2.0480000000e+03    5.6789864320e-03    5.9134410511e-01
       108   -4.6493048445e+01    2.1621855919e+03   -6.5657193645e+01    1.9164145199e+01    3.0249884785e+01   -1.0419862717e+02    8.2915487376e+00    2.0480000000e+03    5.6738220155e-03    5.9280894886e-01
       109   -4.6473078241e+01    2.1604771740e+03   -6.5640449318e+01    1.9167371076e+01    3.0290784311e+01   -1.0422602646e+02    8.2947928294e+00    2.0480000000e+03    5.6816893630e-03    5.8938210227e-01
       110   -4.6468560880e+01    2.1598557053e+03   -6.5561849593e+01    1.9093288713e+01    3.0184027456e+01   -1.0377496581e+02    8.0290887605e+00    2.0480000000e+03    5.6855359580e-03    5.9341264205e-01
       111   -4.6508282170e+01    2.1636841474e+03   -6.5894933554e+01    1.9386651384e+01    3.0392286944e+01   -1.0454653405e+02    8.2593135560e+00    2.0480000000e+03    5.6789203081e-03    5.9212535511e-01
       112   -4.6492497312e+01    2.1622689000e+03   -6.5584787025e+01    1.9092289714e+01    3.0109812166e+01   -1.0370869603e+02    8.0140968415e+00    2.0480000000e+03    5.6851150002e-03    5.9191228693e-01
       113   -4.6495334841e+01    2.1628664526e+03   -6.5727779149e+01    1.9232444308e+01    3.0188009999e+01   -1.0415200941e+02    8.2362202649e+00    2.0480000000e+03    5.6792893447e-03    5.9108664773e-01
       114   -4.6500552947e+01    2.1631160812e+03   -6.5672369383e+01    1.9171816436e+01    3.0108342746e+01   -1.0439039441e+02    8.6096822856e+00    2.0480000000e+03    5.6737379637e-03    5.9325284091e-01
       115   -4.6523829013e+01    2.1650997456e+03   -6.5650532624e+01    1.9126703610e+01    3.0181765331e+01   -1.0408052202e+02    8.2482240662e+00    2.0480000000e+03    5.6753791869e-03    5.9255149148e-01
       116   -4.6504539421e+01    2.1633885705e+03   -6.5872230403e+01    1.9367690982e+01    3.0204447692e+01   -1.0434963334e+02    8.2729552495e+00    2.0480000000e+03    5.6832521223e-03    5.9329723011e-01
       117   -4.6505820132e+01    2.1634206478e+03   -6.5939061153e+01    1.9433241022e+01    3.0268725609e+01   -1.0442711530e+02    8.2193285383e+00    2.0480000000e+03    5.6835182477e-03    5.9286221591e-01
       118   -4.6497360520e+01    2.1628548435e+03   -6.5637504173e+01    1.9140143654e+01    3.0219170621e+01   -1.0405494254e+02    8.1982677447e+00    2.0480000000e+03    5.6880060583e-03    5.9270241477e-01
       119   -4.6510641811e+01    2.1639726780e+03   -6.5862384945e+01    1.9351743135e+01    3.0273473323e+01   -1.0470860273e+02    8.5727444651e+00    2.0480000000e+03    5.6746429764e-03    5.9137073864e-01
       120   -4.6481104170e+01    2.1611892241e+03   -6.5537317938e+01    1.9056213768e+01    3.0194339696e+01   -1.0386628959e+02    8.1346319528e+00    2.0480000000e+03    5.6820882019e-03    5.9109552557e-01
       121   -4.6495245622e+01    2.1625779989e+03   -6.5597907215e+01    1.9102661593e+01    3.0096330306e+01   -1.0364841045e+02    7.9541729330e+00    2.0480000000e+03    5.6774581317e-03    5.9139737216e-01
       122   -4.6478552535e+01    2.1607958595e+03   -6.5454606207e+01    1.8976053672e+01    3.0056810739e+01   -1.0359607711e+02    8.0846601596e+00    2.0480000000e+03    5.6803699117e-03    5.9283558239e-01
       123   -4.6500712515e+01    2.1630274988e+03   -6.5611452749e+01    1.9110740234e+01    3.0054349502e+01   -1.0379528257e+02    8.1294803190e+00    2.0480000000e+03    5.6708410848e-03    5.8955965909e-01
       124   -4.6491760519e+01    2.1620638394e+03   -6.5647482167e+01    1.9155721648e+01    3.0207119056e+01   -1.0385670636e+02    8.0021051414e+00    2.0480000000e+03    5.6902705692e-03    5.9509055398e-01
       125   -4.6491234944e+01    2.1619645737e+03   -6.5869857123e+01    1.9378622179e+01    3.0259690567e+01   -1.0420696439e+02    8.0774167024e+00    2.0480000000e+03    5.6897997856e-03    5.8955078125e-01
       126   -4.6502602625e+01    2.1631018697e+03   -6.5492522396e+01    1.8989919771e+01    3.0201619685e+01   -1.0415665992e+02    8.4625178367e+00    2.0480000000e+03    5.6871236302e-03    5.9206321023e-01
       127   -4.6493327067e+01    2.1622775872e+03   -6.5602837450e+01    1.9109510384e+01    3.0136850892e+01   -1.0392951349e+02    8.1898251517e+00    2.0480000000e+03    5.6734168902e-03    5.9155717330e-01
       128   -4.6471225161e+01    2.1602660101e+03   -6.5355916980e+01    1.8884691819e+01    3.0258146053e+01   -1.0398279192e+02    8.3687288907e+00    2.0480000000e+03    5.6798148435e-03    5.8870738636e-01
       129   -4.6512278306e+01    2.1639036709e+03   -6.5679905251e+01    1.9167626945e+01    3.0285905859e+01   -1.0394699539e+02    7.9811842781e+00    2.0480000000e+03    5.6977146305e-03    5.9392755682e-01
       130   -4.6487568868e+01    2.1616689809e+03   -6.5596070837e+01    1.9108501969e+01    3.0266306204e+01   -1.0406311012e+02    8.2007330801e+00    2.0480000000e+03    5.6829161476e-03    5.9094460227e-01
       131   -4.6509944711e+01    2.1637473253e+03   -6.5467397237e+01    1.8957452526e+01    3.0131124524e+01   -1.0380701939e+02    8.2084976331e+00    2.0480000000e+03    5.6677337270e-03    5.9088245739e-01
       132   -4.6499869227e+01    2.1628041019e+03   -6.5550246609e+01    1.9050377382e+01    3.0239066231e+01   -1.0426726107e+02    8.4779482342e+00    2.0480000000e+03    5.6672508363e-03    5.9118430398e-01
       133   -4.6495739459e+01    2.1624228309e+03   -6.5700598553e+01    1.9204859094e+01    3.0032489899e+01   -1.0367998947e+02    7.9469010196e+00    2.0480000000e+03    5.6665667798e-03    5.9157492898e-01
       134   -4.6486851639e+01    2.1616305804e+03   -6.5653333595e+01    1.9166481955e+01    3.0211834130e+01   -1.0409274609e+02    8.2275783610e+00    2.0480000000e+03    5.6856519077e-03    5.9189453125e-01
       135   -4.6497152962e+01    2.1625504395e+03   -6.5631856144e+01    1.9134703182e+01    3.0225926619e+01   -1.0433089567e+02    8.4731129118e+00    2.0480000000e+03    5.6889941916e-03    5.9153941761e-01
       136   -4.6490204629e+01    2.1620440216e+03   -6.5662068423e+01    1.9171863794e+01    3.0212985317e+01   -1.0398901777e+02    8.1139640250e+00    2.0480000000e+03    5.6743787136e-03    5.9242720170e-01
       137   -4.6473221328e+01    2.1605170989e+03   -6.5517378879e+01    1.9044157551e+01    3.0194733825e+01   -1.0424861874e+02    8.5365060377e+00    2.0480000000e+03    5.6603902485e-03    5.8945312500e-01
       138   -4.6493166015e+01    2.1621117329e+03   -6.5569263763e+01    1.9076097748e+01    3.0218188986e+01   -1.0372666670e+02    7.9392139559e+00    2.0480000000e+03    5.6893506553e-03    5.9208096591e-01
       139   -4.6476561210e+01    2.1609732088e+03   -6.5772901925e+01    1.9296340716e+01    3.0231544420e+01   -1.0395431048e+02    7.9498641382e+00    2.0480000000e+03    5.6856714655e-03    5.8970170455e-01
       140   -4.6472623406e+01    2.1602759736e+03   -6.5684311968e+01    1.9211688562e+01    3.0198075282e+01   -1.0446859520e+02    8.5862079479e+00    2.0480000000e+03    5.7082504500e-03    5.9219637784e-01
       141   -4.6499132723e+01    2.1629275667e+03   -6.5890560147e+01    1.9391427424e+01    3.0447589483e+01   -1.0506682326e+02    8.7286736265e+00    2.0480000000e+03    5.6994888000e-03    5.9360795455e-01
       142   -4.6505161483e+01    2.1634435739e+03   -6.5931943348e+01    1.9426781865e+01    3.0250434247e+01   -1.0457102696e+02    8.3886493666e+00    2.0480000000e+03    5.6815317366e-03    5.8941761364e-01
       143   -4.6483897505e+01    2.1619897007e+03   -6.5534790572e+01    1.9050893068e+01    3.0249238598e+01   -1.0459535717e+02    8.8113279973e+00    2.0480000000e+03    5.6889113039e-03    5.9200106534e-01
       144   -4.6479066640e+01    2.1609541979e+03   -6.5458691276e+01    1.8979624636e+01    3.0179863296e+01   -1.0392948297e+02    8.2909283965e+00    2.0480000000e+03    5.6705076713e-03    5.9109552557e-01
       145   -4.6459989716e+01    2.1591844904e+03   -6.5783983856e+01    1.9323994140e+01    3.0287137784e+01   -1.0426773852e+02    8.1966168759e+00    2.0480000000e+03    5.6796388235e-03    5.9194779830e-01
       146   -4.6504973653e+01    2.1632986707e+03   -6.5625453141e+01    1.9120479488e+01    3.0067814686e+01   -1.0381400618e+02    8.1207383510e+00    2.0480000000e+03    5.6601662654e-03    5.9217862216e-01
       147   -4.6499562308e+01    2.1631480797e+03   -6.5569338062e+01    1.9069775755e+01    3.0133021036e+01   -1.0393323456e+02    8.2308754647e+00    2.0480000000e+03    5.6692694779e-03    5.8992365057e-01
       148   -4.6488549422e+01    2.1617785459e+03   -6.5621504254e+01    1.9132954833e+01    3.0124300381e+01   -1.0397788819e+02    8.2320835593e+00    2.0480000000e+03    5.6540197693e-03    5.9000355114e-01
       149   -4.6512635850e+01    2.1640547302e+03   -6.5760374344e+01    1.9247738494e+01    3.0156011606e+01   -1.0420407659e+02    8.2876906425e+00    2.0480000000e+03    5.6722620502e-03    5.9069602273e-01
       150   -4.6479473517e+01    2.1609874689e+03   -6.5992125042e+01    1.9512651525e+01    3.0246649792e+01   -1.0429634472e+02    8.0575698848e+00    2.0480000000e+03    5.6681223214e-03    5.9199218750e-01
       151   -4.6487245513e+01    2.1617429671e+03   -6.5770730080e+01    1.9283484568e+01    3.0370392176e+01   -1.0438857961e+02    8.2474573552e+00    2.0480000000e+03    5.6738012936e-03    5.9129971591e-01
       152   -4.6487862292e+01    2.1617680080e+03   -6.5914774792e+01    1.9426912500e+01    3.0359043527e+01   -1.0430291249e+02    8.0290941696e+00    2.0480000000e+03    5.6844977662e-03    5.9233842330e-01
       153   -4.6455437671e+01    2.1587805415e+03   -6.5934515877e+01    1.9479078206e+01    3.0287173783e+01   -1.0434688288e+02    8.1251932173e+00    2.0480000000e+03    5.6805224158e-03    5.9185901989e-01
       154   -4.6493276007e+01    2.1622383557e+03   -6.5320446518e+01    1.8827170511e+01    3.0239622214e+01   -1.0445100722e+02    8.8909384880e+00    2.0480000000e+03    5.6706692558e-03    5.8999467330e-01
       155   -4.6503647811e+01    2.1632226576e+03   -6.5599235757e+01    1.9095587946e+01    3.0281462539e+01   -1.0412563806e+02    8.2449397625e+00    2.0480000000e+03    5.6854707655e-03    5.9090909091e-01
       156   -4.6498651812e+01    2.1627155214e+03   -6.5827400644e+01    1.9328748832e+01    3.0290411873e+01   -1.0440711853e+02    8.2893060129e+00    2.0480000000e+03    5.6769826915e-03    5.9078480114e-01
       157   -4.6501600275e+01    2.1630122164e+03   -6.5665705425e+01    1.9164105150e+01    3.0246608849e+01   -1.0444781950e+02    8.5355052229e+00    2.0480000000e+03    5.6653032079e-03    5.8864524148e-01
       158   -4.6458180001e+01    2.1591554557e+03   -6.5461701686e+01    1.9003521684e+01    3.0281420681e+01   -1.0452975542e+02    8.7866330547e+00    2.0480000000e+03    5.6931509171e-03    5.9114879261e-01
       159   -4.6503563373e+01    2.1632845686e+03   -6.5862025297e+01    1.9358461924e+01    3.0452003880e+01   -1.0473263478e+02    8.4186056066e+00    2.0480000000e+03    5.7227909565e-03    5.9555220170e-01
       160   -4.6490468281e+01    2.1621566761e+03   -6.5718891806e+01    1.9228423524e+01    3.0172648617e+01   -1.0428115230e+02    8.3896118752e+00    2.0480000000e+03    5.6938596535e-03    5.9302201705e-01
       161   -4.6471714030e+01    2.1602662204e+03   -6.5614212538e+01    1.9142498508e+01    3.0086487990e+01   -1.0393494087e+02    8.2342403452e+00    2.0480000000e+03    5.6817701552e-03    5.9374112216e-01
       162   -4.6488934948e+01    2.1617971605e+03   -6.5815712668e+01    1.9326777720e+01    3.0227127983e+01   -1.0414509555e+02    8.1022549020e+00    2.0480000000e+03    5.6798635051e-03    5.9200106534e-01
       163   -4.6473360636e+01    2.1603838395e+03   -6.5711245915e+01    1.9237885279e+01    3.0062581303e+01   -1.0393471819e+02    8.1608909755e+00    2.0480000000e+03    5.6967325509e-03    5.9061612216e-01
       164   -4.6524211099e+01    2.1656209527e+03   -6.5726171383e+01    1.9201960284e+01    3.0192674339e+01   -1.0406525233e+02    8.1464066097e+00    2.0480000000e+03    5.6727221236e-03    5.9093572443e-01
       165   -4.6514569709e+01    2.1644455915e+03   -6.5571787408e+01    1.9057217699e+01    3.0202115341e+01   -1.0409619218e+02    8.3222894336e+00    2.0480000000e+03    5.6874849834e-03    5.9008345170e-01
       166   -4.6528077613e+01    2.1659193212e+03   -6.5937753216e+01    1.9409675604e+01    3.0200195434e+01   -1.0435948961e+02    8.2215409600e+00    2.0480000000e+03    5.6728555355e-03    5.8923117898e-01
       167   -4.6517826521e+01    2.1644713844e+03   -6.5820700875e+01    1.9302874354e+01    3.0134732231e+01   -1.0392327962e+02    7.9678465145e+00    2.0480000000e+03    5.6644366123e-03    5.8989701705e-01
       168   -4.6496271214e+01    2.1629733226e+03   -6.5319167294e+01    1.8822896081e+01    3.0127113892e+01   -1.0363993133e+02    8.1936501430e+00    2.0480000000e+03    5.6854558643e-03    5.9210759943e-01
       169   -4.6480235760e+01    2.1609554027e+03   -6.6096179885e+01    1.9615944125e+01    3.0308275536e+01   -1.0481857529e+02    8.4141198731e+00    2.0480000000e+03    5.6685099844e-03    5.9066051136e-01
       170   -4.6502716826e+01    2.1630697964e+03   -6.5919061131e+01    1.9416344305e+01    3.0390822552e+01   -1.0468173926e+02    8.3718555796e+00    2.0480000000e+03    5.6843271013e-03    5.9191228693e-01
       171   -4.6504667692e+01    2.1632423080e+03   -6.5860879757e+01    1.9356212065e+01    3.0289380255e+01   -1.0394992271e+02    7.7996626982e+00    2.0480000000e+03    5.6838213932e-03    5.9078480114e-01
       172   -4.6492119908e+01    2.1621770667e+03   -6.6042579476e+01    1.9550459568e+01    3.0179789647e+01   -1.0439037034e+02    8.1680012134e+00    2.0480000000e+03    5.6780406740e-03    5.8845880682e-01
       173   -4.6499525262e+01    2.1629596738e+03   -6.5880049590e+01    1.9380524328e+01    3.0090301708e+01   -1.0395469341e+02    7.9843421083e+00    2.0480000000e+03    5.6760308798e-03    5.9146839489e-01
       174   -4.6480911121e+01    2.1610561177e+03   -6.5639688212e+01    1.9158777090e+01    3.0105952880e+01   -1.0388257248e+02    8.1369313916e+00    2.0480000000e+03    5.6618030649e-03    5.8883167614e-01
       175   -4.6507314717e+01    2.1634817430e+03   -6.5793931102e+01    1.9286616385e+01    3.0063096560e+01   -1.0381295653e+02    7.9559288660e+00    2.0480000000e+03    5.6813773699e-03    5.9129083807e-01
       176   -4.6484465304e+01    2.1613471888e+03   -6.5836840639e+01    1.9352375334e+01    3.0080546384e+01   -1.0410840515e+02    8.1910181322e+00    2.0480000000e+03    5.6618589442e-03    5.9042080966e-01
       177   -4.6499924065e+01    2.1629700146e+03   -6.5837826346e+01    1.9337902281e+01    3.0268514391e+01   -1.0458875652e+02    8.4824157831e+00    2.0480000000e+03    5.6895688176e-03    5.9351917614e-01
       178   -4.6486714383e+01    2.1616175513e+03   -6.5603818284e+01    1.9117103901e+01    3.0084040857e+01   -1.0374695429e+02    8.0590951495e+00    2.0480000000e+03    5.6739486754e-03    5.9149502841e-01
       179   -4.6465000237e+01    2.1595976068e+03   -6.5594718579e+01    1.9129718342e+01    3.0104686971e+01   -1.0429420799e+02    8.5948024433e+00    2.0480000000e+03    5.6787524372e-03    5.9025213068e-01
       180   -4.6555371165e+01    2.1680494679e+03   -6.5604376882e+01    1.9049005717e+01    3.0078663400e+01   -1.0398535545e+02    8.3023151669e+00    2.0480000000e+03    5.6800355669e-03    5.8947088068e-01
       181   -4.6518438886e+01    2.1645409011e+03   -6.5465453865e+01    1.8947014979e+01    3.0220102877e+01   -1.0388360411e+02    8.1980473693e+00    2.0480000000e+03    5.7113289367e-03    5.9772727273e-01
       182   -4.6498875311e+01    2.1628862231e+03   -6.5518677637e+01    1.9019802326e+01    3.0264820921e+01   -1.0443854607e+02    8.6550475164e+00    2.0480000000e+03    5.6799920276e-03    5.9283558239e-01
       183   -4.6504500056e+01    2.1633689607e+03   -6.6012048538e+01    1.9507548482e+01    3.0256162322e+01   -1.0417564988e+02    7.9074390243e+00    2.0480000000e+03    5.6799796876e-03    5.8995916193e-01
       184   -4.6488120923e+01    2.1618626309e+03   -6.5577199353e+01    1.9089078430e+01    3.0204922247e+01   -1.0423741289e+02    8.4552912864e+00    2.0480000000e+03    5.6682180148e-03    5.9081143466e-01
       185   -4.6490591954e+01    2.1620601236e+03   -6.5474052878e+01    1.8983460925e+01    2.9945612230e+01   -1.0374014102e+02    8.3204759077e+00    2.0480000000e+03    5.6544381659e-03    5.9040305398e-01
       186   -4.6508528885e+01    2.1636881313e+03   -6.5999449621e+01    1.9490920736e+01    3.0153441134e+01   -1.0422958885e+02    8.0766980947e+00    2.0480000000e+03    5.6571706664e-03    5.8829012784e-01
       187   -4.6502597092e+01    2.1630542680e+03   -6.5821112308e+01    1.9318515216e+01    3.0170315430e+01   -1.0387294676e+02    7.8815190203e+00    2.0480000000e+03    5.6684943847e-03    5.9283558239e-01
       188   -4.6519579068e+01    2.1648381629e+03   -6.5597837396e+01    1.9078258328e+01    3.0196126015e+01   -1.0397862925e+02    8.1846658354e+00    2.0480000000e+03    5.6829419918e-03    5.9174360795e-01
       189   -4.6496467816e+01    2.1628652372e+03   -6.5751207207e+01    1.9254739390e+01    3.0161152820e+01   -1.0389733824e+02    7.9849782167e+00    2.0480000000e+03    5.6734841783e-03    5.8998579545e-01
       190   -4.6513340227e+01    2.1640585522e+03   -6.5552946351e+01    1.9039606124e+01    3.0141325819e+01   -1.0405808401e+02    8.3638118393e+00    2.0480000000e+03    5.6832965929e-03    5.9185014205e-01
       191   -4.6476340347e+01    2.1607600737e+03   -6.5445683995e+01    1.8969343648e+01    3.0189344205e+01   -1.0383568510e+02    8.2006569017e+00    2.0480000000e+03    5.6790267117e-03    5.9205433239e-01
       192   -4.6496859606e+01    2.1624190035e+03   -6.5867878938e+01    1.9371019332e+01    3.0233979574e+01   -1.0410784474e+02    8.0059862244e+00    2.0480000000e+03    5.6806411594e-03    5.9011896307e-01
       193   -4.6467327743e+01    2.1597431727e+03   -6.5789396527e+01    1.9322068783e+01    3.0472143195e+01   -1.0462466140e+02    8.3631216805e+00    2.0480000000e+03    5.6794886477e-03    5.9045632102e-01
       194   -4.6491730908e+01    2.1621632349e+03   -6.5551997964e+01    1.9060267056e+01    3.0023381199e+01   -1.0369097726e+02    8.1155980953e+00    2.0480000000e+03    5.6734709069e-03    5.9192116477e-01
       195   -4.6500897484e+01    2.1628872830e+03   -6.5408531457e+01    1.8907633973e+01    3.0108585472e+01   -1.0410264743e+02    8.5855304999e+00    2.0480000000e+03    5.6560894009e-03    5.8918678977e-01
       196   -4.6496675627e+01    2.1624895205e+03   -6.5549758950e+01    1.9053083322e+01    3.0125175854e+01   -1.0413300502e+02    8.4580702203e+00    2.0480000000e+03    5.6615066715e-03    5.9090909091e-01
       197   -4.6511800412e+01    2.1639957265e+03   -6.5995254140e+01    1.9483453728e+01    3.0150345855e+01   -1.0457685861e+02    8.4312586156e+00    2.0480000000e+03    5.6788751390e-03    5.9070490057e-01
       198   -4.6513321353e+01    2.1639823150e+03   -6.5416596164e+01    1.8903274811e+01    2.9972181674e+01   -1.0341103492e+02    8.0222570846e+00    2.0480000000e+03    5.6566426065e-03    5.9011896307e-01
       199   -4.6458563308e+01    2.1590157157e+03   -6.5544404714e+01    1.9085841406e+01    3.0171128026e+01   -1.0385786862e+02    8.1423358764e+00    2.0480000000e+03    5.6660301052e-03    5.9074041193e-01
       200   -4.6501051232e+01    2.1630168459e+03   -6.5814693034e+01    1.9313641801e+01    3.0156319648e+01   -1.0419003835e+02    8.2190256658e+00    2.0480000000e+03    5.6779084262e-03    5.9356356534e-01
       201   -4.6512461482e+01    2.1640357639e+03   -6.5455802678e+01    1.8943341196e+01    3.0116344311e+01   -1.0388231475e+02    8.3101677562e+00    2.0480000000e+03    5.6681439746e-03    5.9204545455e-01
       202   -4.6474761341e+01    2.1604989001e+03   -6.5674578318e+01    1.9199816977e+01    3.0118624009e+01   -1.0383067540e+02    8.0374730742e+00    2.0480000000e+03    5.6611653417e-03    5.8970170455e-01
       203   -4.6506603453e+01    2.1633835304e+03   -6.5588519295e+01    1.9081915843e+01    3.0102094492e+01   -1.0368866399e+02    7.9980501985e+00    2.0480000000e+03    5.6770008523e-03    5.9453125000e-01
       204   -4.6470748882e+01    2.1600457981e+03   -6.5409499016e+01    1.8938750134e+01    3.0118503194e+01   -1.0368195942e+02    8.1539572073e+00    2.0480000000e+03    5.6530789007e-03    5.9225852273e-01
       205   -4.6491936583e+01    2.1619463512e+03   -6.5869069920e+01    1.9377133338e+01    3.0173236603e+01   -1.0391459791e+02    7.8722913894e+00    2.0480000000e+03    5.6691344362e-03    5.9108664773e-01
       206   -4.6533193192e+01    2.1660302676e+03   -6.5564646044e+01    1.9031452852e+01    3.0222546295e+01   -1.0417607384e+02    8.3888814971e+00    2.0480000000e+03    5.6699032430e-03    5.9078480114e-01
       207   -4.6485796692e+01    2.1616073162e+03   -6.5692620389e+01    1.9206823697e+01    3.0160097095e+01   -1.0420443344e+02    8.3517159545e+00    2.0480000000e+03    5.6702664588e-03    5.9051846591e-01
       208   -4.6470617938e+01    2.1601259142e+03   -6.5489598056e+01    1.9018980119e+01    3.0133972790e+01   -1.0433178195e+02    8.7082111029e+00    2.0480000000e+03    5.6675598025e-03    5.8926669034e-01
       209   -4.6460625144e+01    2.1591997616e+03   -6.5627824337e+01    1.9167199193e+01    3.0166432858e+01   -1.0414803000e+02    8.3537728005e+00    2.0480000000e+03    5.6715954561e-03    5.9104225852e-01
       210   -4.6484178199e+01    2.1613324613e+03   -6.5884490206e+01    1.9400312007e+01    3.0229062613e+01   -1.0440354773e+02    8.2899949119e+00    2.0480000000e+03    5.6663167197e-03    5.8747336648e-01
       211   -4.6496293749e+01    2.1626092375e+03   -6.6041976867e+01    1.9545683118e+01    3.0448786358e+01   -1.0494477345e+02    8.4540102208e+00    2.0480000000e+03    5.6912382133e-03    5.9192116477e-01
       212   -4.6488119626e+01    2.1616763087e+03   -6.5887557557e+01    1.9399437931e+01    3.0276666340e+01   -1.0468287191e+02    8.5186480112e+00    2.0480000000e+03    5.6889953557e-03    5.9353693182e-01
       213   -4.6484028032e+01    2.1614827519e+03   -6.5700256430e+01    1.9216228399e+01    3.0453733490e+01   -1.0508474228e+02    8.9307523610e+00    2.0480000000e+03    5.6829715613e-03    5.9082031250e-01
       214   -4.6489572526e+01    2.1619989102e+03   -6.5545098397e+01    1.9055525871e+01    3.0275117687e+01   -1.0435280331e+02    8.5325872289e+00    2.0480000000e+03    5.6806830689e-03    5.9326171875e-01
       215   -4.6506210626e+01    2.1634468344e+03   -6.5727303786e+01    1.9221093160e+01    3.0252851126e+01   -1.0421521065e+02    8.2350557392e+00    2.0480000000e+03    5.6725826580e-03    5.8987038352e-01
       216   -4.6469462334e+01    2.1601981539e+03   -6.6188220513e+01    1.9718758179e+01    3.0323551310e+01   -1.0484087026e+02    8.3290984415e+00    2.0480000000e+03    5.6843005586e-03    5.9152166193e-01
       217   -4.6483884176e+01    2.1612943376e+03   -6.5891467618e+01    1.9407583442e+01    3.0154646700e+01   -1.0432446505e+02    8.2783507299e+00    2.0480000000e+03    5.6688736659e-03    5.8943536932e-01
       218   -4.6480787801e+01    2.1610722962e+03   -6.5742800746e+01    1.9262012945e+01    3.0069591671e+01   -1.0356765357e+02    7.7552611484e+00    2.0480000000e+03    5.6894340087e-03    5.9095348011e-01
       219   -4.6483357430e+01    2.1616028533e+03   -6.5687070605e+01    1.9203713174e+01    3.0097195639e+01   -1.0413004616e+02    8.3457799180e+00    2.0480000000e+03    5.6625823490e-03    5.9110440341e-01
       220   -4.6465573797e+01    2.1598375571e+03   -6.5761618461e+01    1.9296044663e+01    3.0131953529e+01   -1.0439606608e+02    8.5024940931e+00    2.0480000000e+03    5.6679935660e-03    5.8997691761e-01
       221   -4.6484073691e+01    2.1613229480e+03   -6.5777428279e+01    1.9293354588e+01    3.0156975946e+01   -1.0419986539e+02    8.2654611686e+00    2.0480000000e+03    5.6651248597e-03    5.9058948864e-01
       222   -4.6477147115e+01    2.1607603188e+03   -6.5610161542e+01    1.9133014427e+01    3.0265364157e+01   -1.0421907003e+02    8.3435443299e+00    2.0480000000e+03    5.6604258716e-03    5.9097123580e-01
       223   -4.6512462007e+01    2.1640639635e+03   -6.5758076908e+01    1.9245614901e+01    3.0176024489e+01   -1.0357659219e+02    7.6424907941e+00    2.0480000000e+03    5.6737847626e-03    5.9232954545e-01
       224   -4.6461738066e+01    2.1592533036e+03   -6.5574627588e+01    1.9112889522e+01    3.0193258204e+01   -1.0336819707e+02    7.6003112746e+00    2.0480000000e+03    5.6704273447e-03    5.9050958807e-01
       225   -4.6506517370e+01    2.1636781236e+03   -6.5726710539e+01    1.9220193169e+01    3.0194321200e+01   -1.0423127367e+02    8.3102419270e+00    2.0480000000e+03    5.6869043037e-03    5.9452237216e-01
       226   -4.6478440400e+01    2.1607610818e+03   -6.5895196552e+01    1.9416756152e+01    3.0179262438e+01   -1.0400122401e+02    7.9267650175e+00    2.0480000000e+03    5.6822814513e-03    5.9319069602e-01
       227   -4.6503591609e+01    2.1632909672e+03   -6.5463705696e+01    1.8960114087e+01    3.0019359631e+01   -1.0392005168e+02    8.4369863484e+00    2.0480000000e+03    5.6703593582e-03    5.9310191761e-01
       228   -4.6474945409e+01    2.1606026767e+03   -6.5726082214e+01    1.9251136805e+01    3.0156311506e+01   -1.0404457416e+02    8.1621804383e+00    2.0480000000e+03    5.6732569356e-03    5.9027876420e-01
       229   -4.6460383480e+01    2.1592374402e+03   -6.5792181398e+01    1.9331797918e+01    3.0271951906e+01   -1.0425397560e+02    8.1898422986e+00    2.0480000000e+03    5.6690522470e-03    5.9080255682e-01
       230   -4.6468823862e+01    2.1598924765e+03   -6.5801185211e+01    1.9332361349e+01    3.0307600640e+01   -1.0456267001e+02    8.4538841559e+00    2.0480000000e+03    5.6802695617e-03    5.9134410511e-01
       231   -4.6471744223e+01    2.1602453108e+03   -6.5826220480e+01    1.9354476257e+01    3.0406929832e+01   -1.0495273326e+02    8.7195829455e+00    2.0480000000e+03    5.6767484639e-03    5.9264026989e-01
       232   -4.6472452508e+01    2.1602898860e+03   -6.5699322405e+01    1.9226869898e+01    3.0217657842e+01   -1.0404224295e+02    8.1252627049e+00    2.0480000000e+03    5.6753200479e-03    5.8962180398e-01
       233   -4.6508660187e+01    2.1636037611e+03   -6.5677157116e+01    1.9168496928e+01    3.0291466902e+01   -1.0446262861e+02    8.4940045946e+00    2.0480000000e+03    5.6664713193e-03    5.9018998580e-01
       234   -4.6492497040e+01    2.1620980532e+03   -6.5619422351e+01    1.9126925311e+01    3.0147762827e+01   -1.0396851929e+02    8.2013341094e+00    2.0480000000e+03    5.6666608434e-03    5.9145063920e-01
       235   -4.6510503347e+01    2.1637038431e+03   -6.5713594611e+01    1.9203091264e+01    3.0233112464e+01   -1.0391976197e+02    7.9730548945e+00    2.0480000000e+03    5.6722941808e-03    5.9195667614e-01
       236   -4.6500741316e+01    2.1628662987e+03   -6.5823518203e+01    1.9322776887e+01    3.0201119249e+01   -1.0420259995e+02    8.1779625009e+00    2.0480000000e+03    5.7602301240e-03    5.8916015625e-01
       237   -4.6465267207e+01    2.1596001461e+03   -6.5714142353e+01    1.9248875146e+01    3.0233977827e+01   -1.0406424354e+02    8.1161233639e+00    2.0480000000e+03    5.7139634155e-03    5.9394531250e-01
       238   -4.6500188823e+01    2.1630651769e+03   -6.6078679353e+01    1.9578490530e+01    3.0334234349e+01   -1.0420498480e+02    7.7920710986e+00    2.0480000000e+03    5.7038324885e-03    5.9176136364e-01
       239   -4.6528898477e+01    2.1654817700e+03   -6.6136106460e+01    1.9607207984e+01    3.0381425991e+01   -1.0457323224e+02    8.0556997921e+00    2.0480000000e+03    5.6989027653e-03    5.8949751420e-01
       240   -4.6492831939e+01    2.1622560539e+03   -6.5649071290e+01    1.9156239351e+01    3.0262683143e+01   -1.0429883327e+02    8.3870788371e+00    2.0480000000e+03    5.6981204543e-03    5.9417613636e-01
       241   -4.6509323909e+01    2.1637571252e+03   -6.5683478715e+01    1.9174154806e+01    3.0091334199e+01   -1.0358661062e+02    7.8117977067e+00    2.0480000000e+03    5.6780513842e-03    5.8765092330e-01
       242   -4.6487640690e+01    2.1617536196e+03   -6.5627547442e+01    1.9139906751e+01    3.0188684998e+01   -1.0413976536e+02    8.3235329241e+00    2.0480000000e+03    5.6906475220e-03    5.9324396307e-01
       243   -4.6512762468e+01    2.1641771906e+03   -6.6021313419e+01    1.9508550951e+01    3.0288196408e+01   -1.0468135453e+02    8.3718447067e+00    2.0480000000e+03    5.6974599138e-03    5.9179687500e-01
       244   -4.6490760939e+01    2.1620579550e+03   -6.5719728453e+01    1.9228967514e+01    3.0268752875e+01   -1.0410949857e+02    8.1210172377e+00    2.0480000000e+03    5.7025568094e-03    5.9232066761e-01
       245   -4.6466279340e+01    2.1596358292e+03   -6.5729864088e+01    1.9263584747e+01    3.0150104782e+01   -1.0363366534e+02    7.7536964658e+00    2.0480000000e+03    5.6869911496e-03    5.9248046875e-01
       246   -4.6498890758e+01    2.1626986293e+03   -6.5806804823e+01    1.9307914065e+01    3.0199197232e+01   -1.0394809308e+02    7.9420910255e+00    2.0480000000e+03    5.6719488930e-03    5.9082919034e-01
       247   -4.6543809093e+01    2.1671705355e+03   -6.5668044397e+01    1.9124235305e+01    3.0125161609e+01   -1.0424091364e+02    8.4477076315e+00    2.0480000000e+03    5.6783682667e-03    5.9183238636e-01
       248   -4.6502289458e+01    2.1631105299e+03   -6.5596408500e+01    1.9094119042e+01    3.0146828067e+01   -1.0406366558e+02    8.3204290113e+00    2.0480000000e+03    5.6728394702e-03    5.9025213068e-01
       249   -4.6458055024e+01    2.1589450677e+03   -6.5783462954e+01    1.9325407930e+01    3.0108471607e+01   -1.0396082934e+02    8.0688947798e+00    2.0480000000e+03    5.6878798641e-03    5.9351917614e-01
       250   -4.6464632213e+01    2.1595087472e+03   -6.5588698367e+01    1.9124066153e+01    3.0237924263e+01   -1.0384027909e+02    8.0136564613e+00    2.0480000000e+03    5.6751852389e-03    5.8868963068e-01
       251   -4.6491087724e+01    2.1620982173e+03   -6.5858842694e+01    1.9367754970e+01    3.0287207468e+01   -1.0455952651e+02    8.4134763449e+00    2.0480000000e+03    5.6781421881e-03    5.9089133523e-01
       252   -4.6487206752e+01    2.1616902740e+03   -6.5346236861e+01    1.8859030110e+01    3.0171090108e+01   -1.0373778208e+02    8.2204551110e+00    2.0480000000e+03    5.6859327015e-03    5.9476207386e-01
       253   -4.6484133984e+01    2.1613896539e+03   -6.5699373813e+01    1.9215239829e+01    3.0266740718e+01   -1.0427447293e+02    8.3083584002e+00    2.0480000000e+03    5.6924254168e-03    5.9229403409e-01
       254   -4.6483407043e+01    2.1614077178e+03   -6.5856226010e+01    1.9372818967e+01    3.0157924495e+01   -1.0415081383e+02    8.1366633257e+00    2.0480000000e+03    5.6740550790e-03    5.9059836648e-01
       255   -4.6479255093e+01    2.1608411999e+03   -6.5573003950e+01    1.9093748857e+01    3.0177428924e+01   -1.0395472084e+02    8.2042879632e+00    2.0480000000e+03    5.6882516947e-03    5.9297762784e-01
       256   -4.6487402158e+01    2.1616651230e+03   -6.5832090943e+01    1.9344688785e+01    3.0348033133e+01   -1.0431771194e+02    8.1375878638e+00    2.0480000000e+03    5.6890642736e-03    5.9210759943e-01
       257   -4.6496186692e+01    2.1625223442e+03   -6.5712374626e+01    1.9216187934e+01    3.0287143738e+01   -1.0412967209e+02    8.1301537277e+00    2.0480000000e+03    5.6818060111e-03    5.9191228693e-01
       258   -4.6487856458e+01    2.1616882481e+03   -6.5465175982e+01    1.8977319524e+01    3.0185594713e+01   -1.0428006699e+02    8.6292962957e+00    2.0480000000e+03    5.6818432640e-03    5.9321732955e-01
       259   -4.6502795179e+01    2.1630529889e+03   -6.5550814275e+01    1.9048019096e+01    2.9949650490e+01   -1.0379369908e+02    8.2932343161e+00    2.0480000000e+03    5.6582286488e-03    5.9265802557e-01
       260   -4.6465184605e+01    2.1596477837e+03   -6.5843167899e+01    1.9377983294e+01    3.0192368885e+01   -1.0444945978e+02    8.4139229956e+00    2.0480000000e+03    5.6581746321e-03    5.9176136364e-01
       261   -4.6478602020e+01    2.1609927023e+03   -6.5911827442e+01    1.9433225422e+01    3.0300818899e+01   -1.0448496650e+02    8.2723201592e+00    2.0480000000e+03    5.6599769741e-03    5.8942649148e-01
       262   -4.6508588126e+01    2.1636085105e+03   -6.5603518041e+01    1.9094929914e+01    3.0297543716e+01   -1.0447754976e+02    8.5764880029e+00    2.0480000000e+03    5.6593967602e-03    5.8924005682e-01
       263   -4.6499815066e+01    2.1631540732e+03   -6.5641726864e+01    1.9141911798e+01    3.0144629778e+01   -1.0380773938e+02    8.0213827380e+00    2.0480000000e+03    5.6780772284e-03    5.9224076705e-01
       264   -4.6500664620e+01    2.1628708383e+03   -6.5694850778e+01    1.9194186157e+01    3.0255148189e+01   -1.0413989439e+02    8.1898954279e+00    2.0480000000e+03    5.6782190222e-03    5.9240056818e-01
       265   -4.6483315907e+01    2.1612353192e+03   -6.5487988512e+01    1.9004672605e+01    3.0211525366e+01   -1.0399789478e+02    8.2983809041e+00    2.0480000000e+03    5.6695938110e-03    5.8993252841e-01
       266   -4.6474100833e+01    2.1604415894e+03   -6.5827010192e+01    1.9352909360e+01    3.0191289641e+01   -1.0392139794e+02    7.9030981036e+00    2.0480000000e+03    5.6484057568e-03    5.8810369318e-01
       267   -4.6491691343e+01    2.1621535212e+03   -6.5530005295e+01    1.9038313952e+01    3.0176733639e+01   -1.0394495735e+02    8.2382184128e+00    2.0480000000e+03    5.6636407971e-03    5.9238281250e-01
       268   -4.6487280874e+01    2.1618323070e+03   -6.5519110868e+01    1.9031829994e+01    3.0074918271e+01   -1.0379359906e+02    8.1995699243e+00    2.0480000000e+03    5.6527091656e-03    5.9183238636e-01
       269   -4.6481863719e+01    2.1612619703e+03   -6.5365089609e+01    1.8883225889e+01    3.0172402471e+01   -1.0404335866e+02    8.5058665784e+00    2.0480000000e+03    5.6437901221e-03    5.8999467330e-01
       270   -4.6478370961e+01    2.1607801712e+03   -6.5355855362e+01    1.8877484401e+01    3.0101510441e+01   -1.0395718600e+02    8.4998201956e+00    2.0480000000e+03    5.6435018778e-03    5.9029651989e-01
       271   -4.6466948874e+01    2.1597431844e+03   -6.5549428931e+01    1.9082480057e+01    3.0058221840e+01   -1.0396277522e+02    8.3551244536e+00    2.0480000000e+03    5.6612971239e-03    5.9158380682e-01
       272   -4.6492238609e+01    2.1624303545e+03   -6.5765443660e+01    1.9273205051e+01    3.0038703698e+01   -1.0394273334e+02    8.1385859802e+00    2.0480000000e+03    5.6613078341e-03    5.8980823864e-01
       273   -4.6493154320e+01    2.1621914437e+03   -6.5614294796e+01    1.9121140477e+01    3.0166757947e+01   -1.0429956894e+02    8.5185162015e+00    2.0480000000e+03    5.6700063869e-03    5.9032315341e-01
       274   -4.6480173584e+01    2.1610811068e+03   -6.5856124076e+01    1.9375950492e+01    3.0233689613e+01   -1.0459493275e+02    8.5051190664e+00    2.0480000000e+03    5.6802611798e-03    5.9160156250e-01
       275   -4.6494421713e+01    2.1623134560e+03   -6.5940000488e+01    1.9445578775e+01    3.0237309429e+01   -1.0442360996e+02    8.2463000467e+00    2.0480000000e+03    5.6731321383e-03    5.9126420455e-01
       276   -4.6480998420e+01    2.1610677833e+03   -6.5923473689e+01    1.9442475269e+01    3.0299237352e+01   -1.0454291894e+02    8.3202078999e+00    2.0480000000e+03    5.6824169587e-03    5.9022549716e-01
       277   -4.6458208601e+01    2.1590394157e+03   -6.5667931940e+01    1.9209723339e+01    3.0238338407e+01   -1.0445437298e+02    8.5481026376e+00    2.0480000000e+03    5.6599967647e-03    5.8990589489e-01
       278   -4.6489134427e+01    2.1619104203e+03   -6.5587842787e+01    1.9098708361e+01    3.0156196299e+01   -1.0400629593e+02    8.2622568459e+00    2.0480000000e+03    5.6648871396e-03    5.8878728693e-01
       279   -4.6485224764e+01    2.1615761757e+03   -6.5803532866e+01    1.9318308102e+01    3.0283136240e+01   -1.0451994484e+02    8.4332757358e+00    2.0480000000e+03    5.6726422627e-03    5.8950639205e-01
       280   -4.6490968688e+01    2.1620140547e+03   -6.5551199693e+01    1.9060231005e+01    3.0087376609e+01   -1.0430499230e+02    8.6664159977e+00    2.0480000000e+03    5.6543375831e-03    5.8960404830e-01
       281   -4.6488042800e+01    2.1617768810e+03   -6.5929289707e+01    1.9441246907e+01    3.0365835818e+01   -1.0514123069e+02    8.8461051638e+00    2.0480000000e+03    5.6695742533e-03    5.8962180398e-01
       282   -4.6476539117e+01    2.1606875061e+03   -6.5795848249e+01    1.9319309132e+01    3.0105071639e+01   -1.0386597172e+02    7.9650518350e+00    2.0480000000e+03    5.6693491060e-03    5.9011008523e-01
       283   -4.6478887801e+01    2.1608493135e+03   -6.5718574144e+01    1.9239686343e+01    3.0097103983e+01   -1.0378061110e+02    7.9649329687e+00    2.0480000000e+03    5.6663928553e-03    5.9330610795e-01
       284   -4.6473503232e+01    2.1604077301e+03   -6.5396958348e+01    1.8923455116e+01    3.0137670671e+01   -1.0405487451e+02    8.5202454933e+00    2.0480000000e+03    5.6571047753e-03    5.9137961648e-01
       285   -4.6484440895e+01    2.1615027655e+03   -6.5139483858e+01    1.8655042963e+01    2.9882605128e+01   -1.0279831643e+02    7.7762274401e+00    2.0480000000e+03    5.6453105062e-03    5.9050071023e-01
       286   -4.6463068192e+01    2.1593861069e+03   -6.5502625588e+01    1.9039557396e+01    3.0131765006e+01   -1.0375599941e+02    8.1216088133e+00    2.0480000000e+03    5.6500614155e-03    5.9055397727e-01
       287   -4.6496850856e+01    2.1628551935e+03   -6.5573340965e+01    1.9076490109e+01    3.0175487128e+01   -1.0417726076e+02    8.4284326636e+00    2.0480000000e+03    5.6757845450e-03    5.9249822443e-01
       288   -4.6462601820e+01    2.1594166971e+03   -6.5556888656e+01    1.9094286836e+01    3.0135239728e+01   -1.0394832325e+02    8.2561948702e+00    2.0480000000e+03    5.6651399937e-03    5.8987926136e-01
       289   -4.6487558460e+01    2.1617346072e+03   -6.6094941324e+01    1.9607382864e+01    3.0341545436e+01   -1.0438240651e+02    7.9459197516e+00    2.0480000000e+03    5.6793547701e-03    5.9214311080e-01
       290   -4.6525414427e+01    2.1652345554e+03   -6.5702603029e+01    1.9177188602e+01    3.0251103577e+01   -1.0418255673e+02    8.2288501254e+00    2.0480000000e+03    5.6712212972e-03    5.9248046875e-01
       291   -4.6489573584e+01    2.1617764202e+03   -6.5828165428e+01    1.9338591845e+01    3.0245855466e+01   -1.0453274738e+02    8.4587264813e+00    2.0480000000e+03    5.6633315980e-03    5.8741122159e-01
       292   -4.6522356185e+01    2.1648529752e+03   -6.5681976370e+01    1.9159620186e+01    3.0143233866e+01   -1.0374053716e+02    7.9153269253e+00    2.0480000000e+03    5.7068283204e-03    5.9137961648e-01
       293   -4.6479714266e+01    2.1612099203e+03   -6.5960211599e+01    1.9480497333e+01    3.0205500254e+01   -1.0417845894e+02    8.0127470901e+00    2.0480000000e+03    5.6772816461e-03    5.9115767045e-01
       294   -4.6492486117e+01    2.1621868115e+03   -6.5844338801e+01    1.9351852683e+01    3.0320266964e+01   -1.0456498249e+02    8.4003767301e+00    2.0480000000e+03    5.6738310959e-03    5.9321732955e-01
       295   -4.6478620658e+01    2.1607676988e+03   -6.5981565800e+01    1.9502945142e+01    3.0279121134e+01   -1.0430285715e+02    8.0421702172e+00    2.0480000000e+03    5.6794863194e-03    5.9154829545e-01
       296   -4.6502383107e+01    2.1630733624e+03   -6.5954379372e+01    1.9451996265e+01    3.0308449727e+01   -1.0434425357e+02    8.0814244656e+00    2.0480000000e+03    5.6886470411e-03    5.9280894886e-01
       297   -4.6483735543e+01    2.1613221541e+03   -6.5831088524e+01    1.9347352981e+01    3.0264019611e+01   -1.0441264074e+02    8.3175326016e+00    2.0480000000e+03    5.6829624809e-03    5.9198330966e-01
       298   -4.6463116723e+01    2.1594862352e+03   -6.5659035696e+01    1.9195918973e+01    3.0333158121e+01   -1.0432305369e+02    8.3308598728e+00    2.0480000000e+03    5.6702592410e-03    5.9206321023e-01
       299   -4.6464230479e+01    2.1599008790e+03   -6.6339185974e+01    1.9874955495e+01    3.0305268112e+01   -1.0465234644e+02    8.0078923546e+00    2.0480000000e+03    5.6782595348e-03    5.8875177557e-01
