#   index    LocalEnergy         LocalEnergy_sq      LocalPotential      Kinetic             ElecElec            LocalECP            NonLocalECP         BlockWeight         BlockCPU            AcceptRatio         
         0   -4.6471544835e+01    2.1603501583e+03   -6.5550288489e+01    1.9078743654e+01    3.0106079075e+01   -1.0380343701e+02    8.1470694490e+00    2.0480000000e+03    5.9434634168e-03    5.9243607955e-01
         1   -4.6509542827e+01    2.1637252728e+03   -6.5873792219e+01    1.9364249392e+01    3.0264459846e+01   -1.0471163669e+02    8.5733846222e+00    2.0480000000e+03    5.8382607531e-03    5.9081143466e-01
         2   -4.6498501163e+01    2.1626313783e+03   -6.6025827250e+01    1.9527326087e+01    3.0208530639e+01   -1.0472965451e+02    8.4952966230e+00    2.0480000000e+03    5.7711054105e-03    5.9021661932e-01
         3   -4.6490025097e+01    2.1618199107e+03   -6.6035787512e+01    1.9545762415e+01    3.0227365504e+01   -1.0423623055e+02    7.9730775318e+00    2.0480000000e+03    5.7595749386e-03    5.9228515625e-01
         4   -4.6471896895e+01    2.1601690658e+03   -6.5571696295e+01    1.9099799400e+01    3.0141251894e+01   -1.0381567876e+02    8.1027305718e+00    2.0480000000e+03    5.7282438502e-03    5.9303089489e-01
         5   -4.6495572591e+01    2.1624500485e+03   -6.6035004562e+01    1.9539431971e+01    3.0154638264e+01   -1.0411276331e+02    7.9231204837e+00    2.0480000000e+03    5.7076145895e-03    5.9059836648e-01
         6   -4.6466493432e+01    2.1596497784e+03   -6.5556715471e+01    1.9090222038e+01    3.0173040806e+01   -1.0400528620e+02    8.2755299249e+00    2.0480000000e+03    5.6995300110e-03    5.9113991477e-01
         7   -4.6510747241e+01    2.1638294022e+03   -6.5733147824e+01    1.9222400583e+01    3.0125442569e+01   -1.0396122621e+02    8.1026358141e+00    2.0480000000e+03    5.7032930199e-03    5.9202769886e-01
         8   -4.6504153001e+01    2.1632589631e+03   -6.5519537628e+01    1.9015384628e+01    3.0161109331e+01   -1.0402412850e+02    8.3434815390e+00    2.0480000000e+03    5.6947912090e-03    5.9172585227e-01
         9   -4.6517425801e+01    2.1645777072e+03   -6.5645344668e+01    1.9127918867e+01    3.0109518919e+01   -1.0379011562e+02    8.0352520319e+00    2.0480000000e+03    5.6970079895e-03    5.9110440341e-01
        10   -4.6486714415e+01    2.1616623676e+03   -6.5568179890e+01    1.9081465474e+01    3.0130341924e+01   -1.0390185988e+02    8.2033380641e+00    2.0480000000e+03    6.1327356379e-03    5.9590731534e-01
        11   -4.6486054704e+01    2.1614928635e+03   -6.5594202820e+01    1.9108148116e+01    3.0182270500e+01   -1.0388601784e+02    8.1095445189e+00    2.0480000000e+03    5.7276661973e-03    5.8939985795e-01
        12   -4.6497663751e+01    2.1626135133e+03   -6.5631166869e+01    1.9133503118e+01    3.0266554700e+01   -1.0424843598e+02    8.3507144150e+00    2.0480000000e+03    5.6990794837e-03    5.8903586648e-01
        13   -4.6487666788e+01    2.1616660459e+03   -6.6129031514e+01    1.9641364726e+01    3.0290041930e+01   -1.0453994009e+02    8.1208666503e+00    2.0480000000e+03    5.6889033876e-03    5.8869850852e-01
        14   -4.6480034866e+01    2.1610067835e+03   -6.5852355974e+01    1.9372321108e+01    3.0396278260e+01   -1.0470878218e+02    8.4601479423e+00    2.0480000000e+03    5.6871531997e-03    5.8992365057e-01
        15   -4.6490082527e+01    2.1619225181e+03   -6.5918288375e+01    1.9428205848e+01    3.0301181542e+01   -1.0433866774e+02    8.1191978249e+00    2.0480000000e+03    5.6864188518e-03    5.9057173295e-01
        16   -4.6474850138e+01    2.1604767540e+03   -6.5750535192e+01    1.9275685054e+01    3.0204335436e+01   -1.0394915724e+02    7.9942866099e+00    2.0480000000e+03    5.6796458084e-03    5.9119318182e-01
        17   -4.6476258455e+01    2.1605724313e+03   -6.6125420862e+01    1.9649162407e+01    3.0429990532e+01   -1.0450597058e+02    7.9505591843e+00    2.0480000000e+03    5.7074115612e-03    5.9245383523e-01
        18   -4.6497942103e+01    2.1626908811e+03   -6.5738909838e+01    1.9240967735e+01    3.0397698198e+01   -1.0458487086e+02    8.4482628234e+00    2.0480000000e+03    5.6792707182e-03    5.9016335227e-01
        19   -4.6480534802e+01    2.1609606280e+03   -6.5706709082e+01    1.9226174280e+01    3.0158678088e+01   -1.0369200062e+02    7.8266134514e+00    2.0480000000e+03    5.6817193981e-03    5.9316406250e-01
        20   -4.6489412365e+01    2.1620412652e+03   -6.5459877090e+01    1.8970464726e+01    3.0191330307e+01   -1.0403608903e+02    8.3848816304e+00    2.0480000000e+03    5.6909022387e-03    5.9125532670e-01
        21   -4.6520707309e+01    2.1648167486e+03   -6.5444301264e+01    1.8923593955e+01    3.0112344977e+01   -1.0388260252e+02    8.3259562760e+00    2.0480000000e+03    5.6798530277e-03    5.9057173295e-01
        22   -4.6477564690e+01    2.1606011879e+03   -6.5866982325e+01    1.9389417635e+01    3.0207012801e+01   -1.0365835742e+02    7.5843622961e+00    2.0480000000e+03    5.6813289411e-03    5.9236505682e-01
        23   -4.6483319708e+01    2.1612649746e+03   -6.5983218648e+01    1.9499898940e+01    3.0276951814e+01   -1.0452607101e+02    8.2659005437e+00    2.0480000000e+03    5.6812660769e-03    5.9125532670e-01
        24   -4.6479822461e+01    2.1611987860e+03   -6.5580807617e+01    1.9100985156e+01    3.0154130855e+01   -1.0421961904e+02    8.4846805686e+00    2.0480000000e+03    5.6564947590e-03    5.8906250000e-01
        25   -4.6468873862e+01    2.1600563130e+03   -6.5641967332e+01    1.9173093470e+01    3.0264772968e+01   -1.0450752579e+02    8.6007854930e+00    2.0480000000e+03    5.6757063139e-03    5.9063387784e-01
        26   -4.6479981736e+01    2.1611086291e+03   -6.5655030040e+01    1.9175048304e+01    3.0165187416e+01   -1.0427466843e+02    8.4544509787e+00    2.0480000000e+03    5.6893965229e-03    5.9038529830e-01
        27   -4.6505380197e+01    2.1633332719e+03   -6.5707210319e+01    1.9201830122e+01    3.0244769891e+01   -1.0448093199e+02    8.5289517856e+00    2.0480000000e+03    5.6782129686e-03    5.9312855114e-01
        28   -4.6496458521e+01    2.1624597570e+03   -6.5919726401e+01    1.9423267881e+01    3.0161406435e+01   -1.0391678624e+02    7.8356534066e+00    2.0480000000e+03    5.6763158645e-03    5.9335049716e-01
        29   -4.6499151822e+01    2.1628779347e+03   -6.5733070513e+01    1.9233918691e+01    3.0269275775e+01   -1.0459355724e+02    8.5912109515e+00    2.0480000000e+03    5.6763039902e-03    5.9191228693e-01
        30   -4.6526341403e+01    2.1652560053e+03   -6.5851510803e+01    1.9325169400e+01    3.0174417858e+01   -1.0439589145e+02    8.3699627888e+00    2.0480000000e+03    5.6829892565e-03    5.9208096591e-01
        31   -4.6474670881e+01    2.1605619985e+03   -6.5750948681e+01    1.9276277800e+01    3.0126445127e+01   -1.0396385491e+02    8.0864611032e+00    2.0480000000e+03    5.6800663006e-03    5.9474431818e-01
        32   -4.6526421659e+01    2.1655226806e+03   -6.5636138119e+01    1.9109716460e+01    3.0034572130e+01   -1.0373865675e+02    8.0679465024e+00    2.0480000000e+03    5.6712429505e-03    5.9232066761e-01
        33   -4.6492495484e+01    2.1622311757e+03   -6.5741966222e+01    1.9249470739e+01    3.0257170291e+01   -1.0425306737e+02    8.2539308590e+00    2.0480000000e+03    5.6724708993e-03    5.9157492898e-01
        34   -4.6487755000e+01    2.1617308970e+03   -6.5926496826e+01    1.9438741826e+01    3.0320449738e+01   -1.0450295875e+02    8.2560121897e+00    2.0480000000e+03    5.6729360949e-03    5.9101562500e-01
        35   -4.6482186324e+01    2.1610937520e+03   -6.5903920069e+01    1.9421733745e+01    3.0229383789e+01   -1.0417728778e+02    8.0439839266e+00    2.0480000000e+03    5.6676813401e-03    5.8888494318e-01
        36   -4.6471116565e+01    2.1601548322e+03   -6.6114925183e+01    1.9643808618e+01    3.0408787913e+01   -1.0503680336e+02    8.5130902609e+00    2.0480000000e+03    5.6841115002e-03    5.9245383523e-01
        37   -4.6468875989e+01    2.1601162689e+03   -6.5895584883e+01    1.9426708894e+01    3.0170358850e+01   -1.0389159980e+02    7.8256560672e+00    2.0480000000e+03    5.6657355744e-03    5.9074928977e-01
        38   -4.6475706758e+01    2.1605502414e+03   -6.6106501077e+01    1.9630794319e+01    3.0345225782e+01   -1.0474992869e+02    8.2982018270e+00    2.0480000000e+03    5.6799305603e-03    5.9218750000e-01
        39   -4.6468877586e+01    2.1599785523e+03   -6.5652385287e+01    1.9183507701e+01    3.0098023462e+01   -1.0408573588e+02    8.3353271266e+00    2.0480000000e+03    5.6653798092e-03    5.9192116477e-01
        40   -4.6483969755e+01    2.1612708542e+03   -6.5898794383e+01    1.9414824628e+01    3.0150918423e+01   -1.0391708724e+02    7.8673744308e+00    2.0480000000e+03    5.6704448070e-03    5.9040305398e-01
        41   -4.6512106168e+01    2.1639469295e+03   -6.5511056754e+01    1.8998950587e+01    3.0222623916e+01   -1.0386418357e+02    8.1305028983e+00    2.0480000000e+03    5.6664233562e-03    5.8947088068e-01
        42   -4.6478863371e+01    2.1607814796e+03   -6.6046900322e+01    1.9568036951e+01    3.0258903641e+01   -1.0442836624e+02    8.1225622747e+00    2.0480000000e+03    5.6805911008e-03    5.9258700284e-01
        43   -4.6463936268e+01    2.1596453031e+03   -6.5893729610e+01    1.9429793342e+01    3.0240254898e+01   -1.0414460101e+02    8.0106165018e+00    2.0480000000e+03    5.6775710545e-03    5.9200106534e-01
        44   -4.6507561353e+01    2.1637256330e+03   -6.6024576991e+01    1.9517015638e+01    3.0320684918e+01   -1.0455602575e+02    8.2107638375e+00    2.0480000000e+03    5.6710597128e-03    5.8960404830e-01
        45   -4.6492623686e+01    2.1621426124e+03   -6.5859041897e+01    1.9366418211e+01    3.0222835055e+01   -1.0410767322e+02    8.0257962636e+00    2.0480000000e+03    5.6607173756e-03    5.9108664773e-01
        46   -4.6524771885e+01    2.1652117778e+03   -6.5783585296e+01    1.9258813410e+01    3.0234284237e+01   -1.0411986034e+02    8.1019908109e+00    2.0480000000e+03    5.6563760154e-03    5.9106001420e-01
        47   -4.6518572094e+01    2.1645826224e+03   -6.5424563478e+01    1.8905991385e+01    3.0002432114e+01   -1.0323932862e+02    7.8123330271e+00    2.0480000000e+03    5.6544679683e-03    5.9338600852e-01
        48   -4.6512922737e+01    2.1640425051e+03   -6.5674215931e+01    1.9161293194e+01    3.0149965238e+01   -1.0408207481e+02    8.2578936414e+00    2.0480000000e+03    5.6671160273e-03    5.9306640625e-01
        49   -4.6508380064e+01    2.1636474120e+03   -6.5679464703e+01    1.9171084639e+01    3.0018714745e+01   -1.0375612350e+02    8.0579440513e+00    2.0480000000e+03    5.6381667964e-03    5.9015447443e-01
        50   -4.6511784412e+01    2.1640197152e+03   -6.5987469077e+01    1.9475684665e+01    3.0092001703e+01   -1.0386118710e+02    7.7817163249e+00    2.0480000000e+03    5.6525769178e-03    5.9104225852e-01
        51   -4.6429546492e+01    2.1625134070e+03   -6.5305380296e+01    1.8875833804e+01    3.0092305464e+01   -1.0406910354e+02    8.6714177789e+00    2.0480000000e+03    5.6677900720e-03    5.9344815341e-01
        52   -4.6463149998e+01    2.1595112249e+03   -6.5852936867e+01    1.9389786869e+01    3.0087128347e+01   -1.0427809345e+02    8.3380282377e+00    2.0480000000e+03    5.6628726888e-03    5.9355468750e-01
        53   -4.6507391007e+01    2.1636910935e+03   -6.5898820820e+01    1.9391429813e+01    3.0016155203e+01   -1.0361072819e+02    7.6957521679e+00    2.0480000000e+03    5.6686813477e-03    5.9268465909e-01
        54   -4.6481455825e+01    2.1610958556e+03   -6.5690185979e+01    1.9208730154e+01    3.0074314786e+01   -1.0359505987e+02    7.8305591025e+00    2.0480000000e+03    5.6802064646e-03    5.9169921875e-01
        55   -4.6528043567e+01    2.1656025297e+03   -6.5609704506e+01    1.9081660939e+01    3.0227478986e+01   -1.0410585273e+02    8.2686692403e+00    2.0480000000e+03    5.6711954530e-03    5.9273792614e-01
        56   -4.6464248966e+01    2.1596434939e+03   -6.5716776178e+01    1.9252527212e+01    3.0185441998e+01   -1.0426030620e+02    8.3580880221e+00    2.0480000000e+03    5.6513580494e-03    5.8902698864e-01
        57   -4.6482180321e+01    2.1611699808e+03   -6.5400361185e+01    1.8918180864e+01    3.0118604691e+01   -1.0380700393e+02    8.2880380541e+00    2.0480000000e+03    5.6560104713e-03    5.9182350852e-01
        58   -4.6482506825e+01    2.1612300253e+03   -6.5380231475e+01    1.8897724649e+01    3.0006605253e+01   -1.0347523785e+02    8.0884011227e+00    2.0480000000e+03    5.6620750111e-03    5.9218750000e-01
        59   -4.6508354825e+01    2.1637398439e+03   -6.5512606184e+01    1.9004251359e+01    3.0102300274e+01   -1.0409817642e+02    8.4832699623e+00    2.0480000000e+03    5.6549203582e-03    5.9359019886e-01
        60   -4.6499941464e+01    2.1628158740e+03   -6.5561549151e+01    1.9061607687e+01    3.0145621937e+01   -1.0405344514e+02    8.3462740500e+00    2.0480000000e+03    5.6599418167e-03    5.9398970170e-01
        61   -4.6494464420e+01    2.1623715765e+03   -6.5340404373e+01    1.8845939953e+01    3.0146691574e+01   -1.0389865289e+02    8.4115569401e+00    2.0480000000e+03    5.6484933011e-03    5.8949751420e-01
        62   -4.6481631174e+01    2.1612192591e+03   -6.5313632221e+01    1.8832001047e+01    3.0097989888e+01   -1.0386996947e+02    8.4583473657e+00    2.0480000000e+03    5.6575061753e-03    5.9175248580e-01
        63   -4.6485813849e+01    2.1614329916e+03   -6.5547057324e+01    1.9061243475e+01    3.0044958423e+01   -1.0374486695e+02    8.1528512034e+00    2.0480000000e+03    5.6576498318e-03    5.9140625000e-01
        64   -4.6499228956e+01    2.1627205446e+03   -6.5522939591e+01    1.9023710636e+01    3.0166501323e+01   -1.0369484057e+02    8.0053996517e+00    2.0480000000e+03    5.6581820827e-03    5.9271129261e-01
        65   -4.6497617403e+01    2.1624739039e+03   -6.5467160724e+01    1.8969543322e+01    3.0032282617e+01   -1.0326606438e+02    7.7666210340e+00    2.0480000000e+03    5.6720860302e-03    5.9150390625e-01
        66   -4.6492502959e+01    2.1621994445e+03   -6.5998314026e+01    1.9505811067e+01    3.0219736048e+01   -1.0433084179e+02    8.1127917202e+00    2.0480000000e+03    5.6596016511e-03    5.8916903409e-01
        67   -4.6515184947e+01    2.1642459905e+03   -6.5968940946e+01    1.9453755999e+01    3.0341804752e+01   -1.0458635414e+02    8.2756084459e+00    2.0480000000e+03    5.6702676229e-03    5.9101562500e-01
        68   -4.6505136612e+01    2.1632215894e+03   -6.5573846732e+01    1.9068710120e+01    3.0255924772e+01   -1.0417560388e+02    8.3458323717e+00    2.0480000000e+03    5.6734229438e-03    5.9153053977e-01
        69   -4.6526767819e+01    2.1653801340e+03   -6.5695581293e+01    1.9168813473e+01    3.0115411334e+01   -1.0383195814e+02    8.0209655165e+00    2.0480000000e+03    5.6660179980e-03    5.9426491477e-01
        70   -4.6508710116e+01    2.1637001249e+03   -6.5628173319e+01    1.9119463203e+01    3.0157275624e+01   -1.0434757695e+02    8.5621280069e+00    2.0480000000e+03    5.6699395645e-03    5.9302201705e-01
        71   -4.6500009436e+01    2.1629186631e+03   -6.5511274797e+01    1.9011265361e+01    3.0038160536e+01   -1.0333931489e+02    7.7898795573e+00    2.0480000000e+03    5.6752574164e-03    5.9270241477e-01
        72   -4.6512852502e+01    2.1641540079e+03   -6.5620636123e+01    1.9107783621e+01    3.0208704538e+01   -1.0395258719e+02    8.1232465286e+00    2.0480000000e+03    5.6658668909e-03    5.9382102273e-01
        73   -4.6510805412e+01    2.1639110665e+03   -6.5938794793e+01    1.9427989381e+01    3.0362442900e+01   -1.0440962390e+02    8.1083862040e+00    2.0480000000e+03    5.6810523383e-03    5.9189453125e-01
        74   -4.6488785167e+01    2.1619978234e+03   -6.5665941087e+01    1.9177155919e+01    3.0220483141e+01   -1.0433216468e+02    8.4457404503e+00    2.0480000000e+03    5.6767282076e-03    5.9153053977e-01
        75   -4.6494268296e+01    2.1622969942e+03   -6.5954550953e+01    1.9460282657e+01    3.0188004752e+01   -1.0418071306e+02    8.0381573590e+00    2.0480000000e+03    5.6803303305e-03    5.9185014205e-01
        76   -4.6505139216e+01    2.1632141146e+03   -6.5544906131e+01    1.9039766916e+01    3.0042618766e+01   -1.0362153323e+02    8.0340083360e+00    2.0480000000e+03    5.6640286930e-03    5.9110440341e-01
        77   -4.6515358669e+01    2.1642533224e+03   -6.5638659770e+01    1.9123301101e+01    3.0125565419e+01   -1.0388315035e+02    8.1189251602e+00    2.0480000000e+03    5.6586270221e-03    5.9077592330e-01
        78   -4.6497656414e+01    2.1626584560e+03   -6.5626026872e+01    1.9128370458e+01    3.0047994042e+01   -1.0392680854e+02    8.2527876221e+00    2.0480000000e+03    5.6538828649e-03    5.9140625000e-01
        79   -4.6510480022e+01    2.1637830586e+03   -6.5678483932e+01    1.9168003910e+01    3.0102349357e+01   -1.0418649683e+02    8.4056635367e+00    2.0480000000e+03    5.6758348364e-03    5.9342151989e-01
        80   -4.6494548950e+01    2.1625046396e+03   -6.5991614681e+01    1.9497065731e+01    3.0309627192e+01   -1.0472924295e+02    8.4280010802e+00    2.0480000000e+03    5.6656363886e-03    5.9066051136e-01
        81   -4.6466984127e+01    2.1597197141e+03   -6.5577955703e+01    1.9110971575e+01    3.0107354076e+01   -1.0379597263e+02    8.1106628506e+00    2.0480000000e+03    5.6721719448e-03    5.9137961648e-01
        82   -4.6500155386e+01    2.1629556514e+03   -6.5780594506e+01    1.9280439119e+01    3.0233064678e+01   -1.0470690738e+02    8.6932481965e+00    2.0480000000e+03    5.6681586429e-03    5.9125532670e-01
        83   -4.6493763518e+01    2.1623068849e+03   -6.6188697521e+01    1.9694934002e+01    3.0293748447e+01   -1.0445752237e+02    7.9750763984e+00    2.0480000000e+03    5.6578367949e-03    5.9186789773e-01
        84   -4.6530758926e+01    2.1656978877e+03   -6.5683493991e+01    1.9152735065e+01    3.0109668653e+01   -1.0421794832e+02    8.4247856768e+00    2.0480000000e+03    5.6581413373e-03    5.9174360795e-01
        85   -4.6515739002e+01    2.1644061991e+03   -6.5875553938e+01    1.9359814936e+01    3.0332866670e+01   -1.0439807136e+02    8.1896507573e+00    2.0480000000e+03    5.6668943726e-03    5.9119318182e-01
        86   -4.6470313244e+01    2.1601789264e+03   -6.6149646238e+01    1.9679332994e+01    3.0366995695e+01   -1.0480415447e+02    8.2875125352e+00    2.0480000000e+03    5.6823245250e-03    5.9256036932e-01
        87   -4.6512472772e+01    2.1640803525e+03   -6.5726846170e+01    1.9214373397e+01    3.0197226867e+01   -1.0434560620e+02    8.4215331660e+00    2.0480000000e+03    5.6425828952e-03    5.8809481534e-01
        88   -4.6473897899e+01    2.1605210462e+03   -6.5624588499e+01    1.9150690600e+01    3.0182577213e+01   -1.0409382445e+02    8.2866587350e+00    2.0480000000e+03    5.6643243879e-03    5.9247159091e-01
        89   -4.6479663969e+01    2.1609650293e+03   -6.5917484647e+01    1.9437820678e+01    3.0155990485e+01   -1.0421221738e+02    8.1387422446e+00    2.0480000000e+03    5.6515000761e-03    5.8957741477e-01
        90   -4.6498035396e+01    2.1626480416e+03   -6.5618470830e+01    1.9120435434e+01    3.0030871156e+01   -1.0351970440e+02    7.8703624167e+00    2.0480000000e+03    5.6595497299e-03    5.9285333807e-01
        91   -4.6492019850e+01    2.1620350244e+03   -6.5916498944e+01    1.9424479093e+01    3.0157809362e+01   -1.0423539798e+02    8.1610896701e+00    2.0480000000e+03    5.6661886629e-03    5.9181463068e-01
        92   -4.6500287592e+01    2.1629598309e+03   -6.6055133121e+01    1.9554845529e+01    3.0155768463e+01   -1.0425455733e+02    8.0436557460e+00    2.0480000000e+03    5.6577781215e-03    5.9005681818e-01
        93   -4.6478028098e+01    2.1610375625e+03   -6.5747544352e+01    1.9269516254e+01    3.0266790489e+01   -1.0461046093e+02    8.5961260869e+00    2.0480000000e+03    5.6764057372e-03    5.9069602273e-01
        94   -4.6508065990e+01    2.1636556059e+03   -6.5843412616e+01    1.9335346626e+01    3.0221368229e+01   -1.0447136780e+02    8.4065869570e+00    2.0480000000e+03    5.6539066136e-03    5.9091796875e-01
        95   -4.6466337773e+01    2.1596228146e+03   -6.5914026731e+01    1.9447688958e+01    3.0233742871e+01   -1.0407911089e+02    7.9313412864e+00    2.0480000000e+03    5.6614000350e-03    5.9185014205e-01
        96   -4.6502822549e+01    2.1630581156e+03   -6.5554287675e+01    1.9051465126e+01    3.0166915408e+01   -1.0388628720e+02    8.1650841125e+00    2.0480000000e+03    5.6692918297e-03    5.8933771307e-01
        97   -4.6515444005e+01    2.1645276362e+03   -6.5333968337e+01    1.8818524332e+01    3.0148459873e+01   -1.0389196611e+02    8.4095378987e+00    2.0480000000e+03    5.6655458175e-03    5.9240056818e-01
        98   -4.6493322617e+01    2.1622260754e+03   -6.5720200760e+01    1.9226878143e+01    3.0154410301e+01   -1.0410201970e+02    8.2274086429e+00    2.0480000000e+03    5.6636319496e-03    5.9280894886e-01
        99   -4.6459205929e+01    2.1592427825e+03   -6.5272158646e+01    1.8812952717e+01    3.0127928782e+01   -1.0386700825e+02    8.4669208262e+00    2.0480000000e+03    5.6582691614e-03    5.9396306818e-01
       100   -4.6455239325e+01    2.1587471907e+03   -6.5468820379e+01    1.9013581054e+01    3.0026561168e+01   -1.0350381068e+02    8.0084291283e+00    2.0480000000e+03    5.6563087273e-03    5.9166370739e-01
       101   -4.6492384927e+01    2.1620937294e+03   -6.5590880379e+01    1.9098495452e+01    3.0057738910e+01   -1.0382016850e+02    8.1715492139e+00    2.0480000000e+03    5.6642417330e-03    5.9224076705e-01
       102   -4.6488148780e+01    2.1618928777e+03   -6.5899586662e+01    1.9411437882e+01    3.0104843775e+01   -1.0406438708e+02    8.0599566475e+00    2.0480000000e+03    5.6581050158e-03    5.8947975852e-01
       103   -4.6507639729e+01    2.1639440307e+03   -6.5206174950e+01    1.8698535221e+01    3.0045324141e+01   -1.0384975720e+02    8.5982581097e+00    2.0480000000e+03    5.6699402630e-03    5.9032315341e-01
       104   -4.6481489317e+01    2.1610892341e+03   -6.5591454668e+01    1.9109965351e+01    3.0125078570e+01   -1.0367236689e+02    7.9558336520e+00    2.0480000000e+03    5.6837855373e-03    5.9170809659e-01
       105   -4.6501423656e+01    2.1628603021e+03   -6.5916834151e+01    1.9415410495e+01    3.0254489846e+01   -1.0397652562e+02    7.8052016269e+00    2.0480000000e+03    5.6946754921e-03    5.9342151989e-01
       106   -4.6474343637e+01    2.1604337851e+03   -6.5776333165e+01    1.9301989528e+01    3.0376021475e+01   -1.0432120291e+02    8.1688482748e+00    2.0480000000e+03    5.6813140400e-03    5.9135298295e-01
       107   -4.6477556400e+01    2.1607779463e+03   -6.5857584245e+01    1.9380027845e+01    3.0375474087e+01   -1.0503241381e+02    8.7993554741e+00    2.0480000000e+03    5.6778723374e-03    5.9087357955e-01
       108   -4.6479875515e+01    2.1610412018e+03   -6.5829020398e+01    1.9349144883e+01    3.0267893231e+01   -1.0440281874e+02    8.3059051077e+00    2.0480000000e+03    5.6719137356e-03    5.9225852273e-01
       109   -4.6498357849e+01    2.1627813366e+03   -6.5627139281e+01    1.9128781432e+01    3.0210232067e+01   -1.0438053112e+02    8.5431597726e+00    2.0480000000e+03    5.6651823688e-03    5.9083806818e-01
       110   -4.6481197019e+01    2.1609625208e+03   -6.5601573256e+01    1.9120376238e+01    3.0228547186e+01   -1.0413585461e+02    8.3057341697e+00    2.0480000000e+03    5.6612316985e-03    5.9137961648e-01
       111   -4.6474031962e+01    2.1605827566e+03   -6.5762034487e+01    1.9288002525e+01    3.0338794355e+01   -1.0446403670e+02    8.3632078602e+00    2.0480000000e+03    5.6648380123e-03    5.9131747159e-01
       112   -4.6448388971e+01    2.1579817258e+03   -6.5912537890e+01    1.9464148920e+01    3.0297469710e+01   -1.0398403928e+02    7.7740316782e+00    2.0480000000e+03    5.6704997551e-03    5.9165482955e-01
       113   -4.6494202829e+01    2.1622532281e+03   -6.6054733275e+01    1.9560530446e+01    3.0303369558e+01   -1.0454155567e+02    8.1834528411e+00    2.0480000000e+03    5.6636426598e-03    5.8963068182e-01
       114   -4.6466199120e+01    2.1597451508e+03   -6.5557915625e+01    1.9091716505e+01    3.0193759851e+01   -1.0390343203e+02    8.1517565501e+00    2.0480000000e+03    5.6784267072e-03    5.9371448864e-01
       115   -4.6480061996e+01    2.1610456612e+03   -6.5526277110e+01    1.9046215114e+01    3.0095026967e+01   -1.0411323065e+02    8.4919265749e+00    2.0480000000e+03    5.6772320531e-03    5.9192116477e-01
       116   -4.6497082788e+01    2.1625424514e+03   -6.5854420994e+01    1.9357338206e+01    3.0141116860e+01   -1.0411926880e+02    8.1237309491e+00    2.0480000000e+03    5.6745284237e-03    5.9232066761e-01
       117   -4.6491499597e+01    2.1620504794e+03   -6.5737070942e+01    1.9245571345e+01    3.0196997117e+01   -1.0415416436e+02    8.2200962978e+00    2.0480000000e+03    5.6733596139e-03    5.9196555398e-01
       118   -4.6480896670e+01    2.1610862186e+03   -6.5763762055e+01    1.9282865384e+01    3.0184865023e+01   -1.0416373180e+02    8.2151047237e+00    2.0480000000e+03    5.6783652399e-03    5.9291548295e-01
       119   -4.6496882233e+01    2.1625329301e+03   -6.5392992943e+01    1.8896110709e+01    3.0177239743e+01   -1.0396466583e+02    8.3944331408e+00    2.0480000000e+03    5.6626030710e-03    5.9024325284e-01
       120   -4.6495219622e+01    2.1624754620e+03   -6.5867109117e+01    1.9371889495e+01    3.0393136085e+01   -1.0491546654e+02    8.6552213332e+00    2.0480000000e+03    5.6572898757e-03    5.9055397727e-01
       121   -4.6537189159e+01    2.1663048803e+03   -6.5543069923e+01    1.9005880764e+01    3.0220203437e+01   -1.0455396770e+02    8.7906943401e+00    2.0480000000e+03    5.6909122504e-03    5.9011008523e-01
       122   -4.6462485769e+01    2.1593079831e+03   -6.5664185184e+01    1.9201699415e+01    3.0240283866e+01   -1.0405466431e+02    8.1501952586e+00    2.0480000000e+03    5.8315552305e-03    5.9281782670e-01
       123   -4.6511649509e+01    2.1639118901e+03   -6.5895929101e+01    1.9384279593e+01    3.0186816844e+01   -1.0395909481e+02    7.8763488637e+00    2.0480000000e+03    5.7396020275e-03    5.9163707386e-01
       124   -4.6489236797e+01    2.1620565394e+03   -6.5562596286e+01    1.9073359488e+01    3.0139464499e+01   -1.0407332132e+02    8.3712605379e+00    2.0480000000e+03    5.7055400684e-03    5.9061612216e-01
       125   -4.6518503093e+01    2.1647041235e+03   -6.5683836087e+01    1.9165332994e+01    3.0168268531e+01   -1.0441924273e+02    8.5671381090e+00    2.0480000000e+03    5.6906149257e-03    5.9114879261e-01
       126   -4.6530124428e+01    2.1656852327e+03   -6.5575930483e+01    1.9045806054e+01    3.0038192941e+01   -1.0374947958e+02    8.1353561545e+00    2.0480000000e+03    5.6864300277e-03    5.9010120739e-01
       127   -4.6482200249e+01    2.1611783452e+03   -6.6036895743e+01    1.9554695494e+01    3.0063992972e+01   -1.0411779002e+02    8.0169013081e+00    2.0480000000e+03    5.6951793376e-03    5.9129971591e-01
       128   -4.6480653353e+01    2.1609646303e+03   -6.5651024883e+01    1.9170371530e+01    3.0078086126e+01   -1.0392754340e+02    8.1984323947e+00    2.0480000000e+03    5.6869133841e-03    5.9322620739e-01
       129   -4.6542013040e+01    2.1667908338e+03   -6.5384028706e+01    1.8842015666e+01    3.0013065621e+01   -1.0351201785e+02    8.1149235223e+00    2.0480000000e+03    5.6932361331e-03    5.9335049716e-01
       130   -4.6492139386e+01    2.1620629749e+03   -6.5487365013e+01    1.8995225626e+01    3.0044745577e+01   -1.0389575248e+02    8.3636418881e+00    2.0480000000e+03    5.6804406922e-03    5.9270241477e-01
       131   -4.6484141032e+01    2.1613922256e+03   -6.5727267373e+01    1.9243126341e+01    3.0191768018e+01   -1.0432602999e+02    8.4069946015e+00    2.0480000000e+03    5.6823745836e-03    5.9132634943e-01
       132   -4.6511829032e+01    2.1639005587e+03   -6.5871923566e+01    1.9360094534e+01    3.0179197677e+01   -1.0436844961e+02    8.3173283713e+00    2.0480000000e+03    5.6732625235e-03    5.9252485795e-01
       133   -4.6494416326e+01    2.1623053976e+03   -6.5783944808e+01    1.9289528482e+01    3.0257509307e+01   -1.0421923516e+02    8.1777810419e+00    2.0480000000e+03    5.6911085267e-03    5.9055397727e-01
       134   -4.6488126947e+01    2.1618480311e+03   -6.5703055467e+01    1.9214928520e+01    3.0249541272e+01   -1.0412042209e+02    8.1678253502e+00    2.0480000000e+03    5.6755074766e-03    5.9065163352e-01
       135   -4.6494159485e+01    2.1624140744e+03   -6.5803955814e+01    1.9309796330e+01    3.0247448072e+01   -1.0457597831e+02    8.5245744251e+00    2.0480000000e+03    5.6836137082e-03    5.9321732955e-01
       136   -4.6479588059e+01    2.1611295318e+03   -6.6100642169e+01    1.9621054109e+01    3.0332283284e+01   -1.0461283539e+02    8.1799099320e+00    2.0480000000e+03    5.6824758649e-03    5.9153941761e-01
       137   -4.6501424394e+01    2.1629754575e+03   -6.5929280966e+01    1.9427856572e+01    3.0363571979e+01   -1.0436349341e+02    8.0706404685e+00    2.0480000000e+03    5.6813950650e-03    5.9007457386e-01
       138   -4.6487835864e+01    2.1617261718e+03   -6.5566179238e+01    1.9078343374e+01    3.0164173961e+01   -1.0411363570e+02    8.3832825026e+00    2.0480000000e+03    5.6911599822e-03    5.9319957386e-01
       139   -4.6519488727e+01    2.1647168648e+03   -6.5847222255e+01    1.9327733528e+01    3.0234910596e+01   -1.0425263078e+02    8.1704979282e+00    2.0480000000e+03    5.6796283461e-03    5.9295987216e-01
       140   -4.6483569178e+01    2.1614222531e+03   -6.5808647636e+01    1.9325078458e+01    3.0121769598e+01   -1.0396184333e+02    8.0314260922e+00    2.0480000000e+03    5.6675092783e-03    5.9114879261e-01
       141   -4.6522771787e+01    2.1649667109e+03   -6.5671008695e+01    1.9148236908e+01    3.0015516708e+01   -1.0340208473e+02    7.7155593225e+00    2.0480000000e+03    5.6693088263e-03    5.9176136364e-01
       142   -4.6489099190e+01    2.1618126317e+03   -6.5525301329e+01    1.9036202139e+01    3.0051143814e+01   -1.0387118873e+02    8.2947435874e+00    2.0480000000e+03    5.6656850502e-03    5.9257812500e-01
       143   -4.6465246419e+01    2.1594821871e+03   -6.5469618281e+01    1.9004371862e+01    3.0041220057e+01   -1.0346836800e+02    7.9575296605e+00    2.0480000000e+03    5.6739931460e-03    5.9185014205e-01
       144   -4.6446980053e+01    2.1578516032e+03   -6.5771551314e+01    1.9324571261e+01    3.0083511460e+01   -1.0399497542e+02    8.1399126432e+00    2.0480000000e+03    5.6653653737e-03    5.9106001420e-01
       145   -4.6469795969e+01    2.1602360923e+03   -6.5899949283e+01    1.9430153314e+01    3.0191212730e+01   -1.0407533631e+02    7.9841742997e+00    2.0480000000e+03    5.6730997749e-03    5.9251598011e-01
       146   -4.6506425036e+01    2.1634726195e+03   -6.5773962743e+01    1.9267537706e+01    3.0268310218e+01   -1.0427035806e+02    8.2280850997e+00    2.0480000000e+03    5.6808157824e-03    5.9322620739e-01
       147   -4.6483841570e+01    2.1612948067e+03   -6.5680215829e+01    1.9196374259e+01    3.0273359875e+01   -1.0395529597e+02    8.0017202675e+00    2.0480000000e+03    5.6891739368e-03    5.9276455966e-01
       148   -4.6486409419e+01    2.1616080548e+03   -6.5611142762e+01    1.9124733343e+01    3.0096297388e+01   -1.0392744712e+02    8.2200069695e+00    2.0480000000e+03    5.6875422597e-03    5.9312855114e-01
       149   -4.6510008788e+01    2.1637125539e+03   -6.5709588916e+01    1.9199580128e+01    3.0252592289e+01   -1.0395883089e+02    7.9966496862e+00    2.0480000000e+03    5.6801338214e-03    5.9176136364e-01
       150   -4.6492416713e+01    2.1621414415e+03   -6.5643758718e+01    1.9151342005e+01    3.0057770878e+01   -1.0384577876e+02    8.1442491618e+00    2.0480000000e+03    5.6772290263e-03    5.9127308239e-01
       151   -4.6495100935e+01    2.1623916873e+03   -6.5764061474e+01    1.9268960539e+01    3.0074694183e+01   -1.0385229857e+02    8.0135429176e+00    2.0480000000e+03    5.6652873755e-03    5.9351029830e-01
       152   -4.6505531177e+01    2.1633087462e+03   -6.5611002910e+01    1.9105471734e+01    2.9966033154e+01   -1.0401118003e+02    8.4341439613e+00    2.0480000000e+03    5.6746979244e-03    5.9307528409e-01
       153   -4.6480927081e+01    2.1610809229e+03   -6.6022062077e+01    1.9541134996e+01    3.0151637985e+01   -1.0445285131e+02    8.2791512523e+00    2.0480000000e+03    5.6660342962e-03    5.9185901989e-01
       154   -4.6501715270e+01    2.1630058065e+03   -6.5796457469e+01    1.9294742199e+01    3.0251145503e+01   -1.0431623582e+02    8.2686328475e+00    2.0480000000e+03    5.6602810510e-03    5.8899147727e-01
       155   -4.6506983055e+01    2.1634895551e+03   -6.5756174841e+01    1.9249191786e+01    3.0151795202e+01   -1.0410501388e+02    8.1970438416e+00    2.0480000000e+03    5.6648259051e-03    5.9150390625e-01
       156   -4.6452308068e+01    2.1585203264e+03   -6.5599854276e+01    1.9147546208e+01    3.0111497001e+01   -1.0398491681e+02    8.2735655331e+00    2.0480000000e+03    5.6604358833e-03    5.9241832386e-01
       157   -4.6521255905e+01    2.1647669749e+03   -6.5605749445e+01    1.9084493540e+01    3.0171950929e+01   -1.0385099385e+02    8.0732934717e+00    2.0480000000e+03    5.6646997109e-03    5.9159268466e-01
       158   -4.6471427073e+01    2.1602763738e+03   -6.5355471657e+01    1.8884044584e+01    3.0158739917e+01   -1.0381015102e+02    8.2959394505e+00    2.0480000000e+03    5.6654242799e-03    5.9245383523e-01
       159   -4.6504943254e+01    2.1632180552e+03   -6.5553078358e+01    1.9048135105e+01    3.0090565173e+01   -1.0367376184e+02    8.0301183050e+00    2.0480000000e+03    5.6705344468e-03    5.9113991477e-01
       160   -4.6472848310e+01    2.1603995968e+03   -6.5601217709e+01    1.9128369400e+01    3.0156399625e+01   -1.0381776982e+02    8.0601524851e+00    2.0480000000e+03    5.6701085996e-03    5.9231178977e-01
       161   -4.6500315606e+01    2.1630274083e+03   -6.5374323124e+01    1.8874007518e+01    3.0022342317e+01   -1.0350168392e+02    8.1050184815e+00    2.0480000000e+03    5.6649975013e-03    5.9158380682e-01
       162   -4.6509102583e+01    2.1636966579e+03   -6.5390486660e+01    1.8881384076e+01    3.0210626305e+01   -1.0377833482e+02    8.1772218521e+00    2.0480000000e+03    5.6800504681e-03    5.9364346591e-01
       163   -4.6503680350e+01    2.1631531171e+03   -6.5926348016e+01    1.9422667666e+01    3.0362646788e+01   -1.0459149584e+02    8.3025010347e+00    2.0480000000e+03    5.6783631444e-03    5.9139737216e-01
       164   -4.6489125960e+01    2.1617382976e+03   -6.5954561387e+01    1.9465435427e+01    3.0244520657e+01   -1.0415804031e+02    7.9589582625e+00    2.0480000000e+03    5.6838192977e-03    5.9212535511e-01
       165   -4.6497764301e+01    2.1626593996e+03   -6.5805732362e+01    1.9307968060e+01    3.0315313528e+01   -1.0432409152e+02    8.2030456321e+00    2.0480000000e+03    5.6785014458e-03    5.9137961648e-01
       166   -4.6470963068e+01    2.1601849101e+03   -6.6157179993e+01    1.9686216925e+01    3.0341105494e+01   -1.0470640967e+02    8.2081241850e+00    2.0480000000e+03    5.6763479952e-03    5.9018110795e-01
       167   -4.6479680027e+01    2.1610105116e+03   -6.5739222691e+01    1.9259542664e+01    3.0277036446e+01   -1.0461904931e+02    8.6027901696e+00    2.0480000000e+03    5.6653236970e-03    5.9187677557e-01
       168   -4.6498986879e+01    2.1630559735e+03   -6.5890814820e+01    1.9391827941e+01    3.0172006422e+01   -1.0391753201e+02    7.8547107700e+00    2.0480000000e+03    5.6608323939e-03    5.9143288352e-01
       169   -4.6497349101e+01    2.1627862787e+03   -6.5364514229e+01    1.8867165128e+01    3.0234808803e+01   -1.0378737476e+02    8.1880517267e+00    2.0480000000e+03    5.6570339948e-03    5.9008345170e-01
       170   -4.6505002812e+01    2.1633260569e+03   -6.5799361384e+01    1.9294358572e+01    3.0345314874e+01   -1.0436734081e+02    8.2226645569e+00    2.0480000000e+03    5.6647113524e-03    5.8929332386e-01
       171   -4.6485287799e+01    2.1615576870e+03   -6.5811958900e+01    1.9326671100e+01    3.0300609170e+01   -1.0484117711e+02    8.7286090381e+00    2.0480000000e+03    5.6784776971e-03    5.9098011364e-01
       172   -4.6459037222e+01    2.1591525157e+03   -6.5667113991e+01    1.9208076770e+01    3.0178207920e+01   -1.0451519834e+02    8.6698764268e+00    2.0480000000e+03    5.6676226668e-03    5.9129083807e-01
       173   -4.6487677750e+01    2.1616088630e+03   -6.5782016982e+01    1.9294339232e+01    3.0168819046e+01   -1.0375591088e+02    7.8050748502e+00    2.0480000000e+03    5.6624400895e-03    5.8823686080e-01
       174   -4.6518656886e+01    2.1646041159e+03   -6.5495207075e+01    1.8976550189e+01    3.0161065971e+01   -1.0425075213e+02    8.5944790814e+00    2.0480000000e+03    5.6531969458e-03    5.9079367898e-01
       175   -4.6497882437e+01    2.1627886412e+03   -6.5795207735e+01    1.9297325299e+01    3.0141138850e+01   -1.0403640456e+02    8.1000579725e+00    2.0480000000e+03    5.6517270859e-03    5.9129083807e-01
       176   -4.6468501749e+01    2.1598075277e+03   -6.5570802249e+01    1.9102300500e+01    3.0117514685e+01   -1.0378317579e+02    8.0948588572e+00    2.0480000000e+03    5.6428951211e-03    5.9217862216e-01
       177   -4.6463735237e+01    2.1593523751e+03   -6.5653905494e+01    1.9190170257e+01    3.0089545577e+01   -1.0360315743e+02    7.8597063608e+00    2.0480000000e+03    5.6383889169e-03    5.8927556818e-01
       178   -4.6478328854e+01    2.1607851432e+03   -6.5738946874e+01    1.9260618019e+01    3.0250506340e+01   -1.0419165409e+02    8.2022008771e+00    2.0480000000e+03    5.6527177803e-03    5.9132634943e-01
       179   -4.6517680318e+01    2.1647444230e+03   -6.5556895605e+01    1.9039215287e+01    3.0194904425e+01   -1.0426470511e+02    8.5129050845e+00    2.0480000000e+03    5.6938666385e-03    5.9229403409e-01
       180   -4.6498432888e+01    2.1626779423e+03   -6.5803725989e+01    1.9305293101e+01    3.0237440217e+01   -1.0442592326e+02    8.3847570500e+00    2.0480000000e+03    5.6830702815e-03    5.9276455966e-01
       181   -4.6511356292e+01    2.1638940024e+03   -6.5567899423e+01    1.9056543131e+01    3.0173992296e+01   -1.0392335814e+02    8.1814664202e+00    2.0480000000e+03    5.6689283811e-03    5.9296875000e-01
       182   -4.6495724638e+01    2.1623669984e+03   -6.6029414030e+01    1.9533689393e+01    3.0282248033e+01   -1.0421394984e+02    7.9022877726e+00    2.0480000000e+03    5.6997865904e-03    5.9360795455e-01
       183   -4.6461369224e+01    2.1592283174e+03   -6.5908481632e+01    1.9447112408e+01    3.0264658531e+01   -1.0407904661e+02    7.9059064489e+00    2.0480000000e+03    5.6746318005e-03    5.9158380682e-01
       184   -4.6480348466e+01    2.1609448234e+03   -6.5740470864e+01    1.9260122399e+01    3.0100877990e+01   -1.0408362684e+02    8.2422779852e+00    2.0480000000e+03    5.6617050432e-03    5.8975497159e-01
       185   -4.6492117641e+01    2.1621305168e+03   -6.5853489607e+01    1.9361371966e+01    3.0246094464e+01   -1.0443578956e+02    8.3362054889e+00    2.0480000000e+03    5.6787987705e-03    5.9131747159e-01
       186   -4.6491999131e+01    2.1620825471e+03   -6.5679504479e+01    1.9187505348e+01    3.0257777743e+01   -1.0412645997e+02    8.1891777463e+00    2.0480000000e+03    5.6894673035e-03    5.9086470170e-01
       187   -4.6503592964e+01    2.1631979715e+03   -6.5957397023e+01    1.9453804059e+01    3.0448080546e+01   -1.0516337845e+02    8.7579008854e+00    2.0480000000e+03    5.6787778158e-03    5.8940873580e-01
       188   -4.6491257480e+01    2.1620771897e+03   -6.5661568521e+01    1.9170311041e+01    3.0184829738e+01   -1.0445613654e+02    8.6097382853e+00    2.0480000000e+03    5.6774788536e-03    5.9116654830e-01
       189   -4.6478257375e+01    2.1608046095e+03   -6.5824033417e+01    1.9345776042e+01    3.0349590782e+01   -1.0506119518e+02    8.8875709841e+00    2.0480000000e+03    5.6754408870e-03    5.8972833807e-01
       190   -4.6494712910e+01    2.1622747367e+03   -6.5888430995e+01    1.9393718085e+01    3.0218685533e+01   -1.0399227296e+02    7.8851564358e+00    2.0480000000e+03    5.6649986655e-03    5.8870738636e-01
       191   -4.6495388347e+01    2.1624867831e+03   -6.5636680566e+01    1.9141292220e+01    3.0074000149e+01   -1.0395769910e+02    8.2470183888e+00    2.0480000000e+03    5.6733342353e-03    5.9224964489e-01
       192   -4.6523359560e+01    2.1650962101e+03   -6.6017192339e+01    1.9493832779e+01    3.0106299311e+01   -1.0424003274e+02    8.1165410892e+00    2.0480000000e+03    5.6908223778e-03    5.9338600852e-01
       193   -4.6485281476e+01    2.1615234831e+03   -6.5790015855e+01    1.9304734380e+01    3.0268020573e+01   -1.0422796664e+02    8.1699302118e+00    2.0480000000e+03    5.6849974208e-03    5.9393643466e-01
       194   -4.6478488144e+01    2.1608376276e+03   -6.5767264759e+01    1.9288776615e+01    3.0127861810e+01   -1.0396410304e+02    8.0689764738e+00    2.0480000000e+03    5.6687435135e-03    5.9036754261e-01
       195   -4.6455373642e+01    2.1598116564e+03   -6.5537076749e+01    1.9081703107e+01    3.0197691211e+01   -1.0406742579e+02    8.3326578271e+00    2.0480000000e+03    5.6800157763e-03    5.9264914773e-01
       196   -4.6462151624e+01    2.1593160627e+03   -6.5720351427e+01    1.9258199803e+01    3.0163958854e+01   -1.0398307290e+02    8.0987626149e+00    2.0480000000e+03    5.6815412827e-03    5.9124644886e-01
       197   -4.6476181557e+01    2.1606485407e+03   -6.5611952085e+01    1.9135770528e+01    3.0246329756e+01   -1.0423636151e+02    8.3780796661e+00    2.0480000000e+03    5.6783251930e-03    5.9159268466e-01
       198   -4.6506629725e+01    2.1635500096e+03   -6.5469357141e+01    1.8962727417e+01    3.0027659490e+01   -1.0367402406e+02    8.1770074293e+00    2.0480000000e+03    5.6809249800e-03    5.9232066761e-01
       199   -4.6518511629e+01    2.1645971426e+03   -6.5765820679e+01    1.9247309049e+01    3.0101970088e+01   -1.0397935057e+02    8.1115598039e+00    2.0480000000e+03    5.6715966202e-03    5.9041193182e-01
       200   -4.6463586424e+01    2.1594818342e+03   -6.5575791762e+01    1.9112205339e+01    3.0086674385e+01   -1.0372277609e+02    8.0603099373e+00    2.0480000000e+03    5.6784888729e-03    5.9352805398e-01
       201   -4.6503811008e+01    2.1632535491e+03   -6.5592399514e+01    1.9088588506e+01    3.0091036124e+01   -1.0408021103e+02    8.3967753952e+00    2.0480000000e+03    5.6819771416e-03    5.9324396307e-01
       202   -4.6504978051e+01    2.1632364597e+03   -6.5731906346e+01    1.9226928294e+01    3.0137792451e+01   -1.0405825229e+02    8.1885534982e+00    2.0480000000e+03    5.6701442227e-03    5.9111328125e-01
       203   -4.6472473300e+01    2.1603667085e+03   -6.5671940669e+01    1.9199467369e+01    3.0167768601e+01   -1.0417743286e+02    8.3377235944e+00    2.0480000000e+03    5.6678315159e-03    5.9230291193e-01
       204   -4.6489304485e+01    2.1619683769e+03   -6.5813253515e+01    1.9323949031e+01    3.0122653060e+01   -1.0420561148e+02    8.2697049011e+00    2.0480000000e+03    5.6615157519e-03    5.9203657670e-01
       205   -4.6448060740e+01    2.1582813198e+03   -6.5541082262e+01    1.9093021523e+01    3.0251158738e+01   -1.0406355401e+02    8.2713130062e+00    2.0480000000e+03    5.6598673109e-03    5.9148615057e-01
       206   -4.6492207525e+01    2.1621338534e+03   -6.5800307540e+01    1.9308100015e+01    3.0335835586e+01   -1.0460333237e+02    8.4671892452e+00    2.0480000000e+03    5.6769356597e-03    5.9060724432e-01
       207   -4.6505076029e+01    2.1633777678e+03   -6.5861098085e+01    1.9356022056e+01    3.0321497945e+01   -1.0463506795e+02    8.4524719235e+00    2.0480000000e+03    5.6718296837e-03    5.9148615057e-01
       208   -4.6474976406e+01    2.1605731222e+03   -6.6153217070e+01    1.9678240664e+01    3.0267634474e+01   -1.0460352978e+02    8.1826782315e+00    2.0480000000e+03    5.6865173392e-03    5.9160156250e-01
       209   -4.6437614764e+01    2.1570837912e+03   -6.6034692169e+01    1.9597077404e+01    3.0361036229e+01   -1.0491148050e+02    8.5157521061e+00    2.0480000000e+03    5.6764420588e-03    5.8899147727e-01
       210   -4.6455614573e+01    2.1587681321e+03   -6.5686093599e+01    1.9230479026e+01    3.0289130721e+01   -1.0443206695e+02    8.4568426299e+00    2.0480000000e+03    5.6774583645e-03    5.8868075284e-01
       211   -4.6481755087e+01    2.1610579930e+03   -6.5736590327e+01    1.9254835240e+01    3.0253614732e+01   -1.0421961893e+02    8.2294138674e+00    2.0480000000e+03    5.7003386319e-03    5.9345703125e-01
       212   -4.6493591467e+01    2.1621831502e+03   -6.5816676664e+01    1.9323085197e+01    3.0442251424e+01   -1.0445835332e+02    8.1994252370e+00    2.0480000000e+03    5.6797543075e-03    5.9066051136e-01
       213   -4.6485148267e+01    2.1616853506e+03   -6.6005036014e+01    1.9519887747e+01    3.0437132422e+01   -1.0505474311e+02    8.6125746707e+00    2.0480000000e+03    5.6758045685e-03    5.9013671875e-01
       214   -4.6530534642e+01    2.1657091524e+03   -6.5717093853e+01    1.9186559210e+01    3.0084752182e+01   -1.0359470940e+02    7.7928633644e+00    2.0480000000e+03    5.6721821893e-03    5.9309303977e-01
       215   -4.6480066458e+01    2.1610220619e+03   -6.5508953604e+01    1.9028887147e+01    3.0130907615e+01   -1.0402750362e+02    8.3876424055e+00    2.0480000000e+03    5.6600952521e-03    5.8983487216e-01
       216   -4.6485374164e+01    2.1615134683e+03   -6.5516546417e+01    1.9031172253e+01    3.0059543728e+01   -1.0392940478e+02    8.3533146375e+00    2.0480000000e+03    5.6622445118e-03    5.9213423295e-01
       217   -4.6497386615e+01    2.1626210549e+03   -6.5778838224e+01    1.9281451609e+01    3.0195253694e+01   -1.0441588884e+02    8.4417969171e+00    2.0480000000e+03    5.6682338472e-03    5.9086470170e-01
       218   -4.6481101021e+01    2.1610816438e+03   -6.5652945905e+01    1.9171844884e+01    3.0266875107e+01   -1.0422991328e+02    8.3100922722e+00    2.0480000000e+03    5.6876270100e-03    5.9051846591e-01
       219   -4.6503262058e+01    2.1632042463e+03   -6.5932969809e+01    1.9429707751e+01    3.0331967256e+01   -1.0473930016e+02    8.4743630956e+00    2.0480000000e+03    5.6899331976e-03    5.8922230114e-01
       220   -4.6492279490e+01    2.1620912214e+03   -6.5625810860e+01    1.9133531370e+01    3.0000148859e+01   -1.0393820893e+02    8.3122492125e+00    2.0480000000e+03    5.6749752257e-03    5.9102450284e-01
       221   -4.6476935556e+01    2.1607907440e+03   -6.5614949923e+01    1.9138014367e+01    3.0030954277e+01   -1.0346652932e+02    7.8206251172e+00    2.0480000000e+03    5.6640263647e-03    5.9044744318e-01
       222   -4.6512967893e+01    2.1639972213e+03   -6.5713269055e+01    1.9200301162e+01    3.0083756191e+01   -1.0356695530e+02    7.7699300558e+00    2.0480000000e+03    5.6616419461e-03    5.9135298295e-01
       223   -4.6466550475e+01    2.1596606150e+03   -6.6040621263e+01    1.9574070788e+01    3.0281937606e+01   -1.0450022527e+02    8.1776663978e+00    2.0480000000e+03    5.6628359016e-03    5.9178799716e-01
       224   -4.6497285165e+01    2.1625626466e+03   -6.5579516661e+01    1.9082231496e+01    3.0185072278e+01   -1.0409941709e+02    8.3348281535e+00    2.0480000000e+03    5.6663379073e-03    5.9304865057e-01
       225   -4.6484371617e+01    2.1615547741e+03   -6.5973829507e+01    1.9489457889e+01    3.0172369407e+01   -1.0459233526e+02    8.4461363437e+00    2.0480000000e+03    5.6549555156e-03    5.9072265625e-01
       226   -4.6473603599e+01    2.1603769541e+03   -6.5749563354e+01    1.9275959755e+01    3.0171038522e+01   -1.0440591261e+02    8.4853107315e+00    2.0480000000e+03    5.6506982073e-03    5.9092684659e-01
       227   -4.6481111606e+01    2.1610448576e+03   -6.5670890555e+01    1.9189778949e+01    3.0115916011e+01   -1.0410323285e+02    8.3164262833e+00    2.0480000000e+03    5.6755745318e-03    5.9139737216e-01
       228   -4.6494746697e+01    2.1623348236e+03   -6.5905426393e+01    1.9410679695e+01    3.0318914882e+01   -1.0431101010e+02    8.0866688265e+00    2.0480000000e+03    5.6758916471e-03    5.9072265625e-01
       229   -4.6480175308e+01    2.1617136358e+03   -6.5960008837e+01    1.9479833530e+01    3.0349272237e+01   -1.0495450499e+02    8.6452239178e+00    2.0480000000e+03    5.6866228115e-03    5.9149502841e-01
       230   -4.6490365279e+01    2.1619668563e+03   -6.5919469868e+01    1.9429104589e+01    3.0265082428e+01   -1.0430654296e+02    8.1219906674e+00    2.0480000000e+03    5.6832514238e-03    5.9211647727e-01
       231   -4.6468848413e+01    2.1600188590e+03   -6.5526920554e+01    1.9058072141e+01    3.0167340509e+01   -1.0435819428e+02    8.6639332164e+00    2.0480000000e+03    5.6760474108e-03    5.9189453125e-01
       232   -4.6485425145e+01    2.1615945719e+03   -6.5792070731e+01    1.9306645586e+01    3.0188170654e+01   -1.0380934217e+02    7.8291007834e+00    2.0480000000e+03    5.6853068527e-03    5.9274680398e-01
       233   -4.6470221572e+01    2.1601006491e+03   -6.5630227662e+01    1.9160006090e+01    3.0182165470e+01   -1.0432362749e+02    8.5112343625e+00    2.0480000000e+03    5.6690329220e-03    5.9128196023e-01
       234   -4.6505237918e+01    2.1632722344e+03   -6.5478545867e+01    1.8973307949e+01    3.0156751336e+01   -1.0373468545e+02    8.0993882420e+00    2.0480000000e+03    5.6679071859e-03    5.9150390625e-01
       235   -4.6486030744e+01    2.1615031255e+03   -6.5741846166e+01    1.9255815421e+01    3.0186927331e+01   -1.0413113169e+02    8.2023581946e+00    2.0480000000e+03    5.6763992179e-03    5.9327059659e-01
       236   -4.6494982251e+01    2.1623793598e+03   -6.5792068626e+01    1.9297086375e+01    3.0289467387e+01   -1.0481886845e+02    8.7373324364e+00    2.0480000000e+03    5.6756667327e-03    5.9090909091e-01
       237   -4.6500072167e+01    2.1628134304e+03   -6.5859514498e+01    1.9359442331e+01    3.0274064690e+01   -1.0455900894e+02    8.4254297494e+00    2.0480000000e+03    5.6822206825e-03    5.9185901989e-01
       238   -4.6482468103e+01    2.1611524589e+03   -6.5855486566e+01    1.9373018462e+01    3.0133094892e+01   -1.0428092483e+02    8.2923433762e+00    2.0480000000e+03    5.6620084215e-03    5.9043856534e-01
       239   -4.6518278448e+01    2.1649358069e+03   -6.5763574243e+01    1.9245295796e+01    3.0152276631e+01   -1.0430402435e+02    8.3881734777e+00    2.0480000000e+03    5.6591490284e-03    5.9071377841e-01
       240   -4.6512144589e+01    2.1642283212e+03   -6.5822782504e+01    1.9310637914e+01    3.0208215736e+01   -1.0417319416e+02    8.1421959172e+00    2.0480000000e+03    5.6625453290e-03    5.8896484375e-01
       241   -4.6491761469e+01    2.1621852217e+03   -6.5423245681e+01    1.8931484211e+01    3.0183012184e+01   -1.0383978289e+02    8.2335250262e+00    2.0480000000e+03    5.6775093544e-03    5.9156605114e-01
       242   -4.6475202279e+01    2.1608308929e+03   -6.6053807252e+01    1.9578604974e+01    3.0267931291e+01   -1.0443224562e+02    8.1105070793e+00    2.0480000000e+03    5.6574412156e-03    5.8995916193e-01
       243   -4.6443014235e+01    2.1581469222e+03   -6.5770131897e+01    1.9327117662e+01    3.0185055704e+01   -1.0409502741e+02    8.1398398119e+00    2.0480000000e+03    5.6540027726e-03    5.8968394886e-01
       244   -4.6499585741e+01    2.1630584124e+03   -6.5604076281e+01    1.9104490540e+01    3.0104999290e+01   -1.0397222217e+02    8.2631465934e+00    2.0480000000e+03    5.6665991433e-03    5.9162819602e-01
       245   -4.6510350944e+01    2.1639396046e+03   -6.5734514202e+01    1.9224163258e+01    3.0194937754e+01   -1.0422961467e+02    8.3001627140e+00    2.0480000000e+03    5.6700252462e-03    5.9108664773e-01
       246   -4.6511246444e+01    2.1638554999e+03   -6.6050854780e+01    1.9539608335e+01    3.0235121333e+01   -1.0447337518e+02    8.1873990664e+00    2.0480000000e+03    5.6740718428e-03    5.9288884943e-01
       247   -4.6484294122e+01    2.1615113626e+03   -6.5785915592e+01    1.9301621469e+01    3.0138310976e+01   -1.0389484510e+02    7.9706185308e+00    2.0480000000e+03    5.6710981298e-03    5.9272017045e-01
       248   -4.6483460989e+01    2.1612364397e+03   -6.5755187418e+01    1.9271726429e+01    3.0122220013e+01   -1.0361914325e+02    7.7417358169e+00    2.0480000000e+03    5.6841776241e-03    5.9125532670e-01
       249   -4.6501409666e+01    2.1631086892e+03   -6.5739366014e+01    1.9237956348e+01    3.0136519285e+01   -1.0455439302e+02    8.6785077231e+00    2.0480000000e+03    5.6723507587e-03    5.9137073864e-01
       250   -4.6517198751e+01    2.1645384223e+03   -6.5721638863e+01    1.9204440112e+01    3.0128415159e+01   -1.0410795851e+02    8.2579044904e+00    2.0480000000e+03    5.7642848697e-03    5.9366122159e-01
       251   -4.6492700722e+01    2.1622545711e+03   -6.5591225978e+01    1.9098525256e+01    3.0223296537e+01   -1.0424199741e+02    8.4274748981e+00    2.0480000000e+03    5.6715751998e-03    5.9066938920e-01
       252   -4.6507813611e+01    2.1636162009e+03   -6.5776948688e+01    1.9269135077e+01    3.0005958464e+01   -1.0344411662e+02    7.6612094692e+00    2.0480000000e+03    5.6577406358e-03    5.9334161932e-01
       253   -4.6481144684e+01    2.1610870297e+03   -6.5837814851e+01    1.9356670167e+01    3.0189757435e+01   -1.0371018826e+02    7.6826159728e+00    2.0480000000e+03    5.6553876493e-03    5.9113991477e-01
       254   -4.6478816259e+01    2.1609416410e+03   -6.5526099873e+01    1.9047283614e+01    3.0283688408e+01   -1.0429551263e+02    8.4857243519e+00    2.0480000000e+03    5.6518767960e-03    5.8843217330e-01
       255   -4.6482509136e+01    2.1613967516e+03   -6.5827156525e+01    1.9344647390e+01    3.0216840948e+01   -1.0426021701e+02    8.2162195395e+00    2.0480000000e+03    5.6495165918e-03    5.8966619318e-01
       256   -4.6485187197e+01    2.1614761433e+03   -6.5592951617e+01    1.9107764420e+01    3.0055377818e+01   -1.0411166504e+02    8.4633356071e+00    2.0480000000e+03    5.6607697625e-03    5.9322620739e-01
       257   -4.6500214486e+01    2.1631017726e+03   -6.6092442844e+01    1.9592228359e+01    3.0271371534e+01   -1.0430446259e+02    7.9406482135e+00    2.0480000000e+03    5.6569743901e-03    5.9121093750e-01
       258   -4.6495264470e+01    2.1624057864e+03   -6.5824973447e+01    1.9329708976e+01    3.0306976882e+01   -1.0415224896e+02    8.0202986327e+00    2.0480000000e+03    5.6823103223e-03    5.9360795455e-01
       259   -4.6482159861e+01    2.1612362986e+03   -6.5712259983e+01    1.9230100122e+01    3.0110032455e+01   -1.0374419166e+02    7.9218992171e+00    2.0480000000e+03    5.6583434343e-03    5.9189453125e-01
       260   -4.6486166251e+01    2.1615589971e+03   -6.5757603551e+01    1.9271437300e+01    3.0127244107e+01   -1.0412614206e+02    8.2412943985e+00    2.0480000000e+03    5.6425668299e-03    5.9058948864e-01
       261   -4.6479385614e+01    2.1608668699e+03   -6.5646893819e+01    1.9167508205e+01    3.0136664655e+01   -1.0444778910e+02    8.6642306227e+00    2.0480000000e+03    5.6569871958e-03    5.9047407670e-01
       262   -4.6463050535e+01    2.1599393129e+03   -6.5554643546e+01    1.9091593010e+01    3.0171508609e+01   -1.0425610984e+02    8.5299576898e+00    2.0480000000e+03    5.6541184895e-03    5.9044744318e-01
       263   -4.6480101718e+01    2.1610390400e+03   -6.5618918242e+01    1.9138816524e+01    3.0255232389e+01   -1.0425819834e+02    8.3840477118e+00    2.0480000000e+03    5.6614445057e-03    5.9264026989e-01
       264   -4.6463349218e+01    2.1598723659e+03   -6.5763283570e+01    1.9299934352e+01    3.0266151660e+01   -1.0419815696e+02    8.1687217306e+00    2.0480000000e+03    5.6705237366e-03    5.9209872159e-01
       265   -4.6482109513e+01    2.1612687246e+03   -6.5843977086e+01    1.9361867573e+01    3.0279605644e+01   -1.0409518110e+02    7.9715983680e+00    2.0480000000e+03    5.6632091291e-03    5.9060724432e-01
       266   -4.6491294584e+01    2.1620121263e+03   -6.5611439356e+01    1.9120144772e+01    3.0204813597e+01   -1.0419884850e+02    8.3825955471e+00    2.0480000000e+03    5.6684690062e-03    5.9127308239e-01
       267   -4.6459106189e+01    2.1595100980e+03   -6.5853502162e+01    1.9394395973e+01    3.0092406952e+01   -1.0425222552e+02    8.3063164103e+00    2.0480000000e+03    5.6760632433e-03    5.9117542614e-01
       268   -4.6508723455e+01    2.1640572854e+03   -6.5584314598e+01    1.9075591143e+01    3.0056952076e+01   -1.0381957555e+02    8.1783088766e+00    2.0480000000e+03    5.6675607339e-03    5.9128196023e-01
       269   -4.6503134376e+01    2.1631446295e+03   -6.5576101986e+01    1.9072967611e+01    3.0184759565e+01   -1.0389140073e+02    8.1305391774e+00    2.0480000000e+03    5.6569508743e-03    5.9285333807e-01
       270   -4.6487258071e+01    2.1616535356e+03   -6.5887975591e+01    1.9400717521e+01    3.0205476140e+01   -1.0422124097e+02    8.1277892408e+00    2.0480000000e+03    5.6806653738e-03    5.9456676136e-01
       271   -4.6496265474e+01    2.1625639038e+03   -6.5577755986e+01    1.9081490512e+01    3.0200244817e+01   -1.0452784097e+02    8.7498401674e+00    2.0480000000e+03    5.6543583050e-03    5.9004794034e-01
       272   -4.6481229031e+01    2.1611523981e+03   -6.5401466973e+01    1.8920237942e+01    3.0029144044e+01   -1.0387756523e+02    8.4469542085e+00    2.0480000000e+03    5.6656447705e-03    5.8964843750e-01
       273   -4.6479213476e+01    2.1613370828e+03   -6.5592593764e+01    1.9113380289e+01    3.0018755850e+01   -1.0382614030e+02    8.2147906899e+00    2.0480000000e+03    5.7704728097e-03    5.8985262784e-01
       274   -4.6488129563e+01    2.1617046809e+03   -6.5596506751e+01    1.9108377188e+01    3.0098743011e+01   -1.0372329914e+02    8.0280493801e+00    2.0480000000e+03    5.6991004385e-03    5.8989701705e-01
       275   -4.6485745127e+01    2.1614830909e+03   -6.5859449133e+01    1.9373704006e+01    3.0191578297e+01   -1.0417413108e+02    8.1231036508e+00    2.0480000000e+03    5.6773854885e-03    5.9226740057e-01
       276   -4.6492623267e+01    2.1621649980e+03   -6.5696003383e+01    1.9203380116e+01    3.0200913512e+01   -1.0401496934e+02    8.1180524459e+00    2.0480000000e+03    5.6815964635e-03    5.9250710227e-01
       277   -4.6491642675e+01    2.1620777243e+03   -6.5916256165e+01    1.9424613489e+01    3.0383844184e+01   -1.0456729231e+02    8.2671919575e+00    2.0480000000e+03    5.6717975531e-03    5.8989701705e-01
       278   -4.6509056121e+01    2.1637591329e+03   -6.6168629192e+01    1.9659573071e+01    3.0433277088e+01   -1.0478660630e+02    8.1847000205e+00    2.0480000000e+03    5.6678850669e-03    5.8935546875e-01
       279   -4.6468989111e+01    2.1599642275e+03   -6.5661828574e+01    1.9192839464e+01    3.0210140213e+01   -1.0423697494e+02    8.3650061555e+00    2.0480000000e+03    5.6636815425e-03    5.8948863636e-01
       280   -4.6482410981e+01    2.1612500088e+03   -6.5768672536e+01    1.9286261554e+01    3.0197277125e+01   -1.0399770506e+02    8.0317554028e+00    2.0480000000e+03    5.6602368131e-03    5.9079367898e-01
       281   -4.6515443184e+01    2.1643502829e+03   -6.5738410456e+01    1.9222967272e+01    3.0316057826e+01   -1.0454761918e+02    8.4931509016e+00    2.0480000000e+03    5.6748532224e-03    5.9198330966e-01
       282   -4.6488767027e+01    2.1619744536e+03   -6.5576394578e+01    1.9087627552e+01    3.0142158066e+01   -1.0368371344e+02    7.9651607934e+00    2.0480000000e+03    5.6723386515e-03    5.9116654830e-01
       283   -4.6508072141e+01    2.1635422072e+03   -6.5798506797e+01    1.9290434655e+01    3.0248008075e+01   -1.0422985701e+02    8.1833421359e+00    2.0480000000e+03    5.6777091231e-03    5.9233842330e-01
       284   -4.6534019496e+01    2.1659526610e+03   -6.5625939733e+01    1.9091920237e+01    3.0195782437e+01   -1.0410635221e+02    8.2846300364e+00    2.0480000000e+03    5.6939928327e-03    5.9212535511e-01
       285   -4.6498377717e+01    2.1628386156e+03   -6.5273751210e+01    1.8775373493e+01    3.0220434653e+01   -1.0433957048e+02    8.8453846136e+00    2.0480000000e+03    5.6645753793e-03    5.8987038352e-01
       286   -4.6505097875e+01    2.1637229222e+03   -6.5437861882e+01    1.8932764007e+01    3.0313901401e+01   -1.0430660760e+02    8.5548443136e+00    2.0480000000e+03    5.6859250180e-03    5.9254261364e-01
       287   -4.6520407461e+01    2.1646916854e+03   -6.5619318858e+01    1.9098911397e+01    3.0038502352e+01   -1.0394038039e+02    8.2825591798e+00    2.0480000000e+03    5.6794502307e-03    5.9083806818e-01
       288   -4.6463588700e+01    2.1593866499e+03   -6.5578173053e+01    1.9114584353e+01    3.0185940476e+01   -1.0417384195e+02    8.4097284189e+00    2.0480000000e+03    5.6822055485e-03    5.9486860795e-01
       289   -4.6515879248e+01    2.1642146630e+03   -6.5671628388e+01    1.9155749140e+01    3.0140454529e+01   -1.0378107689e+02    7.9689939749e+00    2.0480000000e+03    5.6693067309e-03    5.9212535511e-01
       290   -4.6458927758e+01    2.1590066036e+03   -6.5576297239e+01    1.9117369481e+01    3.0096616100e+01   -1.0372728339e+02    8.0543700484e+00    2.0480000000e+03    5.6553878821e-03    5.9248934659e-01
       291   -4.6479936340e+01    2.1610356650e+03   -6.5792564682e+01    1.9312628342e+01    3.0117235147e+01   -1.0386288461e+02    7.9530847849e+00    2.0480000000e+03    5.6542442180e-03    5.9189453125e-01
       292   -4.6498137828e+01    2.1627199553e+03   -6.5742380480e+01    1.9244242652e+01    3.0051057612e+01   -1.0375039898e+02    7.9569608856e+00    2.0480000000e+03    5.6704760063e-03    5.9226740057e-01
       293   -4.6482680660e+01    2.1612297375e+03   -6.5748922992e+01    1.9266242332e+01    3.0219982651e+01   -1.0442750470e+02    8.4585990562e+00    2.0480000000e+03    5.6815415155e-03    5.9008345170e-01
       294   -4.6508314318e+01    2.1641532545e+03   -6.6079411520e+01    1.9571097203e+01    3.0312530959e+01   -1.0470542093e+02    8.3134784524e+00    2.0480000000e+03    5.6887308601e-03    5.9070490057e-01
       295   -4.6509020252e+01    2.1637373335e+03   -6.6051137663e+01    1.9542117411e+01    3.0451651134e+01   -1.0487912447e+02    8.3763356758e+00    2.0480000000e+03    5.6939371862e-03    5.8971058239e-01
       296   -4.6477179885e+01    2.1607484348e+03   -6.5776990271e+01    1.9299810386e+01    3.0353428754e+01   -1.0472996637e+02    8.5995473433e+00    2.0480000000e+03    5.6829401292e-03    5.9114879261e-01
       297   -4.6485030691e+01    2.1614843189e+03   -6.6027165615e+01    1.9542134923e+01    3.0260757667e+01   -1.0441732929e+02    8.1294060061e+00    2.0480000000e+03    5.6749819778e-03    5.9026100852e-01
       298   -4.6494003180e+01    2.1636205841e+03   -6.5992847982e+01    1.9498844802e+01    3.0196950690e+01   -1.0429489783e+02    8.1050991535e+00    2.0480000000e+03    5.6653229985e-03    5.9228515625e-01
       299   -4.6504469132e+01    2.1632735057e+03   -6.5678906156e+01    1.9174437024e+01    3.0208199029e+01   -1.0404002112e+02    8.1529159374e+00    2.0480000000e+03    5.6579797529e-03    5.9019886364e-01
