#   index    LocalEnergy         LocalEnergy_sq      LocalPotential      Kinetic             ElecElec            LocalECP            NonLocalECP         BlockWeight         BlockCPU            AcceptRatio         
         0   -4.6484763293e+01    2.1614739391e+03   -6.5899591671e+01    1.9414828378e+01    3.0318350591e+01   -1.0456535820e+02    8.3474159404e+00    2.0480000000e+03    5.9700154234e-03    5.9058948864e-01
         1   -4.6474756226e+01    2.1605119895e+03   -6.5765256307e+01    1.9290500081e+01    3.0222062230e+01   -1.0429091263e+02    8.3035940905e+00    2.0480000000e+03    5.8844361920e-03    5.9308416193e-01
         2   -4.6482676253e+01    2.1613570863e+03   -6.5020529440e+01    1.8537853187e+01    3.0029746402e+01   -1.0378191746e+02    8.7316416147e+00    2.0480000000e+03    5.8886401821e-03    5.9382990057e-01
         3   -4.6479154679e+01    2.1609104880e+03   -6.5790284817e+01    1.9311130138e+01    3.0200400814e+01   -1.0420174863e+02    8.2110630028e+00    2.0480000000e+03    5.7738365140e-03    5.9122869318e-01
         4   -4.6520004609e+01    2.1648727653e+03   -6.6083763070e+01    1.9563758461e+01    3.0248097122e+01   -1.0457660301e+02    8.2447428176e+00    2.0480000000e+03    5.7589514181e-03    5.9274680398e-01
         5   -4.6499899701e+01    2.1628477669e+03   -6.5359995273e+01    1.8860095572e+01    3.0185663028e+01   -1.0386619384e+02    8.3205355422e+00    2.0480000000e+03    5.7528032921e-03    5.9179687500e-01
         6   -4.6512324566e+01    2.1640327622e+03   -6.5700869337e+01    1.9188544771e+01    3.0240257419e+01   -1.0422310909e+02    8.2819823343e+00    2.0480000000e+03    5.7490761392e-03    5.9345703125e-01
         7   -4.6477240405e+01    2.1607963600e+03   -6.5704039780e+01    1.9226799374e+01    2.9992374329e+01   -1.0368288197e+02    7.9864678640e+00    2.0480000000e+03    5.7257229928e-03    5.9196555398e-01
         8   -4.6509961668e+01    2.1637942387e+03   -6.5310287029e+01    1.8800325361e+01    3.0051474016e+01   -1.0373912186e+02    8.3773608188e+00    2.0480000000e+03    5.7144286111e-03    5.9042080966e-01
         9   -4.6475296789e+01    2.1606708952e+03   -6.5600645316e+01    1.9125348527e+01    3.0085214531e+01   -1.0379295761e+02    8.1070977663e+00    2.0480000000e+03    5.7145890314e-03    5.9405184659e-01
        10   -4.6488623924e+01    2.1618075268e+03   -6.5734977625e+01    1.9246353701e+01    3.0132029604e+01   -1.0414531258e+02    8.2783053478e+00    2.0480000000e+03    5.6920659263e-03    5.8895596591e-01
        11   -4.6518085224e+01    2.1645802968e+03   -6.5795358576e+01    1.9277273351e+01    3.0244046414e+01   -1.0414246534e+02    8.1030603525e+00    2.0480000000e+03    5.7010541204e-03    5.9280894886e-01
        12   -4.6485892778e+01    2.1614045365e+03   -6.5818394687e+01    1.9332501909e+01    3.0158328660e+01   -1.0387935509e+02    7.9026317449e+00    2.0480000000e+03    5.7080620900e-03    5.9297762784e-01
        13   -4.6463612554e+01    2.1594239965e+03   -6.5770464942e+01    1.9306852389e+01    3.0170580657e+01   -1.0442716897e+02    8.4861233694e+00    2.0480000000e+03    5.6897751056e-03    5.9050071023e-01
        14   -4.6483038260e+01    2.1612646231e+03   -6.5997958377e+01    1.9514920117e+01    3.0382006026e+01   -1.0437214105e+02    7.9921766455e+00    2.0480000000e+03    5.6901122443e-03    5.8880504261e-01
        15   -4.6500265035e+01    2.1628924264e+03   -6.5672654630e+01    1.9172389595e+01    3.0216080158e+01   -1.0388511178e+02    7.9963769948e+00    2.0480000000e+03    5.6867927779e-03    5.9190340909e-01
        16   -4.6480035154e+01    2.1611400820e+03   -6.5611977083e+01    1.9131941929e+01    3.0333391847e+01   -1.0426976011e+02    8.3243911798e+00    2.0480000000e+03    5.6709207129e-03    5.8988813920e-01
        17   -4.6507036671e+01    2.1635303587e+03   -6.5713188799e+01    1.9206152128e+01    3.0313425370e+01   -1.0474410097e+02    8.7174868059e+00    2.0480000000e+03    5.6935183238e-03    5.9323508523e-01
        18   -4.6470656250e+01    2.1601760629e+03   -6.6151708907e+01    1.9681052657e+01    3.0388734864e+01   -1.0479692941e+02    8.2564856410e+00    2.0480000000e+03    5.7084099390e-03    5.9468217330e-01
        19   -4.6467912331e+01    2.1599302797e+03   -6.5998051275e+01    1.9530138944e+01    3.0321537940e+01   -1.0463632586e+02    8.3167366452e+00    2.0480000000e+03    5.6981637608e-03    5.9055397727e-01
        20   -4.6490503304e+01    2.1618954039e+03   -6.5739514856e+01    1.9249011552e+01    3.0264257524e+01   -1.0416847192e+02    8.1646995361e+00    2.0480000000e+03    5.7028613519e-03    5.9250710227e-01
        21   -4.6496076678e+01    2.1624478295e+03   -6.5928664703e+01    1.9432588025e+01    3.0456989788e+01   -1.0483302843e+02    8.4473739377e+00    2.0480000000e+03    5.7029186282e-03    5.9136186080e-01
        22   -4.6490138883e+01    2.1619671167e+03   -6.5843749727e+01    1.9353610844e+01    3.0221400604e+01   -1.0445779039e+02    8.3926400580e+00    2.0480000000e+03    5.6906258687e-03    5.9090909091e-01
        23   -4.6495654929e+01    2.1624640871e+03   -6.5879176144e+01    1.9383521215e+01    3.0175754246e+01   -1.0406308047e+02    8.0081500752e+00    2.0480000000e+03    5.6694902014e-03    5.8722478693e-01
        24   -4.6498961842e+01    2.1627065574e+03   -6.5795743836e+01    1.9296781994e+01    3.0151980455e+01   -1.0428411316e+02    8.3363888735e+00    2.0480000000e+03    5.6828870438e-03    5.9179687500e-01
        25   -4.6472964224e+01    2.1603061937e+03   -6.5929147151e+01    1.9456182927e+01    3.0387650216e+01   -1.0465085142e+02    8.3340540571e+00    2.0480000000e+03    5.6761144660e-03    5.9008345170e-01
        26   -4.6502780810e+01    2.1631828164e+03   -6.5939100899e+01    1.9436320090e+01    3.0348490180e+01   -1.0452300482e+02    8.2354137395e+00    2.0480000000e+03    5.6857371237e-03    5.9152166193e-01
        27   -4.6513007865e+01    2.1640348851e+03   -6.6281300668e+01    1.9768292803e+01    3.0356922512e+01   -1.0488696014e+02    8.2487369642e+00    2.0480000000e+03    5.6824036874e-03    5.8917791193e-01
        28   -4.6499106841e+01    2.1626558364e+03   -6.5608740722e+01    1.9109633881e+01    3.0158241388e+01   -1.0396866599e+02    8.2016838838e+00    2.0480000000e+03    5.6695353705e-03    5.9036754261e-01
        29   -4.6527922792e+01    2.1655059934e+03   -6.5356065129e+01    1.8828142337e+01    3.0245324824e+01   -1.0369442678e+02    8.0930368307e+00    2.0480000000e+03    5.6691803038e-03    5.9149502841e-01
        30   -4.6492551120e+01    2.1620883702e+03   -6.5834453114e+01    1.9341901995e+01    3.0324898872e+01   -1.0407003240e+02    7.9106804095e+00    2.0480000000e+03    5.6769642979e-03    5.9107776989e-01
        31   -4.6501436789e+01    2.1630934094e+03   -6.5955276373e+01    1.9453839584e+01    3.0214565097e+01   -1.0411951320e+02    7.9496717251e+00    2.0480000000e+03    5.6824944913e-03    5.8775745739e-01
        32   -4.6485064457e+01    2.1614384947e+03   -6.5583066295e+01    1.9098001838e+01    3.0220197235e+01   -1.0424692291e+02    8.4436593833e+00    2.0480000000e+03    5.7070504408e-03    5.9100674716e-01
        33   -4.6482239087e+01    2.1611961169e+03   -6.5671874321e+01    1.9189635234e+01    3.0271950039e+01   -1.0395955645e+02    8.0157320914e+00    2.0480000000e+03    5.6970303413e-03    5.9358132102e-01
        34   -4.6472986057e+01    2.1603165416e+03   -6.5815737167e+01    1.9342751110e+01    3.0235285316e+01   -1.0425871227e+02    8.2076897894e+00    2.0480000000e+03    5.6831156835e-03    5.9053622159e-01
        35   -4.6460717411e+01    2.1591639870e+03   -6.5540139780e+01    1.9079422369e+01    3.0219160218e+01   -1.0437496268e+02    8.6156626859e+00    2.0480000000e+03    5.6826181244e-03    5.9327947443e-01
        36   -4.6506942163e+01    2.1634799625e+03   -6.6005970333e+01    1.9499028170e+01    3.0295322647e+01   -1.0458301653e+02    8.2817235540e+00    2.0480000000e+03    5.6783775799e-03    5.9346590909e-01
        37   -4.6500532173e+01    2.1628814615e+03   -6.5773210649e+01    1.9272678476e+01    3.0142174396e+01   -1.0379300118e+02    7.8776161342e+00    2.0480000000e+03    5.6756625418e-03    5.9216974432e-01
        38   -4.6521245865e+01    2.1647063022e+03   -6.5637237042e+01    1.9115991177e+01    3.0116077995e+01   -1.0359407326e+02    7.8407582211e+00    2.0480000000e+03    5.6771375239e-03    5.9126420455e-01
        39   -4.6506531649e+01    2.1634144145e+03   -6.5476430519e+01    1.8969898869e+01    3.0053014902e+01   -1.0355382378e+02    8.0243783631e+00    2.0480000000e+03    5.6820781901e-03    5.9081143466e-01
        40   -4.6480609491e+01    2.1610320225e+03   -6.6133776925e+01    1.9653167434e+01    3.0283499913e+01   -1.0483084867e+02    8.4135718309e+00    2.0480000000e+03    5.6778730359e-03    5.8978160511e-01
        41   -4.6486069053e+01    2.1615907958e+03   -6.5645955337e+01    1.9159886284e+01    3.0161191923e+01   -1.0355363236e+02    7.7464850998e+00    2.0480000000e+03    5.7061389089e-03    5.9373224432e-01
        42   -4.6514640594e+01    2.1641196249e+03   -6.5614184695e+01    1.9099544101e+01    3.0073788254e+01   -1.0371618579e+02    8.0282128429e+00    2.0480000000e+03    5.6986538693e-03    5.9346590909e-01
        43   -4.6506346085e+01    2.1633768256e+03   -6.5531390834e+01    1.9025044749e+01    3.0209777701e+01   -1.0438144636e+02    8.6402778297e+00    2.0480000000e+03    5.6921739597e-03    5.9398082386e-01
        44   -4.6481043267e+01    2.1609935752e+03   -6.5792549628e+01    1.9311506361e+01    3.0322929337e+01   -1.0445616010e+02    8.3406811325e+00    2.0480000000e+03    5.6797622237e-03    5.9033203125e-01
        45   -4.6511881458e+01    2.1639321132e+03   -6.5772120075e+01    1.9260238617e+01    3.0202533549e+01   -1.0383575697e+02    7.8611033501e+00    2.0480000000e+03    5.6873343419e-03    5.9193004261e-01
        46   -4.6520318133e+01    2.1646746495e+03   -6.5836635801e+01    1.9316317667e+01    3.0212612123e+01   -1.0409450107e+02    8.0452531467e+00    2.0480000000e+03    5.6844293140e-03    5.9117542614e-01
        47   -4.6484773778e+01    2.1614523566e+03   -6.5716647539e+01    1.9231873761e+01    3.0301314493e+01   -1.0406862664e+02    8.0506646117e+00    2.0480000000e+03    5.6783277541e-03    5.9177911932e-01
        48   -4.6500107711e+01    2.1628000433e+03   -6.5566929839e+01    1.9066822129e+01    3.0106911351e+01   -1.0358370126e+02    7.9098600702e+00    2.0480000000e+03    5.6695796084e-03    5.9068714489e-01
        49   -4.6478186235e+01    2.1607478426e+03   -6.5670952926e+01    1.9192766691e+01    3.0260965000e+01   -1.0408652674e+02    8.1546088119e+00    2.0480000000e+03    5.6712941732e-03    5.9073153409e-01
        50   -4.6484571277e+01    2.1613815168e+03   -6.5746015809e+01    1.9261444532e+01    3.0394749279e+01   -1.0439155356e+02    8.2507884714e+00    2.0480000000e+03    5.6629502214e-03    5.9092684659e-01
        51   -4.6498078981e+01    2.1626610136e+03   -6.5925795212e+01    1.9427716231e+01    3.0263656089e+01   -1.0412168995e+02    7.9322386470e+00    2.0480000000e+03    5.6614172645e-03    5.8850319602e-01
        52   -4.6497103376e+01    2.1627414032e+03   -6.5976767561e+01    1.9479664184e+01    3.0430715000e+01   -1.0492520155e+02    8.5177189863e+00    2.0480000000e+03    5.6744988542e-03    5.9013671875e-01
        53   -4.6489360446e+01    2.1618589310e+03   -6.5952314368e+01    1.9462953923e+01    3.0377692596e+01   -1.0465804022e+02    8.3280332565e+00    2.0480000000e+03    5.6826306973e-03    5.8883167614e-01
        54   -4.6480061704e+01    2.1610025985e+03   -6.6025757393e+01    1.9545695690e+01    3.0407600394e+01   -1.0482947930e+02    8.3961215111e+00    2.0480000000e+03    5.7006808929e-03    5.9118430398e-01
        55   -4.6531998362e+01    2.1658513145e+03   -6.6028729828e+01    1.9496731466e+01    3.0465176686e+01   -1.0440357255e+02    7.9096660329e+00    2.0480000000e+03    5.6832958944e-03    5.8866299716e-01
        56   -4.6486298706e+01    2.1615052730e+03   -6.5766761258e+01    1.9280462552e+01    3.0380474791e+01   -1.0472453158e+02    8.5772955322e+00    2.0480000000e+03    5.6815473363e-03    5.9092684659e-01
        57   -4.6478009045e+01    2.1608772021e+03   -6.5807345234e+01    1.9329336189e+01    3.0294254458e+01   -1.0445962654e+02    8.3580268443e+00    2.0480000000e+03    5.7177385315e-03    5.9013671875e-01
        58   -4.6531303464e+01    2.1660770634e+03   -6.5663691242e+01    1.9132387778e+01    3.0139277190e+01   -1.0379054592e+02    7.9875774867e+00    2.0480000000e+03    5.6766602211e-03    5.9247159091e-01
        59   -4.6503712838e+01    2.1632579660e+03   -6.5548344787e+01    1.9044631950e+01    3.0219410056e+01   -1.0398763569e+02    8.2198808500e+00    2.0480000000e+03    5.6807347573e-03    5.9186789773e-01
        60   -4.6491589827e+01    2.1620516930e+03   -6.5553674609e+01    1.9062084782e+01    3.0167933243e+01   -1.0399426841e+02    8.2726605541e+00    2.0480000000e+03    5.6839690078e-03    5.9417613636e-01
        61   -4.6478541776e+01    2.1607614724e+03   -6.5848005705e+01    1.9369463929e+01    3.0251807920e+01   -1.0399295985e+02    7.8931462236e+00    2.0480000000e+03    5.6855028961e-03    5.9145063920e-01
        62   -4.6488210948e+01    2.1618270875e+03   -6.5651395823e+01    1.9163184875e+01    3.0281846581e+01   -1.0423621888e+02    8.3029764800e+00    2.0480000000e+03    5.6849862449e-03    5.9047407670e-01
        63   -4.6479783970e+01    2.1609250552e+03   -6.5708708882e+01    1.9228924912e+01    3.0357451671e+01   -1.0443627126e+02    8.3701107106e+00    2.0480000000e+03    5.6839894969e-03    5.9013671875e-01
        64   -4.6476523548e+01    2.1606687870e+03   -6.5706005428e+01    1.9229481879e+01    3.0233775897e+01   -1.0403558891e+02    8.0958075820e+00    2.0480000000e+03    5.6865906809e-03    5.9098011364e-01
        65   -4.6489793521e+01    2.1619208207e+03   -6.5747014760e+01    1.9257221240e+01    3.0296399745e+01   -1.0444133352e+02    8.3979190161e+00    2.0480000000e+03    5.6964415126e-03    5.9343039773e-01
        66   -4.6467395624e+01    2.1600890063e+03   -6.5690954651e+01    1.9223559027e+01    3.0282498901e+01   -1.0389486594e+02    7.9214123923e+00    2.0480000000e+03    5.6879534386e-03    5.9263139205e-01
        67   -4.6503765887e+01    2.1631850517e+03   -6.5937618102e+01    1.9433852215e+01    3.0298852793e+01   -1.0472246173e+02    8.4859908347e+00    2.0480000000e+03    5.6938622147e-03    5.9370561080e-01
        68   -4.6488992283e+01    2.1619035980e+03   -6.5775019694e+01    1.9286027411e+01    3.0298180170e+01   -1.0421431261e+02    8.1411127510e+00    2.0480000000e+03    5.6898682378e-03    5.8998579545e-01
        69   -4.6493098096e+01    2.1622065722e+03   -6.5434283977e+01    1.8941185881e+01    3.0313338025e+01   -1.0424238081e+02    8.4947588051e+00    2.0480000000e+03    5.6792795658e-03    5.9022549716e-01
        70   -4.6529607941e+01    2.1656705334e+03   -6.5739068235e+01    1.9209460294e+01    3.0373072315e+01   -1.0484663370e+02    8.7344931525e+00    2.0480000000e+03    5.6766632479e-03    5.9116654830e-01
        71   -4.6494025832e+01    2.1621680127e+03   -6.5987531581e+01    1.9493505749e+01    3.0246630654e+01   -1.0444526825e+02    8.2111060155e+00    2.0480000000e+03    5.6786441710e-03    5.9107776989e-01
        72   -4.6511829801e+01    2.1639859466e+03   -6.5368324426e+01    1.8856494625e+01    3.0163619772e+01   -1.0391499806e+02    8.3830538576e+00    2.0480000000e+03    5.6819843594e-03    5.9220525568e-01
        73   -4.6469915713e+01    2.1599415091e+03   -6.5989805018e+01    1.9519889306e+01    3.0289345841e+01   -1.0465264883e+02    8.3734979720e+00    2.0480000000e+03    5.6738788262e-03    5.9144176136e-01
        74   -4.6509966497e+01    2.1637188516e+03   -6.5811996400e+01    1.9302029903e+01    3.0281079689e+01   -1.0440102401e+02    8.3079479243e+00    2.0480000000e+03    5.6868854444e-03    5.9234730114e-01
        75   -4.6507745287e+01    2.1638799205e+03   -6.6226888825e+01    1.9719143537e+01    3.0394484630e+01   -1.0457886101e+02    7.9574875524e+00    2.0480000000e+03    5.6849343237e-03    5.9078480114e-01
        76   -4.6467003460e+01    2.1596579799e+03   -6.5899374381e+01    1.9432370921e+01    3.0237625419e+01   -1.0425683095e+02    8.1198311488e+00    2.0480000000e+03    5.6752795354e-03    5.9169921875e-01
        77   -4.6473487361e+01    2.1603214941e+03   -6.5745996647e+01    1.9272509286e+01    3.0139929355e+01   -1.0404851425e+02    8.1625882517e+00    2.0480000000e+03    5.6747100316e-03    5.9207208807e-01
        78   -4.6496734858e+01    2.1624211321e+03   -6.5642488786e+01    1.9145753928e+01    3.0015769548e+01   -1.0370131531e+02    8.0430569784e+00    2.0480000000e+03    5.6753621902e-03    5.9259588068e-01
        79   -4.6503794988e+01    2.1632628749e+03   -6.5732254241e+01    1.9228459253e+01    3.0079878683e+01   -1.0416260631e+02    8.3504733902e+00    2.0480000000e+03    5.6652238127e-03    5.9008345170e-01
        80   -4.6505353266e+01    2.1633982969e+03   -6.5532799408e+01    1.9027446142e+01    3.0075048832e+01   -1.0415034412e+02    8.5424958817e+00    2.0480000000e+03    5.6693505030e-03    5.9168146307e-01
        81   -4.6504294851e+01    2.1632206112e+03   -6.6005780265e+01    1.9501485414e+01    3.0083514124e+01   -1.0404545037e+02    7.9561559794e+00    2.0480000000e+03    5.6724129245e-03    5.8931995739e-01
        82   -4.6496522731e+01    2.1625664700e+03   -6.5496270971e+01    1.8999748240e+01    3.0172345556e+01   -1.0411228672e+02    8.4436701944e+00    2.0480000000e+03    5.6757961866e-03    5.9338600852e-01
        83   -4.6486185768e+01    2.1615377311e+03   -6.5726629019e+01    1.9240443252e+01    3.0105923561e+01   -1.0390637075e+02    8.0738181679e+00    2.0480000000e+03    5.6773985270e-03    5.9240056818e-01
        84   -4.6487475515e+01    2.1617136849e+03   -6.5674440268e+01    1.9186964753e+01    3.0265667388e+01   -1.0414590703e+02    8.2057993752e+00    2.0480000000e+03    5.6895352900e-03    5.9294211648e-01
        85   -4.6494537667e+01    2.1623047049e+03   -6.5594518693e+01    1.9099981026e+01    3.0161307176e+01   -1.0408557742e+02    8.3297515535e+00    2.0480000000e+03    5.6762055028e-03    5.9003018466e-01
        86   -4.6531282766e+01    2.1662034528e+03   -6.5595469034e+01    1.9064186268e+01    3.0208075276e+01   -1.0422108318e+02    8.4175388655e+00    2.0480000000e+03    5.6693879887e-03    5.9224076705e-01
        87   -4.6519979665e+01    2.1647793771e+03   -6.5645779025e+01    1.9125799360e+01    3.0155107493e+01   -1.0375969457e+02    7.9588080549e+00    2.0480000000e+03    5.6770427618e-03    5.9153941761e-01
        88   -4.6495486655e+01    2.1624114738e+03   -6.5977050273e+01    1.9481563618e+01    3.0357864413e+01   -1.0458149385e+02    8.2465791595e+00    2.0480000000e+03    5.6747971103e-03    5.9018998580e-01
        89   -4.6526200571e+01    2.1652467214e+03   -6.5652144754e+01    1.9125944183e+01    3.0169297836e+01   -1.0392877310e+02    8.1073305149e+00    2.0480000000e+03    5.6776436977e-03    5.9338600852e-01
        90   -4.6481983065e+01    2.1611106786e+03   -6.5912640478e+01    1.9430657413e+01    3.0157325894e+01   -1.0397785499e+02    7.9078886165e+00    2.0480000000e+03    5.6647730526e-03    5.9029651989e-01
        91   -4.6462925584e+01    2.1593951238e+03   -6.5933135676e+01    1.9470210093e+01    3.0239057951e+01   -1.0444871942e+02    8.2765257933e+00    2.0480000000e+03    5.6839180179e-03    5.9285333807e-01
        92   -4.6511307876e+01    2.1646995815e+03   -6.5999584133e+01    1.9488276257e+01    3.0222397752e+01   -1.0433844859e+02    8.1164667103e+00    2.0480000000e+03    5.6817876175e-03    5.9265802557e-01
        93   -4.6471835325e+01    2.1601960428e+03   -6.5816795371e+01    1.9344960046e+01    3.0121962437e+01   -1.0378523745e+02    7.8464796455e+00    2.0480000000e+03    5.6746292394e-03    5.8877840909e-01
        94   -4.6511944421e+01    2.1639245316e+03   -6.5596909738e+01    1.9084965317e+01    3.0233273623e+01   -1.0426825361e+02    8.4380702475e+00    2.0480000000e+03    5.6917907204e-03    5.9446910511e-01
        95   -4.6510642005e+01    2.1638048469e+03   -6.5833522748e+01    1.9322880743e+01    3.0234889847e+01   -1.0433083993e+02    8.2624273338e+00    2.0480000000e+03    5.6862698402e-03    5.9132634943e-01
        96   -4.6507849447e+01    2.1636545474e+03   -6.5442813948e+01    1.8934964502e+01    3.0164268601e+01   -1.0401800472e+02    8.4109221701e+00    2.0480000000e+03    5.6876267772e-03    5.9175248580e-01
        97   -4.6491542587e+01    2.1620458815e+03   -6.5857530282e+01    1.9365987695e+01    3.0253075341e+01   -1.0463504076e+02    8.5244351340e+00    2.0480000000e+03    5.6852938142e-03    5.9049183239e-01
        98   -4.6507352394e+01    2.1635790454e+03   -6.5867910979e+01    1.9360558585e+01    3.0328244657e+01   -1.0448154517e+02    8.2853895353e+00    2.0480000000e+03    5.6849454995e-03    5.9369673295e-01
        99   -4.6529473944e+01    2.1655883821e+03   -6.5755772019e+01    1.9226298075e+01    3.0316836525e+01   -1.0443807820e+02    8.3654696556e+00    2.0480000000e+03    5.6782639585e-03    5.9090909091e-01
       100   -4.6492813639e+01    2.1621820533e+03   -6.5816622323e+01    1.9323808684e+01    3.0349216138e+01   -1.0438433012e+02    8.2184916542e+00    2.0480000000e+03    5.6678086985e-03    5.8940873580e-01
       101   -4.6480669804e+01    2.1609388020e+03   -6.5857547137e+01    1.9376877333e+01    3.0299715555e+01   -1.0418815997e+02    8.0308972784e+00    2.0480000000e+03    5.6944016833e-03    5.9336825284e-01
       102   -4.6526747898e+01    2.1653284292e+03   -6.5678759456e+01    1.9152011558e+01    3.0349180069e+01   -1.0471497396e+02    8.6870344361e+00    2.0480000000e+03    5.6666091550e-03    5.9012784091e-01
       103   -4.6473461070e+01    2.1604494270e+03   -6.5731926491e+01    1.9258465421e+01    3.0239121524e+01   -1.0409438457e+02    8.1233365592e+00    2.0480000000e+03    5.6739507709e-03    5.9169921875e-01
       104   -4.6521202834e+01    2.1648245214e+03   -6.5759944825e+01    1.9238741992e+01    3.0171236310e+01   -1.0445985448e+02    8.5286733474e+00    2.0480000000e+03    5.6824893691e-03    5.9238281250e-01
       105   -4.6518756016e+01    2.1645769931e+03   -6.5627088000e+01    1.9108331983e+01    3.0164437425e+01   -1.0369714195e+02    7.9056165296e+00    2.0480000000e+03    5.6571448222e-03    5.8953302557e-01
       106   -4.6516785654e+01    2.1643200342e+03   -6.5833978053e+01    1.9317192399e+01    3.0233437744e+01   -1.0403806335e+02    7.9706475576e+00    2.0480000000e+03    5.6769510265e-03    5.9334161932e-01
       107   -4.6510061892e+01    2.1638151538e+03   -6.5736443943e+01    1.9226382052e+01    3.0185961820e+01   -1.0383880032e+02    7.9163945561e+00    2.0480000000e+03    5.6787736248e-03    5.9197443182e-01
       108   -4.6498482397e+01    2.1628221433e+03   -6.5459153282e+01    1.8960670885e+01    3.0181503621e+01   -1.0368601296e+02    8.0453560532e+00    2.0480000000e+03    5.6660613045e-03    5.9193004261e-01
       109   -4.6516373872e+01    2.1645900042e+03   -6.5753747009e+01    1.9237373137e+01    3.0353808704e+01   -1.0458904105e+02    8.4814853338e+00    2.0480000000e+03    5.6692571379e-03    5.8948863636e-01
       110   -4.6495410113e+01    2.1625272806e+03   -6.5839314829e+01    1.9343904715e+01    3.0261488582e+01   -1.0443093230e+02    8.3301288887e+00    2.0480000000e+03    5.6828139350e-03    5.9292436080e-01
       111   -4.6513573881e+01    2.1640783073e+03   -6.5740819683e+01    1.9227245803e+01    3.0282404140e+01   -1.0403117695e+02    8.0079531228e+00    2.0480000000e+03    5.6767340284e-03    5.9242720170e-01
       112   -4.6503998444e+01    2.1632045208e+03   -6.5731100723e+01    1.9227102279e+01    3.0131656129e+01   -1.0385352500e+02    7.9907681484e+00    2.0480000000e+03    5.6667265017e-03    5.9161931818e-01
       113   -4.6509715335e+01    2.1638880058e+03   -6.5984135533e+01    1.9474420198e+01    3.0208603865e+01   -1.0418638358e+02    7.9936441786e+00    2.0480000000e+03    5.6635125075e-03    5.9028764205e-01
       114   -4.6510008561e+01    2.1639521568e+03   -6.5541381554e+01    1.9031372994e+01    3.0254384561e+01   -1.0433769922e+02    8.5419331021e+00    2.0480000000e+03    5.6793568656e-03    5.9175248580e-01
       115   -4.6518696612e+01    2.1645826904e+03   -6.5573459581e+01    1.9054762969e+01    3.0128709040e+01   -1.0428864188e+02    8.5864732624e+00    2.0480000000e+03    5.6604014244e-03    5.8852982955e-01
       116   -4.6486693128e+01    2.1616552570e+03   -6.5758461313e+01    1.9271768185e+01    3.0116826741e+01   -1.0457579403e+02    8.7005059740e+00    2.0480000000e+03    5.6566568092e-03    5.9072265625e-01
       117   -4.6510016734e+01    2.1637622484e+03   -6.5671258071e+01    1.9161241337e+01    3.0104229848e+01   -1.0399109842e+02    8.2156105035e+00    2.0480000000e+03    5.6654415093e-03    5.9161044034e-01
       118   -4.6499007170e+01    2.1626177162e+03   -6.5593703943e+01    1.9094696773e+01    3.0163608340e+01   -1.0387377467e+02    8.1164623910e+00    2.0480000000e+03    5.6697598193e-03    5.9034978693e-01
       119   -4.6476745131e+01    2.1608199804e+03   -6.5653971992e+01    1.9177226861e+01    3.0112395101e+01   -1.0368795273e+02    7.9215856353e+00    2.0480000000e+03    5.6699337438e-03    5.9170809659e-01
       120   -4.6504102442e+01    2.1633308222e+03   -6.5836464785e+01    1.9332362343e+01    3.0203904271e+01   -1.0433176855e+02    8.2913994952e+00    2.0480000000e+03    5.6777405553e-03    5.9256924716e-01
       121   -4.6460582399e+01    2.1592279892e+03   -6.5664938390e+01    1.9204355991e+01    3.0272190687e+01   -1.0448028920e+02    8.5431601270e+00    2.0480000000e+03    5.6793780532e-03    5.9221413352e-01
       122   -4.6496603369e+01    2.1626453886e+03   -6.5810708416e+01    1.9314105047e+01    3.0226291832e+01   -1.0450285599e+02    8.4658557410e+00    2.0480000000e+03    5.6872621644e-03    5.9099786932e-01
       123   -4.6472313057e+01    2.1604096587e+03   -6.5778699336e+01    1.9306386279e+01    3.0251560097e+01   -1.0424142057e+02    8.2111611391e+00    2.0480000000e+03    5.6823515333e-03    5.8856534091e-01
       124   -4.6493869375e+01    2.1625060561e+03   -6.5805506924e+01    1.9311637549e+01    3.0347645013e+01   -1.0427560781e+02    8.1224558684e+00    2.0480000000e+03    5.6813110132e-03    5.9030539773e-01
       125   -4.6482406327e+01    2.1614527974e+03   -6.6165170391e+01    1.9682764065e+01    3.0332790910e+01   -1.0447828698e+02    7.9803256817e+00    2.0480000000e+03    5.6919066701e-03    5.9039417614e-01
       126   -4.6496185804e+01    2.1625633218e+03   -6.5867865130e+01    1.9371679326e+01    3.0429210447e+01   -1.0457474571e+02    8.2776701358e+00    2.0480000000e+03    5.7115356904e-03    5.9104225852e-01
       127   -4.6479726107e+01    2.1609342850e+03   -6.5998008820e+01    1.9518282713e+01    3.0253207561e+01   -1.0427706897e+02    8.0258525908e+00    2.0480000000e+03    5.7091028430e-03    5.9314630682e-01
       128   -4.6506990116e+01    2.1634595521e+03   -6.5606498900e+01    1.9099508784e+01    3.0340805101e+01   -1.0447139590e+02    8.5240918954e+00    2.0480000000e+03    5.6897122413e-03    5.9095348011e-01
       129   -4.6467772800e+01    2.1597704408e+03   -6.6022101136e+01    1.9554328336e+01    3.0279968560e+01   -1.0423169422e+02    7.9296245205e+00    2.0480000000e+03    5.6895017624e-03    5.9135298295e-01
       130   -4.6528278510e+01    2.1654795618e+03   -6.5841193919e+01    1.9312915409e+01    3.0446398565e+01   -1.0485569280e+02    8.5681003134e+00    2.0480000000e+03    5.6741766166e-03    5.8979048295e-01
       131   -4.6471958978e+01    2.1601638233e+03   -6.5726210862e+01    1.9254251884e+01    3.0045745865e+01   -1.0371043025e+02    7.9384735233e+00    2.0480000000e+03    5.6698829867e-03    5.9362571023e-01
       132   -4.6498999815e+01    2.1628187313e+03   -6.5722853705e+01    1.9223853891e+01    3.0270018748e+01   -1.0457823427e+02    8.5853618127e+00    2.0480000000e+03    5.6729048956e-03    5.9151278409e-01
       133   -4.6500206690e+01    2.1630724824e+03   -6.5790659413e+01    1.9290452722e+01    3.0223223331e+01   -1.0422617515e+02    8.2122924107e+00    2.0480000000e+03    5.6844940409e-03    5.9071377841e-01
       134   -4.6487761638e+01    2.1617396753e+03   -6.5630316830e+01    1.9142555192e+01    3.0313750934e+01   -1.0422172386e+02    8.2776560979e+00    2.0480000000e+03    5.6673807558e-03    5.8975497159e-01
       135   -4.6500577484e+01    2.1629603348e+03   -6.5555887449e+01    1.9055309965e+01    3.0204775810e+01   -1.0408665278e+02    8.3259895158e+00    2.0480000000e+03    5.6920950301e-03    5.9235617898e-01
       136   -4.6482719873e+01    2.1611788854e+03   -6.5736590543e+01    1.9253870670e+01    3.0271744709e+01   -1.0446096098e+02    8.4526257321e+00    2.0480000000e+03    5.6946126278e-03    5.9084694602e-01
       137   -4.6481789350e+01    2.1611522771e+03   -6.5781670788e+01    1.9299881438e+01    3.0217224195e+01   -1.0417699481e+02    8.1780998287e+00    2.0480000000e+03    5.6836761069e-03    5.9174360795e-01
       138   -4.6504890026e+01    2.1631896858e+03   -6.5633370844e+01    1.9128480818e+01    3.0234427134e+01   -1.0403096262e+02    8.1631646393e+00    2.0480000000e+03    5.6742879096e-03    5.9035866477e-01
       139   -4.6480429646e+01    2.1610527721e+03   -6.5653528759e+01    1.9173099113e+01    3.0245072689e+01   -1.0449850517e+02    8.5999037260e+00    2.0480000000e+03    5.6821638718e-03    5.9392755682e-01
       140   -4.6509825761e+01    2.1639323736e+03   -6.5708877832e+01    1.9199052070e+01    3.0321157392e+01   -1.0432599995e+02    8.2959647231e+00    2.0480000000e+03    5.6749889627e-03    5.8918678977e-01
       141   -4.6470640686e+01    2.1601124781e+03   -6.5804121815e+01    1.9333481128e+01    3.0265955874e+01   -1.0374126886e+02    7.6711911727e+00    2.0480000000e+03    5.6854707655e-03    5.9295987216e-01
       142   -4.6487899906e+01    2.1619817426e+03   -6.5948802883e+01    1.9460902978e+01    3.0231603782e+01   -1.0451737939e+02    8.3369727201e+00    2.0480000000e+03    5.6857878808e-03    5.9017223011e-01
       143   -4.6463013577e+01    2.1593924274e+03   -6.5954149183e+01    1.9491135606e+01    3.0187508539e+01   -1.0373970218e+02    7.5980444587e+00    2.0480000000e+03    5.6672086939e-03    5.8829012784e-01
       144   -4.6480895810e+01    2.1610180077e+03   -6.5733148821e+01    1.9252253011e+01    3.0351867558e+01   -1.0388361009e+02    7.7985937108e+00    2.0480000000e+03    5.6913851295e-03    5.9424715909e-01
       145   -4.6463391732e+01    2.1593625432e+03   -6.5641501416e+01    1.9178109684e+01    3.0183258414e+01   -1.0370300602e+02    7.8782461929e+00    2.0480000000e+03    5.6904309895e-03    5.9106001420e-01
       146   -4.6466647097e+01    2.1597233347e+03   -6.5675687302e+01    1.9209040205e+01    3.0125789755e+01   -1.0377645235e+02    7.9749752930e+00    2.0480000000e+03    5.6709172204e-03    5.8958629261e-01
       147   -4.6509030925e+01    2.1636974183e+03   -6.5694228296e+01    1.9185197371e+01    3.0307194482e+01   -1.0470552959e+02    8.7041068098e+00    2.0480000000e+03    5.6830991525e-03    5.9191228693e-01
       148   -4.6496966695e+01    2.1625361496e+03   -6.5882719605e+01    1.9385752910e+01    3.0367245764e+01   -1.0474167608e+02    8.4917107103e+00    2.0480000000e+03    5.6841473561e-03    5.9094460227e-01
       149   -4.6479491132e+01    2.1609968977e+03   -6.5369231781e+01    1.8889740649e+01    3.0208192207e+01   -1.0402908214e+02    8.4516581518e+00    2.0480000000e+03    5.6942410301e-03    5.9289772727e-01
       150   -4.6470766943e+01    2.1602192888e+03   -6.5673723368e+01    1.9202956424e+01    3.0248998176e+01   -1.0429277750e+02    8.3700559563e+00    2.0480000000e+03    5.6843617931e-03    5.9400745739e-01
       151   -4.6502811894e+01    2.1630849524e+03   -6.5772494916e+01    1.9269683022e+01    3.0205485979e+01   -1.0411885972e+02    8.1408788222e+00    2.0480000000e+03    5.6794632692e-03    5.9247159091e-01
       152   -4.6510886912e+01    2.1641680970e+03   -6.6008551784e+01    1.9497664872e+01    3.0204885594e+01   -1.0436369418e+02    8.1502568043e+00    2.0480000000e+03    5.6898596231e-03    5.9254261364e-01
       153   -4.6492593196e+01    2.1621160170e+03   -6.5615710009e+01    1.9123116813e+01    3.0099531497e+01   -1.0357137998e+02    7.8561384740e+00    2.0480000000e+03    5.6860877667e-03    5.9204545455e-01
       154   -4.6523319256e+01    2.1650966233e+03   -6.5764331443e+01    1.9241012187e+01    3.0216818718e+01   -1.0396738189e+02    7.9862317314e+00    2.0480000000e+03    5.6974655017e-03    5.9438920455e-01
       155   -4.6476488354e+01    2.1607417487e+03   -6.5297727759e+01    1.8821239405e+01    3.0049667474e+01   -1.0332394730e+02    7.9765520669e+00    2.0480000000e+03    5.6750474032e-03    5.9124644886e-01
       156   -4.6518264053e+01    2.1644724187e+03   -6.5789209223e+01    1.9270945170e+01    3.0211698167e+01   -1.0408300926e+02    8.0821018687e+00    2.0480000000e+03    5.6710601784e-03    5.9248934659e-01
       157   -4.6457381698e+01    2.1587681043e+03   -6.5763796627e+01    1.9306414928e+01    3.0164388660e+01   -1.0397598154e+02    8.0477962499e+00    2.0480000000e+03    5.6719095446e-03    5.9171697443e-01
       158   -4.6472372451e+01    2.1602263491e+03   -6.5592180349e+01    1.9119807898e+01    3.0180541251e+01   -1.0396106537e+02    8.1883437717e+00    2.0480000000e+03    5.6694056839e-03    5.9040305398e-01
       159   -4.6485750790e+01    2.1614912245e+03   -6.5538637365e+01    1.9052886574e+01    3.0150742809e+01   -1.0394698940e+02    8.2576092241e+00    2.0480000000e+03    5.6783996988e-03    5.9155717330e-01
       160   -4.6454772988e+01    2.1590333769e+03   -6.5691808686e+01    1.9237035698e+01    3.0297172377e+01   -1.0402712832e+02    8.0381472584e+00    2.0480000000e+03    5.6851392146e-03    5.9190340909e-01
       161   -4.6517674137e+01    2.1643327875e+03   -6.5787435577e+01    1.9269761440e+01    3.0200130322e+01   -1.0373029753e+02    7.7427316272e+00    2.0480000000e+03    5.6747219060e-03    5.9200106534e-01
       162   -4.6490355103e+01    2.1620638311e+03   -6.6007768539e+01    1.9517413436e+01    3.0389036719e+01   -1.0480867281e+02    8.4118675506e+00    2.0480000000e+03    5.6708515622e-03    5.9032315341e-01
       163   -4.6457337814e+01    2.1588961344e+03   -6.5760255906e+01    1.9302918092e+01    3.0256587988e+01   -1.0478743859e+02    8.7705946994e+00    2.0480000000e+03    5.6859378237e-03    5.9087357955e-01
       164   -4.6520752926e+01    2.1649257890e+03   -6.5620477894e+01    1.9099724968e+01    3.0118656717e+01   -1.0441055750e+02    8.6714228888e+00    2.0480000000e+03    5.6784548797e-03    5.9252485795e-01
       165   -4.6519984556e+01    2.1647283011e+03   -6.5772404377e+01    1.9252419821e+01    3.0241603666e+01   -1.0413704732e+02    8.1230392822e+00    2.0480000000e+03    5.6780648883e-03    5.9228515625e-01
       166   -4.6466965214e+01    2.1600529733e+03   -6.5573681320e+01    1.9106716106e+01    3.0258814448e+01   -1.0400872290e+02    8.1762271342e+00    2.0480000000e+03    5.6607536972e-03    5.9026988636e-01
       167   -4.6512374512e+01    2.1639978936e+03   -6.5679416624e+01    1.9167042113e+01    3.0153491122e+01   -1.0382517802e+02    7.9922702686e+00    2.0480000000e+03    5.6753440294e-03    5.9321732955e-01
       168   -4.6503331883e+01    2.1631827773e+03   -6.5924322279e+01    1.9420990396e+01    3.0146405457e+01   -1.0399455063e+02    7.9238228949e+00    2.0480000000e+03    5.6759731378e-03    5.9104225852e-01
       169   -4.6485748538e+01    2.1614443088e+03   -6.5879924941e+01    1.9394176403e+01    3.0135431471e+01   -1.0381796198e+02    7.8026055633e+00    2.0480000000e+03    5.6717190892e-03    5.9111328125e-01
       170   -4.6487969284e+01    2.1616816690e+03   -6.5806068574e+01    1.9318099290e+01    3.0214197483e+01   -1.0408550429e+02    8.0652382365e+00    2.0480000000e+03    5.6710026693e-03    5.9092684659e-01
       171   -4.6486552366e+01    2.1615597986e+03   -6.5748805534e+01    1.9262253168e+01    3.0176564111e+01   -1.0390357646e+02    7.9782068141e+00    2.0480000000e+03    5.6635381188e-03    5.9114879261e-01
       172   -4.6507661806e+01    2.1635852062e+03   -6.5608248243e+01    1.9100586437e+01    3.0077603411e+01   -1.0370869204e+02    8.0228403838e+00    2.0480000000e+03    5.6801172905e-03    5.9150390625e-01
       173   -4.6536396414e+01    2.1662474117e+03   -6.5937266181e+01    1.9400869767e+01    3.0273443158e+01   -1.0418064605e+02    7.9699367097e+00    2.0480000000e+03    5.6727377232e-03    5.9136186080e-01
       174   -4.6517782343e+01    2.1647213177e+03   -6.5773519781e+01    1.9255737438e+01    3.0271530439e+01   -1.0429844498e+02    8.2533947629e+00    2.0480000000e+03    5.6779806037e-03    5.9296875000e-01
       175   -4.6476890903e+01    2.1606998365e+03   -6.5958027266e+01    1.9481136363e+01    3.0120582695e+01   -1.0414879907e+02    8.0701891116e+00    2.0480000000e+03    5.6694061495e-03    5.8941761364e-01
       176   -4.6515616074e+01    2.1642070934e+03   -6.5763634316e+01    1.9248018242e+01    3.0312378701e+01   -1.0453586000e+02    8.4598469836e+00    2.0480000000e+03    5.6851399131e-03    5.9305752841e-01
       177   -4.6479476180e+01    2.1610427679e+03   -6.5545707935e+01    1.9066231755e+01    3.0177146174e+01   -1.0418944846e+02    8.4665943490e+00    2.0480000000e+03    5.6787750218e-03    5.9221413352e-01
       178   -4.6504997876e+01    2.1633190315e+03   -6.5861251248e+01    1.9356253371e+01    3.0144947781e+01   -1.0434627605e+02    8.3400770196e+00    2.0480000000e+03    5.6729312055e-03    5.9158380682e-01
       179   -4.6499793915e+01    2.1627737219e+03   -6.5736596596e+01    1.9236802681e+01    3.0190829919e+01   -1.0395210943e+02    8.0246829176e+00    2.0480000000e+03    5.6735142134e-03    5.9240056818e-01
       180   -4.6502546441e+01    2.1630410636e+03   -6.5785461599e+01    1.9282915158e+01    3.0139238574e+01   -1.0381273955e+02    7.8880393813e+00    2.0480000000e+03    5.6780918967e-03    5.9260475852e-01
       181   -4.6514326461e+01    2.1641308071e+03   -6.5708291430e+01    1.9193964970e+01    3.0212968570e+01   -1.0424474208e+02    8.3234820800e+00    2.0480000000e+03    5.6831066031e-03    5.9272904830e-01
       182   -4.6457670735e+01    2.1590281770e+03   -6.5409329503e+01    1.8951658767e+01    3.0092218952e+01   -1.0391566050e+02    8.4141120451e+00    2.0480000000e+03    5.6708608754e-03    5.9043856534e-01
       183   -4.6494480986e+01    2.1622620878e+03   -6.5984650740e+01    1.9490169754e+01    3.0348673521e+01   -1.0448359419e+02    8.1502699275e+00    2.0480000000e+03    5.6834027637e-03    5.9196555398e-01
       184   -4.6472869243e+01    2.1602594056e+03   -6.5954924936e+01    1.9482055693e+01    3.0294335005e+01   -1.0423540322e+02    7.9861432760e+00    2.0480000000e+03    5.6663975120e-03    5.8932883523e-01
       185   -4.6493706042e+01    2.1622727033e+03   -6.5855502153e+01    1.9361796111e+01    3.0255592649e+01   -1.0423659112e+02    8.1254963126e+00    2.0480000000e+03    5.6815284770e-03    5.9046519886e-01
       186   -4.6483087709e+01    2.1612824090e+03   -6.5650053076e+01    1.9166965367e+01    3.0170835965e+01   -1.0396061124e+02    8.1397222007e+00    2.0480000000e+03    5.6692438666e-03    5.8970170455e-01
       187   -4.6496703886e+01    2.1625002420e+03   -6.5915565612e+01    1.9418861726e+01    3.0377617687e+01   -1.0478653846e+02    8.4933551652e+00    2.0480000000e+03    5.6766946800e-03    5.9137961648e-01
       188   -4.6487957224e+01    2.1617207151e+03   -6.6017772546e+01    1.9529815322e+01    3.0327933614e+01   -1.0431755618e+02    7.9718500232e+00    2.0480000000e+03    5.6703402661e-03    5.9259588068e-01
       189   -4.6449308582e+01    2.1581066327e+03   -6.5631836284e+01    1.9182527702e+01    3.0360059628e+01   -1.0439953586e+02    8.4076399434e+00    2.0480000000e+03    5.6647046003e-03    5.8993252841e-01
       190   -4.6494408311e+01    2.1624709368e+03   -6.5791039117e+01    1.9296630806e+01    3.0300114427e+01   -1.0467921798e+02    8.5880644411e+00    2.0480000000e+03    5.6630074978e-03    5.9010120739e-01
       191   -4.6476886459e+01    2.1606625866e+03   -6.6347278836e+01    1.9870392377e+01    3.0391441493e+01   -1.0483689251e+02    8.0981721765e+00    2.0480000000e+03    5.6831198744e-03    5.9308416193e-01
       192   -4.6480882830e+01    2.1610304325e+03   -6.5625908728e+01    1.9145025897e+01    3.0334229625e+01   -1.0436634244e+02    8.4062040893e+00    2.0480000000e+03    5.6777936406e-03    5.9116654830e-01
       193   -4.6519082093e+01    2.1647187323e+03   -6.5818260890e+01    1.9299178797e+01    3.0219939755e+01   -1.0424539197e+02    8.2071913215e+00    2.0480000000e+03    5.6740283035e-03    5.9082919034e-01
       194   -4.6495675858e+01    2.1624954403e+03   -6.5620532392e+01    1.9124856534e+01    3.0205495529e+01   -1.0388797792e+02    8.0619499947e+00    2.0480000000e+03    5.6739423890e-03    5.9164595170e-01
       195   -4.6523478881e+01    2.1653007663e+03   -6.5424541830e+01    1.8901062949e+01    3.0207441842e+01   -1.0425490456e+02    8.6229208828e+00    2.0480000000e+03    5.6680471171e-03    5.8998579545e-01
       196   -4.6477886152e+01    2.1607432308e+03   -6.5624485345e+01    1.9146599193e+01    3.0170786161e+01   -1.0382699236e+02    8.0317208547e+00    2.0480000000e+03    5.6686797179e-03    5.9059836648e-01
       197   -4.6484417185e+01    2.1613721258e+03   -6.5908139486e+01    1.9423722302e+01    3.0241725201e+01   -1.0466180288e+02    8.5119381971e+00    2.0480000000e+03    5.6719405111e-03    5.9331498580e-01
       198   -4.6471109176e+01    2.1604073440e+03   -6.5701443199e+01    1.9230334024e+01    3.0231923173e+01   -1.0414812618e+02    8.2147598081e+00    2.0480000000e+03    5.6773668621e-03    5.9239169034e-01
       199   -4.6473006586e+01    2.1603576666e+03   -6.6091328756e+01    1.9618322170e+01    3.0405080949e+01   -1.0482326444e+02    8.3268547311e+00    2.0480000000e+03    5.6655602530e-03    5.8811257102e-01
       200   -4.6513963910e+01    2.1642563298e+03   -6.5917326821e+01    1.9403362910e+01    3.0302770766e+01   -1.0488322734e+02    8.6631297517e+00    2.0480000000e+03    5.6766867638e-03    5.9255149148e-01
       201   -4.6493180128e+01    2.1622148463e+03   -6.5872658244e+01    1.9379478116e+01    3.0382184405e+01   -1.0441186051e+02    8.1570178650e+00    2.0480000000e+03    5.6719183922e-03    5.8967507102e-01
       202   -4.6472330175e+01    2.1603518237e+03   -6.5619696625e+01    1.9147366450e+01    3.0310264887e+01   -1.0403703689e+02    8.1070753796e+00    2.0480000000e+03    5.6671702769e-03    5.9210759943e-01
       203   -4.6499797491e+01    2.1628407312e+03   -6.5491854368e+01    1.8992056877e+01    3.0207043724e+01   -1.0419439032e+02    8.4954922247e+00    2.0480000000e+03    5.6628314778e-03    5.9232066761e-01
       204   -4.6479055871e+01    2.1608807446e+03   -6.5533182766e+01    1.9054126896e+01    3.0102166692e+01   -1.0389941716e+02    8.2640676977e+00    2.0480000000e+03    5.6749428622e-03    5.9226740057e-01
       205   -4.6504833871e+01    2.1633447908e+03   -6.5855076051e+01    1.9350242179e+01    3.0184636521e+01   -1.0401868533e+02    7.9789727565e+00    2.0480000000e+03    5.6725642644e-03    5.8960404830e-01
       206   -4.6491142725e+01    2.1619708343e+03   -6.5650140262e+01    1.9158997537e+01    3.0165629698e+01   -1.0362013776e+02    7.8043678023e+00    2.0480000000e+03    5.6702122092e-03    5.9083806818e-01
       207   -4.6507310068e+01    2.1634390153e+03   -6.5747625667e+01    1.9240315599e+01    3.0180042301e+01   -1.0415920401e+02    8.2315360380e+00    2.0480000000e+03    5.6868349202e-03    5.9402521307e-01
       208   -4.6467856062e+01    2.1597754930e+03   -6.5582742833e+01    1.9114886771e+01    3.0251522030e+01   -1.0446121559e+02    8.6269507245e+00    2.0480000000e+03    5.6782143656e-03    5.9223188920e-01
       209   -4.6482634776e+01    2.1611792162e+03   -6.5922387388e+01    1.9439752612e+01    3.0170936765e+01   -1.0389146266e+02    7.7981385034e+00    2.0480000000e+03    5.6686645839e-03    5.9103338068e-01
       210   -4.6503869720e+01    2.1632555411e+03   -6.5711820063e+01    1.9207950343e+01    3.0201828636e+01   -1.0418738599e+02    8.2737372861e+00    2.0480000000e+03    5.6747708004e-03    5.9120205966e-01
       211   -4.6482071750e+01    2.1611198797e+03   -6.5843881469e+01    1.9361809719e+01    3.0310044679e+01   -1.0436442332e+02    8.2104971721e+00    2.0480000000e+03    5.6752611417e-03    5.9213423295e-01
       212   -4.6491508121e+01    2.1620189040e+03   -6.5836711569e+01    1.9345203449e+01    3.0216587562e+01   -1.0402072630e+02    7.9674271685e+00    2.0480000000e+03    5.7398746721e-03    5.9303089489e-01
       213   -4.6482411694e+01    2.1611271281e+03   -6.5760880682e+01    1.9278468988e+01    3.0210376106e+01   -1.0387487863e+02    7.9036218446e+00    2.0480000000e+03    5.6856283918e-03    5.9048295455e-01
       214   -4.6513061938e+01    2.1640082815e+03   -6.5700245632e+01    1.9187183694e+01    3.0193533140e+01   -1.0412554069e+02    8.2317619219e+00    2.0480000000e+03    5.6699186098e-03    5.9223188920e-01
       215   -4.6508162979e+01    2.1634961579e+03   -6.5439110660e+01    1.8930947682e+01    3.0149142045e+01   -1.0350280076e+02    7.9145480527e+00    2.0480000000e+03    5.6743440218e-03    5.8876953125e-01
       216   -4.6491434735e+01    2.1620256606e+03   -6.5781627015e+01    1.9290192280e+01    3.0285102248e+01   -1.0429350260e+02    8.2267733402e+00    2.0480000000e+03    5.6917299516e-03    5.9225852273e-01
       217   -4.6500474311e+01    2.1628842373e+03   -6.5704168070e+01    1.9203693759e+01    3.0233773254e+01   -1.0428890284e+02    8.3509615166e+00    2.0480000000e+03    5.6883872021e-03    5.9203657670e-01
       218   -4.6489207922e+01    2.1618305506e+03   -6.5733480257e+01    1.9244272335e+01    3.0120858512e+01   -1.0383763606e+02    7.9832972923e+00    2.0480000000e+03    5.6671639904e-03    5.9135298295e-01
       219   -4.6489208437e+01    2.1619248371e+03   -6.5824849466e+01    1.9335641028e+01    3.0276369556e+01   -1.0427885844e+02    8.1776394157e+00    2.0480000000e+03    5.6692142971e-03    5.9170809659e-01
       220   -4.6469983319e+01    2.1600408988e+03   -6.5791981992e+01    1.9321998673e+01    3.0101030245e+01   -1.0419226555e+02    8.2992533144e+00    2.0480000000e+03    5.6762783788e-03    5.9280894886e-01
       221   -4.6472076672e+01    2.1602508965e+03   -6.5889128134e+01    1.9417051461e+01    3.0352290226e+01   -1.0480990556e+02    8.5684871996e+00    2.0480000000e+03    5.6769479997e-03    5.9121981534e-01
       222   -4.6484400467e+01    2.1614409201e+03   -6.5671770780e+01    1.9187370313e+01    3.0330486602e+01   -1.0448889586e+02    8.4866384769e+00    2.0480000000e+03    5.6776730344e-03    5.9136186080e-01
       223   -4.6521279109e+01    2.1649637686e+03   -6.5715722126e+01    1.9194443017e+01    3.0326917144e+01   -1.0389943407e+02    7.8567947961e+00    2.0480000000e+03    5.6723961607e-03    5.9016335227e-01
       224   -4.6480287075e+01    2.1610521467e+03   -6.5723144605e+01    1.9242857531e+01    3.0298215088e+01   -1.0456000656e+02    8.5386468693e+00    2.0480000000e+03    5.6844607461e-03    5.9074928977e-01
       225   -4.6450484576e+01    2.1583790542e+03   -6.5566680061e+01    1.9116195485e+01    3.0249482142e+01   -1.0411268240e+02    8.2965201979e+00    2.0480000000e+03    5.6948589627e-03    5.9253373580e-01
       226   -4.6503285712e+01    2.1631660573e+03   -6.5651568806e+01    1.9148283094e+01    3.0149283762e+01   -1.0407273568e+02    8.2718831137e+00    2.0480000000e+03    5.6645812001e-03    5.9126420455e-01
       227   -4.6476163890e+01    2.1609143348e+03   -6.5567315886e+01    1.9091151997e+01    3.0136392965e+01   -1.0399885559e+02    8.2951467419e+00    2.0480000000e+03    5.6853271089e-03    5.9354580966e-01
       228   -4.6484040879e+01    2.1613926321e+03   -6.5775226814e+01    1.9291185935e+01    3.0131238879e+01   -1.0404062450e+02    8.1341588048e+00    2.0480000000e+03    5.6588733569e-03    5.8815696023e-01
       229   -4.6477889145e+01    2.1608924805e+03   -6.5590175916e+01    1.9112286771e+01    3.0257000917e+01   -1.0422717649e+02    8.3799996610e+00    2.0480000000e+03    5.6820369791e-03    5.9088245739e-01
       230   -4.6490654327e+01    2.1619335950e+03   -6.5538045941e+01    1.9047391615e+01    3.0058467950e+01   -1.0371652618e+02    8.1200122924e+00    2.0480000000e+03    5.6784993503e-03    5.9266690341e-01
       231   -4.6501596525e+01    2.1628548963e+03   -6.5876129954e+01    1.9374533430e+01    3.0196309269e+01   -1.0379178315e+02    7.7193439279e+00    2.0480000000e+03    5.6710038334e-03    5.9047407670e-01
       232   -4.6483064637e+01    2.1611638257e+03   -6.5805291307e+01    1.9322226669e+01    3.0290800485e+01   -1.0437961433e+02    8.2835225334e+00    2.0480000000e+03    5.6757356506e-03    5.8965731534e-01
       233   -4.6507003117e+01    2.1635675926e+03   -6.5541547033e+01    1.9034543916e+01    3.0257165040e+01   -1.0394639224e+02    8.1476801708e+00    2.0480000000e+03    5.6792956311e-03    5.9139737216e-01
       234   -4.6530660527e+01    2.1659328610e+03   -6.5803145786e+01    1.9272485259e+01    3.0227555105e+01   -1.0450698992e+02    8.4762890289e+00    2.0480000000e+03    5.6888193358e-03    5.9310191761e-01
       235   -4.6524265232e+01    2.1652448690e+03   -6.5883337994e+01    1.9359072762e+01    3.0258398778e+01   -1.0386244936e+02    7.7207125913e+00    2.0480000000e+03    5.6693647057e-03    5.8865411932e-01
       236   -4.6481767607e+01    2.1611520637e+03   -6.5840481823e+01    1.9358714217e+01    3.0157679557e+01   -1.0436608815e+02    8.3679267692e+00    2.0480000000e+03    5.6652494241e-03    5.8994140625e-01
       237   -4.6490978383e+01    2.1619783785e+03   -6.5855090239e+01    1.9364111856e+01    3.0238080609e+01   -1.0415755074e+02    8.0643798927e+00    2.0480000000e+03    5.6815943681e-03    5.9217862216e-01
       238   -4.6510559450e+01    2.1639361039e+03   -6.5849837149e+01    1.9339277699e+01    3.0283406368e+01   -1.0421281037e+02    8.0795668492e+00    2.0480000000e+03    5.6747910567e-03    5.9095348011e-01
       239   -4.6483574187e+01    2.1612156411e+03   -6.5585073296e+01    1.9101499109e+01    3.0145525979e+01   -1.0393503567e+02    8.2044363993e+00    2.0480000000e+03    5.6731598452e-03    5.9248046875e-01
       240   -4.6499762033e+01    2.1628796422e+03   -6.5690246933e+01    1.9190484900e+01    3.0280763812e+01   -1.0429725324e+02    8.3262424968e+00    2.0480000000e+03    5.6880458724e-03    5.9158380682e-01
       241   -4.6507621087e+01    2.1634422299e+03   -6.5620833442e+01    1.9113212355e+01    3.0231500026e+01   -1.0355030029e+02    7.6979668190e+00    2.0480000000e+03    5.6813266128e-03    5.8908025568e-01
       242   -4.6506048972e+01    2.1633767672e+03   -6.5483656241e+01    1.8977607269e+01    3.0225691088e+01   -1.0409943807e+02    8.3900907366e+00    2.0480000000e+03    5.6649495382e-03    5.8916903409e-01
       243   -4.6505988953e+01    2.1633368061e+03   -6.5921914161e+01    1.9415925208e+01    3.0334346769e+01   -1.0448233879e+02    8.2260778586e+00    2.0480000000e+03    5.6781338062e-03    5.9264914773e-01
       244   -4.6487686298e+01    2.1617489024e+03   -6.5806206004e+01    1.9318519706e+01    3.0182337059e+01   -1.0434761386e+02    8.3590707972e+00    2.0480000000e+03    5.6763491593e-03    5.9254261364e-01
       245   -4.6497863557e+01    2.1625689413e+03   -6.5580273669e+01    1.9082410112e+01    3.0132973124e+01   -1.0403981273e+02    8.3265659401e+00    2.0480000000e+03    5.6685812306e-03    5.9367897727e-01
       246   -4.6502317100e+01    2.1630858512e+03   -6.5249580420e+01    1.8747263320e+01    2.9949804112e+01   -1.0323743939e+02    8.0380548618e+00    2.0480000000e+03    5.6521017104e-03    5.9131747159e-01
       247   -4.6484467772e+01    2.1613945725e+03   -6.5551212615e+01    1.9066744843e+01    3.0155580795e+01   -1.0405771305e+02    8.3509196385e+00    2.0480000000e+03    5.6674012449e-03    5.9236505682e-01
       248   -4.6520656063e+01    2.1646619794e+03   -6.5777586915e+01    1.9256930851e+01    3.0149761747e+01   -1.0406195398e+02    8.1346053164e+00    2.0480000000e+03    5.6770779192e-03    5.9308416193e-01
       249   -4.6490771202e+01    2.1619910627e+03   -6.5551431864e+01    1.9060660662e+01    3.0183345086e+01   -1.0392670866e+02    8.1919317110e+00    2.0480000000e+03    5.6939315982e-03    5.9340376420e-01
       250   -4.6495575046e+01    2.1623467279e+03   -6.5522824609e+01    1.9027249562e+01    3.0098717474e+01   -1.0365420802e+02    8.0326659404e+00    2.0480000000e+03    5.6630088948e-03    5.9252485795e-01
       251   -4.6475316684e+01    2.1605567435e+03   -6.5536345372e+01    1.9061028688e+01    3.0093805325e+01   -1.0378132667e+02    8.1511759770e+00    2.0480000000e+03    5.6701616850e-03    5.9050958807e-01
       252   -4.6508563427e+01    2.1636903298e+03   -6.5824422341e+01    1.9315858914e+01    3.0156791397e+01   -1.0391236883e+02    7.9311550962e+00    2.0480000000e+03    5.6781927124e-03    5.9287997159e-01
       253   -4.6524378032e+01    2.1651602854e+03   -6.5621048227e+01    1.9096670195e+01    3.0261581412e+01   -1.0435023263e+02    8.4676029873e+00    2.0480000000e+03    5.6779661682e-03    5.9217862216e-01
       254   -4.6463847247e+01    2.1595033990e+03   -6.5671478807e+01    1.9207631561e+01    3.0200576724e+01   -1.0425019948e+02    8.3781439469e+00    2.0480000000e+03    5.6476639584e-03    5.8760653409e-01
       255   -4.6497859442e+01    2.1625793391e+03   -6.5640930425e+01    1.9143070982e+01    3.0068859751e+01   -1.0358584738e+02    7.8760571997e+00    2.0480000000e+03    5.6487531401e-03    5.8869850852e-01
       256   -4.6497530626e+01    2.1625765260e+03   -6.5817500339e+01    1.9319969713e+01    3.0291951612e+01   -1.0439031785e+02    8.2808659029e+00    2.0480000000e+03    5.6767126080e-03    5.9113103693e-01
       257   -4.6460881944e+01    2.1593295395e+03   -6.5576708128e+01    1.9115826184e+01    3.0222808476e+01   -1.0412433927e+02    8.3248226643e+00    2.0480000000e+03    5.6752432138e-03    5.9072265625e-01
       258   -4.6479533462e+01    2.1608840932e+03   -6.5827227781e+01    1.9347694319e+01    3.0212367970e+01   -1.0401760339e+02    7.9780076397e+00    2.0480000000e+03    5.6752876844e-03    5.9093572443e-01
       259   -4.6487214506e+01    2.1617023157e+03   -6.5601532047e+01    1.9114317541e+01    3.0127381515e+01   -1.0428740463e+02    8.5584910643e+00    2.0480000000e+03    5.6612086482e-03    5.9128196023e-01
       260   -4.6503051700e+01    2.1630887421e+03   -6.5516613733e+01    1.9013562033e+01    3.0112701531e+01   -1.0408957024e+02    8.4602549744e+00    2.0480000000e+03    5.6630643085e-03    5.9260475852e-01
       261   -4.6471250096e+01    2.1607526329e+03   -6.5715618062e+01    1.9244367965e+01    3.0216184068e+01   -1.0397659839e+02    8.0447962632e+00    2.0480000000e+03    5.6665018201e-03    5.9211647727e-01
       262   -4.6509916792e+01    2.1638311368e+03   -6.5607288790e+01    1.9097371997e+01    3.0138117157e+01   -1.0404644913e+02    8.3010431875e+00    2.0480000000e+03    5.6542088278e-03    5.9062500000e-01
       263   -4.6462806314e+01    2.1593430247e+03   -6.5846327122e+01    1.9383520808e+01    3.0222791082e+01   -1.0423152049e+02    8.1624022878e+00    2.0480000000e+03    5.6743181776e-03    5.8999467330e-01
       264   -4.6463728343e+01    2.1595171505e+03   -6.5718993280e+01    1.9255264936e+01    3.0331599901e+01   -1.0437002005e+02    8.3194268689e+00    2.0480000000e+03    5.6740117725e-03    5.9074928977e-01
       265   -4.6478738542e+01    2.1609909836e+03   -6.5847965365e+01    1.9369226824e+01    3.0371769555e+01   -1.0452032383e+02    8.3005889112e+00    2.0480000000e+03    5.6722695008e-03    5.8915127841e-01
       266   -4.6486686473e+01    2.1616293265e+03   -6.5522276849e+01    1.9035590376e+01    3.0312411793e+01   -1.0425393816e+02    8.4192495210e+00    2.0480000000e+03    5.6704268791e-03    5.9132634943e-01
       267   -4.6474976503e+01    2.1605998667e+03   -6.5720311177e+01    1.9245334673e+01    3.0179836917e+01   -1.0434578391e+02    8.4456358162e+00    2.0480000000e+03    5.6837287266e-03    5.9062500000e-01
       268   -4.6503251768e+01    2.1629996766e+03   -6.5874777433e+01    1.9371525665e+01    3.0101047716e+01   -1.0391058448e+02    7.9347593285e+00    2.0480000000e+03    5.6641786359e-03    5.9343039773e-01
       269   -4.6502398522e+01    2.1630055558e+03   -6.5723380253e+01    1.9220981731e+01    3.0116369613e+01   -1.0384593375e+02    8.0061838848e+00    2.0480000000e+03    5.6516928598e-03    5.9121981534e-01
       270   -4.6493024134e+01    2.1621612840e+03   -6.5754401310e+01    1.9261377177e+01    3.0261496523e+01   -1.0417386320e+02    8.1579653680e+00    2.0480000000e+03    5.6653977372e-03    5.8921342330e-01
       271   -4.6473999399e+01    2.1603701860e+03   -6.5756868287e+01    1.9282868889e+01    3.0330740777e+01   -1.0445685080e+02    8.3692417336e+00    2.0480000000e+03    5.6746692862e-03    5.9210759943e-01
       272   -4.6484085472e+01    2.1612758666e+03   -6.5626992997e+01    1.9142907525e+01    3.0256517301e+01   -1.0441154730e+02    8.5280369996e+00    2.0480000000e+03    5.6633665226e-03    5.9075816761e-01
       273   -4.6483877117e+01    2.1615480709e+03   -6.5682853122e+01    1.9198976005e+01    3.0261732723e+01   -1.0403786674e+02    8.0932808932e+00    2.0480000000e+03    5.6682138238e-03    5.8982599432e-01
       274   -4.6482789152e+01    2.1612198816e+03   -6.5755689099e+01    1.9272899947e+01    3.0405575647e+01   -1.0448569540e+02    8.3244306532e+00    2.0480000000e+03    5.6839101017e-03    5.9231178977e-01
       275   -4.6461701298e+01    2.1592355359e+03   -6.6015498679e+01    1.9553797381e+01    3.0419884100e+01   -1.0458311190e+02    8.1477291183e+00    2.0480000000e+03    5.6710517965e-03    5.9028764205e-01
       276   -4.6478830218e+01    2.1608747222e+03   -6.5662711954e+01    1.9183881736e+01    3.0248315329e+01   -1.0412639061e+02    8.2153633263e+00    2.0480000000e+03    5.6640431285e-03    5.9148615057e-01
       277   -4.6533684151e+01    2.1660834887e+03   -6.5773898502e+01    1.9240214351e+01    3.0206549060e+01   -1.0435638589e+02    8.3759383323e+00    2.0480000000e+03    5.6645998266e-03    5.9069602273e-01
       278   -4.6491920926e+01    2.1623806163e+03   -6.5363829813e+01    1.8871908886e+01    3.0196943270e+01   -1.0400107976e+02    8.4403066736e+00    2.0480000000e+03    5.6780423038e-03    5.9107776989e-01
       279   -4.6488040962e+01    2.1616322146e+03   -6.5669010336e+01    1.9180969374e+01    3.0251313868e+01   -1.0392469934e+02    8.0043751380e+00    2.0480000000e+03    5.6770103984e-03    5.9264914773e-01
       280   -4.6479956145e+01    2.1609074113e+03   -6.5471400617e+01    1.8991444472e+01    3.0111722504e+01   -1.0371736956e+02    8.1342464422e+00    2.0480000000e+03    5.6573385373e-03    5.8991477273e-01
       281   -4.6474132367e+01    2.1603868579e+03   -6.5542035614e+01    1.9067903247e+01    3.0182403586e+01   -1.0397545945e+02    8.2510202505e+00    2.0480000000e+03    5.6727509946e-03    5.9264914773e-01
       282   -4.6531378541e+01    2.1658151258e+03   -6.5713802399e+01    1.9182423858e+01    3.0390217693e+01   -1.0442642329e+02    8.3224031995e+00    2.0480000000e+03    5.6757477578e-03    5.9251598011e-01
       283   -4.6471322646e+01    2.1601152856e+03   -6.5382528165e+01    1.8911205520e+01    3.0261656684e+01   -1.0367495473e+02    8.0307698841e+00    2.0480000000e+03    5.6761738379e-03    5.9229403409e-01
       284   -4.6504508517e+01    2.1631888181e+03   -6.5596308452e+01    1.9091799935e+01    3.0281136163e+01   -1.0377636305e+02    7.8989184373e+00    2.0480000000e+03    5.6770108640e-03    5.9287109375e-01
       285   -4.6498040984e+01    2.1625775246e+03   -6.5633591891e+01    1.9135550907e+01    3.0254538958e+01   -1.0386952238e+02    7.9813915322e+00    2.0480000000e+03    5.6714750826e-03    5.9327947443e-01
       286   -4.6511126387e+01    2.1645550838e+03   -6.5783573700e+01    1.9272447313e+01    3.0300680145e+01   -1.0414988857e+02    8.0656347212e+00    2.0480000000e+03    5.6801442988e-03    5.9086470170e-01
       287   -4.6523702258e+01    2.1650252126e+03   -6.5609085284e+01    1.9085383026e+01    3.0241934913e+01   -1.0431970414e+02    8.4686839438e+00    2.0480000000e+03    5.6728476193e-03    5.9285333807e-01
       288   -4.6477421468e+01    2.1607529158e+03   -6.5696909987e+01    1.9219488519e+01    3.0256927622e+01   -1.0412257896e+02    8.1687413493e+00    2.0480000000e+03    5.6710473727e-03    5.9160156250e-01
       289   -4.6495154795e+01    2.1624942030e+03   -6.5614215600e+01    1.9119060805e+01    3.0082595062e+01   -1.0350149882e+02    7.8046881561e+00    2.0480000000e+03    5.6551138405e-03    5.8984375000e-01
       290   -4.6481754931e+01    2.1610819409e+03   -6.5489040127e+01    1.9007285195e+01    3.0064345352e+01   -1.0367748234e+02    8.1240968600e+00    2.0480000000e+03    5.6414285209e-03    5.9224964489e-01
       291   -4.6476342082e+01    2.1619544565e+03   -6.5682972858e+01    1.9206630776e+01    3.0103386155e+01   -1.0414831554e+02    8.3619565244e+00    2.0480000000e+03    5.6555795018e-03    5.9250710227e-01
       292   -4.6512728985e+01    2.1640712816e+03   -6.5592631334e+01    1.9079902349e+01    3.0085768400e+01   -1.0389972675e+02    8.2213270158e+00    2.0480000000e+03    5.6691013742e-03    5.9111328125e-01
       293   -4.6487886997e+01    2.1618293679e+03   -6.5786373341e+01    1.9298486344e+01    3.0196490849e+01   -1.0418641720e+02    8.2035530119e+00    2.0480000000e+03    5.6647316087e-03    5.9130859375e-01
       294   -4.6470782773e+01    2.1600190214e+03   -6.5893832052e+01    1.9423049279e+01    3.0096369622e+01   -1.0412358740e+02    8.1333857261e+00    2.0480000000e+03    5.6530309375e-03    5.9008345170e-01
       295   -4.6498073542e+01    2.1627486078e+03   -6.5332550205e+01    1.8834476663e+01    3.0159955500e+01   -1.0378969136e+02    8.2971856590e+00    2.0480000000e+03    5.6727791671e-03    5.9308416193e-01
       296   -4.6496415660e+01    2.1625091085e+03   -6.5626634801e+01    1.9130219141e+01    3.0153584704e+01   -1.0382845310e+02    8.0482335989e+00    2.0480000000e+03    5.6662978604e-03    5.9219637784e-01
       297   -4.6497787175e+01    2.1627746997e+03   -6.5727508573e+01    1.9229721398e+01    3.0227852539e+01   -1.0383199742e+02    7.8766363074e+00    2.0480000000e+03    5.6917080656e-03    5.9469992898e-01
       298   -4.6501082359e+01    2.1629203606e+03   -6.5948261804e+01    1.9447179445e+01    3.0380949439e+01   -1.0459626073e+02    8.2670494878e+00    2.0480000000e+03    5.6743903551e-03    5.9008345170e-01
       299   -4.6471285627e+01    2.1601196140e+03   -6.6066701244e+01    1.9595415617e+01    3.0468911682e+01   -1.0489034293e+02    8.3547300061e+00    2.0480000000e+03    5.6683234870e-03    5.8884055398e-01
