#   index    LocalEnergy         LocalEnergy_sq      LocalPotential      Kinetic             ElecElec            LocalECP            NonLocalECP         BlockWeight         BlockCPU            AcceptRatio         
         0   -4.6465179611e+01    2.1598237791e+03   -6.5914525026e+01    1.9449345415e+01    3.0272844668e+01   -1.0410737092e+02    7.9200012288e+00    2.0480000000e+03    5.9877571184e-03    5.9230291193e-01
         1   -4.6522685759e+01    2.1649599822e+03   -6.5777369939e+01    1.9254684180e+01    3.0171848893e+01   -1.0405996617e+02    8.1107473389e+00    2.0480000000e+03    5.8876825497e-03    5.9398970170e-01
         2   -4.6481830349e+01    2.1611703814e+03   -6.5790205425e+01    1.9308375076e+01    3.0181843462e+01   -1.0398570270e+02    8.0136538122e+00    2.0480000000e+03    5.7926233858e-03    5.8934659091e-01
         3   -4.6499802420e+01    2.1628081044e+03   -6.5609867404e+01    1.9110064985e+01    3.0288834936e+01   -1.0414886775e+02    8.2501654098e+00    2.0480000000e+03    5.7856454514e-03    5.9252485795e-01
         4   -4.6485073528e+01    2.1614171132e+03   -6.5664566858e+01    1.9179493331e+01    3.0312372504e+01   -1.0451679578e+02    8.5398564153e+00    2.0480000000e+03    5.7596496772e-03    5.9088245739e-01
         5   -4.6498437920e+01    2.1626946023e+03   -6.5922712014e+01    1.9424274094e+01    3.0171251340e+01   -1.0409678921e+02    8.0028258542e+00    2.0480000000e+03    5.7281060144e-03    5.8979936080e-01
         6   -4.6504429522e+01    2.1633443669e+03   -6.5917320329e+01    1.9412890807e+01    3.0264328126e+01   -1.0388817695e+02    7.7065284996e+00    2.0480000000e+03    5.7202209719e-03    5.8959517045e-01
         7   -4.6526178626e+01    2.1652666657e+03   -6.5674429598e+01    1.9148250971e+01    3.0233330754e+01   -1.0410594827e+02    8.1981879133e+00    2.0480000000e+03    5.7225876953e-03    5.9282670455e-01
         8   -4.6524448205e+01    2.1652599216e+03   -6.6001506135e+01    1.9477057930e+01    3.0190112473e+01   -1.0404628567e+02    7.8546670617e+00    2.0480000000e+03    5.7151252404e-03    5.9305752841e-01
         9   -4.6498176463e+01    2.1627726398e+03   -6.5708093868e+01    1.9209917405e+01    3.0219961011e+01   -1.0436395707e+02    8.4359021885e+00    2.0480000000e+03    5.7089442853e-03    5.9017223011e-01
        10   -4.6505222034e+01    2.1633704965e+03   -6.5555192696e+01    1.9049970662e+01    3.0119912812e+01   -1.0364326835e+02    7.9681628433e+00    2.0480000000e+03    5.6972305756e-03    5.9239169034e-01
        11   -4.6476516987e+01    2.1607209399e+03   -6.5376879117e+01    1.8900362130e+01    3.0100994475e+01   -1.0396977494e+02    8.4919013441e+00    2.0480000000e+03    5.7023526169e-03    5.9177911932e-01
        12   -4.6488024011e+01    2.1616886232e+03   -6.5704064999e+01    1.9216040988e+01    3.0125608360e+01   -1.0394576880e+02    8.1160954417e+00    2.0480000000e+03    5.6879536714e-03    5.8947088068e-01
        13   -4.6489396076e+01    2.1619464134e+03   -6.5924695094e+01    1.9435299018e+01    3.0141210905e+01   -1.0401735866e+02    7.9514526561e+00    2.0480000000e+03    5.6835375726e-03    5.9154829545e-01
        14   -4.6501398389e+01    2.1629139050e+03   -6.5677429078e+01    1.9176030689e+01    3.0089739707e+01   -1.0381262355e+02    8.0454547697e+00    2.0480000000e+03    5.6793622207e-03    5.9272017045e-01
        15   -4.6539455736e+01    2.1665409353e+03   -6.5883771011e+01    1.9344315276e+01    3.0171535636e+01   -1.0418748017e+02    8.1321735209e+00    2.0480000000e+03    5.6755954865e-03    5.9008345170e-01
        16   -4.6446690110e+01    2.1578611078e+03   -6.5710775090e+01    1.9264084980e+01    3.0273252030e+01   -1.0397163391e+02    7.9876067890e+00    2.0480000000e+03    5.6732678786e-03    5.9042968750e-01
        17   -4.6505811927e+01    2.1632900363e+03   -6.5926406907e+01    1.9420594981e+01    3.0237072779e+01   -1.0411562549e+02    7.9521458015e+00    2.0480000000e+03    5.6636584923e-03    5.9076704545e-01
        18   -4.6479441702e+01    2.1612337136e+03   -6.5709386697e+01    1.9229944995e+01    3.0159617113e+01   -1.0402929542e+02    8.1602916071e+00    2.0480000000e+03    5.6706629694e-03    5.9145951705e-01
        19   -4.6503359640e+01    2.1632003707e+03   -6.5557622894e+01    1.9054263254e+01    3.0158302201e+01   -1.0392992253e+02    8.2139974343e+00    2.0480000000e+03    5.6754148100e-03    5.8972833807e-01
        20   -4.6500733214e+01    2.1628558026e+03   -6.5688938886e+01    1.9188205672e+01    3.0197811748e+01   -1.0418777633e+02    8.3010256930e+00    2.0480000000e+03    5.6853776332e-03    5.9096235795e-01
        21   -4.6510910845e+01    2.1640267592e+03   -6.5544659353e+01    1.9033748508e+01    3.0129391562e+01   -1.0433876876e+02    8.6647178405e+00    2.0480000000e+03    5.6702664588e-03    5.8971058239e-01
        22   -4.6494457423e+01    2.1626200073e+03   -6.5694579600e+01    1.9200122177e+01    3.0304955612e+01   -1.0416291811e+02    8.1633828960e+00    2.0480000000e+03    5.6837522425e-03    5.9298650568e-01
        23   -4.6493833358e+01    2.1623878242e+03   -6.5702258404e+01    1.9208425046e+01    3.0256664414e+01   -1.0411073827e+02    8.1518154548e+00    2.0480000000e+03    5.6768888608e-03    5.8950639205e-01
        24   -4.6484160496e+01    2.1614220998e+03   -6.5744609146e+01    1.9260448650e+01    3.0285412304e+01   -1.0447038900e+02    8.4403675527e+00    2.0480000000e+03    5.6806849316e-03    5.9058061080e-01
        25   -4.6493336132e+01    2.1621306824e+03   -6.5768884191e+01    1.9275548059e+01    3.0105341457e+01   -1.0418201965e+02    8.3077940062e+00    2.0480000000e+03    5.6790995877e-03    5.9276455966e-01
        26   -4.6470951734e+01    2.1601089953e+03   -6.5820760734e+01    1.9349809000e+01    3.0149175554e+01   -1.0387039540e+02    7.9004591129e+00    2.0480000000e+03    5.6776762940e-03    5.9152166193e-01
        27   -4.6482031846e+01    2.1612444657e+03   -6.5952690122e+01    1.9470658276e+01    3.0320030079e+01   -1.0443080840e+02    8.1580881996e+00    2.0480000000e+03    5.6786264759e-03    5.9068714489e-01
        28   -4.6494123671e+01    2.1622100788e+03   -6.6161026269e+01    1.9666902598e+01    3.0226974412e+01   -1.0419312615e+02    7.8051254674e+00    2.0480000000e+03    5.6615869980e-03    5.9176136364e-01
        29   -4.6511179431e+01    2.1639206791e+03   -6.6067943256e+01    1.9556763825e+01    3.0348548935e+01   -1.0447169169e+02    8.0551994965e+00    2.0480000000e+03    5.6826786604e-03    5.9419389205e-01
        30   -4.6459381811e+01    2.1591776482e+03   -6.5604829858e+01    1.9145448047e+01    3.0057015664e+01   -1.0382332837e+02    8.1614828451e+00    2.0480000000e+03    5.6947309058e-03    5.9414950284e-01
        31   -4.6496790835e+01    2.1626212513e+03   -6.5732390421e+01    1.9235599586e+01    3.0258571697e+01   -1.0458836903e+02    8.5974069081e+00    2.0480000000e+03    5.6816677097e-03    5.9072265625e-01
        32   -4.6526406370e+01    2.1653344477e+03   -6.5753405119e+01    1.9226998750e+01    3.0115964488e+01   -1.0362891086e+02    7.7595412486e+00    2.0480000000e+03    5.6913057342e-03    5.9346590909e-01
        33   -4.6492715470e+01    2.1622666201e+03   -6.5726206042e+01    1.9233490572e+01    3.0187210902e+01   -1.0367066335e+02    7.7572464051e+00    2.0480000000e+03    5.6766141206e-03    5.9180575284e-01
        34   -4.6485951388e+01    2.1615799380e+03   -6.5788350960e+01    1.9302399572e+01    3.0229111681e+01   -1.0394096444e+02    7.9235017960e+00    2.0480000000e+03    5.6846251246e-03    5.9082031250e-01
        35   -4.6527485336e+01    2.1654058018e+03   -6.5285175524e+01    1.8757690188e+01    3.0166866220e+01   -1.0403615427e+02    8.5841125302e+00    2.0480000000e+03    5.6891720742e-03    5.9038529830e-01
        36   -4.6450694883e+01    2.1583947336e+03   -6.5687875904e+01    1.9237181021e+01    3.0272783398e+01   -1.0448487223e+02    8.5242129288e+00    2.0480000000e+03    5.6710718200e-03    5.9243607955e-01
        37   -4.6503854023e+01    2.1632051635e+03   -6.5706161145e+01    1.9202307122e+01    3.0242548603e+01   -1.0384476167e+02    7.8960519264e+00    2.0480000000e+03    5.6768313516e-03    5.9378551136e-01
        38   -4.6497358519e+01    2.1627769374e+03   -6.5728838052e+01    1.9231479533e+01    3.0414048585e+01   -1.0499244480e+02    8.8495581608e+00    2.0480000000e+03    5.6737756822e-03    5.9180575284e-01
        39   -4.6503969131e+01    2.1633900584e+03   -6.5380128912e+01    1.8876159781e+01    3.0200410435e+01   -1.0437537490e+02    8.7948355496e+00    2.0480000000e+03    5.6671882048e-03    5.9224076705e-01
        40   -4.6501994061e+01    2.1630030260e+03   -6.5382476790e+01    1.8880482730e+01    3.0304976132e+01   -1.0403259661e+02    8.3451436894e+00    2.0480000000e+03    5.6758674327e-03    5.9343927557e-01
        41   -4.6479940668e+01    2.1608857868e+03   -6.5627405453e+01    1.9147464785e+01    3.0121196284e+01   -1.0383246789e+02    8.0838661541e+00    2.0480000000e+03    5.6654575747e-03    5.8988813920e-01
        42   -4.6460116584e+01    2.1594154328e+03   -6.5899541717e+01    1.9439425133e+01    3.0507409808e+01   -1.0495647333e+02    8.5495218086e+00    2.0480000000e+03    5.6897783652e-03    5.9176136364e-01
        43   -4.6502593036e+01    2.1630583454e+03   -6.5974388532e+01    1.9471795496e+01    3.0375114566e+01   -1.0444235388e+02    8.0928507778e+00    2.0480000000e+03    5.6787254289e-03    5.9047407670e-01
        44   -4.6467131210e+01    2.1598984369e+03   -6.5831212652e+01    1.9364081442e+01    3.0320008030e+01   -1.0451144504e+02    8.3602243568e+00    2.0480000000e+03    5.6928314734e-03    5.9165482955e-01
        45   -4.6481340180e+01    2.1610496700e+03   -6.5834676659e+01    1.9353336478e+01    3.0178234953e+01   -1.0404915407e+02    8.0362424544e+00    2.0480000000e+03    5.6719407439e-03    5.9166370739e-01
        46   -4.6503150309e+01    2.1632494588e+03   -6.5708228628e+01    1.9205078320e+01    3.0243076224e+01   -1.0444763818e+02    8.4963333261e+00    2.0480000000e+03    5.6814192794e-03    5.9179687500e-01
        47   -4.6491828796e+01    2.1622400255e+03   -6.5699083332e+01    1.9207254536e+01    3.0293001481e+01   -1.0445645673e+02    8.4643719138e+00    2.0480000000e+03    5.6826544460e-03    5.9231178977e-01
        48   -4.6505944477e+01    2.1635210303e+03   -6.5715371314e+01    1.9209426837e+01    3.0154737488e+01   -1.0449624799e+02    8.6261391858e+00    2.0480000000e+03    5.6588710286e-03    5.9104225852e-01
        49   -4.6500887012e+01    2.1628296505e+03   -6.5752489975e+01    1.9251602963e+01    3.0191029000e+01   -1.0419705771e+02    8.2535387386e+00    2.0480000000e+03    5.6733603124e-03    5.9026988636e-01
        50   -4.6514047323e+01    2.1643013637e+03   -6.5677294201e+01    1.9163246878e+01    3.0155935532e+01   -1.0417043155e+02    8.3372018140e+00    2.0480000000e+03    5.6656289380e-03    5.9200106534e-01
        51   -4.6477859238e+01    2.1606578850e+03   -6.5885850441e+01    1.9407991203e+01    3.0274283089e+01   -1.0444743856e+02    8.2873050249e+00    2.0480000000e+03    5.6710911449e-03    5.9143288352e-01
        52   -4.6518255768e+01    2.1645693784e+03   -6.5721774370e+01    1.9203518602e+01    3.0245770480e+01   -1.0435853698e+02    8.3909921326e+00    2.0480000000e+03    5.6829899549e-03    5.9463778409e-01
        53   -4.6501625191e+01    2.1629396354e+03   -6.5770780586e+01    1.9269155395e+01    3.0276037017e+01   -1.0429501739e+02    8.2481997888e+00    2.0480000000e+03    5.6693169754e-03    5.9041193182e-01
        54   -4.6481862190e+01    2.1611234342e+03   -6.6024709034e+01    1.9542846844e+01    3.0455038194e+01   -1.0504360324e+02    8.5638560147e+00    2.0480000000e+03    5.6853024289e-03    5.9060724432e-01
        55   -4.6487511939e+01    2.1616790007e+03   -6.5708236350e+01    1.9220724411e+01    3.0165566056e+01   -1.0377900891e+02    7.9052064999e+00    2.0480000000e+03    5.6774104014e-03    5.9293323864e-01
        56   -4.6479422671e+01    2.1608786830e+03   -6.5668510438e+01    1.9189087767e+01    3.0065007445e+01   -1.0419269280e+02    8.4591749133e+00    2.0480000000e+03    5.6665774900e-03    5.8960404830e-01
        57   -4.6500174757e+01    2.1628239457e+03   -6.5486180047e+01    1.8986005290e+01    3.0199338535e+01   -1.0386307071e+02    8.1775521232e+00    2.0480000000e+03    5.6783668697e-03    5.9049183239e-01
        58   -4.6485922857e+01    2.1615934049e+03   -6.5811210475e+01    1.9325287618e+01    3.0146126023e+01   -1.0419205982e+02    8.2347233250e+00    2.0480000000e+03    5.6708594784e-03    5.8925781250e-01
        59   -4.6502522340e+01    2.1630272588e+03   -6.5721313756e+01    1.9218791416e+01    3.0164180934e+01   -1.0419107219e+02    8.3055775019e+00    2.0480000000e+03    5.6660850532e-03    5.9198330966e-01
        60   -4.6504152104e+01    2.1632429445e+03   -6.5496172894e+01    1.8992020791e+01    3.0254080131e+01   -1.0451157691e+02    8.7613238821e+00    2.0480000000e+03    5.6744306348e-03    5.9295987216e-01
        61   -4.6476010812e+01    2.1608636177e+03   -6.5754599068e+01    1.9278588256e+01    3.0230855382e+01   -1.0418992720e+02    8.2044727493e+00    2.0480000000e+03    5.6835466530e-03    5.9094460227e-01
        62   -4.6503435272e+01    2.1635032446e+03   -6.5348315974e+01    1.8844880701e+01    3.0015568028e+01   -1.0362529695e+02    8.2614129454e+00    2.0480000000e+03    5.6684545707e-03    5.9140625000e-01
        63   -4.6519539551e+01    2.1647296772e+03   -6.5637871350e+01    1.9118331799e+01    3.0052282749e+01   -1.0377213705e+02    8.0819829466e+00    2.0480000000e+03    5.6732189842e-03    5.8913352273e-01
        64   -4.6481724270e+01    2.1611321496e+03   -6.5446448052e+01    1.8964723782e+01    3.0039459918e+01   -1.0387464765e+02    8.3887396767e+00    2.0480000000e+03    5.6639551185e-03    5.9050958807e-01
        65   -4.6516781158e+01    2.1642846222e+03   -6.5607001354e+01    1.9090220196e+01    3.0075721372e+01   -1.0361021312e+02    7.9274903963e+00    2.0480000000e+03    5.6719148997e-03    5.9212535511e-01
        66   -4.6475214961e+01    2.1606154624e+03   -6.5786822470e+01    1.9311607509e+01    3.0242410384e+01   -1.0409431581e+02    8.0650829547e+00    2.0480000000e+03    5.6782211177e-03    5.9232066761e-01
        67   -4.6500367809e+01    2.1630058935e+03   -6.5493923174e+01    1.8993555365e+01    3.0085920324e+01   -1.0365706072e+02    8.0772172192e+00    2.0480000000e+03    5.6696326938e-03    5.9355468750e-01
        68   -4.6498006353e+01    2.1626535217e+03   -6.5450595140e+01    1.8952588787e+01    3.0182609149e+01   -1.0415551688e+02    8.5223125957e+00    2.0480000000e+03    5.6714825332e-03    5.9268465909e-01
        69   -4.6515526985e+01    2.1642805130e+03   -6.5729929405e+01    1.9214402420e+01    3.0293130066e+01   -1.0425440880e+02    8.2313493246e+00    2.0480000000e+03    5.6760995649e-03    5.9249822443e-01
        70   -4.6501964543e+01    2.1630004445e+03   -6.5944505900e+01    1.9442541357e+01    3.0264415078e+01   -1.0450198382e+02    8.2930628373e+00    2.0480000000e+03    5.6774087716e-03    5.9167258523e-01
        71   -4.6488871892e+01    2.1618618508e+03   -6.6080331840e+01    1.9591459948e+01    3.0226324135e+01   -1.0462744732e+02    8.3207913481e+00    2.0480000000e+03    5.6680880953e-03    5.9187677557e-01
        72   -4.6487614494e+01    2.1618426462e+03   -6.5886023441e+01    1.9398408947e+01    3.0230763572e+01   -1.0425484752e+02    8.1380605072e+00    2.0480000000e+03    5.6545902044e-03    5.9094460227e-01
        73   -4.6515034410e+01    2.1642009926e+03   -6.5951686846e+01    1.9436652436e+01    3.0274724057e+01   -1.0439299367e+02    8.1665827665e+00    2.0480000000e+03    5.6655278895e-03    5.9004794034e-01
        74   -4.6516872550e+01    2.1653259553e+03   -6.5460588091e+01    1.8943715540e+01    2.9979639198e+01   -1.0304211390e+02    7.6018866140e+00    2.0480000000e+03    5.6472583674e-03    5.8801491477e-01
        75   -4.6478772887e+01    2.1608146704e+03   -6.5562353864e+01    1.9083580977e+01    3.0028414088e+01   -1.0364597232e+02    8.0552043644e+00    2.0480000000e+03    5.6601730175e-03    5.9098899148e-01
        76   -4.6485592140e+01    2.1616469990e+03   -6.5704014609e+01    1.9218422469e+01    3.0014172281e+01   -1.0390541215e+02    8.1872252592e+00    2.0480000000e+03    5.6602240074e-03    5.9095348011e-01
        77   -4.6511692535e+01    2.1643927158e+03   -6.5748071640e+01    1.9236379104e+01    3.0156487315e+01   -1.0449941410e+02    8.5948551481e+00    2.0480000000e+03    5.6584677659e-03    5.9090909091e-01
        78   -4.6464703051e+01    2.1596046220e+03   -6.5625591984e+01    1.9160888933e+01    3.0114346311e+01   -1.0405020897e+02    8.3102706702e+00    2.0480000000e+03    5.6719610002e-03    5.9390092330e-01
        79   -4.6474210368e+01    2.1604213761e+03   -6.5546678435e+01    1.9072468067e+01    3.0098954796e+01   -1.0378112149e+02    8.1354882616e+00    2.0480000000e+03    5.6689756457e-03    5.9181463068e-01
        80   -4.6509376063e+01    2.1636831135e+03   -6.5916762617e+01    1.9407386554e+01    3.0195131558e+01   -1.0434459024e+02    8.2326960628e+00    2.0480000000e+03    5.6558798533e-03    5.9316406250e-01
        81   -4.6517014085e+01    2.1644607819e+03   -6.5701876348e+01    1.9184862264e+01    3.0141020955e+01   -1.0426292158e+02    8.4200242722e+00    2.0480000000e+03    5.6544211693e-03    5.8945312500e-01
        82   -4.6480071796e+01    2.1608407409e+03   -6.5767523318e+01    1.9287451522e+01    3.0190176900e+01   -1.0415496068e+02    8.1972604578e+00    2.0480000000e+03    5.6552777532e-03    5.9200106534e-01
        83   -4.6479309958e+01    2.1608708770e+03   -6.5977986804e+01    1.9498676846e+01    3.0483279817e+01   -1.0478908248e+02    8.3278158623e+00    2.0480000000e+03    5.6745703332e-03    5.9014559659e-01
        84   -4.6485674564e+01    2.1615972465e+03   -6.5961249476e+01    1.9475574912e+01    3.0348431915e+01   -1.0440080880e+02    8.0911274070e+00    2.0480000000e+03    5.6684946176e-03    5.8899147727e-01
        85   -4.6480023499e+01    2.1610362534e+03   -6.5459188658e+01    1.8979165158e+01    3.0219042436e+01   -1.0436898611e+02    8.6907550181e+00    2.0480000000e+03    5.6671453640e-03    5.9248934659e-01
        86   -4.6523619712e+01    2.1649182206e+03   -6.5802911720e+01    1.9279292008e+01    3.0179035288e+01   -1.0398066761e+02    7.9987206025e+00    2.0480000000e+03    5.6617646478e-03    5.9194779830e-01
        87   -4.6479575787e+01    2.1609075673e+03   -6.5801652372e+01    1.9322076585e+01    3.0150736323e+01   -1.0398850843e+02    8.0361197328e+00    2.0480000000e+03    5.6720781140e-03    5.9254261364e-01
        88   -4.6502238142e+01    2.1635076995e+03   -6.5191436037e+01    1.8689197895e+01    3.0266236981e+01   -1.0434962500e+02    8.8919519810e+00    2.0480000000e+03    5.6548120920e-03    5.8872514205e-01
        89   -4.6504493982e+01    2.1631686949e+03   -6.6187886167e+01    1.9683392186e+01    3.0196153511e+01   -1.0417983586e+02    7.7957961820e+00    2.0480000000e+03    5.6708690245e-03    5.8960404830e-01
        90   -4.6502301368e+01    2.1630245411e+03   -6.5771552635e+01    1.9269251266e+01    3.0225041490e+01   -1.0412992169e+02    8.1333275627e+00    2.0480000000e+03    5.6806264911e-03    5.9156605114e-01
        91   -4.6480388338e+01    2.1614955050e+03   -6.5585347723e+01    1.9104959385e+01    3.0256830123e+01   -1.0448424786e+02    8.6420700119e+00    2.0480000000e+03    5.6616493966e-03    5.9145063920e-01
        92   -4.6490278511e+01    2.1619062157e+03   -6.5576857697e+01    1.9086579186e+01    3.0131544016e+01   -1.0367592456e+02    7.9675228445e+00    2.0480000000e+03    5.6596039794e-03    5.8844105114e-01
        93   -4.6522804314e+01    2.1649353833e+03   -6.5881315595e+01    1.9358511281e+01    3.0182019866e+01   -1.0400235323e+02    7.9390177690e+00    2.0480000000e+03    5.6797447614e-03    5.9145951705e-01
        94   -4.6499955483e+01    2.1628284942e+03   -6.5362671023e+01    1.8862715540e+01    3.0157802857e+01   -1.0369696450e+02    8.1764906235e+00    2.0480000000e+03    5.6655621156e-03    5.9022549716e-01
        95   -4.6469659756e+01    2.1599660343e+03   -6.5881552310e+01    1.9411892553e+01    3.0241608902e+01   -1.0407029244e+02    7.9471312262e+00    2.0480000000e+03    5.6655108929e-03    5.9116654830e-01
        96   -4.6490163305e+01    2.1618995875e+03   -6.5461606445e+01    1.8971443141e+01    3.0262590994e+01   -1.0462883374e+02    8.9046363000e+00    2.0480000000e+03    5.6779296137e-03    5.9165482955e-01
        97   -4.6495017217e+01    2.1624251622e+03   -6.5581275414e+01    1.9086258197e+01    3.0194082823e+01   -1.0410721598e+02    8.3318577473e+00    2.0480000000e+03    5.6679623667e-03    5.9046519886e-01
        98   -4.6456219245e+01    2.1602368604e+03   -6.5532005441e+01    1.9075786196e+01    3.0194512204e+01   -1.0371586529e+02    7.9893476500e+00    2.0480000000e+03    5.6729388889e-03    5.8997691761e-01
        99   -4.6516744956e+01    2.1644099953e+03   -6.5582684255e+01    1.9065939299e+01    3.0192305451e+01   -1.0423781262e+02    8.4628229164e+00    2.0480000000e+03    5.6806032080e-03    5.9088245739e-01
       100   -4.6470453319e+01    2.1605735406e+03   -6.5673915773e+01    1.9203462454e+01    3.0276949537e+01   -1.0404557500e+02    8.0947096948e+00    2.0480000000e+03    5.6786558125e-03    5.9048295455e-01
       101   -4.6508584216e+01    2.1635447782e+03   -6.5773143797e+01    1.9264559581e+01    3.0142492093e+01   -1.0407947264e+02    8.1638367503e+00    2.0480000000e+03    5.6769861840e-03    5.8791725852e-01
       102   -4.6490596837e+01    2.1619414232e+03   -6.5587593376e+01    1.9096996540e+01    3.0116132404e+01   -1.0385581383e+02    8.1520880477e+00    2.0480000000e+03    5.6727491319e-03    5.9248046875e-01
       103   -4.6481107835e+01    2.1610223262e+03   -6.5898548443e+01    1.9417440608e+01    3.0071322543e+01   -1.0371826680e+02    7.7483958161e+00    2.0480000000e+03    5.6599436793e-03    5.9052734375e-01
       104   -4.6503633055e+01    2.1631146796e+03   -6.5897527693e+01    1.9393894638e+01    3.0131826418e+01   -1.0353893943e+02    7.5095853195e+00    2.0480000000e+03    5.6797803845e-03    5.9279119318e-01
       105   -4.6502866203e+01    2.1630090281e+03   -6.5366056970e+01    1.8863190766e+01    3.0041646698e+01   -1.0386376852e+02    8.4560648529e+00    2.0480000000e+03    5.6641187984e-03    5.9028764205e-01
       106   -4.6486676516e+01    2.1615124064e+03   -6.5455056807e+01    1.8968380291e+01    3.0000288284e+01   -1.0368906589e+02    8.2337207955e+00    2.0480000000e+03    5.6531298906e-03    5.8905362216e-01
       107   -4.6480044537e+01    2.1610147358e+03   -6.5467993612e+01    1.8987949076e+01    2.9984168198e+01   -1.0381072881e+02    8.3585670045e+00    2.0480000000e+03    5.6615353096e-03    5.9098899148e-01
       108   -4.6484408872e+01    2.1614038832e+03   -6.5782086668e+01    1.9297677796e+01    3.0042056106e+01   -1.0418687205e+02    8.3627292748e+00    2.0480000000e+03    5.6544085965e-03    5.9163707386e-01
       109   -4.6507901249e+01    2.1635942831e+03   -6.5399719121e+01    1.8891817872e+01    3.0174385448e+01   -1.0429855808e+02    8.7244535146e+00    2.0480000000e+03    5.6720494758e-03    5.9224076705e-01
       110   -4.6472597660e+01    2.1603396675e+03   -6.5445028689e+01    1.8972431029e+01    3.0139556968e+01   -1.0402715661e+02    8.4425709567e+00    2.0480000000e+03    5.6552314200e-03    5.9088245739e-01
       111   -4.6484689092e+01    2.1614230018e+03   -6.5518102903e+01    1.9033413811e+01    3.0084754783e+01   -1.0388080107e+02    8.2779433810e+00    2.0480000000e+03    5.6587844156e-03    5.9105113636e-01
       112   -4.6477109804e+01    2.1610945793e+03   -6.5817298686e+01    1.9340188882e+01    3.0248042527e+01   -1.0450550994e+02    8.4401687237e+00    2.0480000000e+03    5.6710103527e-03    5.9144176136e-01
       113   -4.6489779454e+01    2.1617752244e+03   -6.5627545820e+01    1.9137766367e+01    3.0133379109e+01   -1.0367130170e+02    7.9103767656e+00    2.0480000000e+03    5.6788150687e-03    5.9418501420e-01
       114   -4.6496712945e+01    2.1626063389e+03   -6.5486746114e+01    1.8990033169e+01    3.0135863114e+01   -1.0363655799e+02    8.0139487578e+00    2.0480000000e+03    5.6671302300e-03    5.9142400568e-01
       115   -4.6500575174e+01    2.1630215837e+03   -6.5731289415e+01    1.9230714241e+01    3.0332032611e+01   -1.0417876783e+02    8.1154458040e+00    2.0480000000e+03    5.6745482143e-03    5.9124644886e-01
       116   -4.6495063577e+01    2.1624034392e+03   -6.5670401365e+01    1.9175337788e+01    3.0270140047e+01   -1.0442261462e+02    8.4820732059e+00    2.0480000000e+03    5.6644929573e-03    5.8895596591e-01
       117   -4.6498972876e+01    2.1626769734e+03   -6.5936265865e+01    1.9437292989e+01    3.0430401923e+01   -1.0477369342e+02    8.4070256315e+00    2.0480000000e+03    5.6922293734e-03    5.9216974432e-01
       118   -4.6477639396e+01    2.1607260862e+03   -6.5962384783e+01    1.9484745387e+01    3.0239360705e+01   -1.0431970876e+02    8.1179632765e+00    2.0480000000e+03    5.6813044939e-03    5.9098011364e-01
       119   -4.6487005897e+01    2.1617984809e+03   -6.5785616942e+01    1.9298611045e+01    3.0359317345e+01   -1.0442781262e+02    8.2828783371e+00    2.0480000000e+03    5.6837573647e-03    5.9107776989e-01
       120   -4.6505903357e+01    2.1634468710e+03   -6.5644983141e+01    1.9139079783e+01    3.0348345515e+01   -1.0416238355e+02    8.1690548922e+00    2.0480000000e+03    5.6764774490e-03    5.8961292614e-01
       121   -4.6519177715e+01    2.1646943809e+03   -6.5457066082e+01    1.8937888366e+01    3.0270089178e+01   -1.0398971778e+02    8.2625625174e+00    2.0480000000e+03    5.6704508606e-03    5.9119318182e-01
       122   -4.6493322059e+01    2.1623865551e+03   -6.5910283611e+01    1.9416961552e+01    3.0360599990e+01   -1.0443457116e+02    8.1636875606e+00    2.0480000000e+03    5.8212934528e-03    5.9142400568e-01
       123   -4.6504552815e+01    2.1633379997e+03   -6.5825326596e+01    1.9320773781e+01    3.0204302054e+01   -1.0446849955e+02    8.4388709017e+00    2.0480000000e+03    5.7176176924e-03    5.9028764205e-01
       124   -4.6466524907e+01    2.1597816870e+03   -6.5596303234e+01    1.9129778327e+01    3.0164811048e+01   -1.0374755857e+02    7.9864442872e+00    2.0480000000e+03    5.7159285061e-03    5.9063387784e-01
       125   -4.6479850131e+01    2.1609527845e+03   -6.5865965181e+01    1.9386115050e+01    3.0299650950e+01   -1.0446615809e+02    8.3005419541e+00    2.0480000000e+03    5.7101733983e-03    5.9051846591e-01
       126   -4.6511110730e+01    2.1638880055e+03   -6.5811151622e+01    1.9300040892e+01    3.0341719268e+01   -1.0418902740e+02    8.0361565048e+00    2.0480000000e+03    5.7236542925e-03    5.9405184659e-01
       127   -4.6475711999e+01    2.1605418888e+03   -6.5957885831e+01    1.9482173832e+01    3.0335021613e+01   -1.0422850280e+02    7.9355953531e+00    2.0480000000e+03    5.7037891820e-03    5.9190340909e-01
       128   -4.6513646056e+01    2.1641457507e+03   -6.5543116136e+01    1.9029470080e+01    3.0101963850e+01   -1.0367596177e+02    8.0308817829e+00    2.0480000000e+03    5.6898058392e-03    5.9265802557e-01
       129   -4.6465400774e+01    2.1595768043e+03   -6.5662271256e+01    1.9196870482e+01    3.0158997355e+01   -1.0380695543e+02    7.9856868193e+00    2.0480000000e+03    5.6892489083e-03    5.9287109375e-01
       130   -4.6473426077e+01    2.1603108442e+03   -6.5527293195e+01    1.9053867118e+01    3.0183176347e+01   -1.0378287512e+02    8.0724055778e+00    2.0480000000e+03    5.6723984890e-03    5.9109552557e-01
       131   -4.6483707464e+01    2.1612235392e+03   -6.5892305888e+01    1.9408598424e+01    3.0088130007e+01   -1.0396663202e+02    7.9861961223e+00    2.0480000000e+03    5.6736725383e-03    5.9001242898e-01
       132   -4.6503013932e+01    2.1632090858e+03   -6.5708878885e+01    1.9205864952e+01    3.0174511292e+01   -1.0408448174e+02    8.2010915601e+00    2.0480000000e+03    5.6738348212e-03    5.9246271307e-01
       133   -4.6536102264e+01    2.1661316832e+03   -6.5783146040e+01    1.9247043775e+01    3.0279364146e+01   -1.0417838011e+02    8.1158699289e+00    2.0480000000e+03    5.6862996425e-03    5.9154829545e-01
       134   -4.6506719714e+01    2.1634660676e+03   -6.5848487765e+01    1.9341768051e+01    3.0361783768e+01   -1.0467019515e+02    8.4599236134e+00    2.0480000000e+03    5.6749493815e-03    5.9304865057e-01
       135   -4.6492336578e+01    2.1623224952e+03   -6.5731775500e+01    1.9239438922e+01    3.0370256997e+01   -1.0469998210e+02    8.5979496037e+00    2.0480000000e+03    5.6808050722e-03    5.9026100852e-01
       136   -4.6490987603e+01    2.1619758688e+03   -6.5783440556e+01    1.9292452953e+01    3.0271800701e+01   -1.0450136618e+02    8.4461249260e+00    2.0480000000e+03    5.6742893066e-03    5.9221413352e-01
       137   -4.6507020763e+01    2.1633467659e+03   -6.5635032354e+01    1.9128011591e+01    3.0107577256e+01   -1.0367783052e+02    7.9352209139e+00    2.0480000000e+03    5.6716250256e-03    5.9110440341e-01
       138   -4.6502362378e+01    2.1630745461e+03   -6.5534298554e+01    1.9031936175e+01    3.0190778837e+01   -1.0417464218e+02    8.4495647895e+00    2.0480000000e+03    5.6744427420e-03    5.9319957386e-01
       139   -4.6506854244e+01    2.1633911244e+03   -6.5831852197e+01    1.9324997953e+01    3.0218014032e+01   -1.0399062797e+02    7.9407617436e+00    2.0480000000e+03    5.6653681677e-03    5.8981711648e-01
       140   -4.6486541783e+01    2.1615622770e+03   -6.5805782816e+01    1.9319241034e+01    3.0195774725e+01   -1.0419683972e+02    8.1952821800e+00    2.0480000000e+03    5.6741703302e-03    5.9161931818e-01
       141   -4.6492172010e+01    2.1620262605e+03   -6.5686974190e+01    1.9194802180e+01    3.0150012408e+01   -1.0399857432e+02    8.1615877177e+00    2.0480000000e+03    5.6680138223e-03    5.9038529830e-01
       142   -4.6489910660e+01    2.1619652106e+03   -6.5525336642e+01    1.9035425982e+01    3.0331233335e+01   -1.0463663737e+02    8.7800673911e+00    2.0480000000e+03    5.6792006362e-03    5.9272904830e-01
       143   -4.6467231998e+01    2.1597801054e+03   -6.5834571506e+01    1.9367339508e+01    3.0335919582e+01   -1.0447276896e+02    8.3022778769e+00    2.0480000000e+03    5.6757321581e-03    5.9118430398e-01
       144   -4.6497498601e+01    2.1628234665e+03   -6.5917337439e+01    1.9419838838e+01    3.0140698780e+01   -1.0423739239e+02    8.1793561732e+00    2.0480000000e+03    5.6630726904e-03    5.9057173295e-01
       145   -4.6485262343e+01    2.1614582795e+03   -6.5966490453e+01    1.9481228110e+01    3.0207724818e+01   -1.0451963924e+02    8.3454239719e+00    2.0480000000e+03    5.6749454234e-03    5.9270241477e-01
       146   -4.6541381370e+01    2.1666658799e+03   -6.5921490421e+01    1.9380109052e+01    3.0102443422e+01   -1.0430580156e+02    8.2818677130e+00    2.0480000000e+03    5.6518607307e-03    5.9037642045e-01
       147   -4.6480689601e+01    2.1609816222e+03   -6.5639836601e+01    1.9159147000e+01    3.0165481263e+01   -1.0425069276e+02    8.4453748956e+00    2.0480000000e+03    5.6725584436e-03    5.9099786932e-01
       148   -4.6492616805e+01    2.1621890807e+03   -6.5877064731e+01    1.9384447926e+01    3.0291395106e+01   -1.0458172093e+02    8.4132610923e+00    2.0480000000e+03    5.6664904114e-03    5.8900035511e-01
       149   -4.6516486243e+01    2.1643186719e+03   -6.5739904309e+01    1.9223418066e+01    3.0290100537e+01   -1.0409377662e+02    8.0637717702e+00    2.0480000000e+03    5.6848097593e-03    5.9057173295e-01
       150   -4.6496760336e+01    2.1627546792e+03   -6.5859580838e+01    1.9362820501e+01    3.0427084597e+01   -1.0531684361e+02    9.0301781736e+00    2.0480000000e+03    5.6928200647e-03    5.8987038352e-01
       151   -4.6480434673e+01    2.1610740925e+03   -6.5630306634e+01    1.9149871960e+01    3.0235039888e+01   -1.0431330379e+02    8.4479572712e+00    2.0480000000e+03    5.6832304690e-03    5.9118430398e-01
       152   -4.6471105193e+01    2.1602550521e+03   -6.5655740059e+01    1.9184634867e+01    3.0263787988e+01   -1.0451524318e+02    8.5957151310e+00    2.0480000000e+03    5.6960128713e-03    5.9298650568e-01
       153   -4.6472997400e+01    2.1603644609e+03   -6.5464600320e+01    1.8991602921e+01    3.0227213284e+01   -1.0445049048e+02    8.7586768757e+00    2.0480000000e+03    5.6960168295e-03    5.9128196023e-01
       154   -4.6525718845e+01    2.1651126783e+03   -6.5704970007e+01    1.9179251162e+01    3.0194606780e+01   -1.0413354711e+02    8.2339703194e+00    2.0480000000e+03    5.7127359323e-03    5.9037642045e-01
       155   -4.6481477432e+01    2.1610684808e+03   -6.5604476766e+01    1.9122999335e+01    3.0140121433e+01   -1.0416725528e+02    8.4226570851e+00    2.0480000000e+03    5.6940694340e-03    5.9147727273e-01
       156   -4.6523320751e+01    2.1649741232e+03   -6.5820680458e+01    1.9297359708e+01    3.0230504582e+01   -1.0412780537e+02    8.0766203274e+00    2.0480000000e+03    5.6805706117e-03    5.9183238636e-01
       157   -4.6481450127e+01    2.1613216508e+03   -6.5680731188e+01    1.9199281060e+01    3.0216828345e+01   -1.0393783889e+02    8.0402793533e+00    2.0480000000e+03    5.6947486009e-03    5.9366122159e-01
       158   -4.6507351499e+01    2.1634564631e+03   -6.5750620714e+01    1.9243269215e+01    3.0341202238e+01   -1.0433855043e+02    8.2467274760e+00    2.0480000000e+03    5.7052583434e-03    5.9366122159e-01
       159   -4.6523311797e+01    2.1651354484e+03   -6.5726621531e+01    1.9203309734e+01    3.0299155498e+01   -1.0458001349e+02    8.5542364606e+00    2.0480000000e+03    5.6849094108e-03    5.9095348011e-01
       160   -4.6531031380e+01    2.1659318525e+03   -6.5769806003e+01    1.9238774624e+01    3.0197878719e+01   -1.0362232260e+02    7.6546378738e+00    2.0480000000e+03    5.6872309651e-03    5.9039417614e-01
       161   -4.6476510676e+01    2.1605511397e+03   -6.6052479842e+01    1.9575969166e+01    3.0217882893e+01   -1.0452153623e+02    8.2511734973e+00    2.0480000000e+03    5.6892116554e-03    5.9197443182e-01
       162   -4.6492742939e+01    2.1621277718e+03   -6.5657278523e+01    1.9164535583e+01    3.0060216344e+01   -1.0392521102e+02    8.2077161496e+00    2.0480000000e+03    5.6872628629e-03    5.9133522727e-01
       163   -4.6521932277e+01    2.1649179365e+03   -6.5542611820e+01    1.9020679544e+01    3.0093559237e+01   -1.0379099435e+02    8.1548232883e+00    2.0480000000e+03    5.6916142348e-03    5.9209872159e-01
       164   -4.6486966085e+01    2.1618399997e+03   -6.5488582530e+01    1.9001616445e+01    3.0161122276e+01   -1.0383989976e+02    8.1901949496e+00    2.0480000000e+03    5.6723882444e-03    5.9049183239e-01
       165   -4.6488998761e+01    2.1617852838e+03   -6.5404784873e+01    1.8915786112e+01    3.0221895325e+01   -1.0425090007e+02    8.6242198698e+00    2.0480000000e+03    5.6798865553e-03    5.8952414773e-01
       166   -4.6511938405e+01    2.1639769951e+03   -6.5847581403e+01    1.9335642998e+01    3.0134778860e+01   -1.0423901964e+02    8.2566593730e+00    2.0480000000e+03    5.6697989348e-03    5.9074041193e-01
       167   -4.6460506507e+01    2.1591538072e+03   -6.5722092479e+01    1.9261585972e+01    3.0232192790e+01   -1.0403557070e+02    8.0812854299e+00    2.0480000000e+03    5.6787589565e-03    5.9139737216e-01
       168   -4.6486444804e+01    2.1615241973e+03   -6.5578928392e+01    1.9092483588e+01    3.0153792404e+01   -1.0383093176e+02    8.0982109607e+00    2.0480000000e+03    5.6740208529e-03    5.8920454545e-01
       169   -4.6489474566e+01    2.1618629105e+03   -6.5925559595e+01    1.9436085029e+01    3.0293887639e+01   -1.0424013037e+02    8.0206831384e+00    2.0480000000e+03    5.6718061678e-03    5.9169921875e-01
       170   -4.6478086625e+01    2.1607480855e+03   -6.5455633320e+01    1.8977546695e+01    3.0240568698e+01   -1.0419253410e+02    8.4963320779e+00    2.0480000000e+03    5.6792686228e-03    5.9329723011e-01
       171   -4.6477657161e+01    2.1606615665e+03   -6.5716450816e+01    1.9238793655e+01    3.0135053317e+01   -1.0393999676e+02    8.0884926263e+00    2.0480000000e+03    5.6691344362e-03    5.8955965909e-01
       172   -4.6510783905e+01    2.1637884259e+03   -6.5693392114e+01    1.9182608209e+01    3.0292056635e+01   -1.0418613407e+02    8.2006853215e+00    2.0480000000e+03    5.6780483574e-03    5.9123757102e-01
       173   -4.6517418943e+01    2.1645072125e+03   -6.5888690522e+01    1.9371271579e+01    3.0398964562e+01   -1.0443421775e+02    8.1465626687e+00    2.0480000000e+03    5.6826409418e-03    5.9033203125e-01
       174   -4.6488518711e+01    2.1616991570e+03   -6.5556968485e+01    1.9068449774e+01    3.0322088996e+01   -1.0415303082e+02    8.2739733407e+00    2.0480000000e+03    5.6777407881e-03    5.9109552557e-01
       175   -4.6493001977e+01    2.1622671694e+03   -6.5638925129e+01    1.9145923152e+01    3.0219729248e+01   -1.0395480143e+02    8.0961470528e+00    2.0480000000e+03    5.6908396073e-03    5.9268465909e-01
       176   -4.6479308655e+01    2.1608760775e+03   -6.5775165154e+01    1.9295856499e+01    3.0290782607e+01   -1.0447794092e+02    8.4119931584e+00    2.0480000000e+03    5.6931122672e-03    5.9447798295e-01
       177   -4.6497813806e+01    2.1624970992e+03   -6.5878672102e+01    1.9380858296e+01    3.0306782621e+01   -1.0440592385e+02    8.2204691274e+00    2.0480000000e+03    5.6780914310e-03    5.9116654830e-01
       178   -4.6483667268e+01    2.1612849313e+03   -6.5444121352e+01    1.8960454084e+01    3.0193190209e+01   -1.0360334271e+02    7.9660311456e+00    2.0480000000e+03    5.6730171200e-03    5.9133522727e-01
       179   -4.6502465185e+01    2.1631334239e+03   -6.5705084260e+01    1.9202619075e+01    3.0302334749e+01   -1.0428714414e+02    8.2797251336e+00    2.0480000000e+03    5.6875676382e-03    5.9042080966e-01
       180   -4.6465295023e+01    2.1596437234e+03   -6.5709156457e+01    1.9243861434e+01    3.0267626510e+01   -1.0407621935e+02    8.0994363843e+00    2.0480000000e+03    5.6769952644e-03    5.9169034091e-01
       181   -4.6497060025e+01    2.1625185347e+03   -6.5731202296e+01    1.9234142271e+01    3.0098836454e+01   -1.0366848412e+02    7.8384453734e+00    2.0480000000e+03    5.6691165082e-03    5.9313742898e-01
       182   -4.6497505603e+01    2.1625248740e+03   -6.5544345072e+01    1.9046839470e+01    3.0094043486e+01   -1.0376188313e+02    8.1234945735e+00    2.0480000000e+03    5.6752974633e-03    5.9152166193e-01
       183   -4.6460990244e+01    2.1596565264e+03   -6.5275403043e+01    1.8814412799e+01    3.0074718581e+01   -1.0389894191e+02    8.5488202886e+00    2.0480000000e+03    5.6828265078e-03    5.9393643466e-01
       184   -4.6498538682e+01    2.1626723226e+03   -6.5780674832e+01    1.9282136149e+01    3.0259605483e+01   -1.0420751138e+02    8.1672310690e+00    2.0480000000e+03    5.6740879081e-03    5.9239169034e-01
       185   -4.6521379450e+01    2.1647574866e+03   -6.5716863653e+01    1.9195484203e+01    3.0153252760e+01   -1.0415307373e+02    8.2829573175e+00    2.0480000000e+03    5.6629143655e-03    5.9092684659e-01
       186   -4.6515556347e+01    2.1645984099e+03   -6.5893148548e+01    1.9377592201e+01    3.0082759039e+01   -1.0357348495e+02    7.5975773658e+00    2.0480000000e+03    5.6643560529e-03    5.9036754261e-01
       187   -4.6483341767e+01    2.1613693316e+03   -6.5658220544e+01    1.9174878777e+01    3.0201544013e+01   -1.0428939271e+02    8.4296281562e+00    2.0480000000e+03    5.6615653448e-03    5.9133522727e-01
       188   -4.6487224479e+01    2.1616911751e+03   -6.5661422329e+01    1.9174197850e+01    3.0182508246e+01   -1.0413757667e+02    8.2936460991e+00    2.0480000000e+03    5.6753659155e-03    5.9352805398e-01
       189   -4.6489045030e+01    2.1617207584e+03   -6.5894576989e+01    1.9405531959e+01    3.0084069645e+01   -1.0397429900e+02    7.9956523680e+00    2.0480000000e+03    5.6600740645e-03    5.8978160511e-01
       190   -4.6497625955e+01    2.1625448995e+03   -6.5733935964e+01    1.9236310009e+01    3.0266677743e+01   -1.0438733386e+02    8.3867201487e+00    2.0480000000e+03    5.6613467168e-03    5.9045632102e-01
       191   -4.6500418421e+01    2.1629136438e+03   -6.6066185608e+01    1.9565767187e+01    3.0200479718e+01   -1.0421346093e+02    7.9467956057e+00    2.0480000000e+03    5.6653572246e-03    5.9263139205e-01
       192   -4.6485996774e+01    2.1615297656e+03   -6.5730919150e+01    1.9244922376e+01    3.0127628860e+01   -1.0429538909e+02    8.4368410825e+00    2.0480000000e+03    5.6605199352e-03    5.9232954545e-01
       193   -4.6511985228e+01    2.1638781467e+03   -6.5910983997e+01    1.9398998769e+01    3.0139283196e+01   -1.0390531448e+02    7.8550472875e+00    2.0480000000e+03    5.6649241596e-03    5.8979936080e-01
       194   -4.6484640910e+01    2.1613607744e+03   -6.5740827965e+01    1.9256187055e+01    3.0018082076e+01   -1.0366693977e+02    7.9080297294e+00    2.0480000000e+03    5.6637525558e-03    5.9159268466e-01
       195   -4.6510685862e+01    2.1636763984e+03   -6.5712343173e+01    1.9201657312e+01    3.0087039138e+01   -1.0351759072e+02    7.7182084118e+00    2.0480000000e+03    5.6718057021e-03    5.9076704545e-01
       196   -4.6482351523e+01    2.1613074604e+03   -6.5608305814e+01    1.9125954291e+01    3.0155185383e+01   -1.0367114082e+02    7.9076496181e+00    2.0480000000e+03    5.6778709404e-03    5.9255149148e-01
       197   -4.6471819549e+01    2.1601811144e+03   -6.5924409912e+01    1.9452590363e+01    3.0207088580e+01   -1.0408291125e+02    7.9514127630e+00    2.0480000000e+03    5.6701670401e-03    5.9209872159e-01
       198   -4.6479436950e+01    2.1609122120e+03   -6.5655026290e+01    1.9175589340e+01    3.0101645524e+01   -1.0364794369e+02    7.8912718714e+00    2.0480000000e+03    5.6708508637e-03    5.9419389205e-01
       199   -4.6488834519e+01    2.1618009174e+03   -6.5668884943e+01    1.9180050424e+01    3.0206676303e+01   -1.0375453149e+02    7.8789702455e+00    2.0480000000e+03    5.6750965305e-03    5.9201882102e-01
       200   -4.6517622233e+01    2.1644972126e+03   -6.5777551212e+01    1.9259928980e+01    3.0202630677e+01   -1.0385971044e+02    7.8795285538e+00    2.0480000000e+03    5.6772995740e-03    5.9208984375e-01
       201   -4.6508647658e+01    2.1638647729e+03   -6.5757147572e+01    1.9248499914e+01    3.0163342968e+01   -1.0410238666e+02    8.1818961198e+00    2.0480000000e+03    5.6828921661e-03    5.9200994318e-01
       202   -4.6466003770e+01    2.1597815429e+03   -6.5488147734e+01    1.9022143963e+01    3.0220002163e+01   -1.0439264261e+02    8.6844927148e+00    2.0480000000e+03    5.6773456745e-03    5.9088245739e-01
       203   -4.6461496546e+01    2.1592280782e+03   -6.5517702596e+01    1.9056206050e+01    3.0194373965e+01   -1.0410654471e+02    8.3944681447e+00    2.0480000000e+03    5.6648212485e-03    5.8970170455e-01
       204   -4.6482909543e+01    2.1613151885e+03   -6.5494790192e+01    1.9011880649e+01    3.0165674383e+01   -1.0403926540e+02    8.3788008262e+00    2.0480000000e+03    5.6697821710e-03    5.9200994318e-01
       205   -4.6494684051e+01    2.1622968197e+03   -6.5873030397e+01    1.9378346345e+01    3.0210507984e+01   -1.0428176919e+02    8.1982308077e+00    2.0480000000e+03    5.6785393972e-03    5.9208984375e-01
       206   -4.6504509522e+01    2.1631589821e+03   -6.6009918686e+01    1.9505409164e+01    3.0198728045e+01   -1.0438121144e+02    8.1725647140e+00    2.0480000000e+03    5.6664803997e-03    5.9055397727e-01
       207   -4.6515771591e+01    2.1643482313e+03   -6.5598390063e+01    1.9082618473e+01    3.0233927007e+01   -1.0417469567e+02    8.3423786011e+00    2.0480000000e+03    5.6563494727e-03    5.9118430398e-01
       208   -4.6483678943e+01    2.1615198686e+03   -6.5713220163e+01    1.9229541220e+01    3.0061847687e+01   -1.0443392518e+02    8.6588573296e+00    2.0480000000e+03    5.6572398171e-03    5.9218750000e-01
       209   -4.6491136400e+01    2.1619653753e+03   -6.5699013238e+01    1.9207876838e+01    3.0241944100e+01   -1.0459000588e+02    8.6490485424e+00    2.0480000000e+03    5.6751102675e-03    5.8911576705e-01
       210   -4.6531996662e+01    2.1657585098e+03   -6.6004222395e+01    1.9472225732e+01    3.0060896182e+01   -1.0378521758e+02    7.7200990047e+00    2.0480000000e+03    5.6788679212e-03    5.8880504261e-01
       211   -4.6469047503e+01    2.1599207307e+03   -6.5492441513e+01    1.9023394010e+01    3.0030150092e+01   -1.0384017355e+02    8.3175819413e+00    2.0480000000e+03    5.6725419126e-03    5.9352805398e-01
       212   -4.6508851819e+01    2.1636841135e+03   -6.5718582857e+01    1.9209731038e+01    3.0156491474e+01   -1.0393848423e+02    8.0634098944e+00    2.0480000000e+03    5.6873180438e-03    5.9481534091e-01
       213   -4.6512902159e+01    2.1640916315e+03   -6.5644106133e+01    1.9131203974e+01    3.0229214459e+01   -1.0386274540e+02    7.9894248098e+00    2.0480000000e+03    5.6705737952e-03    5.9129083807e-01
       214   -4.6472535337e+01    2.1602645040e+03   -6.5947950936e+01    1.9475415599e+01    3.0275944586e+01   -1.0474770542e+02    8.5238098943e+00    2.0480000000e+03    5.6784427725e-03    5.9149502841e-01
       215   -4.6487743700e+01    2.1615622428e+03   -6.5940015621e+01    1.9452271921e+01    3.0291775627e+01   -1.0390299669e+02    7.6712054381e+00    2.0480000000e+03    5.6773191318e-03    5.9169034091e-01
       216   -4.6476999279e+01    2.1606248333e+03   -6.6071568396e+01    1.9594569118e+01    3.0305670325e+01   -1.0451501782e+02    8.1377791011e+00    2.0480000000e+03    5.6816251017e-03    5.9151278409e-01
       217   -4.6489343956e+01    2.1619092284e+03   -6.6078553997e+01    1.9589210041e+01    3.0299279227e+01   -1.0477259748e+02    8.3947642547e+00    2.0480000000e+03    5.6975639891e-03    5.9186789773e-01
       218   -4.6465970564e+01    2.1596582525e+03   -6.5883755087e+01    1.9417784523e+01    3.0214279356e+01   -1.0420615429e+02    8.1081198499e+00    2.0480000000e+03    5.6932866573e-03    5.9132634943e-01
       219   -4.6487804700e+01    2.1616926536e+03   -6.5726114462e+01    1.9238309762e+01    3.0180110967e+01   -1.0415817941e+02    8.2519539822e+00    2.0480000000e+03    5.6962512899e-03    5.9279119318e-01
       220   -4.6483971381e+01    2.1611959145e+03   -6.6248237502e+01    1.9764266120e+01    3.0296167457e+01   -1.0428736856e+02    7.7429635964e+00    2.0480000000e+03    5.6872041896e-03    5.9085582386e-01
       221   -4.6462691539e+01    2.1593825622e+03   -6.5872111945e+01    1.9409420406e+01    3.0161030806e+01   -1.0410953660e+02    8.0763938481e+00    2.0480000000e+03    5.6735312100e-03    5.8837890625e-01
       222   -4.6484713510e+01    2.1613934646e+03   -6.5611166579e+01    1.9126453069e+01    3.0158703551e+01   -1.0398286441e+02    8.2129942849e+00    2.0480000000e+03    5.6706075557e-03    5.9124644886e-01
       223   -4.6491206236e+01    2.1620029977e+03   -6.5721478586e+01    1.9230272350e+01    3.0134110152e+01   -1.0403970581e+02    8.1841170679e+00    2.0480000000e+03    5.6733391248e-03    5.9324396307e-01
       224   -4.6500942735e+01    2.1628682969e+03   -6.5620858062e+01    1.9119915327e+01    3.0200762857e+01   -1.0435784203e+02    8.5362211149e+00    2.0480000000e+03    5.6708054617e-03    5.9140625000e-01
       225   -4.6507147701e+01    2.1634579056e+03   -6.5865002743e+01    1.9357855042e+01    3.0178822569e+01   -1.0413516475e+02    8.0913394363e+00    2.0480000000e+03    5.6670345366e-03    5.9264026989e-01
       226   -4.6454833920e+01    2.1586789025e+03   -6.5702032552e+01    1.9247198632e+01    3.0241032092e+01   -1.0420573671e+02    8.2626720639e+00    2.0480000000e+03    5.6768266950e-03    5.9316406250e-01
       227   -4.6484960944e+01    2.1614046224e+03   -6.5738160760e+01    1.9253199815e+01    3.0119363909e+01   -1.0380329519e+02    7.9457705212e+00    2.0480000000e+03    5.6579611264e-03    5.9069602273e-01
       228   -4.6497296502e+01    2.1625514487e+03   -6.5366323918e+01    1.8869027416e+01    3.0082036098e+01   -1.0365424590e+02    8.2058858822e+00    2.0480000000e+03    5.6629895698e-03    5.9277343750e-01
       229   -4.6482969238e+01    2.1612482538e+03   -6.5396416542e+01    1.8913447304e+01    3.0081847310e+01   -1.0353564127e+02    8.0573774208e+00    2.0480000000e+03    5.6771400850e-03    5.9395419034e-01
       230   -4.6501740976e+01    2.1629320946e+03   -6.5635208561e+01    1.9133467585e+01    3.0105081768e+01   -1.0369772566e+02    7.9574353271e+00    2.0480000000e+03    5.6591667235e-03    5.8955078125e-01
       231   -4.6502823202e+01    2.1630186772e+03   -6.6018784115e+01    1.9515960913e+01    3.0401102816e+01   -1.0474127666e+02    8.3213897340e+00    2.0480000000e+03    5.6771999225e-03    5.9000355114e-01
       232   -4.6460714062e+01    2.1591441639e+03   -6.6176033744e+01    1.9715319681e+01    3.0219125859e+01   -1.0430037039e+02    7.9052107897e+00    2.0480000000e+03    5.6748427451e-03    5.9224964489e-01
       233   -4.6508086248e+01    2.1636699036e+03   -6.6153004965e+01    1.9644918717e+01    3.0308731357e+01   -1.0492802585e+02    8.4662895304e+00    2.0480000000e+03    5.6677411776e-03    5.9137961648e-01
       234   -4.6475681098e+01    2.1605865564e+03   -6.5649951460e+01    1.9174270361e+01    3.0086595125e+01   -1.0404827591e+02    8.3117293222e+00    2.0480000000e+03    5.6649127509e-03    5.9231178977e-01
       235   -4.6486218182e+01    2.1615045952e+03   -6.5491965070e+01    1.9005746889e+01    3.0070896148e+01   -1.0425819597e+02    8.6953347472e+00    2.0480000000e+03    5.6622205302e-03    5.9083806818e-01
       236   -4.6508588636e+01    2.1637455242e+03   -6.5584514857e+01    1.9075926221e+01    3.0121799022e+01   -1.0369162509e+02    7.9853112074e+00    2.0480000000e+03    5.6777144782e-03    5.9161044034e-01
       237   -4.6523626758e+01    2.1658560487e+03   -6.6044775729e+01    1.9521148970e+01    3.0362637281e+01   -1.0487981098e+02    8.4723979713e+00    2.0480000000e+03    5.6730620563e-03    5.9008345170e-01
       238   -4.6484972206e+01    2.1614524950e+03   -6.5781804758e+01    1.9296832552e+01    3.0504166866e+01   -1.0455290302e+02    8.2669313950e+00    2.0480000000e+03    5.6954815518e-03    5.9156605114e-01
       239   -4.6503567536e+01    2.1631847628e+03   -6.5530571414e+01    1.9027003879e+01    3.0331931616e+01   -1.0426631329e+02    8.4038102628e+00    2.0480000000e+03    5.6810840033e-03    5.9041193182e-01
       240   -4.6492084648e+01    2.1620618920e+03   -6.5652609228e+01    1.9160524580e+01    3.0133827519e+01   -1.0340081368e+02    7.6143769360e+00    2.0480000000e+03    5.6940435898e-03    5.9253373580e-01
       241   -4.6514762237e+01    2.1643390907e+03   -6.5684115318e+01    1.9169353081e+01    3.0130396722e+01   -1.0401654519e+02    8.2020331517e+00    2.0480000000e+03    5.7007342111e-03    5.9242720170e-01
       242   -4.6528249754e+01    2.1653962944e+03   -6.5665215536e+01    1.9136965782e+01    3.0049045952e+01   -1.0406276875e+02    8.3485072573e+00    2.0480000000e+03    5.6635097135e-03    5.9090021307e-01
       243   -4.6508798250e+01    2.1638347327e+03   -6.6053958013e+01    1.9545159763e+01    3.0318271428e+01   -1.0468805059e+02    8.3158211471e+00    2.0480000000e+03    5.6789035443e-03    5.9115767045e-01
       244   -4.6498114688e+01    2.1627118138e+03   -6.5617598736e+01    1.9119484048e+01    3.0138407368e+01   -1.0408231387e+02    8.3263077673e+00    2.0480000000e+03    5.6636955123e-03    5.8920454545e-01
       245   -4.6491311468e+01    2.1619987658e+03   -6.5749230662e+01    1.9257919194e+01    3.0224215699e+01   -1.0404565204e+02    8.0722056790e+00    2.0480000000e+03    5.6719910353e-03    5.9107776989e-01
       246   -4.6506735711e+01    2.1634473985e+03   -6.5742478630e+01    1.9235742918e+01    3.0250978348e+01   -1.0453242903e+02    8.5389720526e+00    2.0480000000e+03    5.6800181046e-03    5.9124644886e-01
       247   -4.6505299451e+01    2.1632406829e+03   -6.5733461369e+01    1.9228161918e+01    3.0190076694e+01   -1.0386740280e+02    7.9438647341e+00    2.0480000000e+03    5.6764648762e-03    5.9208096591e-01
       248   -4.6467053446e+01    2.1597806917e+03   -6.5498704034e+01    1.9031650588e+01    3.0108541525e+01   -1.0365167730e+02    8.0444317375e+00    2.0480000000e+03    5.6802579202e-03    5.8963955966e-01
       249   -4.6503389275e+01    2.1632307956e+03   -6.5645701975e+01    1.9142312700e+01    3.0217994548e+01   -1.0421979912e+02    8.3561025971e+00    2.0480000000e+03    5.6760478765e-03    5.9102450284e-01
       250   -4.6460541637e+01    2.1592588627e+03   -6.5852949501e+01    1.9392407865e+01    3.0223861342e+01   -1.0398095013e+02    7.9041392853e+00    2.0480000000e+03    5.6875569280e-03    5.9257812500e-01
       251   -4.6493008058e+01    2.1621316051e+03   -6.5715556349e+01    1.9222548291e+01    3.0141242087e+01   -1.0369788529e+02    7.8410868588e+00    2.0480000000e+03    5.6790674571e-03    5.9220525568e-01
       252   -4.6508521021e+01    2.1635789478e+03   -6.5598178435e+01    1.9089657414e+01    3.0187501983e+01   -1.0409242411e+02    8.3067436919e+00    2.0480000000e+03    5.6746986229e-03    5.9302201705e-01
       253   -4.6511973995e+01    2.1641981281e+03   -6.5688306233e+01    1.9176332238e+01    3.0307611537e+01   -1.0462793174e+02    8.6320139728e+00    2.0480000000e+03    5.6722236332e-03    5.9240056818e-01
       254   -4.6495340901e+01    2.1624480031e+03   -6.5622781269e+01    1.9127440368e+01    3.0297555865e+01   -1.0440067438e+02    8.4803372419e+00    2.0480000000e+03    5.6657420937e-03    5.9185901989e-01
       255   -4.6517198691e+01    2.1645123805e+03   -6.5913402430e+01    1.9396203739e+01    3.0390688873e+01   -1.0472294119e+02    8.4188498853e+00    2.0480000000e+03    5.6751824450e-03    5.8980823864e-01
       256   -4.6474120506e+01    2.1603999684e+03   -6.5924053819e+01    1.9449933312e+01    3.0407863382e+01   -1.0429374698e+02    7.9618297784e+00    2.0480000000e+03    5.6975770276e-03    5.9323508523e-01
       257   -4.6483932989e+01    2.1613623497e+03   -6.6020609971e+01    1.9536676982e+01    3.0433288124e+01   -1.0450532175e+02    8.0514236552e+00    2.0480000000e+03    5.6830230169e-03    5.9051846591e-01
       258   -4.6479427774e+01    2.1609998520e+03   -6.5724420881e+01    1.9244993106e+01    3.0361297514e+01   -1.0473146744e+02    8.6457490502e+00    2.0480000000e+03    5.6776786223e-03    5.9032315341e-01
       259   -4.6506896972e+01    2.1634312470e+03   -6.5784139943e+01    1.9277242971e+01    3.0426263645e+01   -1.0428234068e+02    8.0719370938e+00    2.0480000000e+03    5.6791887619e-03    5.9170809659e-01
       260   -4.6481305890e+01    2.1610859524e+03   -6.5824825116e+01    1.9343519226e+01    3.0317656019e+01   -1.0435010657e+02    8.2076254306e+00    2.0480000000e+03    5.6766266935e-03    5.9443359375e-01
       261   -4.6524004273e+01    2.1651188166e+03   -6.5657493615e+01    1.9133489342e+01    3.0319816271e+01   -1.0438867121e+02    8.4113613193e+00    2.0480000000e+03    5.6705710012e-03    5.9312855114e-01
       262   -4.6513087934e+01    2.1640439828e+03   -6.5617356065e+01    1.9104268131e+01    3.0340660406e+01   -1.0428190656e+02    8.3238900906e+00    2.0480000000e+03    5.6851219852e-03    5.9348366477e-01
       263   -4.6502696668e+01    2.1630622428e+03   -6.5668504805e+01    1.9165808137e+01    3.0221350453e+01   -1.0424292434e+02    8.3530690861e+00    2.0480000000e+03    5.6868898682e-03    5.9434481534e-01
       264   -4.6474924569e+01    2.1605285925e+03   -6.5882589719e+01    1.9407665151e+01    3.0319661095e+01   -1.0418426434e+02    7.9820135216e+00    2.0480000000e+03    5.6775130797e-03    5.9049183239e-01
       265   -4.6492246168e+01    2.1619953993e+03   -6.5483653913e+01    1.8991407746e+01    3.0054859001e+01   -1.0336871102e+02    7.8301981040e+00    2.0480000000e+03    5.6647255551e-03    5.9234730114e-01
       266   -4.6495084501e+01    2.1624218336e+03   -6.5943346973e+01    1.9448262472e+01    3.0310451727e+01   -1.0444491466e+02    8.1911159568e+00    2.0480000000e+03    5.6836674921e-03    5.9228515625e-01
       267   -4.6508033848e+01    2.1636105679e+03   -6.5648653555e+01    1.9140619707e+01    3.0126955476e+01   -1.0405903473e+02    8.2834256938e+00    2.0480000000e+03    5.6738054845e-03    5.8984375000e-01
       268   -4.6496601049e+01    2.1625113024e+03   -6.5755168147e+01    1.9258567098e+01    3.0252559113e+01   -1.0418762177e+02    8.1798945113e+00    2.0480000000e+03    5.6717721745e-03    5.9139737216e-01
       269   -4.6478728873e+01    2.1608578885e+03   -6.5601059208e+01    1.9122330336e+01    3.0243003654e+01   -1.0381879975e+02    7.9747368849e+00    2.0480000000e+03    5.6693588849e-03    5.8975497159e-01
       270   -4.6479716063e+01    2.1610179515e+03   -6.5442924496e+01    1.8963208433e+01    3.0329256474e+01   -1.0468281589e+02    8.9106349203e+00    2.0480000000e+03    5.6564451661e-03    5.9185014205e-01
       271   -4.6506078869e+01    2.1634896027e+03   -6.5734932940e+01    1.9228854071e+01    3.0322238610e+01   -1.0463968227e+02    8.5825107154e+00    2.0480000000e+03    5.6662536226e-03    5.8965731534e-01
       272   -4.6483761274e+01    2.1620280496e+03   -6.5818240319e+01    1.9334479045e+01    3.0085100109e+01   -1.0378205686e+02    7.8787164337e+00    2.0480000000e+03    5.6637313683e-03    5.9047407670e-01
       273   -4.6498480324e+01    2.1627654664e+03   -6.5922327013e+01    1.9423846689e+01    3.0249047548e+01   -1.0429792720e+02    8.1265526362e+00    2.0480000000e+03    5.6750590447e-03    5.9146839489e-01
       274   -4.6512047147e+01    2.1643493439e+03   -6.5861958948e+01    1.9349911801e+01    3.0154083830e+01   -1.0406481857e+02    8.0487757870e+00    2.0480000000e+03    5.6686033495e-03    5.9241832386e-01
       275   -4.6484285511e+01    2.1613399561e+03   -6.5708293080e+01    1.9224007569e+01    3.0133225939e+01   -1.0357635771e+02    7.7348386955e+00    2.0480000000e+03    5.6644775905e-03    5.9128196023e-01
       276   -4.6460901604e+01    2.1591849238e+03   -6.5946470857e+01    1.9485569252e+01    3.0299617567e+01   -1.0432377849e+02    8.0776900615e+00    2.0480000000e+03    5.6717731059e-03    5.9191228693e-01
       277   -4.6481862240e+01    2.1611741099e+03   -6.5794463218e+01    1.9312600978e+01    3.0301642352e+01   -1.0466355816e+02    8.5674525908e+00    2.0480000000e+03    5.6694392115e-03    5.9164595170e-01
       278   -4.6497608598e+01    2.1627881430e+03   -6.5593405634e+01    1.9095797036e+01    3.0186785982e+01   -1.0402990086e+02    8.2497092464e+00    2.0480000000e+03    5.6774159893e-03    5.9311967330e-01
       279   -4.6481220484e+01    2.1611278397e+03   -6.5932204798e+01    1.9450984314e+01    3.0321582358e+01   -1.0469215376e+02    8.4383665997e+00    2.0480000000e+03    5.6565443520e-03    5.8902698864e-01
       280   -4.6473554703e+01    2.1604338540e+03   -6.5739792101e+01    1.9266237398e+01    3.0201933839e+01   -1.0405473242e+02    8.1130064826e+00    2.0480000000e+03    5.6697621476e-03    5.9288884943e-01
       281   -4.6482377629e+01    2.1611665418e+03   -6.5836325055e+01    1.9353947426e+01    3.0188333768e+01   -1.0382362014e+02    7.7989613151e+00    2.0480000000e+03    5.6675605010e-03    5.9252485795e-01
       282   -4.6492597634e+01    2.1620924844e+03   -6.6027827231e+01    1.9535229598e+01    3.0303977146e+01   -1.0412193156e+02    7.7901271871e+00    2.0480000000e+03    5.6908284314e-03    5.9343927557e-01
       283   -4.6485050702e+01    2.1614510904e+03   -6.5462814817e+01    1.8977764115e+01    3.0110351602e+01   -1.0409842057e+02    8.5252541515e+00    2.0480000000e+03    5.6632785127e-03    5.9137073864e-01
       284   -4.6480083895e+01    2.1610195418e+03   -6.5751634031e+01    1.9271550136e+01    3.0106828955e+01   -1.0371079498e+02    7.8523319924e+00    2.0480000000e+03    5.6685307063e-03    5.9030539773e-01
       285   -4.6491848844e+01    2.1620051756e+03   -6.5644311662e+01    1.9152462818e+01    3.0171085070e+01   -1.0402510278e+02    8.2097060479e+00    2.0480000000e+03    5.6790313683e-03    5.9259588068e-01
       286   -4.6485082052e+01    2.1614872381e+03   -6.5933191808e+01    1.9448109755e+01    3.0260157600e+01   -1.0437059098e+02    8.1772415726e+00    2.0480000000e+03    5.6692056824e-03    5.9098899148e-01
       287   -4.6476648881e+01    2.1605958800e+03   -6.5881136043e+01    1.9404487163e+01    3.0345282894e+01   -1.0452193617e+02    8.2955172327e+00    2.0480000000e+03    5.6599455420e-03    5.8947088068e-01
       288   -4.6524602684e+01    2.1652486018e+03   -6.6060722955e+01    1.9536120271e+01    3.0371895239e+01   -1.0459811627e+02    8.1654980799e+00    2.0480000000e+03    5.6716403924e-03    5.9034978693e-01
       289   -4.6521688415e+01    2.1649794953e+03   -6.5802679446e+01    1.9280991031e+01    3.0492193675e+01   -1.0500689848e+02    8.7120253546e+00    2.0480000000e+03    5.6954664178e-03    5.9423828125e-01
       290   -4.6477681327e+01    2.1615472339e+03   -6.5809848837e+01    1.9332167510e+01    3.0323229392e+01   -1.0494249410e+02    8.8094158734e+00    2.0480000000e+03    5.6684589945e-03    5.9137073864e-01
       291   -4.6474499597e+01    2.1605134932e+03   -6.5664319229e+01    1.9189819632e+01    3.0200212623e+01   -1.0387968229e+02    8.0151504408e+00    2.0480000000e+03    5.6762327440e-03    5.9367009943e-01
       292   -4.6492486347e+01    2.1621745981e+03   -6.5551574959e+01    1.9059088612e+01    3.0059246941e+01   -1.0317066491e+02    7.5598430072e+00    2.0480000000e+03    5.6590952445e-03    5.9082919034e-01
       293   -4.6488638040e+01    2.1618378264e+03   -6.5479959628e+01    1.8991321588e+01    3.0081485355e+01   -1.0407276873e+02    8.5113237442e+00    2.0480000000e+03    5.6591001339e-03    5.9046519886e-01
       294   -4.6484591756e+01    2.1613821398e+03   -6.5861967144e+01    1.9377375388e+01    3.0143690973e+01   -1.0370040492e+02    7.6947468008e+00    2.0480000000e+03    5.6642154232e-03    5.9042080966e-01
       295   -4.6506461869e+01    2.1633491456e+03   -6.5726776190e+01    1.9220314321e+01    3.0208489950e+01   -1.0391955519e+02    7.9842890552e+00    2.0480000000e+03    5.6685640011e-03    5.9191228693e-01
       296   -4.6514071559e+01    2.1641391937e+03   -6.5667015758e+01    1.9152944199e+01    3.0191956637e+01   -1.0412372922e+02    8.2647568220e+00    2.0480000000e+03    5.6551340967e-03    5.8905362216e-01
       297   -4.6496317594e+01    2.1631064434e+03   -6.5768224820e+01    1.9271907226e+01    3.0249246185e+01   -1.0415050790e+02    8.1330368960e+00    2.0480000000e+03    5.6727111805e-03    5.8936434659e-01
       298   -4.6464059743e+01    2.1594111716e+03   -6.5744245315e+01    1.9280185572e+01    3.0310963423e+01   -1.0423068251e+02    8.1754737722e+00    2.0480000000e+03    5.6835424621e-03    5.9493075284e-01
       299   -4.6504441693e+01    2.1631884486e+03   -6.5905998583e+01    1.9401556890e+01    3.0293200533e+01   -1.0427358318e+02    8.0743840654e+00    2.0480000000e+03    5.6644789875e-03    5.8974609375e-01
