#   index    LocalEnergy         LocalEnergy_sq      LocalPotential      Kinetic             ElecElec            LocalECP            NonLocalECP         BlockWeight         BlockCPU            AcceptRatio         
         0   -2.2628202812e+02    5.1207026323e+04   -3.7779580737e+02    1.5151377925e+02    1.8017168521e+02   -5.8158194324e+02    2.3614450655e+01    1.6383790000e+06    6.7894196850e+00    9.9271978833e-01
         1   -2.2627488956e+02    5.1203830977e+04   -3.7768599507e+02    1.5141110551e+02    1.7986665624e+02   -5.8116443848e+02    2.3611787176e+01    1.6249140000e+06    7.6695859071e+00    9.9273982439e-01
         2   -2.2628064307e+02    5.1206465822e+04   -3.7778038372e+02    1.5149974065e+02    1.8009272979e+02   -5.8160393445e+02    2.3730820944e+01    1.6351030000e+06    7.9603791342e+00    9.9274008311e-01
         3   -2.2627497166e+02    5.1203864874e+04   -3.7760024463e+02    1.5132527297e+02    1.8001107082e+02   -5.8133275850e+02    2.3721443059e+01    1.6392970000e+06    7.9350966294e+00    9.9273220858e-01
         4   -2.2628172970e+02    5.1206883560e+04   -3.7716191715e+02    1.5088018746e+02    1.7956997258e+02   -5.8021081998e+02    2.3478930251e+01    1.6295250000e+06    7.6180738364e+00    9.9275034897e-01
         5   -2.2628159071e+02    5.1206932970e+04   -3.7728499276e+02    1.5100340205e+02    1.7972941768e+02   -5.8066327461e+02    2.3648864168e+01    1.6596600000e+06    7.7964927794e+00    9.9276707983e-01
         6   -2.2627418398e+02    5.1203489942e+04   -3.7727611818e+02    1.5100193420e+02    1.7985237782e+02   -5.8082774438e+02    2.3699248381e+01    1.6407530000e+06    7.7140894441e+00    9.9274820833e-01
         7   -2.2628198638e+02    5.1207160933e+04   -3.7731132099e+02    1.5102933461e+02    1.7970139955e+02   -5.8069767678e+02    2.3684956244e+01    1.6467210000e+06    7.7182606200e+00    9.9275325902e-01
         8   -2.2627101338e+02    5.1202113644e+04   -3.7717160527e+02    1.5090059189e+02    1.7972715587e+02   -5.8056356047e+02    2.3664799334e+01    1.6709300000e+06    7.8361715754e+00    9.9273496003e-01
         9   -2.2628544623e+02    5.1208687075e+04   -3.7749428306e+02    1.5120883683e+02    1.8000714437e+02   -5.8109299246e+02    2.3591565030e+01    1.6538220000e+06    7.9742327635e+00    9.9272232394e-01
        10   -2.2627544214e+02    5.1204022307e+04   -3.7737292849e+02    1.5109748634e+02    1.7991128887e+02   -5.8076851569e+02    2.3484298338e+01    1.6379970000e+06    7.9825357394e+00    9.9276547530e-01
        11   -2.2628025340e+02    5.1206223130e+04   -3.7761466193e+02    1.5133440853e+02    1.7977832399e+02   -5.8110493530e+02    2.3711949377e+01    1.6257670000e+06    7.6624454025e+00    9.9273866383e-01
        12   -2.2627321405e+02    5.1203116223e+04   -3.7738845271e+02    1.5111523866e+02    1.7955964331e+02   -5.8069644892e+02    2.3748352905e+01    1.6280650000e+06    7.6733221808e+00    9.9274820084e-01
        13   -2.2627793064e+02    5.1205196090e+04   -3.7798555163e+02    1.5170762099e+02    1.8006479062e+02   -5.8167660346e+02    2.3626261212e+01    1.6347190000e+06    7.7076110623e+00    9.9269078354e-01
        14   -2.2628052535e+02    5.1206414537e+04   -3.7775949227e+02    1.5147896692e+02    1.8006933544e+02   -5.8155413630e+02    2.3725308584e+01    1.6165720000e+06    7.9290214807e+00    9.9273857684e-01
        15   -2.2627552439e+02    5.1204169336e+04   -3.7750019257e+02    1.5122466818e+02    1.7984412549e+02   -5.8097253844e+02    2.3628220378e+01    1.6354820000e+06    7.9767551846e+00    9.9271662268e-01
        16   -2.2627268109e+02    5.1202874739e+04   -3.7757536780e+02    1.5130268672e+02    1.7985414842e+02   -5.8104165017e+02    2.3612133946e+01    1.6410310000e+06    7.5598317855e+00    9.9272830158e-01
        17   -2.2627616765e+02    5.1204409987e+04   -3.7734551906e+02    1.5106935141e+02    1.7962398547e+02   -5.8069999097e+02    2.3730486442e+01    1.6310600000e+06    7.5107431144e+00    9.9275726908e-01
        18   -2.2628083476e+02    5.1206543282e+04   -3.7759656273e+02    1.5131572797e+02    1.7981549408e+02   -5.8111313436e+02    2.3701077554e+01    1.6328230000e+06    7.7342293237e+00    9.9275111510e-01
        19   -2.2627811511e+02    5.1205316622e+04   -3.7778810303e+02    1.5150998792e+02    1.7985272335e+02   -5.8142869305e+02    2.3787866669e+01    1.6233660000e+06    7.8459864899e+00    9.9272283458e-01
        20   -2.2627203655e+02    5.1202498706e+04   -3.7754127559e+02    1.5126923904e+02    1.7970928123e+02   -5.8094377779e+02    2.3693220978e+01    1.6276790000e+06    7.8345383212e+00    9.9274227205e-01
        21   -2.2627928746e+02    5.1205790154e+04   -3.7729047228e+02    1.5101118481e+02    1.7951487694e+02   -5.8047430530e+02    2.3668956084e+01    1.6387510000e+06    7.9393614761e+00    9.9276194202e-01
        22   -2.2627870766e+02    5.1205581953e+04   -3.7731867295e+02    1.5103996529e+02    1.7972137259e+02   -5.8076359783e+02    2.3723552281e+01    1.6441420000e+06    7.8063114311e+00    9.9273761083e-01
        23   -2.2627290928e+02    5.1202929083e+04   -3.7725154607e+02    1.5097863679e+02    1.7973320367e+02   -5.8046614586e+02    2.3481396117e+01    1.6468050000e+06    7.8019052634e+00    9.9274290073e-01
        24   -2.2627765412e+02    5.1205198009e+04   -3.7766428185e+02    1.5138662773e+02    1.7993622184e+02   -5.8119729667e+02    2.3596792985e+01    1.6256590000e+06    7.8182586511e+00    9.9271185971e-01
        25   -2.2627035683e+02    5.1201773030e+04   -3.7750625634e+02    1.5123589951e+02    1.7992689976e+02   -5.8111243061e+02    2.3679274504e+01    1.6153390000e+06    7.8560445011e+00    9.9271744927e-01
        26   -2.2628863935e+02    5.1210072922e+04   -3.7771983354e+02    1.5143119420e+02    1.7988755753e+02   -5.8137805957e+02    2.3770668501e+01    1.6364220000e+06    7.6793570619e+00    9.9272817412e-01
        27   -2.2628077666e+02    5.1206477660e+04   -3.7764403546e+02    1.5136325880e+02    1.7996595202e+02   -5.8129628149e+02    2.3686294007e+01    1.6531590000e+06    7.6753969430e+00    9.9271364349e-01
        28   -2.2628206062e+02    5.1207040563e+04   -3.7730010768e+02    1.5101804706e+02    1.7977961810e+02   -5.8071858342e+02    2.3638857640e+01    1.6559080000e+06    7.7891121188e+00    9.9274498435e-01
        29   -2.2627866172e+02    5.1205535008e+04   -3.7759327310e+02    1.5131461137e+02    1.7990188421e+02   -5.8113790765e+02    2.3642750346e+01    1.6099760000e+06    7.6920143601e+00    9.9271815894e-01
        30   -2.2628156325e+02    5.1206763162e+04   -3.7765644200e+02    1.5137487875e+02    1.7999893871e+02   -5.8136980161e+02    2.3714420904e+01    1.6117910000e+06    7.8569560430e+00    9.9273584924e-01
        31   -2.2627693467e+02    5.1204699787e+04   -3.7706722950e+02    1.5079029483e+02    1.7973142594e+02   -5.8038756757e+02    2.3588912128e+01    1.6270350000e+06    7.8695099351e+00    9.9277421094e-01
        32   -2.2628441025e+02    5.1208149920e+04   -3.7761331171e+02    1.5132890145e+02    1.7988069502e+02   -5.8113716679e+02    2.3643160057e+01    1.6411960000e+06    7.8480630205e+00    9.9272041005e-01
        33   -2.2628204330e+02    5.1207031374e+04   -3.7731695955e+02    1.5103491626e+02    1.7989215810e+02   -5.8085494162e+02    2.3645823959e+01    1.6503460000e+06    7.7452559120e+00    9.9277033807e-01
        34   -2.2627621579e+02    5.1204343458e+04   -3.7755868684e+02    1.5128247105e+02    1.7992404063e+02   -5.8110011477e+02    2.3617387297e+01    1.6568890000e+06    7.7450366223e+00    9.9276588779e-01
        35   -2.2628404189e+02    5.1207927714e+04   -3.7783794736e+02    1.5155390547e+02    1.8002224782e+02   -5.8158146307e+02    2.3721267895e+01    1.6395990000e+06    7.7771761611e+00    9.9272297111e-01
        36   -2.2628847090e+02    5.1210005472e+04   -3.7748277991e+02    1.5119430901e+02    1.7997094074e+02   -5.8107646213e+02    2.3622741486e+01    1.6505350000e+06    7.8345874427e+00    9.9275482400e-01
        37   -2.2628076177e+02    5.1206542607e+04   -3.7741906502e+02    1.5113830325e+02    1.7961940397e+02   -5.8062375807e+02    2.3585289077e+01    1.6511290000e+06    7.7922150977e+00    9.9277289064e-01
        38   -2.2629139437e+02    5.1211286414e+04   -3.7756894062e+02    1.5127754625e+02    1.7967018379e+02   -5.8096429450e+02    2.3725170090e+01    1.6552060000e+06    7.9126620952e+00    9.9272195830e-01
        39   -2.2628129676e+02    5.1206751289e+04   -3.7772763819e+02    1.5144634143e+02    1.7968727582e+02   -5.8117207018e+02    2.3757156172e+01    1.6156490000e+06    7.7219185301e+00    9.9273435093e-01
        40   -2.2627803514e+02    5.1205252165e+04   -3.7716806691e+02    1.5089003177e+02    1.7964340426e+02   -5.8035395116e+02    2.3542479989e+01    1.6151710000e+06    8.2109061230e+00    9.9273850921e-01
        41   -2.2627707046e+02    5.1204756646e+04   -3.7775692259e+02    1.5147985213e+02    1.7985991613e+02   -5.8115887865e+02    2.3542039928e+01    1.6295670000e+06    7.4017586969e+00    9.9270769215e-01
        42   -2.2627527668e+02    5.1203994484e+04   -3.7792669407e+02    1.5165141740e+02    1.8005620816e+02   -5.8169113901e+02    2.3708236771e+01    1.6283520000e+06    6.6486310512e+00    9.9270501188e-01
        43   -2.2627638908e+02    5.1204456954e+04   -3.7754648685e+02    1.5127009777e+02    1.7993981540e+02   -5.8109532853e+02    2.3609026273e+01    1.6217260000e+06    6.7824287915e+00    9.9274307549e-01
        44   -2.2628095088e+02    5.1206533954e+04   -3.7790900077e+02    1.5162804990e+02    1.7996765402e+02   -5.8167751306e+02    2.3800858262e+01    1.6073410000e+06    7.5831994645e+00    9.9270069642e-01
        45   -2.2628029175e+02    5.1206261646e+04   -3.7721366132e+02    1.5093336957e+02    1.7951411321e+02   -5.8029131938e+02    2.3563544851e+01    1.6524670000e+06    8.1670344386e+00    9.9272245612e-01
        46   -2.2628350295e+02    5.1207727624e+04   -3.7699806983e+02    1.5071456689e+02    1.7940209344e+02   -5.8014611178e+02    2.3745948509e+01    1.6506340000e+06    8.2038586282e+00    9.9279420709e-01
        47   -2.2628987036e+02    5.1210609053e+04   -3.7728452916e+02    1.5099465880e+02    1.7955736849e+02   -5.8048570795e+02    2.3643810310e+01    1.6476230000e+06    8.0498444336e+00    9.9275113583e-01
        48   -2.2627902503e+02    5.1205688438e+04   -3.7743815328e+02    1.5115912824e+02    1.7992926582e+02   -5.8100426243e+02    2.3636843330e+01    1.6455270000e+06    7.9127974662e+00    9.9275416866e-01
        49   -2.2627316630e+02    5.1203023157e+04   -3.7756759960e+02    1.5129443330e+02    1.7983554003e+02   -5.8100783696e+02    2.3604697328e+01    1.6380390000e+06    7.8297859430e+00    9.9273194284e-01
        50   -2.2628229425e+02    5.1207123813e+04   -3.7731725324e+02    1.5103495899e+02    1.7990170856e+02   -5.8092667581e+02    2.3707714004e+01    1.6354100000e+06    7.5430171848e+00    9.9277259243e-01
        51   -2.2628352440e+02    5.1207707763e+04   -3.7725698188e+02    1.5097345748e+02    1.7961076552e+02   -5.8040156867e+02    2.3533821268e+01    1.6405460000e+06    7.8494976936e+00    9.9275561824e-01
        52   -2.2627631605e+02    5.1204438584e+04   -3.7710670868e+02    1.5083039263e+02    1.7967932626e+02   -5.8041668163e+02    2.3630646691e+01    1.6703090000e+06    8.0427118696e+00    9.9277234945e-01
        53   -2.2627495541e+02    5.1203929671e+04   -3.7747869311e+02    1.5120373770e+02    1.7987730449e+02   -5.8099941620e+02    2.3643418594e+01    1.6492160000e+06    8.2101873851e+00    9.9272975736e-01
        54   -2.2628017830e+02    5.1206280770e+04   -3.7706589992e+02    1.5078572163e+02    1.7957649128e+02   -5.8031109701e+02    2.3668705803e+01    1.6521910000e+06    8.0777575474e+00    9.9273557454e-01
        55   -2.2627579294e+02    5.1204268251e+04   -3.7714537077e+02    1.5086957784e+02    1.7970201499e+02   -5.8047522545e+02    2.3627839693e+01    1.6318290000e+06    8.0393893910e+00    9.9274800749e-01
        56   -2.2628021764e+02    5.1206215538e+04   -3.7706990022e+02    1.5078968258e+02    1.7957704578e+02   -5.8024895773e+02    2.3602011728e+01    1.6240540000e+06    7.9807337611e+00    9.9278684926e-01
        57   -2.2628828972e+02    5.1209832184e+04   -3.7752246403e+02    1.5123417432e+02    1.7994721395e+02   -5.8098268372e+02    2.3513005733e+01    1.6389720000e+06    8.0976565115e+00    9.9275457907e-01
        58   -2.2628281532e+02    5.1207469418e+04   -3.7783458374e+02    1.5155176842e+02    1.8005585289e+02   -5.8160988376e+02    2.3719447129e+01    1.6456330000e+06    8.0794542546e+00    9.9273050616e-01
        59   -2.2628040504e+02    5.1206263490e+04   -3.7732114229e+02    1.5104073724e+02    1.7983135885e+02   -5.8074286887e+02    2.3590367739e+01    1.6238030000e+06    7.3913010396e+00    9.9273243830e-01
        60   -2.2627961526e+02    5.1205935323e+04   -3.7740928731e+02    1.5112967205e+02    1.7979385314e+02   -5.8077287920e+02    2.3569738745e+01    1.6291670000e+06    6.9338928275e+00    9.9273276411e-01
        61   -2.2627301855e+02    5.1202912095e+04   -3.7766401910e+02    1.5139100055e+02    1.8011502476e+02   -5.8143097032e+02    2.3651926458e+01    1.6302650000e+06    6.7800153941e+00    9.9273647325e-01
        62   -2.2627646762e+02    5.1204519701e+04   -3.7766222971e+02    1.5138576208e+02    1.8000485447e+02   -5.8132357213e+02    2.3656487951e+01    1.6192400000e+06    6.5178354024e+00    9.9271613021e-01
        63   -2.2628934045e+02    5.1210371102e+04   -3.7720502162e+02    1.5091568117e+02    1.7976734493e+02   -5.8060717417e+02    2.3634807625e+01    1.6132300000e+06    6.7195496126e+00    9.9277852744e-01
        64   -2.2628456142e+02    5.1208196147e+04   -3.7731944873e+02    1.5103488731e+02    1.7975638919e+02   -5.8070761775e+02    2.3631779824e+01    1.6225720000e+06    6.7196207156e+00    9.9273586666e-01
        65   -2.2627359333e+02    5.1203247107e+04   -3.7791460157e+02    1.5164100824e+02    1.8000962832e+02   -5.8158777405e+02    2.3663544163e+01    1.6364480000e+06    7.7483072442e+00    9.9270892006e-01
        66   -2.2628346152e+02    5.1207653482e+04   -3.7718144213e+02    1.5089798061e+02    1.7977495202e+02   -5.8055196506e+02    2.3595570906e+01    1.6007010000e+06    8.1812620186e+00    9.9276712947e-01
        67   -2.2628026266e+02    5.1206210022e+04   -3.7744455759e+02    1.5116429493e+02    1.7964494226e+02   -5.8071909341e+02    2.3629593557e+01    1.6141080000e+06    8.4231377908e+00    9.9273218210e-01
        68   -2.2628297263e+02    5.1207443988e+04   -3.7745139965e+02    1.5116842702e+02    1.7957246419e+02   -5.8061695777e+02    2.3593093935e+01    1.6244250000e+06    8.4723010722e+00    9.9272105947e-01
        69   -2.2628193208e+02    5.1207003144e+04   -3.7750061747e+02    1.5121868539e+02    1.7992142386e+02   -5.8115728479e+02    2.3735243461e+01    1.6407970000e+06    8.4034419805e+00    9.9272135868e-01
        70   -2.2627956859e+02    5.1205920667e+04   -3.7763577735e+02    1.5135620876e+02    1.7987934176e+02   -5.8117723112e+02    2.3662112014e+01    1.6218610000e+06    8.3981535234e+00    9.9275325196e-01
        71   -2.2627293447e+02    5.1202913320e+04   -3.7793203035e+02    1.5165909588e+02    1.8022410200e+02   -5.8191527708e+02    2.3759144727e+01    1.6364920000e+06    8.4667546381e+00    9.9273198782e-01
        72   -2.2628191304e+02    5.1206952083e+04   -3.7762296724e+02    1.5134105421e+02    1.7994704266e+02   -5.8125210039e+02    2.3682090493e+01    1.6548640000e+06    8.2422834618e+00    9.9272219995e-01
        73   -2.2627656387e+02    5.1204583307e+04   -3.7723357056e+02    1.5095700669e+02    1.7961611429e+02   -5.8053707877e+02    2.3687393925e+01    1.6514900000e+06    7.9020016168e+00    9.9271406591e-01
        74   -2.2628202393e+02    5.1207083633e+04   -3.7749258152e+02    1.5121055759e+02    1.7981985372e+02   -5.8085117451e+02    2.3538739267e+01    1.6457970000e+06    7.8942001020e+00    9.9273123088e-01
        75   -2.2628125410e+02    5.1206709769e+04   -3.7722581479e+02    1.5094456069e+02    1.7984149508e+02   -5.8058667104e+02    2.3519361167e+01    1.6609620000e+06    7.9284235032e+00    9.9277845533e-01
        76   -2.2628207852e+02    5.1207121381e+04   -3.7769616847e+02    1.5141408995e+02    1.8013784866e+02   -5.8149316998e+02    2.3659152851e+01    1.6678040000e+06    7.6082403532e+00    9.9273274715e-01
        77   -2.2628463043e+02    5.1208206533e+04   -3.7701032570e+02    1.5072569528e+02    1.7947396941e+02   -5.8009326001e+02    2.3608964897e+01    1.6698720000e+06    7.5012358809e+00    9.9274650608e-01
        78   -2.2628296467e+02    5.1207433596e+04   -3.7790018509e+02    1.5161722042e+02    1.8003603773e+02   -5.8162183370e+02    2.3685610874e+01    1.6680810000e+06    7.5329259343e+00    9.9268611179e-01
        79   -2.2627745654e+02    5.1204983354e+04   -3.7791477843e+02    1.5163732189e+02    1.8014732922e+02   -5.8177211577e+02    2.3710008118e+01    1.6589620000e+06    8.4258127855e+00    9.9269868508e-01
        80   -2.2628115796e+02    5.1206639241e+04   -3.7779139631e+02    1.5151023835e+02    1.8006790737e+02   -5.8153202552e+02    2.3672721837e+01    1.6497100000e+06    7.6684755681e+00    9.9272737062e-01
        81   -2.2627723360e+02    5.1204792702e+04   -3.7711384261e+02    1.5083660901e+02    1.7977617637e+02   -5.8046619663e+02    2.3576177652e+01    1.6558110000e+06    7.6118566929e+00    9.9278896483e-01
        82   -2.2627459169e+02    5.1203658180e+04   -3.7744745015e+02    1.5117285846e+02    1.7974966770e+02   -5.8082817456e+02    2.3631056721e+01    1.6413720000e+06    7.0564582942e+00    9.9273626405e-01
        83   -2.2627805716e+02    5.1205284584e+04   -3.7758484019e+02    1.5130678303e+02    1.7976827321e+02   -5.8106768440e+02    2.3714571007e+01    1.6723480000e+06    7.7188920891e+00    9.9273243741e-01
        84   -2.2627800110e+02    5.1205190610e+04   -3.7716686451e+02    1.5088886340e+02    1.7944947043e+02   -5.8023415776e+02    2.3617822832e+01    1.6621620000e+06    7.4398685319e+00    9.9271196460e-01
        85   -2.2627606899e+02    5.1204340766e+04   -3.7744527980e+02    1.5116921081e+02    1.7958951534e+02   -5.8072278553e+02    2.3687990396e+01    1.6653450000e+06    7.5446823479e+00    9.9273088362e-01
        86   -2.2627619034e+02    5.1204518906e+04   -3.7737065466e+02    1.5109446432e+02    1.7970192312e+02   -5.8076653573e+02    2.3693957943e+01    1.6372730000e+06    6.7646571058e+00    9.9272687409e-01
        87   -2.2627700340e+02    5.1204696789e+04   -3.7746324646e+02    1.5118624305e+02    1.7980863447e+02   -5.8082111958e+02    2.3549238654e+01    1.6131490000e+06    6.5070819454e+00    9.9272475999e-01
        88   -2.2627546494e+02    5.1204133035e+04   -3.7695663818e+02    1.5068117324e+02    1.7958894956e+02   -5.8007751398e+02    2.3531926233e+01    1.5839500000e+06    6.4150556172e+00    9.9275264548e-01
        89   -2.2626831210e+02    5.1200870246e+04   -3.7779831775e+02    1.5153000564e+02    1.8003682688e+02   -5.8157021889e+02    2.3735074262e+01    1.6101780000e+06    6.4678245638e+00    9.9267369069e-01
        90   -2.2627849121e+02    5.1205488218e+04   -3.7739649152e+02    1.5111800031e+02    1.7990222539e+02   -5.8090143294e+02    2.3602716037e+01    1.6205790000e+06    6.5518010128e+00    9.9276476013e-01
        91   -2.2628030649e+02    5.1206222980e+04   -3.7696423102e+02    1.5068392454e+02    1.7965834526e+02   -5.8024789520e+02    2.3625318906e+01    1.6283790000e+06    6.8323932262e+00    9.9275771055e-01
        92   -2.2627704945e+02    5.1204771979e+04   -3.7722626463e+02    1.5094921519e+02    1.7958959246e+02   -5.8040350263e+02    2.3587645538e+01    1.6576560000e+06    7.4552551452e+00    9.9276940710e-01
        93   -2.2627803411e+02    5.1205234972e+04   -3.7777494755e+02    1.5149691344e+02    1.8014496480e+02   -5.8170312309e+02    2.3783210736e+01    1.6501890000e+06    7.2355458329e+00    9.9271741743e-01
        94   -2.2627375896e+02    5.1203278571e+04   -3.7764701324e+02    1.5137325428e+02    1.8012516801e+02   -5.8149699286e+02    2.3724811607e+01    1.6193940000e+06    6.6615235249e+00    9.9274721127e-01
        95   -2.2627788583e+02    5.1205161321e+04   -3.7726288324e+02    1.5098499742e+02    1.7992428256e+02   -5.8078128672e+02    2.3594120923e+01    1.6222520000e+06    6.6782618372e+00    9.9271276029e-01
        96   -2.2627628556e+02    5.1204416433e+04   -3.7732281724e+02    1.5104653167e+02    1.8002772413e+02   -5.8091218783e+02    2.3561646458e+01    1.6437070000e+06    7.2000757304e+00    9.9275825259e-01
        97   -2.2627555586e+02    5.1204156587e+04   -3.7763743321e+02    1.5136187735e+02    1.8003114948e+02   -5.8153356286e+02    2.3864980165e+01    1.6411240000e+06    7.0351998261e+00    9.9272381048e-01
        98   -2.2627199300e+02    5.1202540658e+04   -3.7787318600e+02    1.5160119301e+02    1.8015227993e+02   -5.8170265831e+02    2.3677192380e+01    1.6223860000e+06    6.5357142340e+00    9.9273692770e-01
        99   -2.2627870311e+02    5.1205573163e+04   -3.7770617050e+02    1.5142746739e+02    1.7985785739e+02   -5.8117711319e+02    2.3613085295e+01    1.6582460000e+06    7.4194968021e+00    9.9272726474e-01
       100   -2.2627320147e+02    5.1203016989e+04   -3.7746418474e+02    1.5119098327e+02    1.7976751030e+02   -5.8083898697e+02    2.3607291924e+01    1.6448190000e+06    7.1708529391e+00    9.9274565993e-01
       101   -2.2628198373e+02    5.1207061027e+04   -3.7752165154e+02    1.5123966782e+02    1.7972217065e+02   -5.8093665896e+02    2.3692836758e+01    1.6098860000e+06    6.4088390672e+00    9.9273701617e-01
       102   -2.2628181494e+02    5.1207017133e+04   -3.7694634688e+02    1.5066453194e+02    1.7959879324e+02   -5.8017725358e+02    2.3632113450e+01    1.6146380000e+06    6.4650169590e+00    9.9278831435e-01
       103   -2.2627502887e+02    5.1203860300e+04   -3.7737584807e+02    1.5110081920e+02    1.7994256207e+02   -5.8097493815e+02    2.3656528010e+01    1.6240440000e+06    6.7281324994e+00    9.9275103869e-01
       104   -2.2628235804e+02    5.1207233404e+04   -3.7746599907e+02    1.5118364103e+02    1.8012099811e+02   -5.8127129697e+02    2.3684299791e+01    1.6365190000e+06    6.7972098954e+00    9.9274217546e-01
       105   -2.2628010223e+02    5.1206177151e+04   -3.7750328793e+02    1.5122318570e+02    1.8000262467e+02   -5.8111574079e+02    2.3609828197e+01    1.6405600000e+06    7.1312802117e+00    9.9275539181e-01
       106   -2.2628642944e+02    5.1209045152e+04   -3.7717097497e+02    1.5088454554e+02    1.7975850888e+02   -5.8059342817e+02    2.3663944317e+01    1.6389090000e+06    7.8582675462e+00    9.9275007106e-01
       107   -2.2627628646e+02    5.1204444612e+04   -3.7770508427e+02    1.5142879782e+02    1.8008953491e+02   -5.8150976023e+02    2.3715141041e+01    1.6393020000e+06    7.9070722274e+00    9.9271574833e-01
       108   -2.2627694075e+02    5.1204713241e+04   -3.7766080300e+02    1.5138386225e+02    1.8016615080e+02   -5.8154183981e+02    2.3714886015e+01    1.6334860000e+06    7.7707171282e+00    9.9271990567e-01
       109   -2.2628722515e+02    5.1209435595e+04   -3.7747484418e+02    1.5118761903e+02    1.7989972861e+02   -5.8115591086e+02    2.3781338075e+01    1.6369550000e+06    6.9369731524e+00    9.9272634632e-01
       110   -2.2628755970e+02    5.1209569921e+04   -3.7742326355e+02    1.5113570385e+02    1.7994942087e+02   -5.8106800320e+02    2.3695318782e+01    1.6643340000e+06    7.5009134137e+00    9.9273877052e-01
       111   -2.2627695345e+02    5.1204779558e+04   -3.7759572215e+02    1.5131876870e+02    1.8002506949e+02   -5.8114565472e+02    2.3524863082e+01    1.6490000000e+06    7.4392367506e+00    9.9274075668e-01
       112   -2.2627241552e+02    5.1202662267e+04   -3.7741993299e+02    1.5114751747e+02    1.7986472347e+02   -5.8091518746e+02    2.3630530999e+01    1.6274900000e+06    8.0024829330e+00    9.9273426519e-01
       113   -2.2628052329e+02    5.1206364287e+04   -3.7796841711e+02    1.5168789382e+02    1.8005022048e+02   -5.8167951341e+02    2.3660875820e+01    1.6102520000e+06    7.0556103487e+00    9.9272841016e-01
       114   -2.2627726780e+02    5.1204963342e+04   -3.7767088534e+02    1.5139361754e+02    1.7978673974e+02   -5.8104959626e+02    2.3591971174e+01    1.6296510000e+06    6.6171330537e+00    9.9274688625e-01
       115   -2.2628291612e+02    5.1207467412e+04   -3.7776369362e+02    1.5148077750e+02    1.7988362523e+02   -5.8132921397e+02    2.3681895126e+01    1.6771370000e+06    7.6662544755e+00    9.9269030832e-01
       116   -2.2626872486e+02    5.1201026044e+04   -3.7745505426e+02    1.5118632939e+02    1.7970950835e+02   -5.8084227361e+02    2.3677711005e+01    1.6856180000e+06    7.6642693104e+00    9.9271281160e-01
       117   -2.2628512864e+02    5.1208421745e+04   -3.7721466252e+02    1.5092953388e+02    1.7957077179e+02   -5.8042069151e+02    2.3635257201e+01    1.6452390000e+06    7.1689735376e+00    9.9273368885e-01
       118   -2.2628169007e+02    5.1206883149e+04   -3.7725878177e+02    1.5097709170e+02    1.7974415857e+02   -5.8069107857e+02    2.3688138225e+01    1.6089900000e+06    6.5457579726e+00    9.9275846998e-01
       119   -2.2627972444e+02    5.1206011996e+04   -3.7744638681e+02    1.5116666237e+02    1.7969697301e+02   -5.8086151073e+02    2.3718150908e+01    1.6550180000e+06    7.3154121384e+00    9.9271669652e-01
       120   -2.2627977610e+02    5.1206017842e+04   -3.7718333719e+02    1.5090356109e+02    1.7973889591e+02   -5.8053350854e+02    2.3611275437e+01    1.6577990000e+06    7.4143102157e+00    9.9273040444e-01
       121   -2.2627768020e+02    5.1205116859e+04   -3.7759709012e+02    1.5131940992e+02    1.8000132032e+02   -5.8134638967e+02    2.3747979228e+01    1.6558470000e+06    7.6387493107e+00    9.9272200538e-01
       122   -2.2628368191e+02    5.1207769138e+04   -3.7744972812e+02    1.5116604621e+02    1.7994615140e+02   -5.8107817603e+02    2.3682296516e+01    1.6415230000e+06    8.0788613632e+00    9.9271920797e-01
       123   -2.2628280831e+02    5.1207414543e+04   -3.7737560682e+02    1.5109279851e+02    1.7977743519e+02   -5.8091486929e+02    2.3761827280e+01    1.6467070000e+06    7.1659601082e+00    9.9275481551e-01
       124   -2.2628094936e+02    5.1206512839e+04   -3.7728027945e+02    1.5099933009e+02    1.7979387561e+02   -5.8067385845e+02    2.3599703382e+01    1.6613500000e+06    7.4722290973e+00    9.9276311551e-01
       125   -2.2627975010e+02    5.1205975182e+04   -3.7708157685e+02    1.5080182675e+02    1.7982274779e+02   -5.8056122950e+02    2.3656904861e+01    1.6417230000e+06    7.0746240637e+00    9.9277440004e-01
       126   -2.2628164900e+02    5.1206960473e+04   -3.7723722168e+02    1.5095557267e+02    1.7973218831e+02   -5.8053764893e+02    2.3568238943e+01    1.6109120000e+06    6.4579037363e+00    9.9272066212e-01
       127   -2.2628191375e+02    5.1206993040e+04   -3.7760736852e+02    1.5132545477e+02    1.7995131884e+02   -5.8133778234e+02    2.3779094983e+01    1.6335350000e+06    6.6370631151e+00    9.9273354767e-01
       128   -2.2628252933e+02    5.1207274467e+04   -3.7711697834e+02    1.5083444901e+02    1.7983222538e+02   -5.8062672300e+02    2.3677519279e+01    1.6317670000e+06    6.6343438313e+00    9.9277364842e-01
       129   -2.2628981890e+02    5.1210574814e+04   -3.7789001892e+02    1.5160020002e+02    1.8005975452e+02   -5.8165578139e+02    2.3706007945e+01    1.6432480000e+06    7.1499290382e+00    9.9272002633e-01
       130   -2.2627861990e+02    5.1205614796e+04   -3.7771788764e+02    1.5143926774e+02    1.8006549434e+02   -5.8137460304e+02    2.3591221065e+01    1.6258180000e+06    6.5642631794e+00    9.9271112777e-01
       131   -2.2628222993e+02    5.1207132828e+04   -3.7769497947e+02    1.5141274954e+02    1.7977455490e+02   -5.8119888299e+02    2.3729348627e+01    1.6327640000e+06    6.5359674226e+00    9.9270715957e-01
       132   -2.2627891240e+02    5.1205614446e+04   -3.7724903417e+02    1.5097012176e+02    1.7969853992e+02   -5.8059811780e+02    2.3650543710e+01    1.6176850000e+06    6.6426882325e+00    9.9273639707e-01
       133   -2.2627894710e+02    5.1205716239e+04   -3.7771593979e+02    1.5143699269e+02    1.8008915799e+02   -5.8150693669e+02    2.3701838912e+01    1.6307960000e+06    6.6388706118e+00    9.9272662881e-01
       134   -2.2627346784e+02    5.1203240857e+04   -3.7801673657e+02    1.5174326873e+02    1.8016372841e+02   -5.8182516114e+02    2.3644696155e+01    1.6410320000e+06    7.0314354287e+00    9.9271726459e-01
       135   -2.2627616142e+02    5.1204432907e+04   -3.7765622034e+02    1.5138005891e+02    1.7984808536e+02   -5.8123219973e+02    2.3727894034e+01    1.6213090000e+06    6.5233477335e+00    9.9274454541e-01
       136   -2.2627587606e+02    5.1204251904e+04   -3.7756025540e+02    1.5128437934e+02    1.7978755968e+02   -5.8119835632e+02    2.3850541246e+01    1.6281590000e+06    6.8401066554e+00    9.9271143934e-01
       137   -2.2628476497e+02    5.1208206988e+04   -3.7722789155e+02    1.5094312658e+02    1.7975513838e+02   -5.8059023861e+02    2.3607208686e+01    1.6502270000e+06    7.3547260638e+00    9.9274213864e-01
       138   -2.2627931871e+02    5.1205795983e+04   -3.7703309213e+02    1.5075377342e+02    1.7965633480e+02   -5.8029938693e+02    2.3609960001e+01    1.6682200000e+06    7.5204568540e+00    9.9275148032e-01
       139   -2.2627913473e+02    5.1205658767e+04   -3.7719598823e+02    1.5091685350e+02    1.7962473841e+02   -5.8037544471e+02    2.3554718081e+01    1.6661970000e+06    7.5411843539e+00    9.9275674608e-01
       140   -2.2627668674e+02    5.1204569909e+04   -3.7766801142e+02    1.5139132467e+02    1.7997109640e+02   -5.8142927286e+02    2.3790165048e+01    1.6467920000e+06    7.0983645432e+00    9.9271864020e-01
       141   -2.2628522479e+02    5.1208476794e+04   -3.7749872346e+02    1.5121349867e+02    1.7978424669e+02   -5.8100186211e+02    2.3718891957e+01    1.6330540000e+06    6.6598982229e+00    9.9275167148e-01
       142   -2.2627845458e+02    5.1205510525e+04   -3.7781958999e+02    1.5154113541e+02    1.8027972533e+02   -5.8189050887e+02    2.3791193544e+01    1.6351620000e+06    6.7964838699e+00    9.9272958145e-01
       143   -2.2628715152e+02    5.1209393169e+04   -3.7768464399e+02    1.5139749247e+02    1.7996027766e+02   -5.8124621769e+02    2.3601296041e+01    1.6405780000e+06    7.0288547673e+00    9.9273119303e-01
       144   -2.2628323673e+02    5.1207598701e+04   -3.7733785934e+02    1.5105462262e+02    1.7986759799e+02   -5.8080496436e+02    2.3599507022e+01    1.6392260000e+06    6.8095682133e+00    9.9277691980e-01
       145   -2.2628029587e+02    5.1206291206e+04   -3.7766071036e+02    1.5138041449e+02    1.7991719726e+02   -5.8129817188e+02    2.3720264266e+01    1.6307260000e+06    6.7115692173e+00    9.9273299674e-01
       146   -2.2627697052e+02    5.1204820479e+04   -3.7767495836e+02    1.5139798785e+02    1.7992159281e+02   -5.8124134637e+02    2.3644795196e+01    1.6548010000e+06    7.4178066812e+00    9.9271168630e-01
       147   -2.2628546590e+02    5.1208651591e+04   -3.7750677185e+02    1.5122130595e+02    1.7988975549e+02   -5.8114236054e+02    2.3745833197e+01    1.6370910000e+06    7.0709575324e+00    9.9269565771e-01
       148   -2.2628285123e+02    5.1207528522e+04   -3.7728638110e+02    1.5100352988e+02    1.7990961828e+02   -5.8071740783e+02    2.3521408444e+01    1.6497070000e+06    7.2091181520e+00    9.9277966132e-01
       149   -2.2628477967e+02    5.1208267315e+04   -3.7731042953e+02    1.5102564986e+02    1.7977290206e+02   -5.8063394220e+02    2.3550610613e+01    1.6826400000e+06    7.6583909923e+00    9.9273718874e-01
       150   -2.2629442627e+02    5.1212685763e+04   -3.7797686011e+02    1.5168243384e+02    1.8000887045e+02   -5.8181447238e+02    2.3828741821e+01    1.6460810000e+06    7.0543573897e+00    9.9266896999e-01
       151   -2.2628219834e+02    5.1207132689e+04   -3.7706761522e+02    1.5078541689e+02    1.7967119051e+02   -5.8036770159e+02    2.3628895856e+01    1.6238350000e+06    6.5017217293e+00    9.9272521563e-01
       152   -2.2627839449e+02    5.1205397822e+04   -3.7774529284e+02    1.5146689835e+02    1.8001629343e+02   -5.8143699721e+02    2.3675410938e+01    1.6390570000e+06    6.9654865433e+00    9.9272791500e-01
       153   -2.2627492408e+02    5.1203800696e+04   -3.7776233313e+02    1.5148740905e+02    1.8016443387e+02   -5.8162551083e+02    2.3698743836e+01    1.6290750000e+06    6.6292138668e+00    9.9274673600e-01
       154   -2.2628095573e+02    5.1206593592e+04   -3.7770262964e+02    1.5142167391e+02    1.7995026045e+02   -5.8132965987e+02    2.3676769770e+01    1.6290780000e+06    6.5806187827e+00    9.9272771742e-01
       155   -2.2628373398e+02    5.1207841029e+04   -3.7718586685e+02    1.5090213287e+02    1.7982138319e+02   -5.8074473969e+02    2.3737489655e+01    1.6358680000e+06    6.8525775799e+00    9.9276606064e-01
       156   -2.2627661816e+02    5.1204587248e+04   -3.7752742577e+02    1.5125080761e+02    1.7989572883e+02   -5.8105227852e+02    2.3629123931e+01    1.6050650000e+06    6.8002890858e+00    9.9273816134e-01
       157   -2.2628340085e+02    5.1207645021e+04   -3.7765476497e+02    1.5137136412e+02    1.7995266108e+02   -5.8136861689e+02    2.3761190840e+01    1.6097060000e+06    6.7987528071e+00    9.9274580407e-01
       158   -2.2627624596e+02    5.1204367107e+04   -3.7729348742e+02    1.5101724147e+02    1.7976247108e+02   -5.8071244589e+02    2.3656487383e+01    1.6220100000e+06    6.3843417189e+00    9.9275221489e-01
       159   -2.2627572047e+02    5.1204220210e+04   -3.7767347120e+02    1.5139775073e+02    1.7985451823e+02   -5.8122997065e+02    2.3701981217e+01    1.6396160000e+06    6.9796141726e+00    9.9272239154e-01
       160   -2.2627592006e+02    5.1204323666e+04   -3.7784932454e+02    1.5157340448e+02    1.7988944719e+02   -5.8142614547e+02    2.3687373750e+01    1.6245410000e+06    6.4868127469e+00    9.9271821021e-01
       161   -2.2628226289e+02    5.1207156005e+04   -3.7770827177e+02    1.5142600888e+02    1.8004373722e+02   -5.8142424532e+02    2.3672236321e+01    1.6158470000e+06    6.4640280192e+00    9.9270498845e-01
       162   -2.2628107878e+02    5.1206629261e+04   -3.7777749728e+02    1.5149641850e+02    1.7999611745e+02   -5.8142209684e+02    2.3648482114e+01    1.6246750000e+06    6.5678174484e+00    9.9272742411e-01
       163   -2.2627687543e+02    5.1204678076e+04   -3.7754095778e+02    1.5126408235e+02    1.7991651082e+02   -5.8110566252e+02    2.3648193919e+01    1.6359880000e+06    6.7755488893e+00    9.9272273058e-01
       164   -2.2628217162e+02    5.1207063549e+04   -3.7759487899e+02    1.5131270737e+02    1.7998862517e+02   -5.8129023937e+02    2.3706735218e+01    1.6377140000e+06    6.8908039022e+00    9.9275356921e-01
       165   -2.2628209592e+02    5.1207045201e+04   -3.7758992227e+02    1.5130782635e+02    1.7974244640e+02   -5.8102747553e+02    2.3695106868e+01    1.6403440000e+06    7.6881959261e+00    9.9272800849e-01
       166   -2.2628432080e+02    5.1208345741e+04   -3.7746838999e+02    1.5118406919e+02    1.7974563280e+02   -5.8089343405e+02    2.3679411260e+01    1.6391440000e+06    7.7905227630e+00    9.9270365859e-01
       167   -2.2628364259e+02    5.1207812182e+04   -3.7741942411e+02    1.5113578152e+02    1.7970743182e+02   -5.8078271573e+02    2.3655859796e+01    1.6287260000e+06    6.7077005680e+00    9.9272167112e-01
       168   -2.2628953460e+02    5.1210429767e+04   -3.7741685939e+02    1.5112732478e+02    1.7984211325e+02   -5.8074736932e+02    2.3488396682e+01    1.6628780000e+06    7.6025960452e+00    9.9275215271e-01
       169   -2.2628247569e+02    5.1207240136e+04   -3.7711396700e+02    1.5083149131e+02    1.7964517118e+02   -5.8042958679e+02    2.3670448611e+01    1.6438370000e+06    6.9361785222e+00    9.9275002914e-01
       170   -2.2627848650e+02    5.1205428691e+04   -3.7737308091e+02    1.5109459441e+02    1.7977725857e+02   -5.8074530396e+02    2.3594964482e+01    1.6412840000e+06    7.0550155600e+00    9.9274911313e-01
       171   -2.2627892876e+02    5.1205637318e+04   -3.7773644083e+02    1.5145751208e+02    1.8009235373e+02   -5.8154163956e+02    2.3712845001e+01    1.6446730000e+06    7.2690633391e+00    9.9274343845e-01
       172   -2.2627799831e+02    5.1205182021e+04   -3.7741541666e+02    1.5113741835e+02    1.7991349713e+02   -5.8090283778e+02    2.3573923991e+01    1.6246580000e+06    6.4000910295e+00    9.9273060928e-01
       173   -2.2628444707e+02    5.1208104709e+04   -3.7698934790e+02    1.5070490083e+02    1.7963073746e+02   -5.8021208266e+02    2.3591997305e+01    1.6545500000e+06    7.2835611000e+00    9.9274965678e-01
       174   -2.2628038921e+02    5.1206299043e+04   -3.7723123456e+02    1.5095084535e+02    1.7983315088e+02   -5.8074641964e+02    2.3682034194e+01    1.6627970000e+06    7.3599628794e+00    9.9270918776e-01
       175   -2.2628199538e+02    5.1206994981e+04   -3.7745593888e+02    1.5117394351e+02    1.7997025942e+02   -5.8100539021e+02    2.3579191906e+01    1.6413570000e+06    7.1428005409e+00    9.9272481788e-01
       176   -2.2628426843e+02    5.1208027798e+04   -3.7746698595e+02    1.5118271752e+02    1.7984517210e+02   -5.8104261895e+02    2.3730460904e+01    1.6447460000e+06    7.7891282919e+00    9.9272275323e-01
       177   -2.2627886324e+02    5.1205617547e+04   -3.7709288798e+02    1.5081402474e+02    1.7967579446e+02   -5.8030193009e+02    2.3533247647e+01    1.6293030000e+06    7.9236989280e+00    9.9272558066e-01
       178   -2.2627779545e+02    5.1205102434e+04   -3.7752258405e+02    1.5124478860e+02    1.7996103069e+02   -5.8114134234e+02    2.3657727594e+01    1.6166040000e+06    7.3437183260e+00    9.9274295468e-01
       179   -2.2628379746e+02    5.1207901450e+04   -3.7753989877e+02    1.5125610131e+02    1.7981540460e+02   -5.8102031317e+02    2.3665009800e+01    1.6092890000e+06    6.5892510982e+00    9.9274714725e-01
       180   -2.2628234328e+02    5.1207169136e+04   -3.7750698239e+02    1.5122463912e+02    1.7983006231e+02   -5.8093269408e+02    2.3595649375e+01    1.6360550000e+06    7.9593431652e+00    9.9271928240e-01
       181   -2.2628165523e+02    5.1206826675e+04   -3.7714709296e+02    1.5086543773e+02    1.7980686218e+02   -5.8056406309e+02    2.3610107956e+01    1.6463470000e+06    7.9436937391e+00    9.9276073251e-01
       182   -2.2628459452e+02    5.1208181270e+04   -3.7723952215e+02    1.5095492763e+02    1.7986297602e+02   -5.8074215816e+02    2.3639659992e+01    1.6363700000e+06    8.0101628166e+00    9.9274309012e-01
       183   -2.2627779317e+02    5.1205109613e+04   -3.7739654581e+02    1.5111875265e+02    1.8000726663e+02   -5.8115215019e+02    2.3748337748e+01    1.6592670000e+06    8.1449226593e+00    9.9275229555e-01
       184   -2.2627521125e+02    5.1203959615e+04   -3.7779090584e+02    1.5151569459e+02    1.8009004328e+02   -5.8144070790e+02    2.3559758780e+01    1.6448180000e+06    7.9834129335e+00    9.9271829003e-01
       185   -2.2627681476e+02    5.1204719396e+04   -3.7787416173e+02    1.5159734696e+02    1.8002008842e+02   -5.8159786550e+02    2.3703615355e+01    1.6375880000e+06    8.0163588428e+00    9.9273531532e-01
       186   -2.2626672752e+02    5.1200127224e+04   -3.7776549526e+02    1.5149876774e+02    1.7989530127e+02   -5.8145097906e+02    2.3790182525e+01    1.6341600000e+06    8.0149859374e+00    9.9270487828e-01
       187   -2.2628032793e+02    5.1206271318e+04   -3.7751894370e+02    1.5123861577e+02    1.7986962581e+02   -5.8096888182e+02    2.3580312303e+01    1.6214580000e+06    7.9675408704e+00    9.9272609691e-01
       188   -2.2628336904e+02    5.1207662495e+04   -3.7785736523e+02    1.5157399619e+02    1.8013982476e+02   -5.8158182811e+02    2.3584638124e+01    1.6306960000e+06    8.0500862624e+00    9.9273960262e-01
       189   -2.2628896683e+02    5.1210180196e+04   -3.7743079710e+02    1.5114183027e+02    1.7990854650e+02   -5.8088428058e+02    2.3544936983e+01    1.6566250000e+06    8.1268592104e+00    9.9272877593e-01
       190   -2.2627210323e+02    5.1202540214e+04   -3.7772236185e+02    1.5145025862e+02    1.8005170726e+02   -5.8137820721e+02    2.3604138101e+01    1.6584070000e+06    8.1766898120e+00    9.9271922388e-01
       191   -2.2628099423e+02    5.1206610112e+04   -3.7754019149e+02    1.5125919725e+02    1.7978869946e+02   -5.8096674201e+02    2.3637851068e+01    1.6569310000e+06    8.4264214886e+00    9.9270550403e-01
       192   -2.2627987148e+02    5.1206131947e+04   -3.7744379606e+02    1.5116392458e+02    1.7979654289e+02   -5.8097037587e+02    2.3730036916e+01    1.6604560000e+06    8.3366814721e+00    9.9274525279e-01
       193   -2.2628070426e+02    5.1206468500e+04   -3.7744778548e+02    1.5116708122e+02    1.7987566793e+02   -5.8106224346e+02    2.3738790043e+01    1.6459440000e+06    7.6973016928e+00    9.9276393007e-01
       194   -2.2628032066e+02    5.1206421481e+04   -3.7762693004e+02    1.5134660938e+02    1.8017082924e+02   -5.8140048930e+02    2.3602730019e+01    1.6344920000e+06    6.6911312097e+00    9.9272727766e-01
       195   -2.2628240204e+02    5.1207253716e+04   -3.7755643951e+02    1.5127403747e+02    1.7986216517e+02   -5.8108050538e+02    2.3661900696e+01    1.6318390000e+06    6.6691347098e+00    9.9274267382e-01
       196   -2.2628120674e+02    5.1206879659e+04   -3.7759812835e+02    1.5131692161e+02    1.7976914409e+02   -5.8103091312e+02    2.3663640685e+01    1.6428740000e+06    7.0959579498e+00    9.9270666801e-01
       197   -2.2627780074e+02    5.1205093154e+04   -3.7749419349e+02    1.5121639275e+02    1.7972045445e+02   -5.8082074438e+02    2.3606096438e+01    1.6506970000e+06    7.2703355439e+00    9.9271090082e-01
       198   -2.2628072382e+02    5.1206426789e+04   -3.7738108015e+02    1.5110035632e+02    1.7989486526e+02   -5.8103353954e+02    2.3757594134e+01    1.6233910000e+06    7.3601535081e+00    9.9276635897e-01
       199   -2.2628211590e+02    5.1207025682e+04   -3.7711263890e+02    1.5083052299e+02    1.7974202006e+02   -5.8041300355e+02    2.3558344594e+01    1.6496830000e+06    7.7597177068e+00    9.9277977235e-01
       200   -2.2627991403e+02    5.1206079816e+04   -3.7783735562e+02    1.5155744158e+02    1.7994782548e+02   -5.8152278043e+02    2.3737599328e+01    1.6400880000e+06    7.9694517788e+00    9.9270962770e-01
       201   -2.2627476214e+02    5.1203775149e+04   -3.7725294352e+02    1.5097818139e+02    1.7959532565e+02   -5.8030843473e+02    2.3460165556e+01    1.6377900000e+06    8.1809163592e+00    9.9272375382e-01
       202   -2.2627977774e+02    5.1206123752e+04   -3.7745876104e+02    1.5117898330e+02    1.7968498988e+02   -5.8081611267e+02    2.3672361747e+01    1.6095170000e+06    8.2846971590e+00    9.9272197632e-01
       203   -2.2626758549e+02    5.1200490589e+04   -3.7786295815e+02    1.5159537266e+02    1.7985284204e+02   -5.8148814881e+02    2.3772348618e+01    1.5873470000e+06    8.2683003845e+00    9.9270591861e-01
       204   -2.2627953126e+02    5.1205979750e+04   -3.7777449797e+02    1.5149496671e+02    1.7991551960e+02   -5.8141405279e+02    2.3724035216e+01    1.5825730000e+06    8.3313602612e+00    9.9272737841e-01
       205   -2.2627825928e+02    5.1205399095e+04   -3.7811789656e+02    1.5183963728e+02    1.7993340989e+02   -5.8174109267e+02    2.3689786215e+01    1.6187710000e+06    8.6042535226e+00    9.9268196612e-01
       206   -2.2626841775e+02    5.1200900599e+04   -3.7762782769e+02    1.5135940994e+02    1.8002156512e+02   -5.8137035396e+02    2.3720961152e+01    1.6159580000e+06    7.2215865881e+00    9.9272362913e-01
       207   -2.2627736851e+02    5.1204911000e+04   -3.7745100858e+02    1.5117364007e+02    1.7976518835e+02   -5.8085219375e+02    2.3635996818e+01    1.6222820000e+06    7.4183592757e+00    9.9273005555e-01
       208   -2.2627479220e+02    5.1203776193e+04   -3.7727275825e+02    1.5099796605e+02    1.7977569556e+02   -5.8052115258e+02    2.3472698771e+01    1.6336900000e+06    6.7499957283e+00    9.9272696526e-01
       209   -2.2627395955e+02    5.1203405261e+04   -3.7731351944e+02    1.5103955989e+02    1.7982841240e+02   -5.8078217331e+02    2.3640241477e+01    1.6345100000e+06    6.8903743855e+00    9.9273280214e-01
       210   -2.2627411668e+02    5.1203564699e+04   -3.7760069619e+02    1.5132657950e+02    1.7972506892e+02   -5.8102045820e+02    2.3694693091e+01    1.6410650000e+06    7.0711942520e+00    9.9271063755e-01
       211   -2.2627213499e+02    5.1202659756e+04   -3.7757149011e+02    1.5129935512e+02    1.7985829638e+02   -5.8117839997e+02    2.3748613485e+01    1.6654920000e+06    7.5276516259e+00    9.9275656255e-01
       212   -2.2628452283e+02    5.1208217857e+04   -3.7740843178e+02    1.5112390895e+02    1.7953477157e+02   -5.8052095163e+02    2.3577748273e+01    1.6598100000e+06    7.4092354311e+00    9.9272865048e-01
       213   -2.2627891497e+02    5.1205629046e+04   -3.7732805342e+02    1.5104913844e+02    1.7978276220e+02   -5.8084662723e+02    2.3735811611e+01    1.6418610000e+06    7.0104036590e+00    9.9274750618e-01
       214   -2.2627577246e+02    5.1204214626e+04   -3.7755411465e+02    1.5127834219e+02    1.7988082374e+02   -5.8102987562e+02    2.3594937222e+01    1.6345530000e+06    6.5663361526e+00    9.9274518013e-01
       215   -2.2627551234e+02    5.1204110864e+04   -3.7730178569e+02    1.5102627335e+02    1.7960803490e+02   -5.8051613915e+02    2.3606318564e+01    1.6301360000e+06    6.5018463656e+00    9.9273011699e-01
       216   -2.2627784893e+02    5.1205094705e+04   -3.7739079452e+02    1.5111294559e+02    1.7974955754e+02   -5.8075875843e+02    2.3618406369e+01    1.6224290000e+06    6.4787585658e+00    9.9274989205e-01
       217   -2.2627919625e+02    5.1205790127e+04   -3.7749616421e+02    1.5121696796e+02    1.7980397792e+02   -5.8094860470e+02    2.3648462570e+01    1.6175670000e+06    6.4448769973e+00    9.9269490897e-01
       218   -2.2628646236e+02    5.1209038359e+04   -3.7775905855e+02    1.5147259620e+02    1.7995166185e+02   -5.8139163165e+02    2.3680911249e+01    1.6554890000e+06    7.4348591180e+00    9.9272347368e-01
       219   -2.2628783517e+02    5.1209643478e+04   -3.7726386665e+02    1.5097603148e+02    1.7973928676e+02   -5.8065781063e+02    2.3654657220e+01    1.6920300000e+06    7.5799724597e+00    9.9274889754e-01
       220   -2.2628137778e+02    5.1206745941e+04   -3.7735167034e+02    1.5107029256e+02    1.7982249495e+02   -5.8081148963e+02    2.3637324340e+01    1.6686130000e+06    7.5117738936e+00    9.9272340910e-01
       221   -2.2627815123e+02    5.1205253870e+04   -3.7726967413e+02    1.5099152289e+02    1.7957228423e+02   -5.8043288059e+02    2.3590922225e+01    1.6601350000e+06    7.3948463579e+00    9.9274365313e-01
       222   -2.2628440837e+02    5.1208175969e+04   -3.7752303291e+02    1.5123862454e+02    1.7967708533e+02   -5.8099751131e+02    2.3797393060e+01    1.6581910000e+06    7.3852445851e+00    9.9274987392e-01
       223   -2.2628056394e+02    5.1206392724e+04   -3.7747967441e+02    1.5119911047e+02    1.7986468579e+02   -5.8100282365e+02    2.3658463459e+01    1.6582380000e+06    7.4326095441e+00    9.9272992820e-01
       224   -2.2627763385e+02    5.1205027758e+04   -3.7731528088e+02    1.5103764702e+02    1.7968878278e+02   -5.8071502381e+02    2.3710960152e+01    1.6307280000e+06    6.6736068642e+00    9.9271620627e-01
       225   -2.2629395167e+02    5.1212402543e+04   -3.7697578958e+02    1.5068183791e+02    1.7967168504e+02   -5.8021052512e+02    2.3563050503e+01    1.6330800000e+06    6.7588387229e+00    9.9275416877e-01
       226   -2.2628167013e+02    5.1206884509e+04   -3.7775956358e+02    1.5147789345e+02    1.8000607559e+02   -5.8140528359e+02    2.3639644424e+01    1.6409090000e+06    7.0294114696e+00    9.9271225978e-01
       227   -2.2627859067e+02    5.1205432721e+04   -3.7748753381e+02    1.5120894314e+02    1.7971756146e+02   -5.8081848711e+02    2.3613391841e+01    1.6155650000e+06    6.4535139240e+00    9.9277372065e-01
       228   -2.2627619978e+02    5.1204453925e+04   -3.7751927084e+02    1.5124307106e+02    1.7959007639e+02   -5.8079731410e+02    2.3687966871e+01    1.6414070000e+06    6.9777383697e+00    9.9270218149e-01
       229   -2.2628611111e+02    5.1208897279e+04   -3.7732607912e+02    1.5103996801e+02    1.7957705057e+02   -5.8054342998e+02    2.3640300292e+01    1.6466890000e+06    7.2369456803e+00    9.9271006209e-01
       230   -2.2628625513e+02    5.1208923434e+04   -3.7781043019e+02    1.5152417506e+02    1.8009983046e+02   -5.8171624547e+02    2.3805984820e+01    1.6524610000e+06    7.3795970692e+00    9.9269282695e-01
       231   -2.2627334778e+02    5.1203160586e+04   -3.7728251967e+02    1.5100917189e+02    1.7989823982e+02   -5.8078895500e+02    2.3608195510e+01    1.6422510000e+06    6.9366271971e+00    9.9275586864e-01
       232   -2.2628076918e+02    5.1206490982e+04   -3.7736389362e+02    1.5108312444e+02    1.7969399958e+02   -5.8064147961e+02    2.3583586408e+01    1.6136750000e+06    6.4928698598e+00    9.9273510097e-01
       233   -2.2628520078e+02    5.1208453092e+04   -3.7781537805e+02    1.5153017727e+02    1.7992081303e+02   -5.8136588210e+02    2.3629691017e+01    1.6373920000e+06    6.8085634965e+00    9.9271774243e-01
       234   -2.2627644921e+02    5.1204549001e+04   -3.7716710828e+02    1.5089065907e+02    1.7968529105e+02   -5.8037893466e+02    2.3526535333e+01    1.6444360000e+06    6.9357061626e+00    9.9273508072e-01
       235   -2.2627358021e+02    5.1203212120e+04   -3.7718600458e+02    1.5091242437e+02    1.7993680685e+02   -5.8072501682e+02    2.3602205396e+01    1.6364090000e+06    6.7506439288e+00    9.9277472678e-01
