 $DATA  
                                                                                
DNH      2

NE         10.0      0.0000000000      0.0000000000      0.0000000000
   S      10
     1             89.9998480000  0.00003370
     2             44.7457320000 -0.00055860
     3             22.2464880000  0.01858840
     4             11.0604110000 -0.12689730
     5              5.4989670000 -0.04853020
     6              2.7339530000  0.17891780
     7              1.3592550000  0.37701020
     8              0.6757880000  0.39006930
     9              0.3359850000  0.18553010
    10              0.1670440000  0.02494380
   P      10
     1             40.0013330000  0.00364740
     2             20.5924420000  0.03301820
     3             10.6008630000  0.06814330
     4              5.4572600000  0.13511940
     5              2.8093640000  0.21484190
     6              1.4462440000  0.26495200
     7              0.7445170000  0.25843380
     8              0.3832730000  0.19042960
     9              0.1973070000  0.08474940
    10              0.1015720000  0.01542050
   S       1
     1              0.3177670000  1.00000000
   S       1
     1              0.5345570000  1.00000000
   P       1
     1              0.2946650000  1.00000000
   P       1
     1              0.9621260000  1.00000000
   D       1
     1              1.1340630000  1.00000000
   D       1
     1              4.1614370000  1.00000000
   F       1
     1              2.5567510000  1.00000000
        
 $END      
--- OPEN SHELL ORBITALS --- GENERATED AT Wed Feb  6 12:42:50 2019
                                                                                
E(ROHF)=      -34.7088185703, E(NUC)=    0.0000000000,    7 ITERS
 $VEC   
 1  1 9.99995350E-01 0.00000000E+00 0.00000000E+00 0.00000000E+00-8.93073705E-06
 1  2 1.28382466E-05 0.00000000E+00 0.00000000E+00 0.00000000E+00 0.00000000E+00
 1  3 0.00000000E+00 0.00000000E+00 0.00000000E+00 0.00000000E+00 0.00000000E+00
 1  4 0.00000000E+00 0.00000000E+00 0.00000000E+00 0.00000000E+00 0.00000000E+00
 1  5 0.00000000E+00 0.00000000E+00 0.00000000E+00 0.00000000E+00 0.00000000E+00
 1  6 0.00000000E+00 0.00000000E+00 0.00000000E+00 0.00000000E+00 0.00000000E+00
 1  7 0.00000000E+00 0.00000000E+00 0.00000000E+00 0.00000000E+00
 2  1 0.00000000E+00 9.99998626E-01 0.00000000E+00 0.00000000E+00 0.00000000E+00
 2  2 0.00000000E+00 7.14695171E-07 0.00000000E+00 0.00000000E+00 9.52650594E-07
 2  3 0.00000000E+00 0.00000000E+00 0.00000000E+00 0.00000000E+00 0.00000000E+00
 2  4 0.00000000E+00 0.00000000E+00 0.00000000E+00 0.00000000E+00 0.00000000E+00
 2  5 0.00000000E+00 0.00000000E+00 0.00000000E+00 0.00000000E+00 0.00000000E+00
 2  6 0.00000000E+00 0.00000000E+00 0.00000000E+00 0.00000000E+00 0.00000000E+00
 2  7 0.00000000E+00 0.00000000E+00 0.00000000E+00 0.00000000E+00
 3  1 0.00000000E+00 0.00000000E+00 0.00000000E+00 9.99998626E-01 0.00000000E+00
 3  2 0.00000000E+00 0.00000000E+00 0.00000000E+00 7.14695171E-07 0.00000000E+00
 3  3 0.00000000E+00 9.52650593E-07 0.00000000E+00 0.00000000E+00 0.00000000E+00
 3  4 0.00000000E+00 0.00000000E+00 0.00000000E+00 0.00000000E+00 0.00000000E+00
 3  5 0.00000000E+00 0.00000000E+00 0.00000000E+00 0.00000000E+00 0.00000000E+00
 3  6 0.00000000E+00 0.00000000E+00 0.00000000E+00 0.00000000E+00 0.00000000E+00
 3  7 0.00000000E+00 0.00000000E+00 0.00000000E+00 0.00000000E+00
 4  1 0.00000000E+00 0.00000000E+00 9.99998626E-01 0.00000000E+00 0.00000000E+00
 4  2 0.00000000E+00 0.00000000E+00 7.14695172E-07 0.00000000E+00 0.00000000E+00
 4  3 9.52650597E-07 0.00000000E+00 0.00000000E+00 0.00000000E+00 0.00000000E+00
 4  4 0.00000000E+00 0.00000000E+00 0.00000000E+00 0.00000000E+00 0.00000000E+00
 4  5 0.00000000E+00 0.00000000E+00 0.00000000E+00 0.00000000E+00 0.00000000E+00
 4  6 0.00000000E+00 0.00000000E+00 0.00000000E+00 0.00000000E+00 0.00000000E+00
 4  7 0.00000000E+00 0.00000000E+00 0.00000000E+00 0.00000000E+00
 5  1-1.68361569E-01 0.00000000E+00 0.00000000E+00 0.00000000E+00 3.09888812E+00
 5  2-2.61309237E+00 0.00000000E+00 0.00000000E+00 0.00000000E+00 0.00000000E+00
 5  3 0.00000000E+00 0.00000000E+00 0.00000000E+00 0.00000000E+00 0.00000000E+00
 5  4 0.00000000E+00 0.00000000E+00 0.00000000E+00 0.00000000E+00 0.00000000E+00
 5  5 0.00000000E+00 0.00000000E+00 0.00000000E+00 0.00000000E+00 0.00000000E+00
 5  6 0.00000000E+00 0.00000000E+00 0.00000000E+00 0.00000000E+00 0.00000000E+00
 5  7 0.00000000E+00 0.00000000E+00 0.00000000E+00 0.00000000E+00
 6  1 0.00000000E+00-5.55209428E-01 0.00000000E+00 0.00000000E+00 0.00000000E+00
 6  2 0.00000000E+00 1.37634348E+00 0.00000000E+00 0.00000000E+00-4.18379242E-01
 6  3 0.00000000E+00 0.00000000E+00 0.00000000E+00 0.00000000E+00 0.00000000E+00
 6  4 0.00000000E+00 0.00000000E+00 0.00000000E+00 0.00000000E+00 0.00000000E+00
 6  5 0.00000000E+00 0.00000000E+00 0.00000000E+00 0.00000000E+00 0.00000000E+00
 6  6 0.00000000E+00 0.00000000E+00 0.00000000E+00 0.00000000E+00 0.00000000E+00
 6  7 0.00000000E+00 0.00000000E+00 0.00000000E+00 0.00000000E+00
 7  1 0.00000000E+00 0.00000000E+00-5.55209428E-01 0.00000000E+00 0.00000000E+00
 7  2 0.00000000E+00 0.00000000E+00 1.37634348E+00 0.00000000E+00 0.00000000E+00
 7  3-4.18379242E-01 0.00000000E+00 0.00000000E+00 0.00000000E+00 0.00000000E+00
 7  4 0.00000000E+00 0.00000000E+00 0.00000000E+00 0.00000000E+00 0.00000000E+00
 7  5 0.00000000E+00 0.00000000E+00 0.00000000E+00 0.00000000E+00 0.00000000E+00
 7  6 0.00000000E+00 0.00000000E+00 0.00000000E+00 0.00000000E+00 0.00000000E+00
 7  7 0.00000000E+00 0.00000000E+00 0.00000000E+00 0.00000000E+00
 8  1 0.00000000E+00 0.00000000E+00 0.00000000E+00-5.55209428E-01 0.00000000E+00
 8  2 0.00000000E+00 0.00000000E+00 0.00000000E+00 1.37634348E+00 0.00000000E+00
 8  3 0.00000000E+00-4.18379242E-01 0.00000000E+00 0.00000000E+00 0.00000000E+00
 8  4 0.00000000E+00 0.00000000E+00 0.00000000E+00 0.00000000E+00 0.00000000E+00
 8  5 0.00000000E+00 0.00000000E+00 0.00000000E+00 0.00000000E+00 0.00000000E+00
 8  6 0.00000000E+00 0.00000000E+00 0.00000000E+00 0.00000000E+00 0.00000000E+00
 8  7 0.00000000E+00 0.00000000E+00 0.00000000E+00 0.00000000E+00
 9  1 0.00000000E+00 0.00000000E+00 0.00000000E+00 0.00000000E+00 0.00000000E+00
 9  2 0.00000000E+00 0.00000000E+00 0.00000000E+00 0.00000000E+00 0.00000000E+00
 9  3 0.00000000E+00 0.00000000E+00 0.00000000E+00 0.00000000E+00 0.00000000E+00
 9  4 0.00000000E+00 1.00352286E+00 0.00000000E+00 0.00000000E+00 0.00000000E+00
 9  5 0.00000000E+00 0.00000000E+00-7.07919421E-03 0.00000000E+00 0.00000000E+00
 9  6 0.00000000E+00 0.00000000E+00 0.00000000E+00 0.00000000E+00 0.00000000E+00
 9  7 0.00000000E+00 0.00000000E+00 0.00000000E+00 0.00000000E+00
10  1 0.00000000E+00 0.00000000E+00 0.00000000E+00 0.00000000E+00 0.00000000E+00
10  2 0.00000000E+00 0.00000000E+00 0.00000000E+00 0.00000000E+00 0.00000000E+00
10  3 0.00000000E+00 0.00000000E+00-5.01761431E-01-5.01761431E-01 1.00352286E+00
10  4 0.00000000E+00 0.00000000E+00 0.00000000E+00 3.53959710E-03 3.53959710E-03
10  5-7.07919421E-03 0.00000000E+00 0.00000000E+00 0.00000000E+00 0.00000000E+00
10  6 0.00000000E+00 0.00000000E+00 0.00000000E+00 0.00000000E+00 0.00000000E+00
10  7 0.00000000E+00 0.00000000E+00 0.00000000E+00 0.00000000E+00
11  1 0.00000000E+00 0.00000000E+00 0.00000000E+00 0.00000000E+00 0.00000000E+00
11  2 0.00000000E+00 0.00000000E+00 0.00000000E+00 0.00000000E+00 0.00000000E+00
11  3 0.00000000E+00 0.00000000E+00 0.00000000E+00 0.00000000E+00 0.00000000E+00
11  4 0.00000000E+00 0.00000000E+00 1.00352286E+00 0.00000000E+00 0.00000000E+00
11  5 0.00000000E+00 0.00000000E+00 0.00000000E+00-7.07919421E-03 0.00000000E+00
11  6 0.00000000E+00 0.00000000E+00 0.00000000E+00 0.00000000E+00 0.00000000E+00
11  7 0.00000000E+00 0.00000000E+00 0.00000000E+00 0.00000000E+00
12  1 0.00000000E+00 0.00000000E+00 0.00000000E+00 0.00000000E+00 0.00000000E+00
12  2 0.00000000E+00 0.00000000E+00 0.00000000E+00 0.00000000E+00 0.00000000E+00
12  3 0.00000000E+00 0.00000000E+00 0.00000000E+00 0.00000000E+00 0.00000000E+00
12  4 1.00352286E+00 0.00000000E+00 0.00000000E+00 0.00000000E+00 0.00000000E+00
12  5 0.00000000E+00-7.07919421E-03 0.00000000E+00 0.00000000E+00 0.00000000E+00
12  6 0.00000000E+00 0.00000000E+00 0.00000000E+00 0.00000000E+00 0.00000000E+00
12  7 0.00000000E+00 0.00000000E+00 0.00000000E+00 0.00000000E+00
13  1 0.00000000E+00 0.00000000E+00 0.00000000E+00 0.00000000E+00 0.00000000E+00
13  2 0.00000000E+00 0.00000000E+00 0.00000000E+00 0.00000000E+00 0.00000000E+00
13  3 0.00000000E+00 0.00000000E+00 8.69076291E-01-8.69076291E-01 0.00000000E+00
13  4 0.00000000E+00 0.00000000E+00 0.00000000E+00-6.13076202E-03 6.13076202E-03
13  5 0.00000000E+00 0.00000000E+00 0.00000000E+00 0.00000000E+00 0.00000000E+00
13  6 0.00000000E+00 0.00000000E+00 0.00000000E+00 0.00000000E+00 0.00000000E+00
13  7 0.00000000E+00 0.00000000E+00 0.00000000E+00 0.00000000E+00
14  1 0.00000000E+00-2.52718280E+00 0.00000000E+00 0.00000000E+00 0.00000000E+00
14  2 0.00000000E+00 8.83420291E-02 0.00000000E+00 0.00000000E+00 2.65864768E+00
14  3 0.00000000E+00 0.00000000E+00 0.00000000E+00 0.00000000E+00 0.00000000E+00
14  4 0.00000000E+00 0.00000000E+00 0.00000000E+00 0.00000000E+00 0.00000000E+00
14  5 0.00000000E+00 0.00000000E+00 0.00000000E+00 0.00000000E+00 0.00000000E+00
14  6 0.00000000E+00 0.00000000E+00 0.00000000E+00 0.00000000E+00 0.00000000E+00
14  7 0.00000000E+00 0.00000000E+00 0.00000000E+00 0.00000000E+00
15  1 0.00000000E+00 0.00000000E+00 0.00000000E+00-2.52718280E+00 0.00000000E+00
15  2 0.00000000E+00 0.00000000E+00 0.00000000E+00 8.83420291E-02 0.00000000E+00
15  3 0.00000000E+00 2.65864768E+00 0.00000000E+00 0.00000000E+00 0.00000000E+00
15  4 0.00000000E+00 0.00000000E+00 0.00000000E+00 0.00000000E+00 0.00000000E+00
15  5 0.00000000E+00 0.00000000E+00 0.00000000E+00 0.00000000E+00 0.00000000E+00
15  6 0.00000000E+00 0.00000000E+00 0.00000000E+00 0.00000000E+00 0.00000000E+00
15  7 0.00000000E+00 0.00000000E+00 0.00000000E+00 0.00000000E+00
16  1 0.00000000E+00 0.00000000E+00-2.52718280E+00 0.00000000E+00 0.00000000E+00
16  2 0.00000000E+00 0.00000000E+00 8.83420291E-02 0.00000000E+00 0.00000000E+00
16  3 2.65864768E+00 0.00000000E+00 0.00000000E+00 0.00000000E+00 0.00000000E+00
16  4 0.00000000E+00 0.00000000E+00 0.00000000E+00 0.00000000E+00 0.00000000E+00
16  5 0.00000000E+00 0.00000000E+00 0.00000000E+00 0.00000000E+00 0.00000000E+00
16  6 0.00000000E+00 0.00000000E+00 0.00000000E+00 0.00000000E+00 0.00000000E+00
16  7 0.00000000E+00 0.00000000E+00 0.00000000E+00 0.00000000E+00
17  1-5.05341555E+00 0.00000000E+00 0.00000000E+00 0.00000000E+00-2.85742437E+00
17  2 7.79282294E+00 0.00000000E+00 0.00000000E+00 0.00000000E+00 0.00000000E+00
17  3 0.00000000E+00 0.00000000E+00 0.00000000E+00 0.00000000E+00 0.00000000E+00
17  4 0.00000000E+00 0.00000000E+00 0.00000000E+00 0.00000000E+00 0.00000000E+00
17  5 0.00000000E+00 0.00000000E+00 0.00000000E+00 0.00000000E+00 0.00000000E+00
17  6 0.00000000E+00 0.00000000E+00 0.00000000E+00 0.00000000E+00 0.00000000E+00
17  7 0.00000000E+00 0.00000000E+00 0.00000000E+00 0.00000000E+00
18  1 0.00000000E+00 0.00000000E+00 0.00000000E+00 0.00000000E+00 0.00000000E+00
18  2 0.00000000E+00 0.00000000E+00 0.00000000E+00 0.00000000E+00 0.00000000E+00
18  3 0.00000000E+00 0.00000000E+00 0.00000000E+00 0.00000000E+00 0.00000000E+00
18  4 0.00000000E+00 0.00000000E+00 0.00000000E+00 0.00000000E+00 0.00000000E+00
18  5 0.00000000E+00 0.00000000E+00 0.00000000E+00 0.00000000E+00 0.00000000E+00
18  6-6.12372436E-01 0.00000000E+00-2.73861279E-01 0.00000000E+00 0.00000000E+00
18  7 0.00000000E+00 0.00000000E+00 1.09544512E+00 0.00000000E+00
19  1 0.00000000E+00 0.00000000E+00 0.00000000E+00 0.00000000E+00 0.00000000E+00
19  2 0.00000000E+00 0.00000000E+00 0.00000000E+00 0.00000000E+00 0.00000000E+00
19  3 0.00000000E+00 0.00000000E+00 0.00000000E+00 0.00000000E+00 0.00000000E+00
19  4 0.00000000E+00 0.00000000E+00 0.00000000E+00 0.00000000E+00 0.00000000E+00
19  5 0.00000000E+00 0.00000000E+00 0.00000000E+00 0.00000000E+00-6.12372436E-01
19  6 0.00000000E+00 0.00000000E+00 0.00000000E+00 0.00000000E+00-2.73861279E-01
19  7 0.00000000E+00 1.09544512E+00 0.00000000E+00 0.00000000E+00
20  1 0.00000000E+00 0.00000000E+00 0.00000000E+00 0.00000000E+00 0.00000000E+00
20  2 0.00000000E+00 0.00000000E+00 0.00000000E+00 0.00000000E+00 0.00000000E+00
20  3 0.00000000E+00 0.00000000E+00 0.00000000E+00 0.00000000E+00 0.00000000E+00
20  4 0.00000000E+00 0.00000000E+00 0.00000000E+00 0.00000000E+00 0.00000000E+00
20  5 0.00000000E+00 0.00000000E+00 0.00000000E+00 0.00000000E+00-7.90569415E-01
20  6 0.00000000E+00 0.00000000E+00 0.00000000E+00 0.00000000E+00 1.06066017E+00
20  7 0.00000000E+00 0.00000000E+00 0.00000000E+00 0.00000000E+00
21  1 0.00000000E+00 0.00000000E+00 0.00000000E+00 0.00000000E+00 0.00000000E+00
21  2 0.00000000E+00 0.00000000E+00 0.00000000E+00 0.00000000E+00 0.00000000E+00
21  3 0.00000000E+00 0.00000000E+00 0.00000000E+00 0.00000000E+00 0.00000000E+00
21  4 0.00000000E+00 0.00000000E+00 0.00000000E+00 0.00000000E+00 0.00000000E+00
21  5 0.00000000E+00 0.00000000E+00 0.00000000E+00 0.00000000E+00 0.00000000E+00
21  6-7.90569415E-01 0.00000000E+00 1.06066017E+00 0.00000000E+00 0.00000000E+00
21  7 0.00000000E+00 0.00000000E+00 0.00000000E+00 0.00000000E+00
22  1 0.00000000E+00 0.00000000E+00 0.00000000E+00 0.00000000E+00 0.00000000E+00
22  2 0.00000000E+00 0.00000000E+00 0.00000000E+00 0.00000000E+00 0.00000000E+00
22  3 0.00000000E+00 0.00000000E+00 0.00000000E+00 0.00000000E+00 0.00000000E+00
22  4 0.00000000E+00 0.00000000E+00 0.00000000E+00 0.00000000E+00 0.00000000E+00
22  5 0.00000000E+00 0.00000000E+00 0.00000000E+00 0.00000000E+00 0.00000000E+00
22  6 0.00000000E+00 0.00000000E+00 0.00000000E+00 8.66025404E-01 0.00000000E+00
22  7-8.66025404E-01 0.00000000E+00 0.00000000E+00 0.00000000E+00
23  1 0.00000000E+00 0.00000000E+00 0.00000000E+00 0.00000000E+00 0.00000000E+00
23  2 0.00000000E+00 0.00000000E+00 0.00000000E+00 0.00000000E+00 0.00000000E+00
23  3 0.00000000E+00 0.00000000E+00 0.00000000E+00 0.00000000E+00 0.00000000E+00
23  4 0.00000000E+00 0.00000000E+00 0.00000000E+00 0.00000000E+00 0.00000000E+00
23  5 0.00000000E+00 0.00000000E+00 0.00000000E+00 0.00000000E+00 0.00000000E+00
23  6 0.00000000E+00 1.00000000E+00 0.00000000E+00-6.70820393E-01 0.00000000E+00
23  7-6.70820393E-01 0.00000000E+00 0.00000000E+00 0.00000000E+00
24  1 0.00000000E+00 0.00000000E+00 0.00000000E+00 0.00000000E+00 0.00000000E+00
24  2 0.00000000E+00 0.00000000E+00 0.00000000E+00 0.00000000E+00 0.00000000E+00
24  3 0.00000000E+00 0.00000000E+00 0.00000000E+00 0.00000000E+00 0.00000000E+00
24  4 0.00000000E+00 0.00000000E+00 0.00000000E+00 0.00000000E+00 0.00000000E+00
24  5 0.00000000E+00 0.00000000E+00 0.00000000E+00 0.00000000E+00 0.00000000E+00
24  6 0.00000000E+00 0.00000000E+00 0.00000000E+00 0.00000000E+00 0.00000000E+00
24  7 0.00000000E+00 0.00000000E+00 0.00000000E+00 1.00000000E+00
25  1 0.00000000E+00 0.00000000E+00 0.00000000E+00 0.00000000E+00 0.00000000E+00
25  2 0.00000000E+00 0.00000000E+00 0.00000000E+00 0.00000000E+00 0.00000000E+00
25  3 0.00000000E+00 0.00000000E+00 2.85827910E-01 2.85827910E-01-5.71655819E-01
25  4 0.00000000E+00 0.00000000E+00 0.00000000E+00-5.77450949E-01-5.77450949E-01
25  5 1.15490190E+00 0.00000000E+00 0.00000000E+00 0.00000000E+00 0.00000000E+00
25  6 0.00000000E+00 0.00000000E+00 0.00000000E+00 0.00000000E+00 0.00000000E+00
25  7 0.00000000E+00 0.00000000E+00 0.00000000E+00 0.00000000E+00
26  1 0.00000000E+00 0.00000000E+00 0.00000000E+00 0.00000000E+00 0.00000000E+00
26  2 0.00000000E+00 0.00000000E+00 0.00000000E+00 0.00000000E+00 0.00000000E+00
26  3 0.00000000E+00 0.00000000E+00 0.00000000E+00 0.00000000E+00 0.00000000E+00
26  4 0.00000000E+00-5.71655819E-01 0.00000000E+00 0.00000000E+00 0.00000000E+00
26  5 0.00000000E+00 0.00000000E+00 1.15490190E+00 0.00000000E+00 0.00000000E+00
26  6 0.00000000E+00 0.00000000E+00 0.00000000E+00 0.00000000E+00 0.00000000E+00
26  7 0.00000000E+00 0.00000000E+00 0.00000000E+00 0.00000000E+00
27  1 0.00000000E+00 0.00000000E+00 0.00000000E+00 0.00000000E+00 0.00000000E+00
27  2 0.00000000E+00 0.00000000E+00 0.00000000E+00 0.00000000E+00 0.00000000E+00
27  3 0.00000000E+00 0.00000000E+00-4.95068462E-01 4.95068462E-01 0.00000000E+00
27  4 0.00000000E+00 0.00000000E+00 0.00000000E+00 1.00017438E+00-1.00017438E+00
27  5 0.00000000E+00 0.00000000E+00 0.00000000E+00 0.00000000E+00 0.00000000E+00
27  6 0.00000000E+00 0.00000000E+00 0.00000000E+00 0.00000000E+00 0.00000000E+00
27  7 0.00000000E+00 0.00000000E+00 0.00000000E+00 0.00000000E+00
28  1 0.00000000E+00 0.00000000E+00 0.00000000E+00 0.00000000E+00 0.00000000E+00
28  2 0.00000000E+00 0.00000000E+00 0.00000000E+00 0.00000000E+00 0.00000000E+00
28  3 0.00000000E+00 0.00000000E+00 0.00000000E+00 0.00000000E+00 0.00000000E+00
28  4-5.71655819E-01 0.00000000E+00 0.00000000E+00 0.00000000E+00 0.00000000E+00
28  5 0.00000000E+00 1.15490190E+00 0.00000000E+00 0.00000000E+00 0.00000000E+00
28  6 0.00000000E+00 0.00000000E+00 0.00000000E+00 0.00000000E+00 0.00000000E+00
28  7 0.00000000E+00 0.00000000E+00 0.00000000E+00 0.00000000E+00
29  1 0.00000000E+00 0.00000000E+00 0.00000000E+00 0.00000000E+00 0.00000000E+00
29  2 0.00000000E+00 0.00000000E+00 0.00000000E+00 0.00000000E+00 0.00000000E+00
29  3 0.00000000E+00 0.00000000E+00 0.00000000E+00 0.00000000E+00 0.00000000E+00
29  4 0.00000000E+00 0.00000000E+00-5.71655819E-01 0.00000000E+00 0.00000000E+00
29  5 0.00000000E+00 0.00000000E+00 0.00000000E+00 1.15490190E+00 0.00000000E+00
29  6 0.00000000E+00 0.00000000E+00 0.00000000E+00 0.00000000E+00 0.00000000E+00
29  7 0.00000000E+00 0.00000000E+00 0.00000000E+00 0.00000000E+00
 $END   
 POPULATION ANALYSIS
NE           8.00000   0.00000   8.00000  -0.00000
 MOMENTS AT POINT    1 X,Y,Z=  0.000000  0.000000  0.000000
 DIPOLE       0.000000  0.000000  0.000000
