#   index    LocalEnergy         LocalEnergy_sq      LocalPotential      Kinetic             ElecElec            LocalECP            NonLocalECP         BlockWeight         BlockCPU            AcceptRatio         
         0   -1.4509221829e+02    2.1054125172e+04   -2.3547682636e+02    9.0384608074e+01    1.1050977445e+02   -3.6275261382e+02    1.6766013005e+01    2.0482300000e+05    8.1916815927e-01    9.4382972551e-01
         1   -1.4508760508e+02    2.1052776189e+04   -2.3580737210e+02    9.0719767018e+01    1.1061096123e+02   -3.6314278210e+02    1.6724448770e+01    2.0478800000e+05    7.4044498405e-01    9.4335488599e-01
         2   -1.4509963010e+02    2.1056321327e+04   -2.3554166476e+02    9.0442034660e+01    1.1055740353e+02   -3.6283763758e+02    1.6738569287e+01    2.0477100000e+05    7.4219576968e-01    9.4340177239e-01
         3   -1.4509363592e+02    2.1054613608e+04   -2.3579481746e+02    9.0701181539e+01    1.1068368677e+02   -3.6307454534e+02    1.6596041113e+01    2.0481100000e+05    7.5700307614e-01    9.4365871491e-01
         4   -1.4509383812e+02    2.1054563505e+04   -2.3564672229e+02    9.0552884169e+01    1.1058572618e+02   -3.6296956516e+02    1.6737116688e+01    2.0419500000e+05    7.2045085160e-01    9.4366379865e-01
         5   -1.4509769698e+02    2.1055680178e+04   -2.3518981227e+02    9.0092115295e+01    1.1033491640e+02   -3.6207115569e+02    1.6546427017e+01    2.0259000000e+05    6.9673143676e-01    9.4382221649e-01
         6   -1.4509144072e+02    2.1053842898e+04   -2.3536732000e+02    9.0275879287e+01    1.1043732462e+02   -3.6247390283e+02    1.6669258212e+01    2.0284100000e+05    6.9987996574e-01    9.4358437298e-01
         7   -1.4509906657e+02    2.1056138863e+04   -2.3530106439e+02    9.0201997819e+01    1.1029011076e+02   -3.6213753403e+02    1.6546358885e+01    2.0653500000e+05    8.1858466496e-01    9.4364413551e-01
         8   -1.4509161585e+02    2.1053902819e+04   -2.3518703652e+02    9.0095420668e+01    1.1034359652e+02   -3.6205925980e+02    1.6528626764e+01    2.0666400000e+05    8.4653330781e-01    9.4369308875e-01
         9   -1.4509854557e+02    2.1055967123e+04   -2.3519947689e+02    9.0100931318e+01    1.1024198172e+02   -3.6203027077e+02    1.6588812153e+01    2.0567200000e+05    8.1269166758e-01    9.4380434244e-01
        10   -1.4508974955e+02    2.1053372428e+04   -2.3549311886e+02    9.0403369307e+01    1.1038006983e+02   -3.6246708098e+02    1.6593892292e+01    2.0286100000e+05    7.0011457545e-01    9.4379784679e-01
        11   -1.4508603427e+02    2.1052190102e+04   -2.3554425441e+02    9.0458220135e+01    1.1059421990e+02   -3.6277873255e+02    1.6640258247e+01    2.0400400000e+05    7.3055338650e-01    9.4340533914e-01
        12   -1.4508782223e+02    2.1052879111e+04   -2.3538275755e+02    9.0294935329e+01    1.1037290879e+02   -3.6243563659e+02    1.6679970249e+01    2.0370800000e+05    7.0017253445e-01    9.4378532912e-01
        13   -1.4508330734e+02    2.1051468562e+04   -2.3510125295e+02    9.0017945613e+01    1.1016685330e+02   -3.6191457870e+02    1.6646472449e+01    2.0216000000e+05    6.9544592593e-01    9.4386790971e-01
        14   -1.4510204455e+02    2.1056978134e+04   -2.3501740544e+02    8.9915360891e+01    1.1006794012e+02   -3.6144693936e+02    1.6361593803e+01    2.0608000000e+05    7.8920927667e-01    9.4397841516e-01
        15   -1.4508525391e+02    2.1052212433e+04   -2.3550037390e+02    9.0415119993e+01    1.1044770898e+02   -3.6245866624e+02    1.6510583360e+01    2.0701300000e+05    8.0546054943e-01    9.4355117069e-01
        16   -1.4509472997e+02    2.1054829339e+04   -2.3531342360e+02    9.0218693630e+01    1.1049053375e+02   -3.6238859703e+02    1.6584639683e+01    2.0469300000e+05    7.5428615883e-01    9.4394257852e-01
        17   -1.4509417830e+02    2.1054736271e+04   -2.3537115842e+02    9.0276980123e+01    1.1034832322e+02   -3.6240128918e+02    1.6681807540e+01    2.0502700000e+05    7.6578133903e-01    9.4363376178e-01
        18   -1.4509021428e+02    2.1053638666e+04   -2.3520612927e+02    9.0115914990e+01    1.1017781284e+02   -3.6194730998e+02    1.6563367867e+01    2.0220900000e+05    7.1016615024e-01    9.4361957489e-01
        19   -1.4508539604e+02    2.1052171618e+04   -2.3547159446e+02    9.0386198416e+01    1.1035908398e+02   -3.6243411768e+02    1.6603439237e+01    2.0370800000e+05    7.1827892005e-01    9.4365209770e-01
        20   -1.4509818615e+02    2.1055885392e+04   -2.3526721951e+02    9.0169033365e+01    1.1018127792e+02   -3.6208667399e+02    1.6638176555e+01    2.0466900000e+05    7.5917540677e-01    9.4391282132e-01
        21   -1.4509018746e+02    2.1054202918e+04   -2.3528601246e+02    9.0195824997e+01    1.1022129805e+02   -3.6222155646e+02    1.6714245945e+01    2.0645900000e+05    8.2131904713e-01    9.4352436731e-01
        22   -1.4508593500e+02    2.1052251707e+04   -2.3549633436e+02    9.0410399356e+01    1.1028014629e+02   -3.6234984595e+02    1.6573365298e+01    2.0776500000e+05    8.2763835276e-01    9.4352381240e-01
        23   -1.4508957334e+02    2.1053492172e+04   -2.3553155070e+02    9.0441977356e+01    1.1029474850e+02   -3.6242143492e+02    1.6595135718e+01    2.0438700000e+05    7.5014353031e-01    9.4349932688e-01
        24   -1.4509535825e+02    2.1055100680e+04   -2.3534467138e+02    9.0249313132e+01    1.1027187900e+02   -3.6225964789e+02    1.6643097516e+01    2.0203900000e+05    6.9684712030e-01    9.4337776393e-01
        25   -1.4509395969e+02    2.1054591304e+04   -2.3526921866e+02    9.0175258973e+01    1.1022139138e+02   -3.6201866347e+02    1.6528053425e+01    2.0389400000e+05    7.1666113427e-01    9.4357428781e-01
        26   -1.4508750382e+02    2.1052710135e+04   -2.3544394856e+02    9.0356444736e+01    1.1022996847e+02   -3.6231640491e+02    1.6642487886e+01    2.0340200000e+05    7.1486144722e-01    9.4370551081e-01
        27   -1.4509038106e+02    2.1053537694e+04   -2.3562374023e+02    9.0533359175e+01    1.1030518125e+02   -3.6266996636e+02    1.6741044872e+01    2.0336400000e+05    6.9301359938e-01    9.4363449632e-01
        28   -1.4508984868e+02    2.1053431560e+04   -2.3516399351e+02    9.0074144827e+01    1.1013960686e+02   -3.6198862086e+02    1.6685020491e+01    2.0102700000e+05    7.0263375645e-01    9.4354966473e-01
        29   -1.4508836215e+02    2.1053106144e+04   -2.3573384825e+02    9.0645486105e+01    1.1046078676e+02   -3.6293548889e+02    1.6740853882e+01    2.0342100000e+05    7.1523779165e-01    9.4345675103e-01
        30   -1.4508605215e+02    2.1052277880e+04   -2.3513541160e+02    9.0049359449e+01    1.1032657805e+02   -3.6211856301e+02    1.6656573359e+01    2.0282100000e+05    7.1575123910e-01    9.4371954067e-01
        31   -1.4509315244e+02    2.1054346583e+04   -2.3511739021e+02    9.0024237767e+01    1.1022585001e+02   -3.6188353766e+02    1.6540297438e+01    2.0114100000e+05    7.1369980974e-01    9.4399063953e-01
        32   -1.4509572059e+02    2.1055107125e+04   -2.3525359678e+02    9.0157876186e+01    1.1042377099e+02   -3.6231264674e+02    1.6635278968e+01    2.0367200000e+05    7.2481581452e-01    9.4374285359e-01
        33   -1.4509823439e+02    2.1056064317e+04   -2.3514329689e+02    9.0045062500e+01    1.1025701314e+02   -3.6191925488e+02    1.6518944854e+01    2.0532300000e+05    7.6516183978e-01    9.4382162289e-01
        34   -1.4509085835e+02    2.1053632858e+04   -2.3516820832e+02    9.0077349965e+01    1.1020082924e+02   -3.6199673967e+02    1.6627702118e+01    2.0405300000e+05    7.5897407788e-01    9.4354277606e-01
        35   -1.4509492801e+02    2.1054892263e+04   -2.3542871972e+02    9.0333791709e+01    1.1029581012e+02   -3.6233314901e+02    1.6608619168e+01    2.0389700000e+05    7.4204213894e-01    9.4338757636e-01
        36   -1.4508808643e+02    2.1052945436e+04   -2.3536943272e+02    9.0281346288e+01    1.1022500328e+02   -3.6209220925e+02    1.6497773253e+01    2.0387900000e+05    7.1832403913e-01    9.4364799406e-01
        37   -1.4509332228e+02    2.1054439270e+04   -2.3562136929e+02    9.0528047015e+01    1.1039715148e+02   -3.6260093949e+02    1.6582418718e+01    2.0815300000e+05    8.2611175254e-01    9.4346681559e-01
        38   -1.4509069797e+02    2.1053687644e+04   -2.3501142073e+02    8.9920722759e+01    1.1030547353e+02   -3.6193004548e+02    1.6613151225e+01    2.0717400000e+05    8.2801514934e-01    9.4382830750e-01
        39   -1.4508820189e+02    2.1052950812e+04   -2.3509677574e+02    9.0008573846e+01    1.1029167433e+02   -3.6195992994e+02    1.6571479869e+01    2.0692900000e+05    8.1923080795e-01    9.4359608986e-01
        40   -1.4509285666e+02    2.1054299784e+04   -2.3517736906e+02    9.0084512399e+01    1.1030188707e+02   -3.6211962990e+02    1.6640373772e+01    2.0544000000e+05    7.9434779892e-01    9.4386145806e-01
        41   -1.4509255694e+02    2.1054288591e+04   -2.3564392116e+02    9.0551364216e+01    1.1058354190e+02   -3.6291639995e+02    1.6688936901e+01    2.0580200000e+05    8.0826947978e-01    9.4370968269e-01
        42   -1.4509323171e+02    2.1054513773e+04   -2.3557343530e+02    9.0480203582e+01    1.1049961291e+02   -3.6275847827e+02    1.6685430064e+01    2.0566600000e+05    8.0498219002e-01    9.4355816398e-01
        43   -1.4508495355e+02    2.1052017306e+04   -2.3538697622e+02    9.0302022667e+01    1.1044832509e+02   -3.6230643137e+02    1.6471130063e+01    2.0777400000e+05    8.3413419710e-01    9.4373116536e-01
        44   -1.4509051479e+02    2.1053619838e+04   -2.3561006680e+02    9.0519552012e+01    1.1058973162e+02   -3.6280482794e+02    1.6605029526e+01    2.0868100000e+05    8.3454101486e-01    9.4369482260e-01
        45   -1.4508755466e+02    2.1052687859e+04   -2.3560927610e+02    9.0521721438e+01    1.1061195507e+02   -3.6288764026e+02    1.6666409088e+01    2.0762700000e+05    8.3149021585e-01    9.4344011805e-01
        46   -1.4508154712e+02    2.1051022867e+04   -2.3573356070e+02    9.0652013579e+01    1.1047367735e+02   -3.6294944543e+02    1.6742207379e+01    2.0209000000e+05    7.0285586081e-01    9.4358480528e-01
        47   -1.4509731287e+02    2.1055599388e+04   -2.3554293041e+02    9.0445617540e+01    1.1047868115e+02   -3.6271868292e+02    1.6697071357e+01    2.0090500000e+05    7.0607968024e-01    9.4356474291e-01
        48   -1.4508355797e+02    2.1051643236e+04   -2.3575188353e+02    9.0668325552e+01    1.1063178648e+02   -3.6302821909e+02    1.6644549085e+01    1.9953900000e+05    7.0928727393e-01    9.4335793301e-01
        49   -1.4508878167e+02    2.1053164734e+04   -2.3553733032e+02    9.0448548651e+01    1.1041860744e+02   -3.6259432291e+02    1.6638385146e+01    2.0005400000e+05    6.9582339143e-01    9.4356476903e-01
        50   -1.4509552673e+02    2.1055032292e+04   -2.3533579019e+02    9.0240263460e+01    1.1033366993e+02   -3.6227279895e+02    1.6603338829e+01    2.0208900000e+05    6.9830851466e-01    9.4364124196e-01
        51   -1.4509537441e+02    2.1055067246e+04   -2.3552296472e+02    9.0427590315e+01    1.1054692955e+02   -3.6282425797e+02    1.6754363704e+01    2.0341900000e+05    7.0664993138e-01    9.4372017737e-01
        52   -1.4509134283e+02    2.1053843708e+04   -2.3549623459e+02    9.0404891765e+01    1.1044896140e+02   -3.6257990939e+02    1.6634713388e+01    2.0436700000e+05    7.2020359617e-01    9.4361249346e-01
        53   -1.4508983510e+02    2.1053792019e+04   -2.3510976366e+02    9.0019928568e+01    1.1052257024e+02   -3.6228157728e+02    1.6649243380e+01    2.0598700000e+05    8.0846379488e-01    9.4365755352e-01
        54   -1.4509966617e+02    2.1056200124e+04   -2.3518270834e+02    9.0083042167e+01    1.1027838316e+02   -3.6211535245e+02    1.6654260955e+01    2.0708100000e+05    8.1596482871e-01    9.4378990414e-01
        55   -1.4509539843e+02    2.1055111705e+04   -2.3514543288e+02    9.0050034444e+01    1.1035148864e+02   -3.6204213587e+02    1.6545214351e+01    2.0567200000e+05    8.0111458059e-01    9.4377624584e-01
        56   -1.4509150193e+02    2.1053990100e+04   -2.3515999421e+02    9.0068492288e+01    1.1038091071e+02   -3.6221639082e+02    1.6675485890e+01    2.0467200000e+05    7.5139439898e-01    9.4356138771e-01
        57   -1.4509784771e+02    2.1055763627e+04   -2.3570355659e+02    9.0605708877e+01    1.1058248906e+02   -3.6285487135e+02    1.6568825706e+01    2.0301600000e+05    7.1948725823e-01    9.4356776916e-01
        58   -1.4509491130e+02    2.1055141324e+04   -2.3536101830e+02    9.0266107001e+01    1.1035499587e+02   -3.6226031503e+02    1.6544300860e+01    2.0423200000e+05    7.3160612932e-01    9.4347650082e-01
        59   -1.4510880108e+02    2.1058958533e+04   -2.3511693565e+02    9.0008134569e+01    1.1029414379e+02   -3.6191774773e+02    1.6506668286e+01    2.0584000000e+05    8.1248039659e-01    9.4375093054e-01
        60   -1.4509172254e+02    2.1053901273e+04   -2.3489868827e+02    8.9806965736e+01    1.1011292869e+02   -3.6154880213e+02    1.6537185163e+01    2.0600000000e+05    8.1219292991e-01    9.4370045315e-01
        61   -1.4509434369e+02    2.1054661266e+04   -2.3513529952e+02    9.0040955826e+01    1.1017567831e+02   -3.6193212426e+02    1.6621146434e+01    2.0345700000e+05    7.2153722309e-01    9.4388008877e-01
        62   -1.4509439912e+02    2.1054766071e+04   -2.3535953081e+02    9.0265131682e+01    1.1036823321e+02   -3.6241340210e+02    1.6685638087e+01    2.0532200000e+05    7.8132711467e-01    9.4346633498e-01
        63   -1.4509711079e+02    2.1055566126e+04   -2.3535315029e+02    9.0256039499e+01    1.1023021978e+02   -3.6203745285e+02    1.6454082789e+01    2.0542400000e+05    7.7411419479e-01    9.4357816347e-01
        64   -1.4508894984e+02    2.1053129234e+04   -2.3515798249e+02    9.0069032649e+01    1.1020525824e+02   -3.6195203271e+02    1.6588791984e+01    2.0405500000e+05    7.2039438062e-01    9.4376010890e-01
        65   -1.4509554524e+02    2.1055204585e+04   -2.3521877001e+02    9.0123224766e+01    1.1024597612e+02   -3.6198870869e+02    1.6523962564e+01    2.0347800000e+05    7.1423042961e-01    9.4380799895e-01
        66   -1.4509209994e+02    2.1054123301e+04   -2.3516610351e+02    9.0074003568e+01    1.1023816460e+02   -3.6200775796e+02    1.6603489857e+01    2.0664600000e+05    8.1962100347e-01    9.4384724080e-01
        67   -1.4509631149e+02    2.1055238917e+04   -2.3513069871e+02    9.0034387224e+01    1.1015031577e+02   -3.6188847793e+02    1.6607463449e+01    2.0719700000e+05    8.3882381022e-01    9.4381443830e-01
        68   -1.4509770575e+02    2.1055851184e+04   -2.3505188000e+02    8.9954174249e+01    1.1012744600e+02   -3.6172402282e+02    1.6544696821e+01    2.0564300000e+05    8.1993045215e-01    9.4403998418e-01
        69   -1.4509323899e+02    2.1054359744e+04   -2.3531030086e+02    9.0217061868e+01    1.1030025419e+02   -3.6224079674e+02    1.6630241695e+01    2.0493500000e+05    7.5995104876e-01    9.4379441429e-01
        70   -1.4509395205e+02    2.1055004571e+04   -2.3529806973e+02    9.0204117673e+01    1.1034490057e+02   -3.6213135655e+02    1.6488386252e+01    2.0607100000e+05    8.1662434572e-01    9.4361718348e-01
        71   -1.4508921861e+02    2.1053187044e+04   -2.3503959599e+02    8.9950377383e+01    1.1021273547e+02   -3.6176429442e+02    1.6511962961e+01    2.0476200000e+05    8.1715164008e-01    9.4375245000e-01
        72   -1.4509789427e+02    2.1055846066e+04   -2.3552577479e+02    9.0427880521e+01    1.1045643568e+02   -3.6266404708e+02    1.6681836615e+01    2.0525700000e+05    7.8237730893e-01    9.4349584867e-01
        73   -1.4509455591e+02    2.1054765407e+04   -2.3486424541e+02    8.9769689499e+01    1.1019950251e+02   -3.6165045984e+02    1.6586711914e+01    2.0670200000e+05    8.2293062145e-01    9.4374049702e-01
        74   -1.4509673089e+02    2.1055518017e+04   -2.3524192977e+02    9.0145198884e+01    1.1031965217e+02   -3.6199386296e+02    1.6432281020e+01    2.0665400000e+05    8.2038298785e-01    9.4365685087e-01
        75   -1.4509654478e+02    2.1055361959e+04   -2.3529203506e+02    9.0195490282e+01    1.1029207949e+02   -3.6221708769e+02    1.6632973136e+01    2.0650300000e+05    8.3387410524e-01    9.4378867955e-01
        76   -1.4509896751e+02    2.1056238299e+04   -2.3528165789e+02    9.0182690375e+01    1.1021195836e+02   -3.6204711596e+02    1.6553499710e+01    2.0506200000e+05    7.7070487128e-01    9.4367002413e-01
        77   -1.4508618673e+02    2.1052296715e+04   -2.3512167145e+02    9.0035484726e+01    1.1025037942e+02   -3.6194667524e+02    1.6574624367e+01    2.0383800000e+05    6.9702825486e-01    9.4357970476e-01
        78   -1.4509896388e+02    2.1056061082e+04   -2.3525044252e+02    9.0151478636e+01    1.1037244182e+02   -3.6222980748e+02    1.6606923140e+01    2.0480900000e+05    7.5720280688e-01    9.4376251321e-01
        79   -1.4510193488e+02    2.1057127330e+04   -2.3524855544e+02    9.0146620561e+01    1.1029973111e+02   -3.6211109597e+02    1.6562809415e+01    2.0496300000e+05    7.5509405765e-01    9.4377706292e-01
        80   -1.4508413673e+02    2.1051833346e+04   -2.3531931946e+02    9.0235182738e+01    1.1032129416e+02   -3.6228473103e+02    1.6644117409e+01    2.0435300000e+05    7.3622282222e-01    9.4382172444e-01
        81   -1.4509466613e+02    2.1054996033e+04   -2.3519790617e+02    9.0103240040e+01    1.1029220418e+02   -3.6207291212e+02    1.6582801765e+01    2.0421900000e+05    7.8344357223e-01    9.4378423832e-01
        82   -1.4509079467e+02    2.1053770376e+04   -2.3546535377e+02    9.0374559101e+01    1.1033361414e+02   -3.6241676311e+02    1.6617795199e+01    2.0635100000e+05    8.2578159659e-01    9.4353607909e-01
        83   -1.4508324194e+02    2.1051465424e+04   -2.3510755259e+02    9.0024310644e+01    1.1025056292e+02   -3.6200049042e+02    1.6642374907e+01    2.0419400000e+05    8.5982450703e-01    9.4370154295e-01
        84   -1.4509262356e+02    2.1054326136e+04   -2.3529884666e+02    9.0206223099e+01    1.1028669498e+02   -3.6213589275e+02    1.6550351111e+01    2.0194800000e+05    7.0372363087e-01    9.4373497105e-01
        85   -1.4509219587e+02    2.1054098592e+04   -2.3520175356e+02    9.0109557691e+01    1.1037706343e+02   -3.6219005192e+02    1.6611234929e+01    2.0336900000e+05    7.6105639036e-01    9.4371634028e-01
        86   -1.4509208633e+02    2.1054160247e+04   -2.3574870228e+02    9.0656615952e+01    1.1044876088e+02   -3.6284943017e+02    1.6651967014e+01    2.0517700000e+05    7.8569482802e-01    9.4333645136e-01
        87   -1.4508470687e+02    2.1051834799e+04   -2.3535045180e+02    9.0265744927e+01    1.1026611339e+02   -3.6217717755e+02    1.6560612370e+01    2.0692500000e+05    8.3146002912e-01    9.4369247007e-01
        88   -1.4508916197e+02    2.1053098802e+04   -2.3510068033e+02    9.0011518362e+01    1.1020061736e+02   -3.6179380872e+02    1.6492511032e+01    2.0410700000e+05    7.2543357778e-01    9.4399826568e-01
        89   -1.4509681182e+02    2.1055396133e+04   -2.3503300862e+02    8.9936196799e+01    1.1019773630e+02   -3.6176142274e+02    1.6530677825e+01    2.0522700000e+05    7.6546608494e-01    9.4391988029e-01
        90   -1.4509292846e+02    2.1054355623e+04   -2.3521091027e+02    9.0117981816e+01    1.1034117719e+02   -3.6217800075e+02    1.6625913281e+01    2.0505300000e+05    7.7285647485e-01    9.4376794536e-01
        91   -1.4509822967e+02    2.1055789592e+04   -2.3495082684e+02    8.9852597162e+01    1.1018246439e+02   -3.6169803366e+02    1.6564742436e+01    2.0603400000e+05    8.0635959818e-01    9.4380408755e-01
        92   -1.4509321974e+02    2.1054473291e+04   -2.3524512498e+02    9.0151905236e+01    1.1034533238e+02   -3.6202853891e+02    1.6438081555e+01    2.0450800000e+05    7.1976954839e-01    9.4369668062e-01
        93   -1.4509251792e+02    2.1054142774e+04   -2.3520026967e+02    9.0107751754e+01    1.1032347267e+02   -3.6213276558e+02    1.6609023242e+01    2.0681300000e+05    8.1030479958e-01    9.4374710790e-01
        94   -1.4508817564e+02    2.1052956793e+04   -2.3511170219e+02    9.0023526554e+01    1.1032014486e+02   -3.6209258507e+02    1.6660738023e+01    2.0418600000e+05    7.2350015538e-01    9.4377592328e-01
        95   -1.4509216647e+02    2.1054113253e+04   -2.3527833640e+02    9.0186169935e+01    1.1040460557e+02   -3.6222458505e+02    1.6541643075e+01    2.0414600000e+05    7.4148039729e-01    9.4376009252e-01
        96   -1.4508421326e+02    2.1051781805e+04   -2.3528865992e+02    9.0204446655e+01    1.1037027854e+02   -3.6224659603e+02    1.6587657580e+01    2.0461100000e+05    8.1879149401e-01    9.4346997718e-01
        97   -1.4508482162e+02    2.1051896502e+04   -2.3530894871e+02    9.0224127096e+01    1.1033515003e+02   -3.6218359761e+02    1.6539498866e+01    2.0317700000e+05    9.4676722423e-01    9.4363624092e-01
        98   -1.4508821023e+02    2.1053007665e+04   -2.3546243924e+02    9.0374229008e+01    1.1038555502e+02   -3.6249216703e+02    1.6644172775e+01    2.0296400000e+05    9.2502099788e-01    9.4355495661e-01
        99   -1.4508812538e+02    2.1052937890e+04   -2.3548058435e+02    9.0392458976e+01    1.1042434552e+02   -3.6259450107e+02    1.6689571199e+01    2.0349300000e+05    9.2391332146e-01    9.4349758619e-01
       100   -1.4509883756e+02    2.1055995784e+04   -2.3542217417e+02    9.0323336609e+01    1.1050912729e+02   -3.6239210626e+02    1.6460804803e+01    2.0322200000e+05    9.3683864293e-01    9.4352544916e-01
       101   -1.4509197937e+02    2.1054157626e+04   -2.3554373631e+02    9.0451756939e+01    1.1037221885e+02   -3.6256417597e+02    1.6648220811e+01    2.0249700000e+05    9.3224980612e-01    9.4370850972e-01
       102   -1.4509070349e+02    2.1053701726e+04   -2.3549755676e+02    9.0406853274e+01    1.1031991654e+02   -3.6237577619e+02    1.6558302890e+01    2.0546900000e+05    9.3792835204e-01    9.4352837213e-01
       103   -1.4509023909e+02    2.1053429843e+04   -2.3513864998e+02    9.0048410889e+01    1.1030696094e+02   -3.6201338941e+02    1.6567778485e+01    2.0175800000e+05    9.1281640809e-01    9.4373671122e-01
       104   -1.4509731248e+02    2.1055564961e+04   -2.3544414236e+02    9.0346829879e+01    1.1025325919e+02   -3.6236034936e+02    1.6662947800e+01    2.0222000000e+05    9.5765195647e-01    9.4367165853e-01
       105   -1.4509483616e+02    2.1054847470e+04   -2.3534848413e+02    9.0253647975e+01    1.1016502793e+02   -3.6222893353e+02    1.6715421473e+01    2.0237800000e+05    9.1720807576e-01    9.4361128767e-01
       106   -1.4508326602e+02    2.1051513929e+04   -2.3540661967e+02    9.0323353653e+01    1.1034802901e+02   -3.6245029898e+02    1.6695650307e+01    2.0104200000e+05    9.1698082769e-01    9.4375497945e-01
       107   -1.4507866458e+02    2.1050229826e+04   -2.3533333719e+02    9.0254672610e+01    1.1026600502e+02   -3.6219960400e+02    1.6600261786e+01    2.0258600000e+05    9.1295278375e-01    9.4348257671e-01
       108   -1.4509268196e+02    2.1054156125e+04   -2.3552817243e+02    9.0435490471e+01    1.1033724630e+02   -3.6252279277e+02    1.6657374036e+01    2.0567700000e+05    8.9900803403e-01    9.4369406929e-01
       109   -1.4509855130e+02    2.1055972845e+04   -2.3527561284e+02    9.0177061537e+01    1.1039051857e+02   -3.6236551919e+02    1.6699387774e+01    2.0562500000e+05    9.2017100006e-01    9.4346149754e-01
       110   -1.4509988579e+02    2.1056451621e+04   -2.3559039563e+02    9.0490509843e+01    1.1046589915e+02   -3.6267701420e+02    1.6620719424e+01    2.0489000000e+05    9.0717986249e-01    9.4346218694e-01
       111   -1.4508998187e+02    2.1053564398e+04   -2.3563174085e+02    9.0541758982e+01    1.1050047068e+02   -3.6268990644e+02    1.6557694908e+01    2.0487700000e+05    9.2492912221e-01    9.4332465078e-01
       112   -1.4508490821e+02    2.1051988953e+04   -2.3509114948e+02    9.0006241279e+01    1.1030290818e+02   -3.6205575316e+02    1.6661695489e+01    2.0382800000e+05    8.7178962119e-01    9.4377027487e-01
       113   -1.4510234867e+02    2.1057130597e+04   -2.3510439592e+02    9.0002047251e+01    1.1034136091e+02   -3.6201948797e+02    1.6573731138e+01    2.0523500000e+05    9.0245716367e-01    9.4395592745e-01
       114   -1.4509544924e+02    2.1055097032e+04   -2.3545364528e+02    9.0358196039e+01    1.1024743105e+02   -3.6225349702e+02    1.6552420685e+01    2.0679000000e+05    8.8862620201e-01    9.4367133472e-01
       115   -1.4508688217e+02    2.1052717192e+04   -2.3531229507e+02    9.0225412896e+01    1.1038048994e+02   -3.6241324239e+02    1.6720457389e+01    2.0547400000e+05    8.9421201567e-01    9.4384655508e-01
       116   -1.4509227823e+02    2.1054051651e+04   -2.3544747464e+02    9.0355196416e+01    1.1036273188e+02   -3.6235989857e+02    1.6549692044e+01    2.0524700000e+05    8.9931360027e-01    9.4348556014e-01
       117   -1.4509628927e+02    2.1055436883e+04   -2.3526015492e+02    9.0163865650e+01    1.1029061898e+02   -3.6211169042e+02    1.6560916520e+01    2.0384900000e+05    8.4030632162e-01    9.4360112699e-01
       118   -1.4508896080e+02    2.1053181689e+04   -2.3512465849e+02    9.0035697683e+01    1.1019394177e+02   -3.6184878497e+02    1.6530184716e+01    2.0463400000e+05    8.9203567710e-01    9.4370722185e-01
       119   -1.4508715882e+02    2.1052668911e+04   -2.3565455466e+02    9.0567395839e+01    1.1052840286e+02   -3.6282627760e+02    1.6643320079e+01    2.0285800000e+05    8.4659762075e-01    9.4375288526e-01
       120   -1.4508750365e+02    2.1052818393e+04   -2.3523325803e+02    9.0145754380e+01    1.1038719275e+02   -3.6203317333e+02    1.6412722553e+01    2.0055400000e+05    8.8133075391e-01    9.4348605259e-01
       121   -1.4508632653e+02    2.1052423783e+04   -2.3540736012e+02    9.0321033590e+01    1.1027633874e+02   -3.6229910634e+02    1.6615407477e+01    1.9950200000e+05    9.0016858326e-01    9.4361057538e-01
       122   -1.4508525577e+02    2.1052126303e+04   -2.3499558861e+02    8.9910332846e+01    1.1008601917e+02   -3.6165866804e+02    1.6577060266e+01    1.9944000000e+05    9.0622985060e-01    9.4366987132e-01
       123   -1.4508888094e+02    2.1053072885e+04   -2.3541540516e+02    9.0326524215e+01    1.1041842061e+02   -3.6256008787e+02    1.6726262103e+01    2.0087400000e+05    8.9745820151e-01    9.4352731506e-01
       124   -1.4509756496e+02    2.1055804449e+04   -2.3526924990e+02    9.0171684935e+01    1.1026606790e+02   -3.6230322893e+02    1.6767911134e+01    2.0288500000e+05    8.9976803120e-01    9.4376554331e-01
       125   -1.4509772710e+02    2.1055725828e+04   -2.3567742646e+02    9.0579699358e+01    1.1022377021e+02   -3.6234964913e+02    1.6448452461e+01    2.0485100000e+05    8.7951857224e-01    9.4355859177e-01
       126   -1.4509943971e+02    2.1056372663e+04   -2.3535020182e+02    9.0250762106e+01    1.1021124838e+02   -3.6213168516e+02    1.6570234958e+01    2.0536400000e+05    9.1648864094e-01    9.4365787009e-01
       127   -1.4509547145e+02    2.1055191607e+04   -2.3567381091e+02    9.0578339462e+01    1.1047708339e+02   -3.6276331439e+02    1.6612420090e+01    2.0808300000e+05    9.0974539309e-01    9.4346460810e-01
       128   -1.4508645628e+02    2.1052383079e+04   -2.3541490723e+02    9.0328450957e+01    1.1024648261e+02   -3.6216938291e+02    1.6507993069e+01    2.0684100000e+05    9.2075400217e-01    9.4358401480e-01
       129   -1.4508965644e+02    2.1053391921e+04   -2.3518593704e+02    9.0096280605e+01    1.1008065002e+02   -3.6180193677e+02    1.6535349709e+01    2.0263400000e+05    9.2102573998e-01    9.4367057535e-01
       130   -1.4509084746e+02    2.1053743132e+04   -2.3526402435e+02    9.0173176888e+01    1.1028438468e+02   -3.6220288868e+02    1.6654479652e+01    2.0309000000e+05    8.5783497826e-01    9.4373258336e-01
       131   -1.4509669282e+02    2.1055497156e+04   -2.3544041327e+02    9.0343720450e+01    1.1033036164e+02   -3.6243769269e+02    1.6666917768e+01    2.0429000000e+05    9.1035755211e-01    9.4335649146e-01
       132   -1.4509130857e+02    2.1053814627e+04   -2.3550193250e+02    9.0410623926e+01    1.1019175920e+02   -3.6226336853e+02    1.6569676836e+01    2.0540900000e+05    9.0224323771e-01    9.4371978654e-01
       133   -1.4509259059e+02    2.1054158671e+04   -2.3523748987e+02    9.0144899290e+01    1.1030746621e+02   -3.6205673008e+02    1.6511773989e+01    2.0472800000e+05    9.1507749073e-01    9.4377237913e-01
       134   -1.4508918633e+02    2.1053199473e+04   -2.3551576302e+02    9.0426576688e+01    1.1041508069e+02   -3.6251444209e+02    1.6583598369e+01    2.0483100000e+05    9.1227217205e-01    9.4369968438e-01
       135   -1.4509661057e+02    2.1055387685e+04   -2.3525353177e+02    9.0156921205e+01    1.1025596803e+02   -3.6190498322e+02    1.6395483418e+01    2.0342400000e+05    9.0123295970e-01    9.4368524291e-01
       136   -1.4509677977e+02    2.1055416073e+04   -2.3532121683e+02    9.0224437063e+01    1.1050407908e+02   -3.6247092596e+02    1.6645630048e+01    2.0550400000e+05    9.2736592377e-01    9.4376747115e-01
       137   -1.4509164687e+02    2.1053971671e+04   -2.3585690936e+02    9.0765262491e+01    1.1055533542e+02   -3.6293866525e+02    1.6526420467e+01    2.0330700000e+05    9.1896633920e-01    9.4325077344e-01
       138   -1.4508939211e+02    2.1053372354e+04   -2.3535433635e+02    9.0264944246e+01    1.1030821446e+02   -3.6225737193e+02    1.6594821124e+01    2.0063700000e+05    1.0063070760e+00    9.4371884083e-01
       139   -1.4508924896e+02    2.1053366395e+04   -2.3508044133e+02    8.9991192375e+01    1.1029640730e+02   -3.6197252546e+02    1.6595676828e+01    2.0038700000e+05    8.9567537815e-01    9.4355619846e-01
       140   -1.4509361910e+02    2.1054830695e+04   -2.3560304581e+02    9.0509426712e+01    1.1056763467e+02   -3.6275793514e+02    1.6587254657e+01    2.0134000000e+05    8.9843285806e-01    9.4344485289e-01
       141   -1.4509959366e+02    2.1056449342e+04   -2.3526805871e+02    9.0168465058e+01    1.1045901466e+02   -3.6240366624e+02    1.6676592868e+01    2.0264800000e+05    8.8923044712e-01    9.4376390775e-01
       142   -1.4509150749e+02    2.1053881546e+04   -2.3526900172e+02    9.0177494232e+01    1.1031864856e+02   -3.6229911779e+02    1.6711467505e+01    2.0461100000e+05    8.6791654979e-01    9.4359205510e-01
       143   -1.4509276394e+02    2.1054225404e+04   -2.3522793819e+02    9.0135174244e+01    1.1023201135e+02   -3.6198896367e+02    1.6529014135e+01    2.0701700000e+05    9.0699597099e-01    9.4348629400e-01
       144   -1.4509485745e+02    2.1054829532e+04   -2.3523907693e+02    9.0144219485e+01    1.1034945365e+02   -3.6222797544e+02    1.6639444860e+01    2.0676400000e+05    8.7910326710e-01    9.4368119288e-01
       145   -1.4509580818e+02    2.1055189292e+04   -2.3509892617e+02    9.0003117996e+01    1.1021160674e+02   -3.6186579331e+02    1.6555260399e+01    2.0801700000e+05    8.9133788180e-01    9.4372325545e-01
       146   -1.4509184590e+02    2.1053936998e+04   -2.3539274128e+02    9.0300895378e+01    1.1044387987e+02   -3.6256963858e+02    1.6733017436e+01    2.0587900000e+05    8.5874098702e-01    9.4353246485e-01
       147   -1.4509018381e+02    2.1053598536e+04   -2.3529223383e+02    9.0202050022e+01    1.1034468051e+02   -3.6219849983e+02    1.6561585489e+01    2.0343200000e+05    8.9242608682e-01    9.4369115628e-01
       148   -1.4509578273e+02    2.1055238312e+04   -2.3548469160e+02    9.0388908871e+01    1.1034552487e+02   -3.6233961591e+02    1.6509399441e+01    2.0055300000e+05    9.1491468041e-01    9.4358204167e-01
       149   -1.4508606606e+02    2.1052212359e+04   -2.3526954567e+02    9.0183479618e+01    1.1044967720e+02   -3.6221261455e+02    1.6493391680e+01    2.0380200000e+05    9.5612468431e-01    9.4359437302e-01
       150   -1.4509079578e+02    2.1054235131e+04   -2.3549889103e+02    9.0408095249e+01    1.1046605591e+02   -3.6262880435e+02    1.6663857409e+01    2.0499200000e+05    8.6995324492e-01    9.4365208201e-01
       151   -1.4509276725e+02    2.1054275505e+04   -2.3530244874e+02    9.0209681489e+01    1.1028613509e+02   -3.6223129462e+02    1.6642710788e+01    2.0400000000e+05    8.8467656146e-01    9.4347042040e-01
       152   -1.4508218375e+02    2.1051185638e+04   -2.3509262036e+02    9.0010436609e+01    1.1024556818e+02   -3.6177029273e+02    1.6432104201e+01    2.0237700000e+05    9.4004294369e-01    9.4375804508e-01
       153   -1.4509531071e+02    2.1054932092e+04   -2.3495733002e+02    8.9862019312e+01    1.1013473927e+02   -3.6177684893e+02    1.6684779636e+01    2.0453600000e+05    9.4614757807e-01    9.4359508072e-01
       154   -1.4509958412e+02    2.1056243291e+04   -2.3552913831e+02    9.0429554193e+01    1.1028983897e+02   -3.6233408104e+02    1.6515103768e+01    2.0662000000e+05    9.1839937423e-01    9.4375691847e-01
       155   -1.4509052387e+02    2.1053708687e+04   -2.3559149751e+02    9.0500973646e+01    1.1042098341e+02   -3.6265654689e+02    1.6644065967e+01    2.0800500000e+05    9.4722981821e-01    9.4377319216e-01
       156   -1.4509181986e+02    2.1053891325e+04   -2.3504018191e+02    8.9948362053e+01    1.1024912466e+02   -3.6174827429e+02    1.6458967708e+01    2.0643900000e+05    9.1760915378e-01    9.4381098588e-01
       157   -1.4510184083e+02    2.1056940639e+04   -2.3483229593e+02    8.9730455099e+01    1.1017189251e+02   -3.6153946516e+02    1.6535276725e+01    2.0410900000e+05    8.6392352101e-01    9.4404535626e-01
       158   -1.4509827988e+02    2.1055878474e+04   -2.3536455273e+02    9.0266272845e+01    1.1023072426e+02   -3.6235949071e+02    1.6764213719e+01    2.0457700000e+05    9.0757763269e-01    9.4361060294e-01
       159   -1.4510534600e+02    2.1057968857e+04   -2.3549726485e+02    9.0391918845e+01    1.1031166031e+02   -3.6230609218e+02    1.6497167025e+01    2.0502500000e+05    8.8091580663e-01    9.4365161021e-01
       160   -1.4510198543e+02    2.1057017616e+04   -2.3526775176e+02    9.0165766327e+01    1.1039346997e+02   -3.6235707870e+02    1.6695856978e+01    2.0266100000e+05    8.8540674094e-01    9.4337813425e-01
       161   -1.4509492950e+02    2.1054875001e+04   -2.3518887186e+02    9.0093942364e+01    1.1033959093e+02   -3.6215661541e+02    1.6628152618e+01    2.0134100000e+05    8.7369451299e-01    9.4355476728e-01
       162   -1.4509462151e+02    2.1054794249e+04   -2.3555103676e+02    9.0456415250e+01    1.1048695585e+02   -3.6263309074e+02    1.6595098138e+01    2.0354200000e+05    8.6046721670e-01    9.4356653741e-01
       163   -1.4509179613e+02    2.1053968277e+04   -2.3543825744e+02    9.0346461311e+01    1.1030805149e+02   -3.6226728399e+02    1.6520975063e+01    2.0308900000e+05    8.8462333428e-01    9.4364088194e-01
       164   -1.4510650919e+02    2.1058373209e+04   -2.3536968703e+02    9.0263177842e+01    1.1023866074e+02   -3.6209097366e+02    1.6482625894e+01    2.0347200000e+05    9.1895698593e-01    9.4374352804e-01
       165   -1.4509513424e+02    2.1054989703e+04   -2.3529251183e+02    9.0197377589e+01    1.1030356195e+02   -3.6222302975e+02    1.6626955971e+01    2.0484400000e+05    9.0247023525e-01    9.4347082121e-01
       166   -1.4508952262e+02    2.1053300658e+04   -2.3559769247e+02    9.0508169846e+01    1.1043903408e+02   -3.6261241152e+02    1.6575684976e+01    2.0437000000e+05    9.1704801377e-01    9.4350732719e-01
       167   -1.4508214369e+02    2.1051252625e+04   -2.3546108387e+02    9.0378940175e+01    1.1041960288e+02   -3.6249299914e+02    1.6612312393e+01    2.0394000000e+05    9.1127485665e-01    9.4346163671e-01
       168   -1.4508913982e+02    2.1053082685e+04   -2.3556139142e+02    9.0472251603e+01    1.1038569979e+02   -3.6263341542e+02    1.6686324203e+01    1.9978700000e+05    8.6298134248e-01    9.4359676732e-01
       169   -1.4509515392e+02    2.1054942471e+04   -2.3541414970e+02    9.0318995772e+01    1.1035247594e+02   -3.6247477481e+02    1.6708149167e+01    2.0058100000e+05    9.1316242306e-01    9.4338700680e-01
       170   -1.4509488131e+02    2.1054953341e+04   -2.3499960332e+02    8.9904722007e+01    1.1025172830e+02   -3.6177394434e+02    1.6522612725e+01    2.0557700000e+05    9.0591736650e-01    9.4382083428e-01
       171   -1.4509501655e+02    2.1054794262e+04   -2.3501246430e+02    8.9917447749e+01    1.1039699503e+02   -3.6205880185e+02    1.6649342525e+01    2.0491400000e+05    8.9950500592e-01    9.4379934271e-01
       172   -1.4509718472e+02    2.1055578873e+04   -2.3534875671e+02    9.0251571993e+01    1.1035084529e+02   -3.6230469404e+02    1.6605092040e+01    2.0181400000e+05    8.6393987248e-01    9.4377882343e-01
       173   -1.4509418401e+02    2.1054712160e+04   -2.3496011102e+02    8.9865927013e+01    1.1019078826e+02   -3.6164540633e+02    1.6494507047e+01    2.0101000000e+05    9.5148779918e-01    9.4398358384e-01
       174   -1.4510019835e+02    2.1056489276e+04   -2.3569523283e+02    9.0595034478e+01    1.1052765432e+02   -3.6281640713e+02    1.6593519989e+01    2.0124500000e+05    9.6229244000e-01    9.4347615806e-01
       175   -1.4508020635e+02    2.1050577601e+04   -2.3537513984e+02    9.0294933495e+01    1.1039134374e+02   -3.6234153026e+02    1.6575046671e+01    2.0328100000e+05    9.6662990260e-01    9.4375731566e-01
       176   -1.4508782584e+02    2.1052815075e+04   -2.3561810291e+02    9.0530277069e+01    1.1041263695e+02   -3.6264777774e+02    1.6617037868e+01    2.0031400000e+05    9.4698552182e-01    9.4321141899e-01
       177   -1.4508560758e+02    2.1052219473e+04   -2.3538232990e+02    9.0296722323e+01    1.1021157571e+02   -3.6218302663e+02    1.6589121019e+01    1.9874600000e+05    9.1275110818e-01    9.4331921802e-01
       178   -1.4508982824e+02    2.1053419381e+04   -2.3553477648e+02    9.0444948244e+01    1.1043249603e+02   -3.6270804666e+02    1.6740774152e+01    2.0283600000e+05    9.6878044074e-01    9.4374520669e-01
       179   -1.4508925860e+02    2.1053258793e+04   -2.3517692093e+02    9.0087662324e+01    1.1020889446e+02   -3.6206728927e+02    1.6681473882e+01    2.0607300000e+05    9.4745653914e-01    9.4361189601e-01
       180   -1.4509778968e+02    2.1055737109e+04   -2.3535166243e+02    9.0253872753e+01    1.1018360139e+02   -3.6223151448e+02    1.6696250664e+01    2.0414900000e+05    1.0202209663e+00    9.4354316352e-01
       181   -1.4509160224e+02    2.1054087924e+04   -2.3518642215e+02    9.0094819914e+01    1.1009031177e+02   -3.6188130529e+02    1.6604571364e+01    2.0622400000e+05    9.6783707221e-01    9.4390724892e-01
       182   -1.4509383352e+02    2.1054592100e+04   -2.3539483863e+02    9.0301005107e+01    1.1020903284e+02   -3.6228373351e+02    1.6679862042e+01    2.0518900000e+05    9.7527699964e-01    9.4359545681e-01
       183   -1.4509832427e+02    2.1055849153e+04   -2.3528281256e+02    9.0184488283e+01    1.1018555056e+02   -3.6203512136e+02    1.6566758237e+01    2.0546200000e+05    9.8412302579e-01    9.4369867747e-01
       184   -1.4508168384e+02    2.1051047528e+04   -2.3509244079e+02    9.0010756948e+01    1.1023602979e+02   -3.6186178753e+02    1.6533316943e+01    2.0549900000e+05    9.4107210170e-01    9.4374899687e-01
       185   -1.4508293261e+02    2.1051495858e+04   -2.3540215625e+02    9.0319223639e+01    1.1027561403e+02   -3.6236030048e+02    1.6682530208e+01    2.0069300000e+05    9.1216214793e-01    9.4334498751e-01
       186   -1.4509748877e+02    2.1055733842e+04   -2.3511533909e+02    9.0017850317e+01    1.1024097314e+02   -3.6191605768e+02    1.6559745449e+01    1.9985300000e+05    9.6634068200e-01    9.4374008249e-01
       187   -1.4507999900e+02    2.1050544400e+04   -2.3553149776e+02    9.0451498765e+01    1.1027951378e+02   -3.6247240930e+02    1.6661397761e+01    2.0205600000e+05    9.7110837908e-01    9.4348989795e-01
       188   -1.4510130915e+02    2.1056808825e+04   -2.3542091712e+02    9.0319607974e+01    1.1014910654e+02   -3.6203145664e+02    1.6461432977e+01    2.0433800000e+05    9.1845347220e-01    9.4348233366e-01
       189   -1.4509331248e+02    2.1054450342e+04   -2.3498006832e+02    8.9886755843e+01    1.1004600942e+02   -3.6162140204e+02    1.6595324307e+01    2.0258000000e+05    9.1069408343e-01    9.4393387166e-01
       190   -1.4508735302e+02    2.1052746714e+04   -2.3495836383e+02    8.9871010810e+01    1.1008428772e+02   -3.6149155875e+02    1.6448907192e+01    2.0162700000e+05    8.5818229546e-01    9.4390518816e-01
       191   -1.4510555272e+02    2.1058025236e+04   -2.3522619883e+02    9.0120646111e+01    1.1024920585e+02   -3.6205056486e+02    1.6575160179e+01    2.0321100000e+05    8.0909382156e-01    9.4376031829e-01
       192   -1.4509210371e+02    2.1054097916e+04   -2.3529035688e+02    9.0198253173e+01    1.1017612893e+02   -3.6210461338e+02    1.6638127563e+01    2.0649700000e+05    8.8192715775e-01    9.4354929361e-01
       193   -1.4508953515e+02    2.1053313124e+04   -2.3502671326e+02    8.9937178104e+01    1.1009973714e+02   -3.6176333009e+02    1.6636879696e+01    2.0523400000e+05    8.3825241704e-01    9.4374580836e-01
       194   -1.4508963965e+02    2.1053311453e+04   -2.3532382739e+02    9.0234187733e+01    1.1024740395e+02   -3.6229925878e+02    1.6728027449e+01    2.0288200000e+05    8.3350884705e-01    9.4369245890e-01
       195   -1.4509398608e+02    2.1054642383e+04   -2.3529567646e+02    9.0201690389e+01    1.1033242152e+02   -3.6217331322e+02    1.6545215243e+01    2.0253900000e+05    8.5764509486e-01    9.4363676218e-01
       196   -1.4509327282e+02    2.1054520965e+04   -2.3542958674e+02    9.0336313919e+01    1.1030734191e+02   -3.6230206123e+02    1.6565132581e+01    2.0184800000e+05    8.5402407357e-01    9.4366763724e-01
       197   -1.4509274505e+02    2.1054329489e+04   -2.3551674403e+02    9.0423998977e+01    1.1034951877e+02   -3.6246006778e+02    1.6593804974e+01    2.0311300000e+05    9.1245470499e-01    9.4356776246e-01
       198   -1.4509325785e+02    2.1054387080e+04   -2.3522772980e+02    9.0134471955e+01    1.1034076052e+02   -3.6224731197e+02    1.6678821655e+01    2.0367600000e+05    8.9570931089e-01    9.4372905556e-01
       199   -1.4510018586e+02    2.1056453316e+04   -2.3516419666e+02    9.0064010800e+01    1.1024141995e+02   -3.6196982820e+02    1.6564211598e+01    2.0368000000e+05    8.8260235498e-01    9.4371994510e-01
