#   index    LocalEnergy         LocalEnergy_sq      LocalPotential      Kinetic             ElecElec            LocalECP            NonLocalECP         BlockWeight         BlockCPU            AcceptRatio         
         0   -1.4499359534e+02    2.1025660116e+04   -2.3445197521e+02    8.9458379870e+01    1.1033886011e+02   -3.6216642359e+02    1.7375588270e+01    1.0240000000e+03    4.4481302612e-03    5.0604319853e-01
         1   -1.4496729335e+02    2.1017937340e+04   -2.3482098230e+02    8.9853688951e+01    1.1040954641e+02   -3.6379014932e+02    1.8559620615e+01    1.0240000000e+03    4.2877548840e-03    5.0703125000e-01
         2   -1.4492437442e+02    2.1005356468e+04   -2.3476060309e+02    8.9836228668e+01    1.1022877342e+02   -3.6184844074e+02    1.6859064236e+01    1.0240000000e+03    4.2522922158e-03    5.0659466912e-01
         3   -1.4487114246e+02    2.0990116952e+04   -2.3476387467e+02    8.9892732207e+01    1.1090962061e+02   -3.6241142555e+02    1.6737930276e+01    1.0240000000e+03    4.1987281293e-03    5.0814568015e-01
         4   -1.4489477001e+02    2.0996851841e+04   -2.3450669530e+02    8.9611925284e+01    1.1151318685e+02   -3.6346354452e+02    1.7443662365e+01    1.0240000000e+03    4.1843054350e-03    5.0477941176e-01
         5   -1.4490431169e+02    2.0999955340e+04   -2.3497668111e+02    9.0072369421e+01    1.1087099104e+02   -3.6346501378e+02    1.7617341626e+01    1.0240000000e+03    4.1969476733e-03    5.0961626838e-01
         6   -1.4487927231e+02    2.0992693937e+04   -2.3470016209e+02    8.9820889775e+01    1.1061344282e+02   -3.6228710187e+02    1.6973496969e+01    1.0240000000e+03    4.1772541590e-03    5.0643382353e-01
         7   -1.4489296439e+02    2.0996566900e+04   -2.3359652710e+02    8.8703562719e+01    1.1054186004e+02   -3.6080317633e+02    1.6664789180e+01    1.0240000000e+03    4.1826143861e-03    5.0916819853e-01
         8   -1.4501073723e+02    2.1030823504e+04   -2.3505391976e+02    9.0043182524e+01    1.1010739821e+02   -3.6204579202e+02    1.6884474054e+01    1.0240000000e+03    4.1786483489e-03    5.1000689338e-01
         9   -1.4501795592e+02    2.1033101225e+04   -2.3242153274e+02    8.7403576821e+01    1.0959136231e+02   -3.5912507278e+02    1.7112177718e+01    1.0240000000e+03    4.1865149979e-03    5.0929457721e-01
        10   -1.4489851656e+02    2.0998057380e+04   -2.3208183823e+02    8.7183321673e+01    1.0979448844e+02   -3.5983861972e+02    1.7962293042e+01    1.0240000000e+03    4.1910172440e-03    5.0798483456e-01
        11   -1.4498840786e+02    2.1024019033e+04   -2.3236394518e+02    8.7375537318e+01    1.0999821217e+02   -3.6037346349e+02    1.8011306143e+01    1.0240000000e+03    4.1892933659e-03    5.0986902574e-01
        12   -1.4491367812e+02    2.1002723012e+04   -2.3423485392e+02    8.9321175806e+01    1.1051931567e+02   -3.6216410121e+02    1.7409931612e+01    1.0240000000e+03    4.1943101678e-03    5.0724954044e-01
        13   -1.4500534070e+02    2.1029705436e+04   -2.3423214838e+02    8.9226807682e+01    1.0984655463e+02   -3.6162397967e+02    1.7545276663e+01    1.0240000000e+03    4.1715949774e-03    5.0916819853e-01
        14   -1.4498809089e+02    2.1023901109e+04   -2.3263364991e+02    8.7645559025e+01    1.0960016624e+02   -3.5878476967e+02    1.6550953513e+01    1.0240000000e+03    4.1624566074e-03    5.0675551471e-01
        15   -1.4499408469e+02    2.1025578924e+04   -2.3441328379e+02    8.9419199101e+01    1.1007015558e+02   -3.6121799976e+02    1.6734560396e+01    1.0240000000e+03    4.1656529065e-03    5.0981158088e-01
        16   -1.4510458647e+02    2.1058379085e+04   -2.3400482893e+02    8.8900242461e+01    1.1062448429e+02   -3.6200326307e+02    1.7373949854e+01    1.0240000000e+03    4.1519035585e-03    5.0868566176e-01
        17   -1.4494983126e+02    2.1012987373e+04   -2.3442129822e+02    8.9471466953e+01    1.1122147146e+02   -3.6369892901e+02    1.8056159337e+01    1.0240000000e+03    4.1756120045e-03    5.0881204044e-01
        18   -1.4488727105e+02    2.0994621443e+04   -2.3648003169e+02    9.1592760635e+01    1.1124015049e+02   -3.6477208106e+02    1.7051898884e+01    1.0240000000e+03    4.1822113562e-03    5.0706571691e-01
        19   -1.4491318213e+02    2.1002428795e+04   -2.3554936392e+02    9.0636181794e+01    1.1073882622e+02   -3.6377840405e+02    1.7490213909e+01    1.0240000000e+03    4.1262672748e-03    5.0421645221e-01
        20   -1.4496725359e+02    2.1017940640e+04   -2.3434228640e+02    8.9375032805e+01    1.1099004031e+02   -3.6446234127e+02    1.9130014567e+01    1.0240000000e+03    4.1608668398e-03    5.0842141544e-01
        21   -1.4495055020e+02    2.1013164309e+04   -2.3529361904e+02    9.0343068835e+01    1.1047449525e+02   -3.6373094058e+02    1.7962826294e+01    1.0240000000e+03    4.1667213663e-03    5.0597426471e-01
        22   -1.4482970242e+02    2.0978142874e+04   -2.3507273033e+02    9.0243027915e+01    1.1078028156e+02   -3.6278914524e+02    1.6936133350e+01    1.0240000000e+03    4.1795736179e-03    5.0942095588e-01
        23   -1.4500440008e+02    2.1028800712e+04   -2.3455540244e+02    8.9551002365e+01    1.1070842694e+02   -3.6225591294e+02    1.6992083565e+01    1.0240000000e+03    4.1717253625e-03    5.0605468750e-01
        24   -1.4490951848e+02    2.1001129826e+04   -2.3433662472e+02    8.9427106242e+01    1.1053111228e+02   -3.6212529356e+02    1.7257556560e+01    1.0240000000e+03    4.1994112544e-03    5.0791590074e-01
        25   -1.4501335254e+02    2.1031130505e+04   -2.3159952271e+02    8.6586170180e+01    1.1007040105e+02   -3.5905579846e+02    1.7385874699e+01    1.0240000000e+03    4.1925848927e-03    5.0683593750e-01
        26   -1.4501259595e+02    2.1030867530e+04   -2.3435767410e+02    8.9345078146e+01    1.1146879909e+02   -3.6314385299e+02    1.7317379801e+01    1.0240000000e+03    4.1773105040e-03    5.0549172794e-01
        27   -1.4502878110e+02    2.1036644832e+04   -2.3504582059e+02    9.0017039490e+01    1.1074233232e+02   -3.6166367194e+02    1.5875519025e+01    1.0240000000e+03    4.1810872499e-03    5.0667509191e-01
        28   -1.4490986463e+02    2.1001251156e+04   -2.3331484835e+02    8.8404983719e+01    1.1085901819e+02   -3.6125249128e+02    1.7078624736e+01    1.0240000000e+03    4.1727852076e-03    5.0647977941e-01
        29   -1.4502533811e+02    2.1034788431e+04   -2.3497726862e+02    8.9951930510e+01    1.1101016350e+02   -3.6350214416e+02    1.7514712038e+01    1.0240000000e+03    4.1632787324e-03    5.0397518382e-01
        30   -1.4487038630e+02    2.0989727980e+04   -2.3358741674e+02    8.8717030443e+01    1.1105208878e+02   -3.6248229689e+02    1.7842791374e+01    1.0240000000e+03    4.1784706991e-03    5.0705422794e-01
        31   -1.4490155358e+02    2.0998984548e+04   -2.3387033939e+02    8.8968785817e+01    1.1071418455e+02   -3.6165783481e+02    1.7073310872e+01    1.0240000000e+03    4.1706345510e-03    5.0855928309e-01
        32   -1.4498613054e+02    2.1023296496e+04   -2.3335865164e+02    8.8372521098e+01    1.1058419995e+02   -3.6150764262e+02    1.7564791030e+01    1.0240000000e+03    4.1637897957e-03    5.0618106618e-01
        33   -1.4497288092e+02    2.1019632027e+04   -2.3586846229e+02    9.0895581364e+01    1.1104343386e+02   -3.6366098351e+02    1.6749087365e+01    1.0240000000e+03    4.1742520407e-03    5.0453814338e-01
        34   -1.4501530351e+02    2.1032215997e+04   -2.3471593707e+02    8.9700633556e+01    1.1093467817e+02   -3.6173054865e+02    1.6079933413e+01    1.0240000000e+03    4.1928859428e-03    5.0847886029e-01
        35   -1.4500259367e+02    2.1028306875e+04   -2.3409994504e+02    8.9097351366e+01    1.1032794999e+02   -3.6186350627e+02    1.7435611245e+01    1.0240000000e+03    4.1491491720e-03    5.0738740809e-01
        36   -1.4500035924e+02    2.1027539419e+04   -2.3303865619e+02    8.8038296956e+01    1.1047127957e+02   -3.6035114188e+02    1.6841206120e+01    1.0240000000e+03    4.1863843799e-03    5.0884650735e-01
        37   -1.4497308867e+02    2.1019789916e+04   -2.3426065870e+02    8.9287570035e+01    1.1073708731e+02   -3.6267970586e+02    1.7681959852e+01    1.0240000000e+03    4.1588989552e-03    5.0851332721e-01
        38   -1.4499410231e+02    2.1025799319e+04   -2.3326421273e+02    8.8270110413e+01    1.1075809202e+02   -3.6149277437e+02    1.7470469629e+01    1.0240000000e+03    4.1910691652e-03    5.0858226103e-01
        39   -1.4501684476e+02    2.1032295080e+04   -2.3472258790e+02    8.9705743142e+01    1.1059229461e+02   -3.6281000228e+02    1.7495119774e+01    1.0240000000e+03    4.1462960653e-03    5.0730698529e-01
        40   -1.4495268954e+02    2.1013936324e+04   -2.3428557037e+02    8.9332880822e+01    1.1088439968e+02   -3.6250399819e+02    1.7334028139e+01    1.0240000000e+03    4.1440285277e-03    5.0423943015e-01
        41   -1.4498414659e+02    2.1022805923e+04   -2.3481323154e+02    8.9829084956e+01    1.1084911372e+02   -3.6314429980e+02    1.7481954535e+01    1.0240000000e+03    4.1842309292e-03    5.0759420956e-01
        42   -1.4498438916e+02    2.1022555400e+04   -2.3550154843e+02    9.0517159270e+01    1.1087147196e+02   -3.6334770777e+02    1.6974687376e+01    1.0240000000e+03    4.1263033636e-03    5.0698529412e-01
        43   -1.4496269826e+02    2.1016560768e+04   -2.3604826411e+02    9.1085565845e+01    1.1155477916e+02   -3.6430244364e+02    1.6699400371e+01    1.0240000000e+03    4.1718110442e-03    5.0446920956e-01
        44   -1.4498003436e+02    2.1022336924e+04   -2.3612414488e+02    9.1144110512e+01    1.1102866836e+02   -3.6388794126e+02    1.6735128022e+01    1.0240000000e+03    4.1525338311e-03    5.0565257353e-01
        45   -1.4492352158e+02    2.1005662518e+04   -2.3407698674e+02    8.9153465167e+01    1.1048766557e+02   -3.6190510970e+02    1.7340457391e+01    1.0240000000e+03    4.1591082700e-03    5.0443474265e-01
        46   -1.4498912294e+02    2.1024235827e+04   -2.3377511535e+02    8.8785992405e+01    1.1036866517e+02   -3.6126540439e+02    1.7121623874e+01    1.0240000000e+03    4.1523266118e-03    5.0774356618e-01
        47   -1.4495514598e+02    2.1014569041e+04   -2.3378197398e+02    8.8826828004e+01    1.1020048233e+02   -3.6124632469e+02    1.7263868369e+01    1.0240000000e+03    4.1710096411e-03    5.0999540441e-01
        48   -1.4491554076e+02    2.1012739870e+04   -2.3350477020e+02    8.8589229442e+01    1.1059095246e+02   -3.6165007957e+02    1.7554356913e+01    1.0240000000e+03    4.1670971550e-03    5.0574448529e-01
        49   -1.4499349397e+02    2.1025501910e+04   -2.3408336278e+02    8.9089868809e+01    1.1054408224e+02   -3.6255624752e+02    1.7928802497e+01    1.0240000000e+03    4.1578402743e-03    5.0688189338e-01
        50   -1.4499131727e+02    2.1025428644e+04   -2.3360985321e+02    8.8618535942e+01    1.1045338165e+02   -3.6175352964e+02    1.7690294781e+01    1.0240000000e+03    4.1858374607e-03    5.0636488971e-01
        51   -1.4501109696e+02    2.1030667960e+04   -2.3606673125e+02    9.1055634283e+01    1.1087090420e+02   -3.6343111885e+02    1.6493483401e+01    1.0240000000e+03    4.1762064211e-03    5.0826056985e-01
        52   -1.4497914626e+02    2.1021817743e+04   -2.3495170132e+02    8.9972555056e+01    1.1100190910e+02   -3.6233660116e+02    1.6382990742e+01    1.0240000000e+03    4.1758632287e-03    5.0737591912e-01
        53   -1.4491498767e+02    2.1004018866e+04   -2.3583664341e+02    9.0921655744e+01    1.1099378563e+02   -3.6293286059e+02    1.6102431551e+01    1.0240000000e+03    4.1509361472e-03    5.0567555147e-01
        54   -1.4494988402e+02    2.1012613958e+04   -2.3383399307e+02    8.8884109054e+01    1.1045288394e+02   -3.6248027460e+02    1.8193397581e+01    1.0240000000e+03    4.1714312974e-03    5.0877757353e-01
        55   -1.4501090989e+02    2.1030859836e+04   -2.3473743007e+02    8.9726520184e+01    1.1059995452e+02   -3.6181330018e+02    1.6475915585e+01    1.0240000000e+03    4.1490090080e-03    5.0765165441e-01
        56   -1.4494341287e+02    2.1011585084e+04   -2.3422555636e+02    8.9282143481e+01    1.1043575705e+02   -3.6177967295e+02    1.7118359543e+01    1.0240000000e+03    4.1508190334e-03    5.0309053309e-01
        57   -1.4489111341e+02    2.0995840102e+04   -2.3516363860e+02    9.0272525187e+01    1.1101695915e+02   -3.6292449848e+02    1.6743900729e+01    1.0240000000e+03    4.1645509191e-03    5.0957031250e-01
        58   -1.4492243599e+02    2.1005961464e+04   -2.3329442146e+02    8.8371985467e+01    1.1038501136e+02   -3.6214664149e+02    1.8467208665e+01    1.0240000000e+03    4.1549310554e-03    5.0761718750e-01
        59   -1.4499084474e+02    2.1025313977e+04   -2.3531581824e+02    9.0324973497e+01    1.1010931188e+02   -3.6192299834e+02    1.6497868218e+01    1.0240000000e+03    4.1055821348e-03    5.0489430147e-01
        60   -1.4498520457e+02    2.1023279903e+04   -2.3394208941e+02    8.8956884844e+01    1.1036616818e+02   -3.6129756381e+02    1.6989306219e+01    1.0240000000e+03    4.1547392029e-03    5.0813419118e-01
        61   -1.4506974704e+02    2.1049674988e+04   -2.3565161581e+02    9.0581868765e+01    1.1027025821e+02   -3.6218061259e+02    1.6258738576e+01    1.0240000000e+03    4.1477873456e-03    5.0804227941e-01
        62   -1.4503783447e+02    2.1038438212e+04   -2.3273265417e+02    8.7694819698e+01    1.0994744200e+02   -3.5991718737e+02    1.7237091204e+01    1.0240000000e+03    4.1294235270e-03    5.0785845588e-01
        63   -1.4502103412e+02    2.1033502165e+04   -2.3271886153e+02    8.7697827405e+01    1.1015552249e+02   -3.6103569356e+02    1.8161309544e+01    1.0240000000e+03    4.1566761211e-03    5.0576746324e-01
        64   -1.4496918892e+02    2.1018398724e+04   -2.3207440005e+02    8.7105211130e+01    1.1018100251e+02   -3.6007913553e+02    1.7823732970e+01    1.0240000000e+03    4.1591115296e-03    5.0954733456e-01
        65   -1.4501045814e+02    2.1030785741e+04   -2.3443989977e+02    8.9429441640e+01    1.1053755817e+02   -3.6363052355e+02    1.8653065606e+01    1.0240000000e+03    4.1508541908e-03    5.0775505515e-01
        66   -1.4495393599e+02    2.1014406356e+04   -2.3269654777e+02    8.7742611780e+01    1.1078061827e+02   -3.6243969427e+02    1.8962528232e+01    1.0240000000e+03    4.1752697434e-03    5.0720358456e-01
        67   -1.4496304511e+02    2.1016459090e+04   -2.3263913439e+02    8.7676089276e+01    1.1034804859e+02   -3.6103031538e+02    1.8043132401e+01    1.0240000000e+03    4.1565443389e-03    5.0965073529e-01
        68   -1.4502738279e+02    2.1035444126e+04   -2.3370118389e+02    8.8673801102e+01    1.1020163754e+02   -3.6094344334e+02    1.7040621905e+01    1.0240000000e+03    4.1701935697e-03    5.0708869485e-01
        69   -1.4499648592e+02    2.1026573135e+04   -2.3533173129e+02    9.0335245366e+01    1.1020817077e+02   -3.6181472930e+02    1.6274827242e+01    1.0240000000e+03    4.1763246991e-03    5.0822610294e-01
        70   -1.4504795292e+02    2.1042494044e+04   -2.3467435384e+02    8.9626400927e+01    1.1014861520e+02   -3.6199308957e+02    1.7170120523e+01    1.0240000000e+03    4.1688734200e-03    5.0657169118e-01
        71   -1.4499048201e+02    2.1026790153e+04   -2.3458084907e+02    8.9590367061e+01    1.1072338824e+02   -3.6434080289e+02    1.9036565579e+01    1.0240000000e+03    4.2151580565e-03    5.1093750000e-01
        72   -1.4492078197e+02    2.1004740836e+04   -2.3379773059e+02    8.8876948612e+01    1.1031357339e+02   -3.6169020403e+02    1.7578900051e+01    1.0240000000e+03    4.1786502115e-03    5.0883501838e-01
        73   -1.4497602849e+02    2.1021272438e+04   -2.3402565743e+02    8.9049628941e+01    1.1073820215e+02   -3.6261179695e+02    1.7847937375e+01    1.0240000000e+03    4.1529119480e-03    5.0889246324e-01
        74   -1.4496681112e+02    2.1017992244e+04   -2.3431507318e+02    8.9348262060e+01    1.1066415657e+02   -3.6327029050e+02    1.8291060758e+01    1.0240000000e+03    4.1264735628e-03    5.0472196691e-01
        75   -1.4497072799e+02    2.1019728970e+04   -2.3484940929e+02    8.9878681302e+01    1.1044536156e+02   -3.6200675013e+02    1.6711979279e+01    1.0240000000e+03    4.1897573974e-03    5.0759420956e-01
        76   -1.4493827458e+02    2.1009113345e+04   -2.3256463662e+02    8.7626362035e+01    1.1021136720e+02   -3.5967408580e+02    1.6898081989e+01    1.0240000000e+03    4.1813438293e-03    5.0713465074e-01
        77   -1.4496093780e+02    2.1016253811e+04   -2.3346927671e+02    8.8508338908e+01    1.1003539877e+02   -3.6088036541e+02    1.7375689938e+01    1.0240000000e+03    4.1407372337e-03    5.0851332721e-01
        78   -1.4492386145e+02    2.1010335033e+04   -2.3310411264e+02    8.8180251187e+01    1.1018509636e+02   -3.6192680241e+02    1.8637593422e+01    1.0240000000e+03    4.1637723334e-03    5.0741038603e-01
        79   -1.4495338733e+02    2.1014977988e+04   -2.3276940295e+02    8.7816015620e+01    1.1029142191e+02   -3.6027609011e+02    1.7215265249e+01    1.0240000000e+03    4.1444620583e-03    5.0669806985e-01
        80   -1.4488982035e+02    2.0995306599e+04   -2.3187387021e+02    8.6984049866e+01    1.0993729435e+02   -3.5994925515e+02    1.8138090587e+01    1.0240000000e+03    4.1839068290e-03    5.0970818015e-01
        81   -1.4498764062e+02    2.1024316668e+04   -2.3361818179e+02    8.8630541164e+01    1.1010575306e+02   -3.6135669920e+02    1.7632764353e+01    1.0240000000e+03    4.1430192068e-03    5.0759420956e-01
        82   -1.4495555906e+02    2.1014575913e+04   -2.3316261721e+02    8.8207058142e+01    1.1020253414e+02   -3.6080782122e+02    1.7442669882e+01    1.0240000000e+03    4.1557911318e-03    5.0573299632e-01
        83   -1.4491982033e+02    2.1004119330e+04   -2.3278475249e+02    8.7864932158e+01    1.1000178491e+02   -3.6027080957e+02    1.7484272177e+01    1.0240000000e+03    4.1392913554e-03    5.0681295956e-01
        84   -1.4499546336e+02    2.1030404747e+04   -2.3335704582e+02    8.8361582454e+01    1.1007326275e+02   -3.6056268745e+02    1.7132378889e+01    1.0240000000e+03    4.1597180534e-03    5.0629595588e-01
        85   -1.4501479687e+02    2.1032127415e+04   -2.3224726989e+02    8.7232473019e+01    1.1004585426e+02   -3.5791201085e+02    1.5618886693e+01    1.0240000000e+03    4.1380557232e-03    5.0935202206e-01
        86   -1.4505306497e+02    2.1043154623e+04   -2.3296744400e+02    8.7914379032e+01    1.0979179513e+02   -3.5893175777e+02    1.6172518639e+01    1.0240000000e+03    4.1642689612e-03    5.0988051471e-01
        87   -1.4492048745e+02    2.1004121820e+04   -2.3256657370e+02    8.7646086248e+01    1.0979124851e+02   -3.5928244064e+02    1.6924618431e+01    1.0240000000e+03    4.1411370039e-03    5.0720358456e-01
        88   -1.4492551884e+02    2.1006016732e+04   -2.3260519383e+02    8.7679674998e+01    1.1012385137e+02   -3.6136810626e+02    1.8639061052e+01    1.0240000000e+03    4.1448986158e-03    5.0869715074e-01
        89   -1.4494429032e+02    2.1011407986e+04   -2.3208985801e+02    8.7145567688e+01    1.1010680865e+02   -3.5995456183e+02    1.7757895169e+01    1.0240000000e+03    4.1385109071e-03    5.0554917279e-01
        90   -1.4489884342e+02    2.0997879139e+04   -2.3272284555e+02    8.7824002126e+01    1.0982708325e+02   -3.5991293836e+02    1.7363009558e+01    1.0240000000e+03    4.1261240840e-03    5.0606617647e-01
        91   -1.4503451370e+02    2.1037308280e+04   -2.3244060500e+02    8.7406091303e+01    1.1019796085e+02   -3.5998532967e+02    1.7346763815e+01    1.0240000000e+03    4.1637846734e-03    5.0811121324e-01
        92   -1.4496395922e+02    2.1016893790e+04   -2.3430001582e+02    8.9336056602e+01    1.1039169312e+02   -3.6187812318e+02    1.7186414228e+01    1.0240000000e+03    4.1390354745e-03    5.0643382353e-01
        93   -1.4489189985e+02    2.0995769240e+04   -2.3349582111e+02    8.8603921261e+01    1.1053480041e+02   -3.6199569692e+02    1.7965075401e+01    1.0240000000e+03    4.1535971686e-03    5.1129365809e-01
        94   -1.4501201033e+02    2.1031253014e+04   -2.3377013411e+02    8.8758123779e+01    1.1016200960e+02   -3.6141141670e+02    1.7479272992e+01    1.0240000000e+03    4.1776592843e-03    5.0770909926e-01
        95   -1.4496234598e+02    2.1017427082e+04   -2.3388930466e+02    8.8926958682e+01    1.1024150944e+02   -3.6088269049e+02    1.6751876385e+01    1.0240000000e+03    4.1538928635e-03    5.0612362132e-01
        96   -1.4497831722e+02    2.1022501491e+04   -2.3399460408e+02    8.9016286858e+01    1.1057672879e+02   -3.6157257787e+02    1.7001245000e+01    1.0240000000e+03    4.1570316534e-03    5.0853630515e-01
        97   -1.4507760266e+02    2.1049890666e+04   -2.3316364091e+02    8.8086038248e+01    1.1064673779e+02   -3.6105821963e+02    1.7247840928e+01    1.0240000000e+03    4.1631353088e-03    5.0775505515e-01
        98   -1.4491905950e+02    2.1005122119e+04   -2.3305393370e+02    8.8134874201e+01    1.1062586277e+02   -3.6129073946e+02    1.7610942995e+01    1.0240000000e+03    4.1254491080e-03    5.0566406250e-01
        99   -1.4499184572e+02    2.1025630874e+04   -2.3309867874e+02    8.8106833027e+01    1.1049447150e+02   -3.6145524299e+02    1.7862092743e+01    1.0240000000e+03    4.1476429906e-03    5.0860523897e-01
       100   -1.4504021132e+02    2.1039994436e+04   -2.3423294482e+02    8.9192733495e+01    1.1033668294e+02   -3.6205273875e+02    1.7483110991e+01    1.0240000000e+03    4.1802872438e-03    5.0996093750e-01
       101   -1.4503711604e+02    2.1038652429e+04   -2.3420957905e+02    8.9172463017e+01    1.1033681056e+02   -3.6122706606e+02    1.6680676443e+01    1.0240000000e+03    4.1763614863e-03    5.0627297794e-01
       102   -1.4500932182e+02    2.1030487051e+04   -2.3382821990e+02    8.8818898071e+01    1.1031858722e+02   -3.6167672013e+02    1.7529913016e+01    1.0240000000e+03    4.1439528577e-03    5.0782398897e-01
       103   -1.4492913465e+02    2.1006540858e+04   -2.3483885825e+02    8.9909723604e+01    1.1043371698e+02   -3.6250598744e+02    1.7233412209e+01    1.0240000000e+03    4.1383120697e-03    5.0992647059e-01
       104   -1.4491726758e+02    2.1003743472e+04   -2.3417212452e+02    8.9254856941e+01    1.1045068632e+02   -3.6126941946e+02    1.6646608618e+01    1.0240000000e+03    4.1440520436e-03    5.0836397059e-01
       105   -1.4496391012e+02    2.1018026928e+04   -2.3240068497e+02    8.7436774848e+01    1.1021083773e+02   -3.6002245488e+02    1.7410932181e+01    1.0240000000e+03    4.1868123226e-03    5.0711167279e-01
       106   -1.4495338821e+02    2.1013511417e+04   -2.3459293288e+02    8.9639544665e+01    1.1047126439e+02   -3.6357839149e+02    1.8514194221e+01    1.0240000000e+03    4.1589450557e-03    5.0753676471e-01
       107   -1.4505626455e+02    2.1043873406e+04   -2.3331146224e+02    8.8255197690e+01    1.1053102940e+02   -3.6208765367e+02    1.8245162030e+01    1.0240000000e+03    4.1869257111e-03    5.0830652574e-01
       108   -1.4506358154e+02    2.1046505740e+04   -2.3529086560e+02    9.0227284059e+01    1.1068148333e+02   -3.6385216129e+02    1.7879812368e+01    1.0240000000e+03    4.1711535305e-03    5.0824908088e-01
       109   -1.4498378276e+02    2.1022826743e+04   -2.3317272495e+02    8.8188942192e+01    1.1081939335e+02   -3.6257154013e+02    1.8579421817e+01    1.0240000000e+03    4.1653709486e-03    5.0691636029e-01
       110   -1.4493275656e+02    2.1008275765e+04   -2.3404174691e+02    8.9108990345e+01    1.1074505461e+02   -3.6201618435e+02    1.7229382832e+01    1.0240000000e+03    4.1339595336e-03    5.0720358456e-01
       111   -1.4503444443e+02    2.1038261291e+04   -2.3466936592e+02    8.9634921485e+01    1.1068946782e+02   -3.6330809667e+02    1.7949262932e+01    1.0240000000e+03    4.1442483198e-03    5.0453814338e-01
       112   -1.4500037793e+02    2.1027584072e+04   -2.3404211470e+02    8.9041736762e+01    1.1058811746e+02   -3.6259866889e+02    1.7968436726e+01    1.0240000000e+03    4.1560956743e-03    5.0847886029e-01
       113   -1.4502217662e+02    2.1034994141e+04   -2.3379339078e+02    8.8771214164e+01    1.1052860692e+02   -3.6186091624e+02    1.7538918536e+01    1.0240000000e+03    4.1872474831e-03    5.0774356618e-01
       114   -1.4494500377e+02    2.1011829255e+04   -2.3409400745e+02    8.9149003678e+01    1.1079201266e+02   -3.6265555406e+02    1.7769533958e+01    1.0240000000e+03    4.1595164221e-03    5.0636488971e-01
       115   -1.4496979810e+02    2.1018815711e+04   -2.3401502709e+02    8.9045228988e+01    1.0999147692e+02   -3.6032247364e+02    1.6315969632e+01    1.0240000000e+03    4.1566239670e-03    5.0772058824e-01
       116   -1.4506499283e+02    2.1046278917e+04   -2.3543288706e+02    9.0367894230e+01    1.1053674927e+02   -3.6255869196e+02    1.6589055627e+01    1.0240000000e+03    4.1545685381e-03    5.0459558824e-01
       117   -1.4500045587e+02    2.1027784348e+04   -2.3322565850e+02    8.8225202627e+01    1.1041102629e+02   -3.6122354761e+02    1.7586862827e+01    1.0240000000e+03    4.1504057590e-03    5.1043198529e-01
       118   -1.4490222625e+02    2.0998901543e+04   -2.3524669608e+02    9.0344469828e+01    1.1083692863e+02   -3.6401964052e+02    1.7936015813e+01    1.0240000000e+03    4.1784178466e-03    5.1023667279e-01
       119   -1.4507066609e+02    2.1051280389e+04   -2.3544311610e+02    9.0372450009e+01    1.1090881890e+02   -3.6267009794e+02    1.6318162943e+01    1.0240000000e+03    4.1532230098e-03    5.0807674632e-01
       120   -1.4497494871e+02    2.1019982960e+04   -2.3525823735e+02    9.0283288643e+01    1.1071214195e+02   -3.6210561035e+02    1.6135231050e+01    1.0240000000e+03    4.1599085089e-03    5.0572150735e-01
       121   -1.4491732932e+02    2.1003504346e+04   -2.3453493134e+02    8.9617602024e+01    1.1121706278e+02   -3.6439537781e+02    1.8643383687e+01    1.0240000000e+03    4.1394920554e-03    5.0525045956e-01
       122   -1.4495562389e+02    2.1014486333e+04   -2.3512725754e+02    9.0171633649e+01    1.1098771327e+02   -3.6445347940e+02    1.8338508585e+01    1.0240000000e+03    4.1422736831e-03    5.0479090074e-01
       123   -1.4492119388e+02    2.1005441155e+04   -2.3444896876e+02    8.9527774886e+01    1.1074270732e+02   -3.6324336422e+02    1.8051688137e+01    1.0240000000e+03    4.1580274701e-03    5.0533088235e-01
       124   -1.4497113265e+02    2.1018884245e+04   -2.3365175268e+02    8.8680620035e+01    1.1090328118e+02   -3.6196185488e+02    1.7406821019e+01    1.0240000000e+03    4.1762900073e-03    5.0411305147e-01
       125   -1.4498882818e+02    2.1025154348e+04   -2.3393530076e+02    8.8946472586e+01    1.1096791747e+02   -3.6152140186e+02    1.6618183620e+01    1.0240000000e+03    4.1827929672e-03    5.0414751838e-01
       126   -1.4496554081e+02    2.1017375769e+04   -2.3340582387e+02    8.8440283064e+01    1.1028008953e+02   -3.5995377575e+02    1.6267862353e+01    1.0240000000e+03    4.1583273560e-03    5.0731847426e-01
       127   -1.4502501997e+02    2.1034851337e+04   -2.3312376345e+02    8.8098743479e+01    1.1059765282e+02   -3.6030653734e+02    1.6585121077e+01    1.0240000000e+03    4.1779447347e-03    5.0835248162e-01
       128   -1.4494439136e+02    2.1012144065e+04   -2.3508422348e+02    9.0139832119e+01    1.1067038958e+02   -3.6195508215e+02    1.6200469087e+01    1.0240000000e+03    4.1466031689e-03    5.0742187500e-01
       129   -1.4496676647e+02    2.1018623383e+04   -2.3441757851e+02    8.9450812044e+01    1.1045645941e+02   -3.6221835932e+02    1.7344321400e+01    1.0240000000e+03    4.1597785894e-03    5.0838694853e-01
       130   -1.4500129286e+02    2.1027896872e+04   -2.3380462517e+02    8.8803332307e+01    1.1074459171e+02   -3.6253254770e+02    1.7983330825e+01    1.0240000000e+03    4.1654240340e-03    5.0708869485e-01
       131   -1.4496476686e+02    2.1017438082e+04   -2.3493174981e+02    8.9966982950e+01    1.1042073859e+02   -3.6314153674e+02    1.7789048331e+01    1.0240000000e+03    4.1394550353e-03    5.0529641544e-01
       132   -1.4502156138e+02    2.1034231117e+04   -2.3288395390e+02    8.7862392524e+01    1.1000305470e+02   -3.6016274645e+02    1.7275737844e+01    1.0240000000e+03    4.1479126085e-03    5.0775505515e-01
       133   -1.4498218195e+02    2.1022540570e+04   -2.3339263575e+02    8.8410453799e+01    1.1018330567e+02   -3.6070394937e+02    1.7128007947e+01    1.0240000000e+03    4.1559748352e-03    5.0819163603e-01
       134   -1.4493791916e+02    2.1009517478e+04   -2.3421189888e+02    8.9273979720e+01    1.1067271512e+02   -3.6215067915e+02    1.7266065149e+01    1.0240000000e+03    4.1782364715e-03    5.0892693015e-01
       135   -1.4504418573e+02    2.1040244836e+04   -2.3367551562e+02    8.8631329888e+01    1.1040413973e+02   -3.6015853360e+02    1.6078878252e+01    1.0240000000e+03    4.1974156629e-03    5.0999540441e-01
       136   -1.4496197385e+02    2.1016534711e+04   -2.3477600326e+02    8.9814029415e+01    1.0999927041e+02   -3.6208957236e+02    1.7314298677e+01    1.0240000000e+03    4.1585443541e-03    5.0647977941e-01
       137   -1.4502305012e+02    2.1034239745e+04   -2.3291139771e+02    8.7888347591e+01    1.0977839891e+02   -3.6080786486e+02    1.8118068234e+01    1.0240000000e+03    4.1506998241e-03    5.0793887868e-01
       138   -1.4500508474e+02    2.1029304179e+04   -2.3509397972e+02    9.0088894981e+01    1.1027808189e+02   -3.6246458310e+02    1.7092521494e+01    1.0240000000e+03    4.1446385439e-03    5.0611213235e-01
       139   -1.4503740348e+02    2.1038523134e+04   -2.3472021693e+02    8.9682813441e+01    1.1061544008e+02   -3.6247987126e+02    1.7144214251e+01    1.0240000000e+03    4.1605073493e-03    5.0630744485e-01
       140   -1.4498546566e+02    2.1023718097e+04   -2.3493758488e+02    8.9952119217e+01    1.1045124846e+02   -3.6264796320e+02    1.7259129867e+01    1.0240000000e+03    4.1468783747e-03    5.0842141544e-01
       141   -1.4498526498e+02    2.1023402497e+04   -2.3364559636e+02    8.8660331382e+01    1.1037645269e+02   -3.6205162555e+02    1.8029576494e+01    1.0240000000e+03    4.1753565893e-03    5.0773207721e-01
       142   -1.4496155667e+02    2.1016344180e+04   -2.3429514730e+02    8.9333590630e+01    1.1019194941e+02   -3.6262521047e+02    1.8138113766e+01    1.0240000000e+03    4.1280128062e-03    5.0482536765e-01
       143   -1.4494800972e+02    2.1012838110e+04   -2.3452964531e+02    8.9581635585e+01    1.1081042615e+02   -3.6289888604e+02    1.7558814587e+01    1.0240000000e+03    4.1304924525e-03    5.0688189338e-01
       144   -1.4498311749e+02    2.1022498725e+04   -2.3577422230e+02    9.0791104813e+01    1.1062710754e+02   -3.6397655412e+02    1.7575224274e+01    1.0240000000e+03    4.1334095877e-03    5.0693933824e-01
       145   -1.4500269639e+02    2.1028069657e+04   -2.3353615770e+02    8.8533461309e+01    1.1018182856e+02   -3.6191148873e+02    1.8193502471e+01    1.0240000000e+03    4.1555515490e-03    5.0605468750e-01
       146   -1.4492325484e+02    2.1005410017e+04   -2.3301247972e+02    8.8089224882e+01    1.1027916455e+02   -3.6129563142e+02    1.8003987151e+01    1.0240000000e+03    4.1640468407e-03    5.0843290441e-01
       147   -1.4501683522e+02    2.1032324418e+04   -2.3350090503e+02    8.8484069811e+01    1.1018230146e+02   -3.6149880885e+02    1.7815602359e+01    1.0240000000e+03    4.1327830404e-03    5.0897288603e-01
       148   -1.4497411361e+02    2.1019870693e+04   -2.3506645707e+02    9.0092343460e+01    1.1008686778e+02   -3.6061771594e+02    1.5464391095e+01    1.0240000000e+03    4.1676056571e-03    5.0866268382e-01
       149   -1.4499585768e+02    2.1025820723e+04   -2.3297637796e+02    8.7980520285e+01    1.1012200770e+02   -3.5992411095e+02    1.6825725296e+01    1.0240000000e+03    4.1687940247e-03    5.1005284926e-01
       150   -1.4494277782e+02    2.1010753575e+04   -2.3362892689e+02    8.8686149070e+01    1.0997540236e+02   -3.6130979404e+02    1.7705464792e+01    1.0240000000e+03    4.1739924345e-03    5.1156939338e-01
       151   -1.4482782154e+02    2.0977132631e+04   -2.3425257899e+02    8.9424757455e+01    1.1019895118e+02   -3.6160215198e+02    1.7150621806e+01    1.0240000000e+03    4.1241934523e-03    5.0591681985e-01
       152   -1.4494903203e+02    2.1012638089e+04   -2.3343518563e+02    8.8486153600e+01    1.0996129861e+02   -3.6083281799e+02    1.7436333748e+01    1.0240000000e+03    4.1325213388e-03    5.0730698529e-01
       153   -1.4500600734e+02    2.1029207046e+04   -2.3250761948e+02    8.7501612142e+01    1.0985147955e+02   -3.5871056881e+02    1.6351469780e+01    1.0240000000e+03    4.1138029192e-03    5.0789292279e-01
       154   -1.4496349632e+02    2.1016647211e+04   -2.3325997970e+02    8.8296483381e+01    1.1058350827e+02   -3.6298341536e+02    1.9139927394e+01    1.0240000000e+03    4.1695097461e-03    5.0922564338e-01
       155   -1.4484444755e+02    2.0981931910e+04   -2.3167988767e+02    8.6835440112e+01    1.1011349233e+02   -3.5859926931e+02    1.6805889316e+01    1.0240000000e+03    4.1707633063e-03    5.0788143382e-01
       156   -1.4497920634e+02    2.1021497673e+04   -2.3279605163e+02    8.7816845289e+01    1.0990987752e+02   -3.6000519302e+02    1.7299263874e+01    1.0240000000e+03    4.1809075046e-03    5.1035156250e-01
       157   -1.4506534289e+02    2.1047277941e+04   -2.3349918308e+02    8.8433840189e+01    1.1027400809e+02   -3.6111500762e+02    1.7341816452e+01    1.0240000000e+03    4.1757491417e-03    5.0511259191e-01
       158   -1.4504752940e+02    2.1041244018e+04   -2.3430212744e+02    8.9254598039e+01    1.1047522366e+02   -3.6337033811e+02    1.8592987009e+01    1.0240000000e+03    4.1494509205e-03    5.0757123162e-01
       159   -1.4481387549e+02    2.0973472543e+04   -2.3262513537e+02    8.7811259887e+01    1.0979581199e+02   -3.6024065541e+02    1.7819708053e+01    1.0240000000e+03    4.1570772883e-03    5.0982306985e-01
       160   -1.4497198420e+02    2.1020034015e+04   -2.3347711378e+02    8.8505129583e+01    1.0960103618e+02   -3.5958502953e+02    1.6506879567e+01    1.0240000000e+03    4.1551343165e-03    5.0818014706e-01
       161   -1.4493638999e+02    2.1010144295e+04   -2.3480562167e+02    8.9869231676e+01    1.1029398972e+02   -3.6224906148e+02    1.7149450091e+01    1.0240000000e+03    4.1323336773e-03    5.1102941176e-01
       162   -1.4496266876e+02    2.1016585557e+04   -2.3322906675e+02    8.8266397983e+01    1.1056951547e+02   -3.6185225062e+02    1.8053668409e+01    1.0240000000e+03    4.1094673797e-03    5.0703125000e-01
       163   -1.4500907200e+02    2.1029311895e+04   -2.3420882920e+02    8.9199757201e+01    1.0979521338e+02   -3.6041881660e+02    1.6414774016e+01    1.0240000000e+03    4.1317006107e-03    5.0661764706e-01
       164   -1.4491147762e+02    2.1001958952e+04   -2.3577494943e+02    9.0863471813e+01    1.1064511426e+02   -3.6490870104e+02    1.8488637349e+01    1.0240000000e+03    4.1415190790e-03    5.0657169118e-01
       165   -1.4495761902e+02    2.1015122550e+04   -2.3328965261e+02    8.8332033595e+01    1.1046789323e+02   -3.6237312441e+02    1.8615578568e+01    1.0240000000e+03    4.1359274182e-03    5.0768612132e-01
       166   -1.4500264912e+02    2.1028024443e+04   -2.3298935769e+02    8.7986708574e+01    1.0995236263e+02   -3.5977566181e+02    1.6833941482e+01    1.0240000000e+03    4.1345269419e-03    5.0950137868e-01
       167   -1.4509913496e+02    2.1056463081e+04   -2.3484092891e+02    8.9741793948e+01    1.1069008354e+02   -3.6170508552e+02    1.6174073075e+01    1.0240000000e+03    4.1937620845e-03    5.0955882353e-01
       168   -1.4502670277e+02    2.1035513701e+04   -2.3466227613e+02    8.9635573362e+01    1.1048256210e+02   -3.6198273499e+02    1.6837896754e+01    1.0240000000e+03    4.1229869239e-03    5.0727251838e-01
       169   -1.4491421233e+02    2.1002874503e+04   -2.3303850287e+02    8.8124290538e+01    1.1027401755e+02   -3.6128481370e+02    1.7972293280e+01    1.0240000000e+03    4.1624596342e-03    5.0557215074e-01
       170   -1.4493323699e+02    2.1008020907e+04   -2.3272745383e+02    8.7794216841e+01    1.0987061265e+02   -3.6105404522e+02    1.8455978742e+01    1.0240000000e+03    4.1229727212e-03    5.0719209559e-01
       171   -1.4487265678e+02    2.0990699619e+04   -2.3507446326e+02    9.0201806480e+01    1.1032238463e+02   -3.6274920105e+02    1.7352353159e+01    1.0240000000e+03    4.1409807745e-03    5.0822610294e-01
       172   -1.4499799437e+02    2.1027188051e+04   -2.3423980651e+02    8.9241812145e+01    1.0978046265e+02   -3.6079003122e+02    1.6769762054e+01    1.0240000000e+03    4.1054149624e-03    5.0811121324e-01
       173   -1.4493240997e+02    2.1008017168e+04   -2.3392971703e+02    8.8997307060e+01    1.0997601976e+02   -3.6159922378e+02    1.7693486988e+01    1.0240000000e+03    4.1727013886e-03    5.0863970588e-01
       174   -1.4492399823e+02    2.1004981810e+04   -2.3657563882e+02    9.1651640590e+01    1.1047553816e+02   -3.6384606088e+02    1.6794883897e+01    1.0240000000e+03    4.1638319381e-03    5.0898437500e-01
       175   -1.4502167071e+02    2.1034263869e+04   -2.3448724364e+02    8.9465572928e+01    1.0987201632e+02   -3.6164188123e+02    1.7282621276e+01    1.0240000000e+03    4.1358585004e-03    5.0583639706e-01
       176   -1.4502047328e+02    2.1033205491e+04   -2.3396048678e+02    8.8940013506e+01    1.0985629704e+02   -3.5940886698e+02    1.5592083162e+01    1.0240000000e+03    4.1521657258e-03    5.0766314338e-01
       177   -1.4495631971e+02    2.1014654662e+04   -2.3393712386e+02    8.8980804147e+01    1.1035152908e+02   -3.6140787435e+02    1.7119221410e+01    1.0240000000e+03    4.1355937719e-03    5.0511259191e-01
       178   -1.4498035541e+02    2.1021892321e+04   -2.3445795382e+02    8.9477598411e+01    1.1010748696e+02   -3.6142249455e+02    1.6857053769e+01    1.0240000000e+03    4.1475289036e-03    5.0689338235e-01
       179   -1.4496109486e+02    2.1015699512e+04   -2.3403249788e+02    8.9071403022e+01    1.1031325011e+02   -3.6212152743e+02    1.7775779442e+01    1.0240000000e+03    4.1569455061e-03    5.0728400735e-01
       180   -1.4503831303e+02    2.1039033357e+04   -2.3434068152e+02    8.9302368494e+01    1.1071112265e+02   -3.6288046188e+02    1.7828657701e+01    1.0240000000e+03    4.1387153324e-03    5.0770909926e-01
       181   -1.4496825085e+02    2.1018319982e+04   -2.3366820963e+02    8.8699958784e+01    1.1036831192e+02   -3.6040075118e+02    1.6364229630e+01    1.0240000000e+03    4.1835173033e-03    5.0645680147e-01
       182   -1.4492338824e+02    2.1005219719e+04   -2.3425573101e+02    8.9332342764e+01    1.1021412178e+02   -3.6299900626e+02    1.8529153476e+01    1.0240000000e+03    4.1661283467e-03    5.0855928309e-01
       183   -1.4496877448e+02    2.1018570163e+04   -2.3376222158e+02    8.8793447103e+01    1.1050490882e+02   -3.6199770049e+02    1.7730570093e+01    1.0240000000e+03    4.1531906463e-03    5.0800781250e-01
       184   -1.4498626818e+02    2.1023850017e+04   -2.3351185394e+02    8.8525585760e+01    1.1078225932e+02   -3.6205344713e+02    1.7759333867e+01    1.0240000000e+03    4.1526053101e-03    5.0868566176e-01
       185   -1.4495446338e+02    2.1014175717e+04   -2.3254893926e+02    8.7594475880e+01    1.1031022737e+02   -3.6093910618e+02    1.8079939557e+01    1.0240000000e+03    4.1523932014e-03    5.1024816176e-01
       186   -1.4505385697e+02    2.1043482822e+04   -2.3487214090e+02    8.9818283926e+01    1.0995046185e+02   -3.6195297514e+02    1.7130372397e+01    1.0240000000e+03    4.1710515507e-03    5.1032858456e-01
       187   -1.4495995339e+02    2.1015570716e+04   -2.3429982461e+02    8.9339871219e+01    1.1043037737e+02   -3.6215934819e+02    1.7429146204e+01    1.0240000000e+03    4.1442194488e-03    5.0688189338e-01
       188   -1.4502497228e+02    2.1034574837e+04   -2.3425235682e+02    8.9227384539e+01    1.1025922840e+02   -3.6122470000e+02    1.6713114775e+01    1.0240000000e+03    4.1414035950e-03    5.0505514706e-01
       189   -1.4497341996e+02    2.1020045214e+04   -2.3216186844e+02    8.7188448477e+01    1.0998310719e+02   -3.6116598665e+02    1.9021011019e+01    1.0240000000e+03    4.1495857295e-03    5.0667509191e-01
       190   -1.4504834117e+02    2.1041648066e+04   -2.3392049806e+02    8.8872156887e+01    1.1037014008e+02   -3.6059041482e+02    1.6299776688e+01    1.0240000000e+03    4.1422536597e-03    5.0819163603e-01
       191   -1.4501829514e+02    2.1032680264e+04   -2.3394516320e+02    8.8926868058e+01    1.1060397349e+02   -3.6153633043e+02    1.6987193742e+01    1.0240000000e+03    4.1634913068e-03    5.0930606618e-01
       192   -1.4501592128e+02    2.1032004210e+04   -2.3437537222e+02    8.9359450944e+01    1.1061733358e+02   -3.6145583939e+02    1.6463133585e+01    1.0240000000e+03    4.1596076917e-03    5.1011029412e-01
       193   -1.4501730971e+02    2.1033128877e+04   -2.3393323851e+02    8.8915928801e+01    1.1080419873e+02   -3.6163852858e+02    1.6901091331e+01    1.0240000000e+03    4.1605567094e-03    5.0552619485e-01
       194   -1.4494883040e+02    2.1013777405e+04   -2.3413559723e+02    8.9186766831e+01    1.1043123335e+02   -3.6062883600e+02    1.6062005414e+01    1.0240000000e+03    4.1515363846e-03    5.0923713235e-01
       195   -1.4495767703e+02    2.1014846571e+04   -2.3330363779e+02    8.8345960755e+01    1.1010506839e+02   -3.6106122462e+02    1.7652518441e+01    1.0240000000e+03    4.1620458942e-03    5.0822610294e-01
       196   -1.4504953492e+02    2.1041594150e+04   -2.3241226680e+02    8.7362731877e+01    1.1001312663e+02   -3.5915569943e+02    1.6730306003e+01    1.0240000000e+03    4.1418359615e-03    5.0614659926e-01
       197   -1.4493783585e+02    2.1009763915e+04   -2.3505679403e+02    9.0118958180e+01    1.1032938437e+02   -3.6261303330e+02    1.7226854891e+01    1.0240000000e+03    4.1514150798e-03    5.0534237132e-01
       198   -1.4496072105e+02    2.1017036247e+04   -2.3432952908e+02    8.9368808034e+01    1.1028396173e+02   -3.6152681520e+02    1.6913324385e+01    1.0240000000e+03    4.1774159763e-03    5.0842141544e-01
       199   -1.4503133405e+02    2.1036380668e+04   -2.3209173777e+02    8.7060403720e+01    1.0968461294e+02   -3.5838178277e+02    1.6605432062e+01    1.0240000000e+03    4.1999286041e-03    5.1005284926e-01
       200   -1.4490379459e+02    2.0999216224e+04   -2.3463844903e+02    8.9734654448e+01    1.1027470755e+02   -3.6189362284e+02    1.6980466260e+01    1.0240000000e+03    4.1733654216e-03    5.1039751838e-01
       201   -1.4505564248e+02    2.1046534203e+04   -2.3511765368e+02    9.0062011207e+01    1.1083631642e+02   -3.6334396026e+02    1.7389990163e+01    1.0240000000e+03    4.1322796606e-03    5.0510110294e-01
       202   -1.4496239256e+02    2.1016722823e+04   -2.3454556842e+02    8.9583175858e+01    1.1028016487e+02   -3.6202323731e+02    1.7197504019e+01    1.0240000000e+03    4.1508236900e-03    5.0697380515e-01
       203   -1.4503810827e+02    2.1038604022e+04   -2.3262768037e+02    8.7589572099e+01    1.0991748486e+02   -3.6023842642e+02    1.7693261184e+01    1.0240000000e+03    4.1593378410e-03    5.0812270221e-01
       204   -1.4496560726e+02    2.1017477455e+04   -2.3474434581e+02    8.9778738546e+01    1.1040737137e+02   -3.6222156451e+02    1.7069847331e+01    1.0240000000e+03    4.1452122387e-03    5.0788143382e-01
       205   -1.4494647878e+02    2.1014080831e+04   -2.3321658157e+02    8.8270102795e+01    1.1041820914e+02   -3.6068445911e+02    1.7049668388e+01    1.0240000000e+03    4.1423649527e-03    5.0920266544e-01
       206   -1.4497643316e+02    2.1020451773e+04   -2.3378942078e+02    8.8812987626e+01    1.1032941537e+02   -3.6206372830e+02    1.7944892147e+01    1.0240000000e+03    4.1643793229e-03    5.0865119485e-01
       207   -1.4506230893e+02    2.1046952097e+04   -2.3349386902e+02    8.8431560086e+01    1.1059108866e+02   -3.6174386233e+02    1.7658904647e+01    1.0240000000e+03    4.1484008543e-03    5.0513556985e-01
       208   -1.4504311252e+02    2.1039813914e+04   -2.3364382452e+02    8.8600711999e+01    1.1010756294e+02   -3.6060097931e+02    1.6849591843e+01    1.0240000000e+03    4.1707942728e-03    5.0662913603e-01
       209   -1.4494459553e+02    2.1011458508e+04   -2.3299429171e+02    8.8049696176e+01    1.1006277917e+02   -3.6002922946e+02    1.6972158582e+01    1.0240000000e+03    4.1490325239e-03    5.0974264706e-01
       210   -1.4497906769e+02    2.1021179285e+04   -2.3703912711e+02    9.2060059424e+01    1.1095236156e+02   -3.6534164227e+02    1.7350153590e+01    1.0240000000e+03    4.1332764085e-03    5.0684742647e-01
       211   -1.4496488754e+02    2.1017275131e+04   -2.3498695499e+02    9.0022067446e+01    1.1082142657e+02   -3.6453852362e+02    1.8730142064e+01    1.0240000000e+03    4.1653064545e-03    5.1093750000e-01
       212   -1.4499593881e+02    2.1026917385e+04   -2.3383656888e+02    8.8840630067e+01    1.1067398026e+02   -3.6159135269e+02    1.7080803548e+01    1.0240000000e+03    4.1600395925e-03    5.0829503676e-01
       213   -1.4498753088e+02    2.1023616874e+04   -2.3509610606e+02    9.0108575182e+01    1.1014950922e+02   -3.6184998955e+02    1.6604374269e+01    1.0240000000e+03    4.1585040744e-03    5.0803079044e-01
       214   -1.4501776071e+02    2.1032311494e+04   -2.3293740307e+02    8.7919642357e+01    1.1067004723e+02   -3.6272155321e+02    1.9114102910e+01    1.0240000000e+03    4.1665376630e-03    5.0620404412e-01
       215   -1.4490148523e+02    2.0999453463e+04   -2.3228987713e+02    8.7388391898e+01    1.1045590341e+02   -3.5993173925e+02    1.7185958713e+01    1.0240000000e+03    4.1366873775e-03    5.0518152574e-01
       216   -1.4501105848e+02    2.1030650222e+04   -2.3347032305e+02    8.8459264567e+01    1.1074221735e+02   -3.6138341210e+02    1.7170871703e+01    1.0240000000e+03    4.1631767526e-03    5.0921415441e-01
       217   -1.4496549798e+02    2.1017264159e+04   -2.3398269683e+02    8.9017198850e+01    1.1014204841e+02   -3.6202600602e+02    1.7901260774e+01    1.0240000000e+03    4.1463214438e-03    5.1078814338e-01
       218   -1.4500934801e+02    2.1031211557e+04   -2.3284674755e+02    8.7837399542e+01    1.0987992253e+02   -3.5944126891e+02    1.6714598828e+01    1.0240000000e+03    4.1494595353e-03    5.0843290441e-01
       219   -1.4502573891e+02    2.1034641012e+04   -2.3344592097e+02    8.8420182065e+01    1.0975200345e+02   -3.6019666492e+02    1.6998740496e+01    1.0240000000e+03    4.1375935543e-03    5.0677849265e-01
       220   -1.4492750305e+02    2.1006862134e+04   -2.3328261910e+02    8.8355116053e+01    1.0978709059e+02   -3.6061579931e+02    1.7546089622e+01    1.0240000000e+03    4.0965797380e-03    5.0885799632e-01
       221   -1.4496803084e+02    2.1019313753e+04   -2.3379067918e+02    8.8822648347e+01    1.1012876255e+02   -3.6179473050e+02    1.7875288762e+01    1.0240000000e+03    4.1538921650e-03    5.0807674632e-01
       222   -1.4499192134e+02    2.1025439424e+04   -2.3361177740e+02    8.8619856067e+01    1.1008042097e+02   -3.6152667118e+02    1.7834472800e+01    1.0240000000e+03    4.1362983175e-03    5.0750229779e-01
       223   -1.4498192028e+02    2.1022842914e+04   -2.3359713371e+02    8.8615213427e+01    1.0999627886e+02   -3.6186407447e+02    1.8270661904e+01    1.0240000000e+03    4.1785393842e-03    5.0827205882e-01
       224   -1.4490488025e+02    2.0999687318e+04   -2.3467005238e+02    8.9765172136e+01    1.1021014631e+02   -3.6175962498e+02    1.6879426291e+01    1.0240000000e+03    4.1699353606e-03    5.0965073529e-01
       225   -1.4495645791e+02    2.1014815157e+04   -2.3382119878e+02    8.8864740872e+01    1.0974416316e+02   -3.6126612228e+02    1.7700760334e+01    1.0240000000e+03    4.1452429723e-03    5.0647977941e-01
       226   -1.4508774409e+02    2.1053857302e+04   -2.3346455663e+02    8.8376812544e+01    1.1005402934e+02   -3.5905235955e+02    1.5533773588e+01    1.0240000000e+03    4.1672340594e-03    5.0896139706e-01
       227   -1.4501167757e+02    2.1031009882e+04   -2.3442992459e+02    8.9418247016e+01    1.0988671777e+02   -3.6058537268e+02    1.6268730322e+01    1.0240000000e+03    4.1827755049e-03    5.0796185662e-01
       228   -1.4505117615e+02    2.1042645558e+04   -2.3300534715e+02    8.7954171005e+01    1.0979627598e+02   -3.5971779328e+02    1.6916170144e+01    1.0240000000e+03    4.1800262406e-03    5.0752527574e-01
       229   -1.4495449992e+02    2.1014627177e+04   -2.3343153450e+02    8.8477034579e+01    1.0982689122e+02   -3.6098054441e+02    1.7722118684e+01    1.0240000000e+03    4.1565103456e-03    5.0634191176e-01
       230   -1.4501200589e+02    2.1030874828e+04   -2.3602851432e+02    9.1016508430e+01    1.1075430548e+02   -3.6479684031e+02    1.8014020508e+01    1.0240000000e+03    4.1508730501e-03    5.0791590074e-01
       231   -1.4491464109e+02    2.1002751005e+04   -2.3402581641e+02    8.9111175319e+01    1.1004665256e+02   -3.6102640641e+02    1.6953937435e+01    1.0240000000e+03    4.1715006810e-03    5.0803079044e-01
       232   -1.4502615945e+02    2.1035467818e+04   -2.3408667745e+02    8.9060518000e+01    1.1009218661e+02   -3.6120977452e+02    1.7030910467e+01    1.0240000000e+03    4.1853592265e-03    5.0602022059e-01
       233   -1.4502040979e+02    2.1033721772e+04   -2.3344622114e+02    8.8425811351e+01    1.1026530457e+02   -3.6185839011e+02    1.8146864401e+01    1.0240000000e+03    4.1134324856e-03    5.0703125000e-01
       234   -1.4496262033e+02    2.1016548277e+04   -2.3343516794e+02    8.8472547607e+01    1.1013786328e+02   -3.6149106278e+02    1.7918031561e+01    1.0240000000e+03    4.1506104171e-03    5.0809972426e-01
       235   -1.4497212717e+02    2.1019293220e+04   -2.3454494547e+02    8.9572818302e+01    1.1002881192e+02   -3.6216662291e+02    1.7592865519e+01    1.0240000000e+03    4.1591404006e-03    5.0818014706e-01
       236   -1.4496019241e+02    2.1015749837e+04   -2.3413706197e+02    8.9176869558e+01    1.1025448015e+02   -3.6213608096e+02    1.7744538849e+01    1.0240000000e+03    4.1726804338e-03    5.0816865809e-01
       237   -1.4498383493e+02    2.1022693307e+04   -2.3409293217e+02    8.9109097244e+01    1.1028548882e+02   -3.6157301544e+02    1.7194594446e+01    1.0240000000e+03    4.1402594652e-03    5.0729549632e-01
       238   -1.4499661583e+02    2.1026827929e+04   -2.3407831051e+02    8.9081694682e+01    1.0970663349e+02   -3.6041191926e+02    1.6626975263e+01    1.0240000000e+03    4.1492807213e-03    5.0660615809e-01
       239   -1.4492427269e+02    2.1005546597e+04   -2.3312814555e+02    8.8203872860e+01    1.0966276393e+02   -3.6032124433e+02    1.7530334856e+01    1.0240000000e+03    4.1667127516e-03    5.0688189338e-01
       240   -1.4498396588e+02    2.1023153563e+04   -2.3488869700e+02    8.9904731128e+01    1.1021379874e+02   -3.6254848832e+02    1.7445992586e+01    1.0240000000e+03    4.1333350819e-03    5.0642233456e-01
       241   -1.4492018397e+02    2.1004124284e+04   -2.3336213744e+02    8.8441953473e+01    1.0989301059e+02   -3.6167571502e+02    1.8420566987e+01    1.0240000000e+03    4.1521051899e-03    5.0853630515e-01
       242   -1.4499573447e+02    2.1026186626e+04   -2.3357666913e+02    8.8580934655e+01    1.0969055741e+02   -3.6001594855e+02    1.6748722005e+01    1.0240000000e+03    4.1416168679e-03    5.0989200368e-01
       243   -1.4498370509e+02    2.1022596351e+04   -2.3324714499e+02    8.8263439905e+01    1.1023831384e+02   -3.6047819564e+02    1.6992736801e+01    1.0240000000e+03    4.1451870929e-03    5.0774356618e-01
       244   -1.4497498231e+02    2.1020174489e+04   -2.3392614784e+02    8.8951165533e+01    1.1004060627e+02   -3.6135572788e+02    1.7388973771e+01    1.0240000000e+03    4.1586121079e-03    5.0845588235e-01
       245   -1.4494030185e+02    2.1010598093e+04   -2.3288245727e+02    8.7942155425e+01    1.0971897390e+02   -3.5946837897e+02    1.6866947797e+01    1.0240000000e+03    4.1796548758e-03    5.0816865809e-01
       246   -1.4494156393e+02    2.1010396838e+04   -2.3395703177e+02    8.9015467843e+01    1.0988098748e+02   -3.6199747248e+02    1.8159453231e+01    1.0240000000e+03    4.1675264947e-03    5.0958180147e-01
       247   -1.4498145532e+02    2.1022183194e+04   -2.3340511585e+02    8.8423660532e+01    1.1008696499e+02   -3.6132277363e+02    1.7830692789e+01    1.0240000000e+03    4.1731863748e-03    5.1116727941e-01
       248   -1.4496570351e+02    2.1017552998e+04   -2.3297678403e+02    8.8011080526e+01    1.1008855950e+02   -3.5980225922e+02    1.6736915683e+01    1.0240000000e+03    4.1595750954e-03    5.0769761029e-01
       249   -1.4488053432e+02    2.0992940872e+04   -2.3389625432e+02    8.9015720008e+01    1.1037734128e+02   -3.6173034045e+02    1.7456744851e+01    1.0240000000e+03    4.1705062613e-03    5.0579044118e-01
       250   -1.4501170770e+02    2.1031021198e+04   -2.3450339215e+02    8.9491684458e+01    1.1051422278e+02   -3.6237042472e+02    1.7352809785e+01    1.0240000000e+03    4.1472059675e-03    5.0144761029e-01
       251   -1.4500845271e+02    2.1030418486e+04   -2.3471330906e+02    8.9704856343e+01    1.1041265753e+02   -3.6303126476e+02    1.7905298168e+01    1.0240000000e+03    4.1407847311e-03    5.0546875000e-01
       252   -1.4497249828e+02    2.1019408705e+04   -2.3358209629e+02    8.8609598014e+01    1.1055884504e+02   -3.6110341684e+02    1.6962475506e+01    1.0240000000e+03    4.1335865390e-03    5.0497472426e-01
       253   -1.4503083493e+02    2.1036494498e+04   -2.3510962803e+02    9.0078793099e+01    1.1080001463e+02   -3.6508841262e+02    1.9178769960e+01    1.0240000000e+03    4.1413255967e-03    5.0596277574e-01
       254   -1.4493364420e+02    2.1007886937e+04   -2.3487965525e+02    8.9946011050e+01    1.1094041372e+02   -3.6320488680e+02    1.7384817830e+01    1.0240000000e+03    4.1702708695e-03    5.0749080882e-01
       255   -1.4494780962e+02    2.1012223004e+04   -2.3338491820e+02    8.8437108580e+01    1.1083764810e+02   -3.6157922692e+02    1.7356660627e+01    1.0240000000e+03    4.0961150080e-03    5.0514705882e-01
       256   -1.4504540228e+02    2.1040564104e+04   -2.3443415880e+02    8.9388756522e+01    1.1035906422e+02   -3.6139097078e+02    1.6597747761e+01    1.0240000000e+03    4.1419251356e-03    5.0886948529e-01
       257   -1.4494921232e+02    2.1012886903e+04   -2.3503414846e+02    9.0084936139e+01    1.1008734526e+02   -3.6230735957e+02    1.7185865853e+01    1.0240000000e+03    4.1365725920e-03    5.0758272059e-01
       258   -1.4490699306e+02    2.1000265028e+04   -2.3308089860e+02    8.8173905536e+01    1.1029633584e+02   -3.6141544108e+02    1.8038206645e+01    1.0240000000e+03    4.1492816526e-03    5.0606617647e-01
       259   -1.4504275887e+02    2.1039903758e+04   -2.3339003954e+02    8.8347280668e+01    1.1040668425e+02   -3.6077792478e+02    1.6981200991e+01    1.0240000000e+03    4.1914484464e-03    5.0812270221e-01
       260   -1.4503939231e+02    2.1038729019e+04   -2.3499465870e+02    8.9955266396e+01    1.1074732251e+02   -3.6365908445e+02    1.7917103241e+01    1.0240000000e+03    4.1359711904e-03    5.0551470588e-01
       261   -1.4496334909e+02    2.1016897146e+04   -2.3301988276e+02    8.8056533669e+01    1.1099860520e+02   -3.6200787088e+02    1.7989382928e+01    1.0240000000e+03    4.1325320490e-03    5.0405560662e-01
       262   -1.4501963410e+02    2.1033785242e+04   -2.3521126555e+02    9.0191631442e+01    1.1115053151e+02   -3.6369979835e+02    1.7338001298e+01    1.0240000000e+03    4.1544565465e-03    5.0440027574e-01
       263   -1.4503270978e+02    2.1037488854e+04   -2.3421609361e+02    8.9183383839e+01    1.1076385878e+02   -3.6180667262e+02    1.6826720228e+01    1.0240000000e+03    4.1630375199e-03    5.0675551471e-01
       264   -1.4504416489e+02    2.1040527644e+04   -2.3485540770e+02    8.9811242810e+01    1.1057284928e+02   -3.6264435829e+02    1.7216101311e+01    1.0240000000e+03    4.1524944827e-03    5.0890395221e-01
       265   -1.4500420221e+02    2.1034577735e+04   -2.3465283528e+02    8.9648633068e+01    1.1058726668e+02   -3.6280339295e+02    1.7563290990e+01    1.0240000000e+03    4.1724015027e-03    5.0607766544e-01
       266   -1.4495279456e+02    2.1014488757e+04   -2.3402813956e+02    8.9075345000e+01    1.1045377818e+02   -3.6133473210e+02    1.6852814353e+01    1.0240000000e+03    4.1263916064e-03    5.0746783088e-01
       267   -1.4498557457e+02    2.1023006916e+04   -2.3331075884e+02    8.8325184268e+01    1.1020141370e+02   -3.6041536237e+02    1.6903189837e+01    1.0240000000e+03    4.1363851633e-03    5.0670955882e-01
       268   -1.4497695675e+02    2.1021189438e+04   -2.3600548884e+02    9.1028532083e+01    1.1056132960e+02   -3.6293528088e+02    1.6368462443e+01    1.0240000000e+03    4.1773151606e-03    5.0867417279e-01
       269   -1.4506518160e+02    2.1046531368e+04   -2.3454830139e+02    8.9483119794e+01    1.1037399296e+02   -3.6249167840e+02    1.7569384046e+01    1.0240000000e+03    4.1722408496e-03    5.1016773897e-01
       270   -1.4495981259e+02    2.1016056620e+04   -2.3410982320e+02    8.9150010606e+01    1.1050110444e+02   -3.6190120863e+02    1.7290280991e+01    1.0240000000e+03    4.1726350319e-03    5.0860523897e-01
       271   -1.4496380072e+02    2.1018606851e+04   -2.3516446008e+02    9.0200659360e+01    1.1052294057e+02   -3.6442664821e+02    1.8739247555e+01    1.0240000000e+03    4.1789098177e-03    5.0792738971e-01
       272   -1.4492126707e+02    2.1004415270e+04   -2.3454577403e+02    8.9624506966e+01    1.1060229564e+02   -3.6249817419e+02    1.7350104510e+01    1.0240000000e+03    4.1421288624e-03    5.0877757353e-01
       273   -1.4500930134e+02    2.1030324727e+04   -2.3411036736e+02    8.9101066012e+01    1.1053750123e+02   -3.6157355937e+02    1.6925690776e+01    1.0240000000e+03    4.1885979008e-03    5.0560661765e-01
       274   -1.4502981994e+02    2.1036141674e+04   -2.3359651872e+02    8.8566698778e+01    1.1025314289e+02   -3.6068076424e+02    1.6831102626e+01    1.0240000000e+03    4.1696196422e-03    5.0714613971e-01
       275   -1.4502338280e+02    2.1033913730e+04   -2.3303074988e+02    8.8007367080e+01    1.1100970216e+02   -3.6206955749e+02    1.8029105455e+01    1.0240000000e+03    4.1805787478e-03    5.0716911765e-01
       276   -1.4492856525e+02    2.1006751121e+04   -2.3415001052e+02    8.9221445275e+01    1.1027321515e+02   -3.6173331084e+02    1.7310085170e+01    1.0240000000e+03    4.1488315910e-03    5.0539981618e-01
       277   -1.4500799150e+02    2.1029537031e+04   -2.3393595944e+02    8.8927967943e+01    1.1052727489e+02   -3.6195186630e+02    1.7488631969e+01    1.0240000000e+03    4.1565848514e-03    5.0387178309e-01
       278   -1.4500378424e+02    2.1028833389e+04   -2.3457721760e+02    8.9573433358e+01    1.1083388811e+02   -3.6232607151e+02    1.6914965801e+01    1.0240000000e+03    4.1613446083e-03    5.0711167279e-01
       279   -1.4496555230e+02    2.1017574176e+04   -2.3391816016e+02    8.8952607862e+01    1.1027557516e+02   -3.6101881501e+02    1.6825079695e+01    1.0240000000e+03    4.1482797824e-03    5.0770909926e-01
       280   -1.4502327741e+02    2.1034295716e+04   -2.3451252735e+02    8.9489249937e+01    1.1120048041e+02   -3.6222417419e+02    1.6511166428e+01    1.0240000000e+03    4.1707477067e-03    5.0464154412e-01
       281   -1.4493244130e+02    2.1010179941e+04   -2.3478577859e+02    8.9853337288e+01    1.1083067655e+02   -3.6235865603e+02    1.6742200893e+01    1.0240000000e+03    4.1885846294e-03    5.0713465074e-01
       282   -1.4502758408e+02    2.1035514476e+04   -2.3433351645e+02    8.9305932374e+01    1.1033183843e+02   -3.6147289030e+02    1.6807535422e+01    1.0240000000e+03    4.1599536780e-03    5.0669806985e-01
       283   -1.4487481842e+02    2.0991200626e+04   -2.3472265308e+02    8.9847834660e+01    1.1055438260e+02   -3.6131640328e+02    1.6039367606e+01    1.0240000000e+03    4.1419095360e-03    5.0544577206e-01
       284   -1.4502184893e+02    2.1034278850e+04   -2.3217571713e+02    8.7153868199e+01    1.1049665941e+02   -3.6134804831e+02    1.8675671776e+01    1.0240000000e+03    4.1463181842e-03    5.0712316176e-01
       285   -1.4501967575e+02    2.1033312315e+04   -2.3350818360e+02    8.8488507851e+01    1.1046638229e+02   -3.6148901991e+02    1.7514454015e+01    1.0240000000e+03    4.1800886393e-03    5.0872012868e-01
       286   -1.4496801399e+02    2.1018306453e+04   -2.3499419806e+02    9.0026184065e+01    1.1067315296e+02   -3.6393228833e+02    1.8264937314e+01    1.0240000000e+03    4.1759505402e-03    5.0649126838e-01
       287   -1.4499410677e+02    2.1026876784e+04   -2.3416990848e+02    8.9175801707e+01    1.1062217428e+02   -3.6380092779e+02    1.9008845037e+01    1.0240000000e+03    4.1481785011e-03    5.0429687500e-01
       288   -1.4495711231e+02    2.1015065503e+04   -2.3448368281e+02    8.9526570503e+01    1.1018688840e+02   -3.6127415478e+02    1.6603583569e+01    1.0240000000e+03    4.1359211318e-03    5.0827205882e-01
       289   -1.4500533582e+02    2.1029255168e+04   -2.3448356593e+02    8.9478230108e+01    1.1078060040e+02   -3.6372743598e+02    1.8463269648e+01    1.0240000000e+03    4.1512420867e-03    5.0703125000e-01
       290   -1.4494760530e+02    2.1012484462e+04   -2.3452989840e+02    8.9582293100e+01    1.1050054269e+02   -3.6187705312e+02    1.6846612027e+01    1.0240000000e+03    4.1108089499e-03    5.0675551471e-01
       291   -1.4498811037e+02    2.1023637344e+04   -2.3327945751e+02    8.8291347139e+01    1.1014329611e+02   -3.6069198524e+02    1.7269231620e+01    1.0240000000e+03    4.1676897090e-03    5.1076516544e-01
       292   -1.4489561943e+02    2.0997038030e+04   -2.3374050229e+02    8.8844882862e+01    1.0971050031e+02   -3.5992757906e+02    1.6476576452e+01    1.0240000000e+03    4.1472234298e-03    5.0683593750e-01
       293   -1.4496613934e+02    2.1017857821e+04   -2.3405572476e+02    8.9089585416e+01    1.1006738992e+02   -3.6042821867e+02    1.6305103988e+01    1.0240000000e+03    4.1309816297e-03    5.0599724265e-01
       294   -1.4490421708e+02    2.1000043515e+04   -2.3307618356e+02    8.8171966481e+01    1.1013808248e+02   -3.6043144068e+02    1.7217174631e+01    1.0240000000e+03    4.1500579100e-03    5.0944393382e-01
       295   -1.4503022780e+02    2.1036289312e+04   -2.3298645650e+02    8.7956228698e+01    1.0986582870e+02   -3.6035495933e+02    1.7502674133e+01    1.0240000000e+03    4.1195407975e-03    5.0743336397e-01
       296   -1.4499077148e+02    2.1024518382e+04   -2.3421910469e+02    8.9228333210e+01    1.1024291899e+02   -3.6242492700e+02    1.7962903316e+01    1.0240000000e+03    4.1469801217e-03    5.0976562500e-01
       297   -1.4503344966e+02    2.1036813612e+04   -2.3640345057e+02    9.1370000907e+01    1.1095633153e+02   -3.6460003516e+02    1.7240253066e+01    1.0240000000e+03    4.1376962326e-03    5.0558363971e-01
       298   -1.4495756081e+02    2.1014981370e+04   -2.3336587841e+02    8.8408317600e+01    1.1012496631e+02   -3.6003060526e+02    1.6539760535e+01    1.0240000000e+03    4.1314535774e-03    5.1020220588e-01
       299   -1.4497009504e+02    2.1020223873e+04   -2.3366253441e+02    8.8692439373e+01    1.1019088257e+02   -3.6179812673e+02    1.7944709750e+01    1.0240000000e+03    4.1412571445e-03    5.0576746324e-01
       300   -1.4505775768e+02    2.1043858866e+04   -2.3293762679e+02    8.7879869111e+01    1.1011815695e+02   -3.6001421858e+02    1.6958434840e+01    1.0240000000e+03    4.1610568296e-03    5.0751378676e-01
       301   -1.4502072719e+02    2.1033863436e+04   -2.3325153525e+02    8.8230808060e+01    1.1003410326e+02   -3.6037750425e+02    1.7091865739e+01    1.0240000000e+03    4.1108680889e-03    5.0828354779e-01
       302   -1.4499997613e+02    2.1026926531e+04   -2.3317459417e+02    8.8174618035e+01    1.0954861102e+02   -3.5930809103e+02    1.6584885838e+01    1.0240000000e+03    4.1302707978e-03    5.1036305147e-01
       303   -1.4496886411e+02    2.1018452562e+04   -2.3404626118e+02    8.9077397067e+01    1.1025477267e+02   -3.6206890010e+02    1.7767866251e+01    1.0240000000e+03    4.1767123621e-03    5.0659466912e-01
       304   -1.4494361802e+02    2.1011150005e+04   -2.3299585322e+02    8.8052235198e+01    1.1055249152e+02   -3.6138130590e+02    1.7832961170e+01    1.0240000000e+03    4.1897620540e-03    5.0790441176e-01
       305   -1.4501153054e+02    2.1030979383e+04   -2.3328922365e+02    8.8277693108e+01    1.1037302317e+02   -3.6145998069e+02    1.7797733871e+01    1.0240000000e+03    4.1523012333e-03    5.0727251838e-01
       306   -1.4501045226e+02    2.1030310656e+04   -2.3243809388e+02    8.7427641615e+01    1.0985511005e+02   -3.6005600296e+02    1.7762799044e+01    1.0240000000e+03    4.1475980543e-03    5.0774356618e-01
       307   -1.4495785383e+02    2.1016013839e+04   -2.3547188282e+02    9.0514028988e+01    1.1108838031e+02   -3.6421049713e+02    1.7650234001e+01    1.0240000000e+03    4.1405861266e-03    5.0703125000e-01
       308   -1.4497349254e+02    2.1020184137e+04   -2.3535433243e+02    9.0380839885e+01    1.1113354354e+02   -3.6412229736e+02    1.7634421384e+01    1.0240000000e+03    4.1845634114e-03    5.0788143382e-01
       309   -1.4491514588e+02    2.1003201524e+04   -2.3359927719e+02    8.8684131316e+01    1.1069942076e+02   -3.6105723234e+02    1.6758534387e+01    1.0240000000e+03    4.1600556578e-03    5.0533088235e-01
       310   -1.4495819823e+02    2.1015177868e+04   -2.3439115975e+02    8.9432961516e+01    1.1053442959e+02   -3.6122802002e+02    1.6302430680e+01    1.0240000000e+03    4.1921471711e-03    5.0916819853e-01
       311   -1.4503540348e+02    2.1038238312e+04   -2.3424658449e+02    8.9211181006e+01    1.1083126798e+02   -3.6343070503e+02    1.8352852556e+01    1.0240000000e+03    4.2080285493e-03    5.0811121324e-01
       312   -1.4508970491e+02    2.1053308088e+04   -2.3445193635e+02    8.9362231439e+01    1.1064063719e+02   -3.6152555098e+02    1.6432977447e+01    1.0240000000e+03    4.1770730168e-03    5.0554917279e-01
       313   -1.4503423711e+02    2.1038187789e+04   -2.3358735769e+02    8.8553120583e+01    1.1067396910e+02   -3.6164993844e+02    1.7388611650e+01    1.0240000000e+03    4.1814323049e-03    5.0689338235e-01
       314   -1.4492067355e+02    2.1005522595e+04   -2.3631407169e+02    9.1393398140e+01    1.1093960545e+02   -3.6536219657e+02    1.8108519419e+01    1.0240000000e+03    4.1267559864e-03    5.0529641544e-01
       315   -1.4495239429e+02    2.1013643658e+04   -2.3400384236e+02    8.9051448067e+01    1.1047293195e+02   -3.6156703565e+02    1.7090261344e+01    1.0240000000e+03    4.1255760007e-03    5.0425091912e-01
       316   -1.4492894713e+02    2.1006954312e+04   -2.3430729449e+02    8.9378347363e+01    1.1009098754e+02   -3.6181439836e+02    1.7416116329e+01    1.0240000000e+03    4.1631301865e-03    5.0773207721e-01
       317   -1.4493690706e+02    2.1008646551e+04   -2.3341056750e+02    8.8473660444e+01    1.1006573115e+02   -3.6015507440e+02    1.6678775754e+01    1.0240000000e+03    4.1757968720e-03    5.0793887868e-01
       318   -1.4494167356e+02    2.1010638583e+04   -2.3398051604e+02    8.9038842486e+01    1.1038357911e+02   -3.6102388160e+02    1.6659786454e+01    1.0240000000e+03    4.1868425906e-03    5.0688189338e-01
       319   -1.4497514344e+02    2.1020115846e+04   -2.3244364091e+02    8.7468497475e+01    1.1012751895e+02   -3.5987831193e+02    1.7307152070e+01    1.0240000000e+03    4.1769582313e-03    5.0880055147e-01
       320   -1.4498668250e+02    2.1023775545e+04   -2.3303648297e+02    8.8049800469e+01    1.1005464340e+02   -3.6027555243e+02    1.7184426056e+01    1.0240000000e+03    4.1455868632e-03    5.1027113971e-01
       321   -1.4500718196e+02    2.1032118786e+04   -2.3542084444e+02    9.0413662480e+01    1.1039295806e+02   -3.6313725750e+02    1.7323455000e+01    1.0240000000e+03    4.1195000522e-03    5.0553768382e-01
       322   -1.4502160287e+02    2.1034443775e+04   -2.3341360433e+02    8.8392001452e+01    1.1016608570e+02   -3.6239881266e+02    1.8819122637e+01    1.0240000000e+03    4.1299595032e-03    5.0667509191e-01
       323   -1.4496005278e+02    2.1015452573e+04   -2.3342243810e+02    8.8462385311e+01    1.0972342066e+02   -3.5970091030e+02    1.6555051539e+01    1.0240000000e+03    4.1562544648e-03    5.0600873162e-01
       324   -1.4499991019e+02    2.1027977650e+04   -2.3405133247e+02    8.9051422282e+01    1.1025702832e+02   -3.6063570384e+02    1.6327343050e+01    1.0240000000e+03    4.1373181157e-03    5.0480238971e-01
       325   -1.4487498693e+02    2.0991180700e+04   -2.3434307710e+02    8.9468090167e+01    1.1071846225e+02   -3.6226057700e+02    1.7199037643e+01    1.0240000000e+03    4.1583417915e-03    5.0818014706e-01
       326   -1.4503905300e+02    2.1038670970e+04   -2.3435989769e+02    8.9320844691e+01    1.1085571798e+02   -3.6213159722e+02    1.6915981544e+01    1.0240000000e+03    4.1715113912e-03    5.0718060662e-01
       327   -1.4502463137e+02    2.1034460178e+04   -2.3428032964e+02    8.9255698267e+01    1.1085914958e+02   -3.6311563678e+02    1.7976157555e+01    1.0240000000e+03    4.1981807444e-03    5.0606617647e-01
       328   -1.4494136385e+02    2.1010817482e+04   -2.3497152537e+02    9.0030161520e+01    1.1079183849e+02   -3.6178247244e+02    1.6019108578e+01    1.0240000000e+03    4.1469109710e-03    5.0783547794e-01
       329   -1.4497176412e+02    2.1019274221e+04   -2.3506700672e+02    9.0095242595e+01    1.1058687771e+02   -3.6301309178e+02    1.7359207355e+01    1.0240000000e+03    4.1272051167e-03    5.0811121324e-01
       330   -1.4494223256e+02    2.1010499413e+04   -2.3519793851e+02    9.0255705947e+01    1.1028399152e+02   -3.6238150581e+02    1.6899575775e+01    1.0240000000e+03    4.1476278566e-03    5.1017922794e-01
       331   -1.4494765918e+02    2.1012213997e+04   -2.3359423525e+02    8.8646576073e+01    1.1029158740e+02   -3.6041564817e+02    1.6529825516e+01    1.0240000000e+03    4.1626954917e-03    5.0497472426e-01
       332   -1.4502505036e+02    2.1034795818e+04   -2.3291568183e+02    8.7890631473e+01    1.1033339868e+02   -3.6086548989e+02    1.7616409371e+01    1.0240000000e+03    4.1536409408e-03    5.0562959559e-01
       333   -1.4496013633e+02    2.1015816614e+04   -2.3492163810e+02    8.9961501769e+01    1.1058675261e+02   -3.6295809475e+02    1.7449704033e+01    1.0240000000e+03    4.1340452153e-03    5.0799632353e-01
       334   -1.4495370788e+02    2.1014815962e+04   -2.3534216812e+02    9.0388460244e+01    1.1057628035e+02   -3.6330233825e+02    1.7383889770e+01    1.0240000000e+03    4.1430094279e-03    5.0685891544e-01
       335   -1.4499606299e+02    2.1026658204e+04   -2.3563381594e+02    9.0637752957e+01    1.1056999956e+02   -3.6433518204e+02    1.8131366544e+01    1.0240000000e+03    4.1831992567e-03    5.0862821691e-01
       336   -1.4499417529e+02    2.1025809948e+04   -2.3371790443e+02    8.8723729139e+01    1.1024511760e+02   -3.6064486706e+02    1.6681845027e+01    1.0240000000e+03    4.1579646058e-03    5.0634191176e-01
       337   -1.4503945481e+02    2.1039653984e+04   -2.3409528067e+02    8.9055825864e+01    1.1019805654e+02   -3.6108652092e+02    1.6793183712e+01    1.0240000000e+03    4.1444734670e-03    5.0677849265e-01
       338   -1.4501449722e+02    2.1031407430e+04   -2.3426953340e+02    8.9255036180e+01    1.1019838268e+02   -3.6187456812e+02    1.7406652043e+01    1.0240000000e+03    4.1474641766e-03    5.0967371324e-01
       339   -1.4498933626e+02    2.1024758021e+04   -2.3456796859e+02    8.9578632333e+01    1.1017886871e+02   -3.6261798766e+02    1.7871150356e+01    1.0240000000e+03    4.1393558495e-03    5.0804227941e-01
       340   -1.4500966258e+02    2.1030052411e+04   -2.3340932969e+02    8.8399667118e+01    1.1046601646e+02   -3.6154018349e+02    1.7664837339e+01    1.0240000000e+03    4.1649129707e-03    5.0788143382e-01
       341   -1.4498265114e+02    2.1023110196e+04   -2.3363758529e+02    8.8654934148e+01    1.1052993378e+02   -3.6216518602e+02    1.7997666953e+01    1.0240000000e+03    4.1463091038e-03    5.0883501838e-01
       342   -1.4497151654e+02    2.1019254881e+04   -2.3397627749e+02    8.9004760955e+01    1.1012231252e+02   -3.6243125558e+02    1.8332665569e+01    1.0240000000e+03    4.1359220631e-03    5.0831801471e-01
       343   -1.4496747443e+02    2.1018412885e+04   -2.3352509338e+02    8.8557618955e+01    1.0986842678e+02   -3.6023911077e+02    1.6845590609e+01    1.0240000000e+03    4.1349537205e-03    5.0914522059e-01
       344   -1.4498156644e+02    2.1023176235e+04   -2.3245162976e+02    8.7470063316e+01    1.0995272515e+02   -3.5929025318e+02    1.6885898270e+01    1.0240000000e+03    4.1489016730e-03    5.0845588235e-01
       345   -1.4498076582e+02    2.1021532048e+04   -2.3206207897e+02    8.7081313156e+01    1.1009909564e+02   -3.5966379001e+02    1.7502615397e+01    1.0240000000e+03    4.1579289827e-03    5.1000689338e-01
       346   -1.4493777915e+02    2.1009748700e+04   -2.3434010139e+02    8.9402322239e+01    1.1062454180e+02   -3.6255910115e+02    1.7594457959e+01    1.0240000000e+03    4.1626666207e-03    5.0789292279e-01
       347   -1.4499180981e+02    2.1025162110e+04   -2.3380011879e+02    8.8808308976e+01    1.1086280017e+02   -3.6168012903e+02    1.7017210070e+01    1.0240000000e+03    4.1424178053e-03    5.0923713235e-01
       348   -1.4495507158e+02    2.1015791534e+04   -2.3219428736e+02    8.7239215787e+01    1.1041701101e+02   -3.6127839228e+02    1.8667093902e+01    1.0240000000e+03    4.1469549760e-03    5.0672104779e-01
       349   -1.4489457035e+02    2.0997344137e+04   -2.3392572044e+02    8.9031150082e+01    1.1044171987e+02   -3.6230102358e+02    1.7933583271e+01    1.0240000000e+03    4.1508178692e-03    5.0842141544e-01
       350   -1.4491606646e+02    2.1005652420e+04   -2.3538463704e+02    9.0468570574e+01    1.1073949578e+02   -3.6356123524e+02    1.7437102430e+01    1.0240000000e+03    4.1511144955e-03    5.0667509191e-01
       351   -1.4501783554e+02    2.1033403120e+04   -2.3304449003e+02    8.8026654483e+01    1.1036206663e+02   -3.6088906333e+02    1.7482506666e+01    1.0240000000e+03    4.1936556809e-03    5.0805376838e-01
       352   -1.4498935026e+02    2.1024455860e+04   -2.3320231946e+02    8.8212969199e+01    1.1030749184e+02   -3.6064927173e+02    1.7139460431e+01    1.0240000000e+03    4.1509722359e-03    5.0807674632e-01
       353   -1.4492342493e+02    2.1005458851e+04   -2.3355309349e+02    8.8629668557e+01    1.1054375395e+02   -3.6072559426e+02    1.6628746815e+01    1.0240000000e+03    4.1931637097e-03    5.0700827206e-01
       354   -1.4496531389e+02    2.1017345991e+04   -2.3481367639e+02    8.9848362500e+01    1.1025137723e+02   -3.6272945404e+02    1.7664400422e+01    1.0240000000e+03    4.1295262054e-03    5.0824908088e-01
       355   -1.4499381297e+02    2.1025764525e+04   -2.3616871606e+02    9.1174903089e+01    1.1117559719e+02   -3.6522522075e+02    1.7880907504e+01    1.0240000000e+03    4.1855294257e-03    5.0876608456e-01
       356   -1.4494465535e+02    2.1011836909e+04   -2.3445836381e+02    8.9513708465e+01    1.1027011924e+02   -3.6249057678e+02    1.7762093722e+01    1.0240000000e+03    4.1380149778e-03    5.0729549632e-01
       357   -1.4491283563e+02    2.1002865617e+04   -2.3265404142e+02    8.7741205787e+01    1.1039176252e+02   -3.6070016125e+02    1.7654357312e+01    1.0240000000e+03    4.1562917177e-03    5.0832950368e-01
       358   -1.4494128123e+02    2.1011320617e+04   -2.3379918258e+02    8.8857901351e+01    1.1022042268e+02   -3.6140332113e+02    1.7383715868e+01    1.0240000000e+03    4.2058860417e-03    5.0826056985e-01
       359   -1.4498524497e+02    2.1023239137e+04   -2.3494413755e+02    8.9958892575e+01    1.1036063453e+02   -3.6263008876e+02    1.7325316678e+01    1.0240000000e+03    4.1547056753e-03    5.0931755515e-01
       360   -1.4496353614e+02    2.1016859899e+04   -2.3442530098e+02    8.9461764844e+01    1.1039432687e+02   -3.6180847440e+02    1.6988846542e+01    1.0240000000e+03    4.1639327537e-03    5.1138556985e-01
       361   -1.4498716932e+02    2.1023675630e+04   -2.3617251796e+02    9.1185348636e+01    1.1093853140e+02   -3.6412133185e+02    1.7010282491e+01    1.0240000000e+03    4.1393344291e-03    5.0404411765e-01
       362   -1.4496757248e+02    2.1018103435e+04   -2.3435427767e+02    8.9386705190e+01    1.1062401665e+02   -3.6270315168e+02    1.7724857351e+01    1.0240000000e+03    4.1665337048e-03    5.0834099265e-01
       363   -1.4486455163e+02    2.0987819997e+04   -2.3351185890e+02    8.8647307269e+01    1.1108736167e+02   -3.6273358463e+02    1.8134364055e+01    1.0240000000e+03    4.1780842002e-03    5.0747931985e-01
       364   -1.4498331513e+02    2.1023778227e+04   -2.3411210468e+02    8.9128789552e+01    1.1123481940e+02   -3.6376702887e+02    1.8420104793e+01    1.0240000000e+03    4.1458450723e-03    5.0690487132e-01
       365   -1.4492766157e+02    2.1006170482e+04   -2.3444533464e+02    8.9517673072e+01    1.1092601286e+02   -3.6341863292e+02    1.8047285424e+01    1.0240000000e+03    4.1132436600e-03    5.0622702206e-01
       366   -1.4500291498e+02    2.1029028086e+04   -2.3449929890e+02    8.9496383919e+01    1.1067665276e+02   -3.6250415822e+02    1.7328206562e+01    1.0240000000e+03    4.1672119405e-03    5.0676700368e-01
       367   -1.4494834551e+02    2.1012591586e+04   -2.3467134438e+02    8.9722998869e+01    1.1032084381e+02   -3.6378572729e+02    1.8793539109e+01    1.0240000000e+03    4.1566004511e-03    5.0662913603e-01
       368   -1.4499746358e+02    2.1027423041e+04   -2.3346766355e+02    8.8470199969e+01    1.1011807926e+02   -3.6059298754e+02    1.7007244731e+01    1.0240000000e+03    4.1765198112e-03    5.0850183824e-01
       369   -1.4495927558e+02    2.1015539542e+04   -2.3305342624e+02    8.8094150658e+01    1.1016375737e+02   -3.6049659291e+02    1.7279409304e+01    1.0240000000e+03    4.1461500805e-03    5.0935202206e-01
       370   -1.4503875382e+02    2.1039958363e+04   -2.3387329737e+02    8.8834543551e+01    1.1017556882e+02   -3.6132283884e+02    1.7273972651e+01    1.0240000000e+03    4.1559268720e-03    5.0734145221e-01
       371   -1.4500899167e+02    2.1029920368e+04   -2.3354571816e+02    8.8536726495e+01    1.1033231426e+02   -3.6050313861e+02    1.6625106189e+01    1.0240000000e+03    4.1906915139e-03    5.0816865809e-01
       372   -1.4492258565e+02    2.1005502450e+04   -2.3441931987e+02    8.9496734217e+01    1.1095226794e+02   -3.6311670494e+02    1.7745117140e+01    1.0240000000e+03    4.2035600636e-03    5.0700827206e-01
       373   -1.4487635998e+02    2.0991643066e+04   -2.3315761236e+02    8.8281252381e+01    1.1057356492e+02   -3.6164926441e+02    1.7918087124e+01    1.0240000000e+03    4.1756215505e-03    5.0600873162e-01
       374   -1.4492840674e+02    2.1006667078e+04   -2.3444695366e+02    8.9518546920e+01    1.1084971547e+02   -3.6280057956e+02    1.7503910421e+01    1.0240000000e+03    4.1658484843e-03    5.0626148897e-01
       375   -1.4492225210e+02    2.1005258213e+04   -2.3488336376e+02    8.9961111667e+01    1.1013329840e+02   -3.6205801984e+02    1.7041357673e+01    1.0240000000e+03    4.1493957397e-03    5.0859375000e-01
       376   -1.4496960933e+02    2.1018562728e+04   -2.3309509965e+02    8.8125490315e+01    1.1005810052e+02   -3.6009439144e+02    1.6941191268e+01    1.0240000000e+03    4.1469337884e-03    5.0791590074e-01
       377   -1.4499988725e+02    2.1027491190e+04   -2.3596622551e+02    9.0966338251e+01    1.1091390448e+02   -3.6440185696e+02    1.7521726973e+01    1.0240000000e+03    4.1334312409e-03    5.0948988971e-01
       378   -1.4496685645e+02    2.1018046437e+04   -2.3410545219e+02    8.9138595745e+01    1.1086314179e+02   -3.6304203029e+02    1.8073436302e+01    1.0240000000e+03    4.1380666662e-03    5.0788143382e-01
       379   -1.4503254460e+02    2.1037770074e+04   -2.3318002516e+02    8.8147480562e+01    1.1089363675e+02   -3.6149921694e+02    1.7425555034e+01    1.0240000000e+03    4.1324023623e-03    5.0482536765e-01
       380   -1.4497236097e+02    2.1019717669e+04   -2.3383299827e+02    8.8860637300e+01    1.1050178488e+02   -3.6131219498e+02    1.6977411824e+01    1.0240000000e+03    4.1150215548e-03    5.0483685662e-01
       381   -1.4499937147e+02    2.1028195226e+04   -2.3360022582e+02    8.8600854353e+01    1.1035491148e+02   -3.6013637573e+02    1.6181238424e+01    1.0240000000e+03    4.1604572907e-03    5.0732996324e-01
       382   -1.4497034638e+02    2.1019742724e+04   -2.3277017494e+02    8.7799828557e+01    1.1018901133e+02   -3.6038226502e+02    1.7423078758e+01    1.0240000000e+03    4.1633602232e-03    5.0813419118e-01
       383   -1.4500351647e+02    2.1028734747e+04   -2.3400721294e+02    8.9003696470e+01    1.1056611968e+02   -3.6212180614e+02    1.7548473530e+01    1.0240000000e+03    4.1755950078e-03    5.0885799632e-01
       384   -1.4494761368e+02    2.1011978736e+04   -2.3384388361e+02    8.8896269922e+01    1.1040805321e+02   -3.6082521096e+02    1.6573274147e+01    1.0240000000e+03    4.1610503104e-03    5.0687040441e-01
       385   -1.4492885570e+02    2.1006734865e+04   -2.3283249672e+02    8.7903641025e+01    1.1046290052e+02   -3.6102402869e+02    1.7728631452e+01    1.0240000000e+03    4.1412624996e-03    5.0865119485e-01
       386   -1.4504630401e+02    2.1040941572e+04   -2.3375779556e+02    8.8711491547e+01    1.1020132148e+02   -3.6180970829e+02    1.7850591251e+01    1.0240000000e+03    4.1802395135e-03    5.0907628676e-01
       387   -1.4504418989e+02    2.1040009895e+04   -2.3359428474e+02    8.8550094854e+01    1.0988529904e+02   -3.6075441064e+02    1.7274826860e+01    1.0240000000e+03    4.1451875586e-03    5.0859375000e-01
       388   -1.4498935654e+02    2.1024446860e+04   -2.3318546048e+02    8.8196103933e+01    1.1013968255e+02   -3.6101229496e+02    1.7687151942e+01    1.0240000000e+03    4.1604945436e-03    5.0711167279e-01
       389   -1.4507855499e+02    2.1050369706e+04   -2.3357845962e+02    8.8499904630e+01    1.1032535401e+02   -3.6153307952e+02    1.7629265901e+01    1.0240000000e+03    4.1933506727e-03    5.1235064338e-01
       390   -1.4498772763e+02    2.1024237839e+04   -2.3352665533e+02    8.8538927699e+01    1.1063411767e+02   -3.6180163560e+02    1.7640862599e+01    1.0240000000e+03    4.1740958113e-03    5.0631893382e-01
       391   -1.4501227117e+02    2.1031928505e+04   -2.3410968176e+02    8.9097410588e+01    1.1061195135e+02   -3.6282972666e+02    1.8108093552e+01    1.0240000000e+03    4.1390580591e-03    5.0626148897e-01
       392   -1.4505970617e+02    2.1045146807e+04   -2.3534284934e+02    9.0283143163e+01    1.1012645176e+02   -3.6161267465e+02    1.6143373547e+01    1.0240000000e+03    4.1771265678e-03    5.0557215074e-01
       393   -1.4496443617e+02    2.1017171244e+04   -2.3358681143e+02    8.8622375267e+01    1.1023535888e+02   -3.6159688008e+02    1.7774709773e+01    1.0240000000e+03    4.1433803272e-03    5.0938648897e-01
       394   -1.4496297662e+02    2.1016421215e+04   -2.3330750628e+02    8.8344529661e+01    1.1021713901e+02   -3.6114851047e+02    1.7623865177e+01    1.0240000000e+03    4.4157407247e-03    5.0618106618e-01
       395   -1.4492652716e+02    2.1006005006e+04   -2.3295281964e+02    8.8026292483e+01    1.1026262254e+02   -3.6114234294e+02    1.7926900755e+01    1.0240000000e+03    4.2245055083e-03    5.1121323529e-01
       396   -1.4498506233e+02    2.1023018023e+04   -2.3299143252e+02    8.8006370196e+01    1.1058137444e+02   -3.6037555178e+02    1.6802744811e+01    1.0240000000e+03    4.1976273060e-03    5.0658318015e-01
       397   -1.4493830505e+02    2.1009586907e+04   -2.3330924892e+02    8.8370943873e+01    1.1074865629e+02   -3.6274965168e+02    1.8691746466e+01    1.0240000000e+03    4.1760383174e-03    5.0792738971e-01
       398   -1.4503735381e+02    2.1038457870e+04   -2.3408442092e+02    8.9047067111e+01    1.1032057010e+02   -3.6295713423e+02    1.8552143217e+01    1.0240000000e+03    4.1843247600e-03    5.0823759191e-01
       399   -1.4490073263e+02    2.0998550356e+04   -2.3335431124e+02    8.8453578614e+01    1.1026659960e+02   -3.6173870907e+02    1.8117798231e+01    1.0240000000e+03    4.1853508446e-03    5.0883501838e-01
