#   index    LocalEnergy         LocalEnergy_sq      LocalPotential      Kinetic             ElecElec            LocalECP            NonLocalECP         BlockWeight         BlockCPU            AcceptRatio         
         0   -1.4501992152e+02    2.1033348229e+04   -2.3334262369e+02    8.8322702173e+01    1.1031857365e+02   -3.6149735143e+02    1.7836154084e+01    2.0480000000e+03    7.6356527861e-03    5.0730698529e-01
         1   -1.4494729164e+02    2.1013414109e+04   -2.3456886903e+02    8.9621577395e+01    1.1052330473e+02   -3.6269932443e+02    1.7607150663e+01    2.0480000000e+03    7.5529408641e-03    5.0737017463e-01
         2   -1.4490619802e+02    2.1000134202e+04   -2.3389062383e+02    8.8984425806e+01    1.1059116236e+02   -3.6168707803e+02    1.7205291839e+01    2.0480000000e+03    7.4352109805e-03    5.0655445772e-01
         3   -1.4503398846e+02    2.1038372359e+04   -2.3389384694e+02    8.8859858486e+01    1.1049765977e+02   -3.6269401135e+02    1.8302504642e+01    2.0480000000e+03    7.4450781103e-03    5.0862247243e-01
         4   -1.4498099073e+02    2.1021828291e+04   -2.3501601381e+02    9.0035023075e+01    1.1062362958e+02   -3.6309712652e+02    1.7457483131e+01    2.0480000000e+03    7.3953182437e-03    5.0695657169e-01
         5   -1.4500261791e+02    2.1028465347e+04   -2.3362741810e+02    8.8624800193e+01    1.0979678553e+02   -3.6071396472e+02    1.7289761083e+01    2.0480000000e+03    7.3551717214e-03    5.0770909926e-01
         6   -1.4497867224e+02    2.1021520560e+04   -2.3379043177e+02    8.8811759530e+01    1.1032355921e+02   -3.6245616275e+02    1.8342171773e+01    2.0480000000e+03    7.3504277971e-03    5.0577320772e-01
         7   -1.4493792024e+02    2.1009843602e+04   -2.3353809794e+02    8.8600177698e+01    1.1023805794e+02   -3.6215660827e+02    1.8380452399e+01    2.0480000000e+03    7.3738861829e-03    5.0935776654e-01
         8   -1.4497048513e+02    2.1018964014e+04   -2.3421841839e+02    8.9247933252e+01    1.1079199451e+02   -3.6292532776e+02    1.7914914866e+01    2.0480000000e+03    7.3476515245e-03    5.0558938419e-01
         9   -1.4502174866e+02    2.1033997052e+04   -2.3397860876e+02    8.8956860102e+01    1.1063847962e+02   -3.6193495757e+02    1.7317869189e+01    2.0480000000e+03    7.3531118687e-03    5.0835822610e-01
        10   -1.4502729771e+02    2.1035486642e+04   -2.3509752561e+02    9.0070227899e+01    1.1048704383e+02   -3.6296980447e+02    1.7385235021e+01    2.0480000000e+03    7.3312851600e-03    5.0503791360e-01
        11   -1.4501895873e+02    2.1033198529e+04   -2.3516468938e+02    9.0145730653e+01    1.1041140815e+02   -3.6297598713e+02    1.7399889595e+01    2.0480000000e+03    7.3136040010e-03    5.0673253676e-01
        12   -1.4500204129e+02    2.1029118900e+04   -2.3289957835e+02    8.7897537069e+01    1.1031266741e+02   -3.6071610067e+02    1.7503854901e+01    2.0480000000e+03    7.3237796314e-03    5.0859949449e-01
        13   -1.4496874036e+02    2.1018488538e+04   -2.3384072788e+02    8.8871987519e+01    1.1020073709e+02   -3.6093008654e+02    1.6888621573e+01    2.0480000000e+03    7.3116079438e-03    5.0739889706e-01
        14   -1.4498541385e+02    2.1023692090e+04   -2.3399831894e+02    8.9012905086e+01    1.1028351279e+02   -3.6123458701e+02    1.6952755285e+01    2.0480000000e+03    7.3204683140e-03    5.0749655331e-01
        15   -1.4498937983e+02    2.1024606266e+04   -2.3380155427e+02    8.8812174444e+01    1.1026216243e+02   -3.6088069921e+02    1.6816982511e+01    2.0480000000e+03    7.3074712418e-03    5.0747931985e-01
        16   -1.4494941159e+02    2.1013190201e+04   -2.3691136390e+02    9.1961952313e+01    1.1103076947e+02   -3.6571845033e+02    1.7776316960e+01    2.0480000000e+03    7.3264425155e-03    5.0825482537e-01
        17   -1.4490991679e+02    2.1001268239e+04   -2.3465714113e+02    8.9747224339e+01    1.1057805340e+02   -3.6189888799e+02    1.6663693466e+01    2.0480000000e+03    7.3193791322e-03    5.0739889706e-01
        18   -1.4503671436e+02    2.1038517100e+04   -2.3323926308e+02    8.8202548727e+01    1.1031039526e+02   -3.6055233340e+02    1.7002675053e+01    2.0480000000e+03    7.3074034881e-03    5.0820312500e-01
        19   -1.4498927715e+02    2.1024596211e+04   -2.3339920365e+02    8.8409926509e+01    1.1028901990e+02   -3.6126984577e+02    1.7581622212e+01    2.0480000000e+03    7.3045415338e-03    5.0865119485e-01
        20   -1.4501488231e+02    2.1032168503e+04   -2.3309861181e+02    8.8083729500e+01    1.1042311061e+02   -3.6140391151e+02    1.7882189090e+01    2.0480000000e+03    7.2854843456e-03    5.0649701287e-01
        21   -1.4500672154e+02    2.1029827497e+04   -2.3360503677e+02    8.8598315234e+01    1.0999155797e+02   -3.6043040306e+02    1.6833808317e+01    2.0480000000e+03    7.2738723829e-03    5.0571576287e-01
        22   -1.4496693379e+02    2.1017868330e+04   -2.3447214635e+02    8.9505212564e+01    1.1049166886e+02   -3.6224580229e+02    1.7281987076e+01    2.0480000000e+03    7.2767420206e-03    5.0519301471e-01
        23   -1.4500571266e+02    2.1029379329e+04   -2.3334740819e+02    8.8341695533e+01    1.1030239108e+02   -3.6133303778e+02    1.7683238513e+01    2.0480000000e+03    7.3020958807e-03    5.0893841912e-01
        24   -1.4499196626e+02    2.1025917259e+04   -2.3356984239e+02    8.8577876135e+01    1.1024713746e+02   -3.6159201386e+02    1.7775034001e+01    2.0480000000e+03    7.2821977083e-03    5.0730698529e-01
        25   -1.4493953149e+02    2.1010322827e+04   -2.3290891679e+02    8.7969385293e+01    1.1023910379e+02   -3.6059313145e+02    1.7445110871e+01    2.0480000000e+03    7.2874601465e-03    5.0801355699e-01
        26   -1.4498544045e+02    2.1023412990e+04   -2.3527544985e+02    9.0290009405e+01    1.1050896921e+02   -3.6246523191e+02    1.6680812842e+01    2.0480000000e+03    7.3018877301e-03    5.1003561581e-01
        27   -1.4495862822e+02    2.1015970733e+04   -2.3316752673e+02    8.8208898513e+01    1.1054931918e+02   -3.6200671614e+02    1.8289870229e+01    2.0480000000e+03    7.3012774810e-03    5.0861672794e-01
        28   -1.4497534656e+02    2.1020166201e+04   -2.3407076572e+02    8.9095419157e+01    1.1068340321e+02   -3.6228917450e+02    1.7535005572e+01    2.0480000000e+03    7.2840517387e-03    5.0514705882e-01
        29   -1.4501159151e+02    2.1030831326e+04   -2.3333570803e+02    8.8324116518e+01    1.1021772195e+02   -3.6114694932e+02    1.7593519340e+01    2.0480000000e+03    7.2909845039e-03    5.0662339154e-01
        30   -1.4491850552e+02    2.1003800584e+04   -2.3351139677e+02    8.8592891256e+01    1.1003367490e+02   -3.6067154616e+02    1.7126474492e+01    2.0480000000e+03    7.3009305634e-03    5.0873736213e-01
        31   -1.4501374807e+02    2.1031221795e+04   -2.3279320598e+02    8.7779457916e+01    1.0993408078e+02   -3.6002669074e+02    1.7299403976e+01    2.0480000000e+03    7.2981226258e-03    5.0950712316e-01
        32   -1.4505183901e+02    2.1042774550e+04   -2.3304089691e+02    8.7989057899e+01    1.1013941702e+02   -3.6070639760e+02    1.7526083669e+01    2.0480000000e+03    7.3108589277e-03    5.0882927390e-01
        33   -1.4500485643e+02    2.1028795310e+04   -2.3436104078e+02    8.9356184348e+01    1.1037016861e+02   -3.6129872823e+02    1.6567518840e+01    2.0480000000e+03    7.2974378709e-03    5.0705997243e-01
        34   -1.4496804396e+02    2.1018099871e+04   -2.3463585659e+02    8.9667812632e+01    1.1026553628e+02   -3.6301674373e+02    1.8115350849e+01    2.0480000000e+03    7.2712583933e-03    5.0664062500e-01
        35   -1.4495895823e+02    2.1015490266e+04   -2.3328111528e+02    8.8322157054e+01    1.1024630003e+02   -3.6137382546e+02    1.7846410143e+01    2.0480000000e+03    7.2881169617e-03    5.0863970588e-01
        36   -1.4502457762e+02    2.1034622101e+04   -2.3382641315e+02    8.8801835531e+01    1.1043361512e+02   -3.6246398145e+02    1.8203953181e+01    2.0480000000e+03    7.2696588468e-03    5.0531364890e-01
        37   -1.4507148013e+02    2.1048496087e+04   -2.3363623224e+02    8.8564752104e+01    1.1024626133e+02   -3.6159344114e+02    1.7710947577e+01    2.0480000000e+03    7.2953694034e-03    5.0882927390e-01
        38   -1.4502472438e+02    2.1034984529e+04   -2.3365174142e+02    8.8627017039e+01    1.1067796015e+02   -3.6187790522e+02    1.7548203642e+01    2.0480000000e+03    7.2819427587e-03    5.0615808824e-01
        39   -1.4497595734e+02    2.1021086305e+04   -2.3428078113e+02    8.9304823784e+01    1.1087670574e+02   -3.6258031308e+02    1.7422826222e+01    2.0480000000e+03    7.3009163607e-03    5.0718635110e-01
        40   -1.4498799092e+02    2.1023950576e+04   -2.3496243235e+02    8.9974441434e+01    1.1038463161e+02   -3.6236470597e+02    1.7017642004e+01    2.0480000000e+03    7.2987182066e-03    5.0921415441e-01
        41   -1.4493316848e+02    2.1008649203e+04   -2.3408728764e+02    8.9154119153e+01    1.0982595314e+02   -3.6159908183e+02    1.7685841051e+01    2.0480000000e+03    7.2989356704e-03    5.1090303309e-01
        42   -1.4491672760e+02    2.1003323663e+04   -2.3420899948e+02    8.9292271876e+01    1.1034738887e+02   -3.6174044225e+02    1.7184053902e+01    2.0480000000e+03    7.2756120935e-03    5.0676125919e-01
        43   -1.4500547212e+02    2.1029552774e+04   -2.3266033384e+02    8.7654861718e+01    1.0997120580e+02   -3.5995242256e+02    1.7320882929e+01    2.0480000000e+03    7.2815511376e-03    5.0566406250e-01
        44   -1.4499563448e+02    2.1026644466e+04   -2.3455708995e+02    8.9561455476e+01    1.1032184286e+02   -3.6156503879e+02    1.6686105978e+01    2.0480000000e+03    7.2737380397e-03    5.0733570772e-01
        45   -1.4498141352e+02    2.1022176176e+04   -2.3322788826e+02    8.8246474745e+01    1.0996049064e+02   -3.6093687457e+02    1.7748495670e+01    2.0480000000e+03    7.2717817966e-03    5.0666934743e-01
        46   -1.4500032193e+02    2.1027951645e+04   -2.3330797381e+02    8.8307651885e+01    1.1010794571e+02   -3.6069997660e+02    1.7284057079e+01    2.0480000000e+03    7.2627204936e-03    5.0581916360e-01
        47   -1.4498813073e+02    2.1024014719e+04   -2.3304802399e+02    8.8059893266e+01    1.1044325960e+02   -3.6102641852e+02    1.7535134920e+01    2.0480000000e+03    7.2744055651e-03    5.0742761949e-01
        48   -1.4504080806e+02    2.1039963915e+04   -2.3514976489e+02    9.0108956833e+01    1.1068695257e+02   -3.6341795987e+02    1.7581242402e+01    2.0480000000e+03    7.2820552159e-03    5.0750804228e-01
        49   -1.4495522901e+02    2.1014530513e+04   -2.3412265233e+02    8.9167423324e+01    1.1016199459e+02   -3.6153782065e+02    1.7253173729e+01    2.0480000000e+03    7.3085220065e-03    5.1011029412e-01
        50   -1.4489950542e+02    2.0998530941e+04   -2.3317881683e+02    8.8279311403e+01    1.0989936776e+02   -3.6046797345e+02    1.7389788865e+01    2.0480000000e+03    7.2973072529e-03    5.0792738971e-01
        51   -1.4499861084e+02    2.1027077026e+04   -2.3385856161e+02    8.8859950769e+01    1.1010962523e+02   -3.6159220908e+02    1.7624022243e+01    2.0480000000e+03    7.2874105535e-03    5.0883501838e-01
        52   -1.4499569801e+02    2.1026389022e+04   -2.3218319804e+02    8.7187500030e+01    1.0988784320e+02   -3.5920502872e+02    1.7133987472e+01    2.0480000000e+03    7.2666804772e-03    5.0644531250e-01
        53   -1.4499507946e+02    2.1026691302e+04   -2.3300871409e+02    8.8013634627e+01    1.1018136508e+02   -3.6022903332e+02    1.7038954152e+01    2.0480000000e+03    7.2731350083e-03    5.0665211397e-01
        54   -1.4501892188e+02    2.1032923069e+04   -2.3271549638e+02    8.7696574492e+01    1.1031421973e+02   -3.6055457038e+02    1.7524854270e+01    2.0480000000e+03    7.2930089664e-03    5.0770335478e-01
        55   -1.4496331236e+02    2.1016848400e+04   -2.3490534117e+02    8.9942028809e+01    1.1050904916e+02   -3.6215433559e+02    1.6739945256e+01    2.0480000000e+03    7.2984518483e-03    5.0847311581e-01
        56   -1.4495341011e+02    2.1013967889e+04   -2.3417137264e+02    8.9217962527e+01    1.1088623207e+02   -3.6283089552e+02    1.7773290815e+01    2.0480000000e+03    7.2930702008e-03    5.0826056985e-01
        57   -1.4502426410e+02    2.1034686373e+04   -2.3443757368e+02    8.9413309581e+01    1.1080221906e+02   -3.6262808692e+02    1.7388294174e+01    2.0480000000e+03    7.2830358986e-03    5.0697954963e-01
        58   -1.4496695334e+02    2.1017846445e+04   -2.3478470423e+02    8.9817750893e+01    1.1059611383e+02   -3.6289720777e+02    1.7516389711e+01    2.0480000000e+03    7.3082903400e-03    5.0815716912e-01
        59   -1.4498453747e+02    2.1022916693e+04   -2.3467559718e+02    8.9691059710e+01    1.1078735498e+02   -3.6272350024e+02    1.7260548068e+01    2.0480000000e+03    7.2906410787e-03    5.0643956801e-01
        60   -1.4495647827e+02    2.1015040927e+04   -2.3332768008e+02    8.8371201809e+01    1.1062678205e+02   -3.6225124098e+02    1.8296778861e+01    2.0480000000e+03    7.3022667784e-03    5.0833524816e-01
        61   -1.4508198506e+02    2.1051471307e+04   -2.3420052079e+02    8.9118535736e+01    1.1056246816e+02   -3.6258091065e+02    1.7817921691e+01    2.0480000000e+03    7.2987745516e-03    5.0724379596e-01
        62   -1.4499895525e+02    2.1027574919e+04   -2.3428729384e+02    8.9288338590e+01    1.1036709235e+02   -3.6154637926e+02    1.6891993066e+01    2.0480000000e+03    7.2967582382e-03    5.0788143382e-01
        63   -1.4501100207e+02    2.1031148459e+04   -2.3364383139e+02    8.8632829317e+01    1.1043962548e+02   -3.6086225398e+02    1.6778797110e+01    2.0480000000e+03    7.2956916410e-03    5.0847311581e-01
        64   -1.4490790418e+02    2.1000822024e+04   -2.3371689169e+02    8.8808987512e+01    1.1031293604e+02   -3.6143608221e+02    1.7406254484e+01    2.0480000000e+03    7.2604245506e-03    5.0573874081e-01
        65   -1.4497908144e+02    2.1021420415e+04   -2.3432863530e+02    8.9349553858e+01    1.1016561758e+02   -3.6161423491e+02    1.7119982034e+01    2.0480000000e+03    7.2857574560e-03    5.0795611213e-01
        66   -1.4501288443e+02    2.1031487789e+04   -2.3336394280e+02    8.8351058369e+01    1.1050946370e+02   -3.6173388736e+02    1.7860480865e+01    2.0480000000e+03    7.3022278957e-03    5.0803079044e-01
        67   -1.4498037235e+02    2.1021740244e+04   -2.3393175698e+02    8.8951384631e+01    1.1036710621e+02   -3.6182139885e+02    1.7522535663e+01    2.0480000000e+03    7.2913749609e-03    5.0832375919e-01
        68   -1.4503829340e+02    2.1039129544e+04   -2.3596730736e+02    9.0929013966e+01    1.1061796379e+02   -3.6503857078e+02    1.8453299626e+01    2.0480000000e+03    7.2734572459e-03    5.0679572610e-01
        69   -1.4496733979e+02    2.1018285293e+04   -2.3423720664e+02    8.9269866851e+01    1.1068070642e+02   -3.6223936664e+02    1.7321453583e+01    2.0480000000e+03    7.2992627975e-03    5.0758272059e-01
        70   -1.4506396227e+02    2.1046818336e+04   -2.3410977770e+02    8.9045815436e+01    1.1079249791e+02   -3.6275551346e+02    1.7853237853e+01    2.0480000000e+03    7.2858012281e-03    5.0639935662e-01
        71   -1.4500132839e+02    2.1028009233e+04   -2.3323647123e+02    8.8235142841e+01    1.1025756098e+02   -3.6069597309e+02    1.7201940884e+01    2.0480000000e+03    7.2785811499e-03    5.0749080882e-01
        72   -1.4503241275e+02    2.1037561344e+04   -2.3358017589e+02    8.8547763137e+01    1.1004166912e+02   -3.6056600153e+02    1.6944156520e+01    2.0480000000e+03    7.2859975044e-03    5.0801355699e-01
        73   -1.4497087901e+02    2.1019093312e+04   -2.3353450564e+02    8.8563626628e+01    1.1020152347e+02   -3.6055945068e+02    1.6823421571e+01    2.0480000000e+03    7.2973328643e-03    5.0880629596e-01
        74   -1.4500297859e+02    2.1028532407e+04   -2.3351503322e+02    8.8512054630e+01    1.1064642862e+02   -3.6229409063e+02    1.8132628792e+01    2.0480000000e+03    7.2767930105e-03    5.0671530331e-01
        75   -1.4497251609e+02    2.1019688147e+04   -2.3358926845e+02    8.8616752366e+01    1.1006832611e+02   -3.6079182540e+02    1.7134230831e+01    2.0480000000e+03    7.2731422260e-03    5.0687614890e-01
        76   -1.4494002536e+02    2.1010227011e+04   -2.3455122071e+02    8.9611195351e+01    1.1024858018e+02   -3.6243356818e+02    1.7633767290e+01    2.0480000000e+03    7.2907949798e-03    5.0703125000e-01
        77   -1.4495953314e+02    2.1015671556e+04   -2.3345217292e+02    8.8492639780e+01    1.1016398504e+02   -3.6137632505e+02    1.7760167093e+01    2.0480000000e+03    7.2675072588e-03    5.0521024816e-01
        78   -1.4501537754e+02    2.1031950340e+04   -2.3374508449e+02    8.8729706949e+01    1.1013502522e+02   -3.6100665230e+02    1.7126542590e+01    2.0480000000e+03    7.2857304476e-03    5.0708295037e-01
        79   -1.4501987544e+02    2.1033341166e+04   -2.3292956932e+02    8.7909693882e+01    1.1045863035e+02   -3.6127043058e+02    1.7882230908e+01    2.0480000000e+03    7.2868783027e-03    5.0631893382e-01
        80   -1.4502755868e+02    2.1035637495e+04   -2.3340109989e+02    8.8373541205e+01    1.1061115840e+02   -3.6189089353e+02    1.7878635234e+01    2.0480000000e+03    7.2780109476e-03    5.0487706801e-01
        81   -1.4497673514e+02    2.1020816176e+04   -2.3389288246e+02    8.8916147311e+01    1.1066027246e+02   -3.6242249876e+02    1.7869343845e+01    2.0480000000e+03    7.3020216078e-03    5.0845013787e-01
        82   -1.4500176443e+02    2.1028013501e+04   -2.3517143622e+02    9.0169671783e+01    1.1046581230e+02   -3.6301676221e+02    1.7379513697e+01    2.0480000000e+03    7.2734614369e-03    5.0574448529e-01
        83   -1.4498259526e+02    2.1022921322e+04   -2.3449609163e+02    8.9513496367e+01    1.1029655591e+02   -3.6096994698e+02    1.6177299438e+01    2.0480000000e+03    7.3164266068e-03    5.1011029412e-01
        84   -1.4494191014e+02    2.1010526236e+04   -2.3466147934e+02    8.9719569204e+01    1.1069723233e+02   -3.6309340439e+02    1.7734692714e+01    2.0480000000e+03    7.2801704518e-03    5.0704848346e-01
        85   -1.4495288656e+02    2.1013883537e+04   -2.3624023024e+02    9.1287343684e+01    1.1101839988e+02   -3.6378100412e+02    1.6522373999e+01    2.0480000000e+03    7.2778260801e-03    5.0704273897e-01
        86   -1.4494763397e+02    2.1012661600e+04   -2.3424817745e+02    8.9300543472e+01    1.1057369742e+02   -3.6253178328e+02    1.7709908413e+01    2.0480000000e+03    7.2817208711e-03    5.0856502757e-01
        87   -1.4498843670e+02    2.1024310447e+04   -2.3478319007e+02    8.9794753366e+01    1.1096235577e+02   -3.6293138819e+02    1.7185842352e+01    2.0480000000e+03    7.2866117116e-03    5.0801930147e-01
        88   -1.4494438222e+02    2.1011271132e+04   -2.3587334107e+02    9.0928958851e+01    1.1112913007e+02   -3.6474686916e+02    1.7744398018e+01    2.0480000000e+03    7.2943186387e-03    5.0678998162e-01
        89   -1.4501389130e+02    2.1031430806e+04   -2.3493334388e+02    8.9919452580e+01    1.1076957298e+02   -3.6292093363e+02    1.7218016771e+01    2.0480000000e+03    7.2943316773e-03    5.0707146140e-01
        90   -1.4498528763e+02    2.1023255212e+04   -2.3401645742e+02    8.9031169790e+01    1.1033478702e+02   -3.6223778924e+02    1.7886544796e+01    2.0480000000e+03    7.3024579324e-03    5.0993795956e-01
        91   -1.4495494384e+02    2.1014442221e+04   -2.3444754138e+02    8.9492597539e+01    1.1029104967e+02   -3.6098361097e+02    1.6245019915e+01    2.0480000000e+03    7.2994891088e-03    5.0971392463e-01
        92   -1.4494788108e+02    2.1012610339e+04   -2.3311011340e+02    8.8162232320e+01    1.0971262590e+02   -3.6027781129e+02    1.7455071979e+01    2.0480000000e+03    7.2583830915e-03    5.0582490809e-01
        93   -1.4501912975e+02    2.1033333067e+04   -2.3337078504e+02    8.8351655289e+01    1.0986005667e+02   -3.6047254394e+02    1.7241702224e+01    2.0480000000e+03    7.2955042124e-03    5.0959329044e-01
        94   -1.4503645804e+02    2.1038183254e+04   -2.3372122094e+02    8.8684762899e+01    1.1015897722e+02   -3.6084520554e+02    1.6965007380e+01    2.0480000000e+03    7.2863500100e-03    5.0574448529e-01
        95   -1.4494292791e+02    2.1010915238e+04   -2.3482340404e+02    8.9880476129e+01    1.1070201264e+02   -3.6217700174e+02    1.6651585058e+01    2.0480000000e+03    7.2887118440e-03    5.0816291360e-01
        96   -1.4497911293e+02    2.1021495175e+04   -2.3442482866e+02    8.9445715735e+01    1.1062076812e+02   -3.6290635451e+02    1.7860757729e+01    2.0480000000e+03    7.2692073882e-03    5.0599149816e-01
        97   -1.4498603036e+02    2.1023603901e+04   -2.3330872221e+02    8.8322691851e+01    1.1040459472e+02   -3.6113383621e+02    1.7420519287e+01    2.0480000000e+03    7.2856759652e-03    5.0624425551e-01
        98   -1.4492658950e+02    2.1006083940e+04   -2.3382107947e+02    8.8894489972e+01    1.1020451125e+02   -3.6203710933e+02    1.8011518601e+01    2.0480000000e+03    7.2768558748e-03    5.0642233456e-01
        99   -1.4499108314e+02    2.1025168990e+04   -2.3325788497e+02    8.8266801823e+01    1.1026667740e+02   -3.6124019634e+02    1.7715633973e+01    2.0480000000e+03    7.2940289974e-03    5.0700252757e-01
       100   -1.4499245937e+02    2.1025834949e+04   -2.3458635516e+02    8.9593895788e+01    1.1067757683e+02   -3.6259388731e+02    1.7329955327e+01    2.0480000000e+03    7.2833311278e-03    5.0642233456e-01
       101   -1.4499770314e+02    2.1027115788e+04   -2.3509578251e+02    9.0098079376e+01    1.1059153379e+02   -3.6335258024e+02    1.7665263934e+01    2.0480000000e+03    7.2801755741e-03    5.0594554228e-01
       102   -1.4503762747e+02    2.1038096199e+04   -2.3438463602e+02    8.9347008547e+01    1.1024071185e+02   -3.6147290638e+02    1.6847558517e+01    2.0480000000e+03    7.2704937775e-03    5.0611787684e-01
       103   -1.4495801189e+02    2.1016465292e+04   -2.3355424923e+02    8.8596237343e+01    1.0975501270e+02   -3.6022606773e+02    1.6916805797e+01    2.0480000000e+03    7.3105716147e-03    5.1203469669e-01
       104   -1.4494057622e+02    2.1010344842e+04   -2.3336336960e+02    8.8422793378e+01    1.1048060802e+02   -3.6161455916e+02    1.7770581538e+01    2.0480000000e+03    7.2760905605e-03    5.0711167279e-01
       105   -1.4497092952e+02    2.1019871076e+04   -2.3416992496e+02    8.9198995438e+01    1.1071997471e+02   -3.6202618341e+02    1.7136283743e+01    2.0480000000e+03    7.2669121437e-03    5.0488855699e-01
       106   -1.4498666889e+02    2.1023531509e+04   -2.3377441314e+02    8.8787744250e+01    1.1033559931e+02   -3.6122317995e+02    1.7113167491e+01    2.0480000000e+03    7.2909824084e-03    5.0814568015e-01
       107   -1.4495568578e+02    2.1014860823e+04   -2.3420365929e+02    8.9247973502e+01    1.1046184021e+02   -3.6175993403e+02    1.7094434533e+01    2.0480000000e+03    7.2984388098e-03    5.0788717831e-01
       108   -1.4502307465e+02    2.1034421436e+04   -2.3444973245e+02    8.9426657803e+01    1.1066476359e+02   -3.6197234816e+02    1.6857852122e+01    2.0480000000e+03    7.2881570086e-03    5.0660615809e-01
       109   -1.4492088475e+02    2.1004689381e+04   -2.3479977651e+02    8.9878891760e+01    1.1068110462e+02   -3.6211630631e+02    1.6635425178e+01    2.0480000000e+03    7.2802391369e-03    5.0480238971e-01
       110   -1.4496222120e+02    2.1016392045e+04   -2.3465534936e+02    8.9693128162e+01    1.1078117775e+02   -3.6280404773e+02    1.7367520615e+01    2.0480000000e+03    7.2870494332e-03    5.0672104779e-01
       111   -1.4504121249e+02    2.1039602286e+04   -2.3626109451e+02    9.1219882013e+01    1.1143422155e+02   -3.6599582699e+02    1.8300510941e+01    2.0480000000e+03    7.2856775951e-03    5.0650275735e-01
       112   -1.4491537083e+02    2.1003629486e+04   -2.3543283197e+02    9.0517461144e+01    1.1094285088e+02   -3.6362484881e+02    1.7249165949e+01    2.0480000000e+03    7.2967545129e-03    5.0807100184e-01
       113   -1.4496038363e+02    2.1016131360e+04   -2.3231713117e+02    8.7356747548e+01    1.0980781426e+02   -3.5925355019e+02    1.7128604756e+01    2.0480000000e+03    7.2939076927e-03    5.0891544118e-01
       114   -1.4502244858e+02    2.1034196951e+04   -2.3352731981e+02    8.8504871231e+01    1.1008503618e+02   -3.6031588473e+02    1.6703528741e+01    2.0480000000e+03    7.2665461339e-03    5.0704273897e-01
       115   -1.4498008270e+02    2.1021883485e+04   -2.3395691258e+02    8.8976829875e+01    1.1034512811e+02   -3.6133212047e+02    1.7030079778e+01    2.0480000000e+03    7.2817530017e-03    5.0726677390e-01
       116   -1.4500340797e+02    2.1028310008e+04   -2.3355305668e+02    8.8549648712e+01    1.1043116800e+02   -3.6180603830e+02    1.7821813614e+01    2.0480000000e+03    7.2688010987e-03    5.0650850184e-01
       117   -1.4500940060e+02    2.1031089257e+04   -2.3382351171e+02    8.8814111115e+01    1.1029180425e+02   -3.6172201227e+02    1.7606696306e+01    2.0480000000e+03    7.2760467883e-03    5.0715188419e-01
       118   -1.4495664821e+02    2.1015066939e+04   -2.3438549244e+02    8.9428844228e+01    1.1002601888e+02   -3.6115589901e+02    1.6744387694e+01    2.0480000000e+03    7.3019736446e-03    5.1022518382e-01
       119   -1.4504961741e+02    2.1041987316e+04   -2.3388601891e+02    8.8836401505e+01    1.1051164640e+02   -3.6132205917e+02    1.6924393860e+01    2.0480000000e+03    7.2943456471e-03    5.0661764706e-01
       120   -1.4496780386e+02    2.1018980751e+04   -2.3463881887e+02    8.9671015012e+01    1.1074835990e+02   -3.6272264900e+02    1.7335470234e+01    2.0480000000e+03    7.2878077626e-03    5.0637637868e-01
       121   -1.4496340239e+02    2.1017028591e+04   -2.3466456012e+02    8.9701157735e+01    1.1054809471e+02   -3.6169424938e+02    1.6481594545e+01    2.0480000000e+03    7.3008141480e-03    5.0920266544e-01
       122   -1.4496105053e+02    2.1016425659e+04   -2.3404301875e+02    8.9081968227e+01    1.1044490591e+02   -3.6162172142e+02    1.7133796759e+01    2.0480000000e+03    7.2782386560e-03    5.0695082721e-01
       123   -1.4503400127e+02    2.1037333171e+04   -2.3284072711e+02    8.7806725841e+01    1.0991841140e+02   -3.5979913196e+02    1.7039993437e+01    2.0480000000e+03    7.2769734543e-03    5.0755399816e-01
       124   -1.4497997104e+02    2.1021802868e+04   -2.3279942296e+02    8.7819451917e+01    1.1009799981e+02   -3.5973807235e+02    1.6840649583e+01    2.0480000000e+03    7.2842061054e-03    5.0807674632e-01
       125   -1.4499253333e+02    2.1026009975e+04   -2.3352776659e+02    8.8535233259e+01    1.1035308115e+02   -3.6143712419e+02    1.7556276445e+01    2.0480000000e+03    7.2786114179e-03    5.0662339154e-01
       126   -1.4494210651e+02    2.1011286484e+04   -2.3439763122e+02    8.9455524705e+01    1.1050330247e+02   -3.6215562817e+02    1.7254694482e+01    2.0480000000e+03    7.2779897600e-03    5.0668083640e-01
       127   -1.4495860523e+02    2.1016146799e+04   -2.3388224457e+02    8.8923639342e+01    1.1036331310e+02   -3.6182720991e+02    1.7581652236e+01    2.0480000000e+03    7.2642890736e-03    5.0712316176e-01
       128   -1.4503015149e+02    2.1037140216e+04   -2.3508328657e+02    9.0053135077e+01    1.1100147820e+02   -3.6360760128e+02    1.7522836518e+01    2.0480000000e+03    7.2809387930e-03    5.0503791360e-01
       129   -1.4492046707e+02    2.1004480157e+04   -2.3427166927e+02    8.9351202203e+01    1.1064003311e+02   -3.6231268428e+02    1.7400981897e+01    2.0480000000e+03    7.2842065711e-03    5.0670381434e-01
       130   -1.4497276282e+02    2.1019413192e+04   -2.3472886565e+02    8.9756102828e+01    1.1068013517e+02   -3.6233660347e+02    1.6927602649e+01    2.0480000000e+03    7.2856242768e-03    5.0694508272e-01
       131   -1.4494415053e+02    2.1012410621e+04   -2.3439533509e+02    8.9451184559e+01    1.1049002695e+02   -3.6191910597e+02    1.7033743932e+01    2.0480000000e+03    7.2739240713e-03    5.0611787684e-01
       132   -1.4498844178e+02    2.1024198758e+04   -2.3354526229e+02    8.8556820517e+01    1.1055255516e+02   -3.6152142141e+02    1.7423603951e+01    2.0480000000e+03    7.2672613896e-03    5.0607766544e-01
       133   -1.4491208036e+02    2.1001750760e+04   -2.3416947472e+02    8.9257394362e+01    1.1045373412e+02   -3.6186262309e+02    1.7239414249e+01    2.0480000000e+03    7.2775818408e-03    5.0588235294e-01
       134   -1.4500949405e+02    2.1033230419e+04   -2.3391127086e+02    8.8901776809e+01    1.1046806008e+02   -3.6245151065e+02    1.8072179715e+01    2.0480000000e+03    7.2807581164e-03    5.0674977022e-01
       135   -1.4499468960e+02    2.1025963686e+04   -2.3385447967e+02    8.8859790071e+01    1.1077312354e+02   -3.6179622223e+02    1.7168619022e+01    2.0480000000e+03    7.2765757795e-03    5.0554342831e-01
       136   -1.4500424063e+02    2.1028977011e+04   -2.3528003333e+02    9.0275792698e+01    1.1103594025e+02   -3.6370365766e+02    1.7387684075e+01    2.0480000000e+03    7.2858603671e-03    5.0664636949e-01
       137   -1.4500538011e+02    2.1028721910e+04   -2.3276389764e+02    8.7758517534e+01    1.1068699112e+02   -3.6135781021e+02    1.7906921450e+01    2.0480000000e+03    7.2897770442e-03    5.0780675551e-01
       138   -1.4497539234e+02    2.1020681164e+04   -2.3268028707e+02    8.7704894733e+01    1.1011393581e+02   -3.5922214591e+02    1.6427923028e+01    2.0480000000e+03    7.2941021062e-03    5.0758846507e-01
       139   -1.4497917226e+02    2.1021598727e+04   -2.3311587052e+02    8.8136698258e+01    1.1048112689e+02   -3.6147156666e+02    1.7874569242e+01    2.0480000000e+03    7.2983528953e-03    5.0851332721e-01
       140   -1.4502160195e+02    2.1034291047e+04   -2.3350206382e+02    8.8480461870e+01    1.1041453414e+02   -3.6140159381e+02    1.7484995847e+01    2.0480000000e+03    7.2990220506e-03    5.0655445772e-01
       141   -1.4495960681e+02    2.1015975505e+04   -2.3365339993e+02    8.8693793119e+01    1.1037349763e+02   -3.6108616713e+02    1.7059269567e+01    2.0480000000e+03    7.2913463227e-03    5.0813993566e-01
       142   -1.4495798110e+02    2.1015227002e+04   -2.3351182012e+02    8.8553839023e+01    1.1029407005e+02   -3.6143341303e+02    1.7627522862e+01    2.0480000000e+03    7.2894892655e-03    5.0730124081e-01
       143   -1.4498269000e+02    2.1022777246e+04   -2.3362558836e+02    8.8642898366e+01    1.1026119663e+02   -3.6124083972e+02    1.7354054724e+01    2.0480000000e+03    7.2840687353e-03    5.0635340074e-01
       144   -1.4495498064e+02    2.1017481720e+04   -2.3511268842e+02    9.0157707776e+01    1.1068797299e+02   -3.6293779683e+02    1.7137135416e+01    2.0480000000e+03    7.2817348409e-03    5.0724954044e-01
       145   -1.4503254939e+02    2.1036850790e+04   -2.3597525748e+02    9.0942708089e+01    1.1076840956e+02   -3.6399478880e+02    1.7251121764e+01    2.0480000000e+03    7.2823478840e-03    5.0637063419e-01
       146   -1.4499541972e+02    2.1026385409e+04   -2.3454012261e+02    8.9544702883e+01    1.1070636764e+02   -3.6296873641e+02    1.7722246162e+01    2.0480000000e+03    7.2852349840e-03    5.0637063419e-01
       147   -1.4500661144e+02    2.1029692655e+04   -2.3465128649e+02    8.9644675055e+01    1.1054996878e+02   -3.6202165722e+02    1.6820401953e+01    2.0480000000e+03    7.2766647208e-03    5.0566980699e-01
       148   -1.4495368373e+02    2.1014223984e+04   -2.3438245179e+02    8.9428768060e+01    1.1068286591e+02   -3.6218710799e+02    1.7121790292e+01    2.0480000000e+03    7.2917253710e-03    5.0825482537e-01
       149   -1.4501175180e+02    2.1031363230e+04   -2.3491902646e+02    8.9907274664e+01    1.1058743897e+02   -3.6370380526e+02    1.8197339818e+01    2.0480000000e+03    7.2752498090e-03    5.0638212316e-01
       150   -1.4502062235e+02    2.1033728013e+04   -2.3565122805e+02    9.0630605693e+01    1.1068321153e+02   -3.6331605324e+02    1.6981613664e+01    2.0480000000e+03    7.2865963448e-03    5.0877182904e-01
       151   -1.4497481796e+02    2.1020492836e+04   -2.3297975145e+02    8.8004933485e+01    1.1042958871e+02   -3.6175339770e+02    1.8344057534e+01    2.0480000000e+03    7.2665789630e-03    5.0652573529e-01
       152   -1.4497954499e+02    2.1021518562e+04   -2.3409459457e+02    8.9115049581e+01    1.1050480399e+02   -3.6242429388e+02    1.7824895327e+01    2.0480000000e+03    7.2769909166e-03    5.0695657169e-01
       153   -1.4500092907e+02    2.1027801703e+04   -2.3511750027e+02    9.0116571202e+01    1.1048697915e+02   -3.6300702396e+02    1.7402544537e+01    2.0480000000e+03    7.2678979486e-03    5.0599149816e-01
       154   -1.4497511457e+02    2.1020244217e+04   -2.3353958177e+02    8.8564467198e+01    1.1017040176e+02   -3.6102323991e+02    1.7313256383e+01    2.0480000000e+03    7.2932471521e-03    5.0838120404e-01
       155   -1.4494151665e+02    2.1010480455e+04   -2.3377855011e+02    8.8837033461e+01    1.1027957653e+02   -3.6160427252e+02    1.7546145888e+01    2.0480000000e+03    7.2914685588e-03    5.0718635110e-01
       156   -1.4492694927e+02    2.1006330915e+04   -2.3383324100e+02    8.8906291735e+01    1.1081961581e+02   -3.6194228673e+02    1.7289429919e+01    2.0480000000e+03    7.2832349688e-03    5.0668658088e-01
       157   -1.4492919234e+02    2.1007315168e+04   -2.3431246172e+02    8.9383269379e+01    1.1031717176e+02   -3.6163055637e+02    1.7000922894e+01    2.0480000000e+03    7.2785883676e-03    5.0705422794e-01
       158   -1.4504373527e+02    2.1040895698e+04   -2.3327537050e+02    8.8231635223e+01    1.1012072054e+02   -3.6069723038e+02    1.7301139340e+01    2.0480000000e+03    7.2696448769e-03    5.0602022059e-01
       159   -1.4493077714e+02    2.1007201918e+04   -2.3555454430e+02    9.0623767162e+01    1.1025306586e+02   -3.6286428025e+02    1.7056670093e+01    2.0480000000e+03    7.2822887450e-03    5.0688763787e-01
       160   -1.4500491143e+02    2.1028971791e+04   -2.3476093906e+02    8.9756027628e+01    1.1070480923e+02   -3.6226980570e+02    1.6804057411e+01    2.0480000000e+03    7.3074258398e-03    5.0894990809e-01
       161   -1.4507291930e+02    2.1051451927e+04   -2.3251494161e+02    8.7442022307e+01    1.1029974899e+02   -3.6039612100e+02    1.7581430399e+01    2.0480000000e+03    7.2899016086e-03    5.0712890625e-01
       162   -1.4496413437e+02    2.1017220196e+04   -2.3388786617e+02    8.8923731800e+01    1.1039158701e+02   -3.6160172097e+02    1.7322267790e+01    2.0480000000e+03    7.2676925920e-03    5.0563534007e-01
       163   -1.4494934007e+02    2.1012821504e+04   -2.3318495174e+02    8.8235611663e+01    1.1047224138e+02   -3.6092328318e+02    1.7266090069e+01    2.0480000000e+03    7.2848408017e-03    5.0916819853e-01
       164   -1.4493282940e+02    2.1008476706e+04   -2.3502052435e+02    9.0087694951e+01    1.1066312344e+02   -3.6321327166e+02    1.7529623869e+01    2.0480000000e+03    7.2824910749e-03    5.0661190257e-01
       165   -1.4495395384e+02    2.1014608178e+04   -2.3313270643e+02    8.8178752589e+01    1.1045357833e+02   -3.6078111151e+02    1.7194826754e+01    2.0480000000e+03    7.2961235419e-03    5.0840992647e-01
       166   -1.4494270489e+02    2.1010957310e+04   -2.3334214976e+02    8.8399444865e+01    1.1093033617e+02   -3.6222263968e+02    1.7950153758e+01    2.0480000000e+03    7.2841199581e-03    5.0707146140e-01
       167   -1.4493274128e+02    2.1008060544e+04   -2.3420333678e+02    8.9270595504e+01    1.1011975074e+02   -3.6134617925e+02    1.7023091729e+01    2.0480000000e+03    7.2818971239e-03    5.0715762868e-01
       168   -1.4496469287e+02    2.1017401426e+04   -2.3413909367e+02    8.9174400807e+01    1.1043008028e+02   -3.6164439792e+02    1.7075223962e+01    2.0480000000e+03    7.2883886751e-03    5.0666934743e-01
       169   -1.4494213978e+02    2.1010739645e+04   -2.3401721791e+02    8.9075078126e+01    1.1059027432e+02   -3.6139488183e+02    1.6787389604e+01    2.0480000000e+03    7.3060274590e-03    5.0695082721e-01
       170   -1.4503130104e+02    2.1037348553e+04   -2.3386843248e+02    8.8837131434e+01    1.1107540152e+02   -3.6189096563e+02    1.6947131630e+01    2.0480000000e+03    7.3014239315e-03    5.0691061581e-01
       171   -1.4501359145e+02    2.1031297593e+04   -2.3387630684e+02    8.8862715389e+01    1.1056911456e+02   -3.6185281695e+02    1.7407395547e+01    2.0480000000e+03    7.2753964923e-03    5.0577320772e-01
       172   -1.4502075223e+02    2.1033501274e+04   -2.3477023005e+02    8.9749477820e+01    1.1093882498e+02   -3.6340628894e+02    1.7697233910e+01    2.0480000000e+03    7.2717990261e-03    5.0463005515e-01
       173   -1.4504333744e+02    2.1040486920e+04   -2.3429272987e+02    8.9249392426e+01    1.1081585702e+02   -3.6246536923e+02    1.7356782341e+01    2.0480000000e+03    7.2922583204e-03    5.0747357537e-01
       174   -1.4493882143e+02    2.1010323640e+04   -2.3387639259e+02    8.8937571159e+01    1.1066935650e+02   -3.6138030524e+02    1.6834556150e+01    2.0480000000e+03    7.2788146790e-03    5.0693359375e-01
       175   -1.4491729594e+02    2.1004174704e+04   -2.3345054460e+02    8.8533248654e+01    1.1031749718e+02   -3.6024281645e+02    1.6474774679e+01    2.0480000000e+03    7.2741683107e-03    5.0580767463e-01
       176   -1.4503902732e+02    2.1038836655e+04   -2.3399925672e+02    8.8960229402e+01    1.1074697018e+02   -3.6205476528e+02    1.7308538379e+01    2.0480000000e+03    7.2960951366e-03    5.0828929228e-01
       177   -1.4495591584e+02    2.1014549865e+04   -2.3367355366e+02    8.8717637822e+01    1.1036666992e+02   -3.6228282124e+02    1.8242597659e+01    2.0480000000e+03    7.2982429992e-03    5.0727826287e-01
       178   -1.4499716431e+02    2.1027035738e+04   -2.3320926218e+02    8.8212097873e+01    1.1017603527e+02   -3.6097826534e+02    1.7592967884e+01    2.0480000000e+03    7.2788584512e-03    5.0639361213e-01
       179   -1.4494839821e+02    2.1012867371e+04   -2.3346637094e+02    8.8517972731e+01    1.1048417823e+02   -3.6084588956e+02    1.6895340389e+01    2.0480000000e+03    7.2801506612e-03    5.0691061581e-01
       180   -1.4507338960e+02    2.1048661567e+04   -2.3353634167e+02    8.8462952065e+01    1.1073175806e+02   -3.6244127895e+02    1.8173179221e+01    2.0480000000e+03    7.2947908193e-03    5.0908777574e-01
       181   -1.4502299986e+02    2.1034378206e+04   -2.3364100703e+02    8.8618007168e+01    1.1078514801e+02   -3.6263224270e+02    1.8206087656e+01    2.0480000000e+03    7.2889791336e-03    5.0838120404e-01
       182   -1.4504862052e+02    2.1042067797e+04   -2.3386899584e+02    8.8820375321e+01    1.1042212114e+02   -3.6152748134e+02    1.7236364361e+01    2.0480000000e+03    7.2898927610e-03    5.0546300551e-01
       183   -1.4499262284e+02    2.1025756597e+04   -2.3498784925e+02    8.9995226408e+01    1.1067079515e+02   -3.6314405496e+02    1.7485410568e+01    2.0480000000e+03    7.3034260422e-03    5.0907054228e-01
       184   -1.4500375323e+02    2.1028682755e+04   -2.3461935810e+02    8.9615604865e+01    1.1091755708e+02   -3.6372033977e+02    1.8183424589e+01    2.0480000000e+03    7.2867602576e-03    5.0630744485e-01
       185   -1.4488872807e+02    2.0995722731e+04   -2.3400475853e+02    8.9116030456e+01    1.1047746410e+02   -3.6163043698e+02    1.7148214348e+01    2.0480000000e+03    7.3045168538e-03    5.0884650735e-01
       186   -1.4499863523e+02    2.1027074647e+04   -2.3445290211e+02    8.9454266876e+01    1.1012976870e+02   -3.6192812011e+02    1.7345449303e+01    2.0480000000e+03    7.2749671526e-03    5.0721507353e-01
       187   -1.4508692286e+02    2.1054743498e+04   -2.3460623995e+02    8.9519317098e+01    1.1049869068e+02   -3.6229811718e+02    1.7193186552e+01    2.0480000000e+03    7.2801010683e-03    5.0653147978e-01
       188   -1.4502101972e+02    2.1034095811e+04   -2.3535954090e+02    9.0338521175e+01    1.1053484006e+02   -3.6319660496e+02    1.7302224000e+01    2.0480000000e+03    7.3014139198e-03    5.1023667279e-01
       189   -1.4494979165e+02    2.1013514822e+04   -2.3366205355e+02    8.8712261896e+01    1.1021426436e+02   -3.6188077626e+02    1.8004458356e+01    2.0480000000e+03    7.2977147065e-03    5.1132812500e-01
       190   -1.4493554425e+02    2.1009086269e+04   -2.3373056230e+02    8.8795018050e+01    1.1035524819e+02   -3.6132691570e+02    1.7241105216e+01    2.0480000000e+03    7.2918462101e-03    5.0900735294e-01
       191   -1.4504147092e+02    2.1040331406e+04   -2.3483046246e+02    8.9788991544e+01    1.1024188151e+02   -3.6186888456e+02    1.6796540596e+01    2.0480000000e+03    7.2805797681e-03    5.0674402574e-01
       192   -1.4501344350e+02    2.1031712813e+04   -2.3422131427e+02    8.9207870769e+01    1.1030133308e+02   -3.6171828210e+02    1.7195634757e+01    2.0480000000e+03    7.2901428211e-03    5.0751378676e-01
       193   -1.4493876700e+02    2.1009887803e+04   -2.3410007056e+02    8.9161303559e+01    1.1009582245e+02   -3.6136210007e+02    1.7166207062e+01    2.0480000000e+03    7.2755110450e-03    5.0780675551e-01
       194   -1.4498078416e+02    2.1022223058e+04   -2.3334580476e+02    8.8365020596e+01    1.0999430937e+02   -3.6053860590e+02    1.7198491776e+01    2.0480000000e+03    7.2798961774e-03    5.0861098346e-01
       195   -1.4495567569e+02    2.1014485960e+04   -2.3282749985e+02    8.7871824154e+01    1.0994984806e+02   -3.5981764634e+02    1.7040298428e+01    2.0480000000e+03    7.2754719295e-03    5.0744485294e-01
       196   -1.4498667097e+02    2.1024027790e+04   -2.3262795481e+02    8.7641283843e+01    1.0982928795e+02   -3.5965241424e+02    1.7195171478e+01    2.0480000000e+03    7.2773916181e-03    5.0787568934e-01
       197   -1.4495558592e+02    2.1014914130e+04   -2.3422193280e+02    8.9266346878e+01    1.1033334441e+02   -3.6103073795e+02    1.6475460743e+01    2.0480000000e+03    7.2860133369e-03    5.0728975184e-01
       198   -1.4495722581e+02    2.1015381476e+04   -2.3596412448e+02    9.1006898671e+01    1.1076399356e+02   -3.6416590658e+02    1.7437788544e+01    2.0480000000e+03    7.2918701917e-03    5.0896139706e-01
       199   -1.4502717066e+02    2.1035219418e+04   -2.3353962657e+02    8.8512455910e+01    1.1026109761e+02   -3.6191792296e+02    1.8117198778e+01    2.0480000000e+03    7.2886738926e-03    5.0792738971e-01
       200   -1.4495856414e+02    2.1015708656e+04   -2.3444716921e+02    8.9488605072e+01    1.1031370797e+02   -3.6140949067e+02    1.6648613486e+01    2.0480000000e+03    7.2867074050e-03    5.0815142463e-01
       201   -1.4493623398e+02    2.1009285325e+04   -2.3396540849e+02    8.9029174519e+01    1.0965448636e+02   -3.6023190449e+02    1.6612009638e+01    2.0480000000e+03    7.6678455807e-03    5.0692784926e-01
       202   -1.4492429339e+02    2.1005560791e+04   -2.3395905685e+02    8.9034763453e+01    1.1007470813e+02   -3.6194318695e+02    1.7909421973e+01    2.0480000000e+03    7.3475888930e-03    5.0700252757e-01
       203   -1.4502767215e+02    2.1035495509e+04   -2.3371735905e+02    8.8689686901e+01    1.1010605600e+02   -3.6057357226e+02    1.6750157205e+01    2.0480000000e+03    7.2858543135e-03    5.0583065257e-01
       204   -1.4501480769e+02    2.1031997604e+04   -2.3448877216e+02    8.9473964468e+01    1.1024520488e+02   -3.6265661290e+02    1.7922635859e+01    2.0480000000e+03    7.2789448313e-03    5.0664636949e-01
       205   -1.4493806009e+02    2.1010912076e+04   -2.3406554669e+02    8.9127486600e+01    1.1019397085e+02   -3.6150439384e+02    1.7244876303e+01    2.0480000000e+03    7.2824419476e-03    5.0625574449e-01
       206   -1.4492319995e+02    2.1005381674e+04   -2.3361403561e+02    8.8690835665e+01    1.1039105167e+02   -3.6171391654e+02    1.7708829253e+01    2.0480000000e+03    7.2725862265e-03    5.0581916360e-01
       207   -1.4501877399e+02    2.1033018296e+04   -2.3268731164e+02    8.7668537647e+01    1.0995364805e+02   -3.6033081860e+02    1.7689858907e+01    2.0480000000e+03    7.2805746458e-03    5.0683593750e-01
       208   -1.4495196091e+02    2.1013654291e+04   -2.3305809934e+02    8.8106138433e+01    1.1040426404e+02   -3.6181374841e+02    1.8351385030e+01    2.0480000000e+03    7.2864668909e-03    5.0726102941e-01
       209   -1.4496462641e+02    2.1017251859e+04   -2.3646495707e+02    9.1500330653e+01    1.1123174969e+02   -3.6503538902e+02    1.7338682260e+01    2.0480000000e+03    7.2917235084e-03    5.0550896140e-01
       210   -1.4500013602e+02    2.1028058327e+04   -2.3423191544e+02    8.9231779419e+01    1.1070513900e+02   -3.6205725307e+02    1.7120198625e+01    2.0480000000e+03    7.2831332218e-03    5.0659466912e-01
       211   -1.4496600883e+02    2.1017673180e+04   -2.3356308879e+02    8.8597079962e+01    1.1053590992e+02   -3.6174958445e+02    1.7650585732e+01    2.0480000000e+03    7.2887192946e-03    5.0730698529e-01
       212   -1.4495922045e+02    2.1016051904e+04   -2.3455592342e+02    8.9596702974e+01    1.1055565107e+02   -3.6306524646e+02    1.7953671964e+01    2.0480000000e+03    7.3097164277e-03    5.0866268382e-01
       213   -1.4492579410e+02    2.1005910922e+04   -2.3463550634e+02    8.9709712241e+01    1.1039759154e+02   -3.6311279705e+02    1.8079699178e+01    2.0480000000e+03    7.2836827021e-03    5.0511259191e-01
       214   -1.4499485729e+02    2.1025769991e+04   -2.3313790406e+02    8.8143046772e+01    1.1009644288e+02   -3.5963943431e+02    1.6405087368e+01    2.0480000000e+03    7.2944604326e-03    5.0859949449e-01
       215   -1.4490390807e+02    2.1000960048e+04   -2.3239504337e+02    8.7491135303e+01    1.0983540772e+02   -3.5982507169e+02    1.7594620603e+01    2.0480000000e+03    7.2912240867e-03    5.0980009191e-01
       216   -1.4491794723e+02    2.1003773331e+04   -2.3195947281e+02    8.7041525587e+01    1.0956261525e+02   -3.5781383614e+02    1.6291748079e+01    2.0480000000e+03    7.2908226866e-03    5.0900160846e-01
       217   -1.4498381992e+02    2.1022954032e+04   -2.3270408434e+02    8.7720264415e+01    1.1016849017e+02   -3.6063986551e+02    1.7767291004e+01    2.0480000000e+03    7.2629603092e-03    5.0520450368e-01
       218   -1.4500522943e+02    2.1029353310e+04   -2.3381737721e+02    8.8812147781e+01    1.1031194724e+02   -3.6153830604e+02    1.7408981590e+01    2.0480000000e+03    7.2902813554e-03    5.0857651654e-01
       219   -1.4502425492e+02    2.1035346741e+04   -2.3492861838e+02    8.9904363455e+01    1.1060962354e+02   -3.6307258537e+02    1.7534343456e+01    2.0480000000e+03    7.2697086725e-03    5.0571576287e-01
       220   -1.4490704802e+02    2.1000844925e+04   -2.3438527799e+02    8.9478229968e+01    1.1019375618e+02   -3.6206617048e+02    1.7487136315e+01    2.0480000000e+03    7.2721075267e-03    5.0915096507e-01
       221   -1.4504324519e+02    2.1039883850e+04   -2.3263168572e+02    8.7588440525e+01    1.1054947551e+02   -3.6154333739e+02    1.8362176166e+01    2.0480000000e+03    7.2857097257e-03    5.0704848346e-01
       222   -1.4500544882e+02    2.1029641577e+04   -2.3510942638e+02    9.0103977561e+01    1.1066166490e+02   -3.6315928190e+02    1.7388190622e+01    2.0480000000e+03    7.2705673520e-03    5.0436580882e-01
       223   -1.4494079695e+02    2.1010407871e+04   -2.3368946691e+02    8.8748669956e+01    1.1060461717e+02   -3.6208410160e+02    1.7790017524e+01    2.0480000000e+03    7.2811511345e-03    5.0637063419e-01
       224   -1.4494296545e+02    2.1010697827e+04   -2.3381119475e+02    8.8868229294e+01    1.1065457924e+02   -3.6164141310e+02    1.7175639122e+01    2.0480000000e+03    7.2899213992e-03    5.0768037684e-01
       225   -1.4499406553e+02    2.1026899325e+04   -2.3354984198e+02    8.8555776446e+01    1.1025339808e+02   -3.6117892316e+02    1.7375683098e+01    2.0480000000e+03    7.2930427268e-03    5.0803653493e-01
       226   -1.4507387851e+02    2.1049352010e+04   -2.3450003530e+02    8.9426156791e+01    1.1024450030e+02   -3.6180742213e+02    1.7062886526e+01    2.0480000000e+03    7.2888832074e-03    5.0924287684e-01
       227   -1.4500803265e+02    2.1029637643e+04   -2.3413345215e+02    8.9125419501e+01    1.0995997925e+02   -3.6138405472e+02    1.7290623317e+01    2.0480000000e+03    7.2936152574e-03    5.0666934743e-01
       228   -1.4497002840e+02    2.1018871237e+04   -2.3335161430e+02    8.8381585899e+01    1.0970950276e+02   -3.6048440800e+02    1.7423290942e+01    2.0480000000e+03    7.3099895380e-03    5.0892118566e-01
       229   -1.4498093959e+02    2.1022140532e+04   -2.3369023104e+02    8.8709291442e+01    1.0980366408e+02   -3.6098476734e+02    1.7490872225e+01    2.0480000000e+03    7.3075927794e-03    5.0845588235e-01
       230   -1.4504240456e+02    2.1040314257e+04   -2.3386444771e+02    8.8822043151e+01    1.1012750435e+02   -3.6058253922e+02    1.6590587153e+01    2.0480000000e+03    7.2978700045e-03    5.0736443015e-01
       231   -1.4494321778e+02    2.1010807378e+04   -2.3368015696e+02    8.8736939179e+01    1.1014088488e+02   -3.6124838702e+02    1.7427345184e+01    2.0480000000e+03    7.2701785248e-03    5.0683019301e-01
       232   -1.4500505058e+02    2.1028927224e+04   -2.3300383174e+02    8.7998781153e+01    1.1008801866e+02   -3.6100878750e+02    1.7916937104e+01    2.0480000000e+03    7.2943093255e-03    5.0860523897e-01
       233   -1.4499841538e+02    2.1027089372e+04   -2.3378613375e+02    8.8787718366e+01    1.1064833070e+02   -3.6262710437e+02    1.8192639918e+01    2.0480000000e+03    7.2745883372e-03    5.0542853860e-01
       234   -1.4498503363e+02    2.1024256403e+04   -2.3452630307e+02    8.9541269438e+01    1.1069301422e+02   -3.6276277509e+02    1.7543457802e+01    2.0480000000e+03    7.2899181396e-03    5.0648552390e-01
       235   -1.4503239567e+02    2.1037157876e+04   -2.3424705541e+02    8.9214659733e+01    1.1082571701e+02   -3.6274765011e+02    1.7674877689e+01    2.0480000000e+03    7.2974616196e-03    5.0731272978e-01
       236   -1.4498738994e+02    2.1024296397e+04   -2.3447824423e+02    8.9490854293e+01    1.1082200039e+02   -3.6286247223e+02    1.7562227614e+01    2.0480000000e+03    7.2961531114e-03    5.0688189338e-01
       237   -1.4499529904e+02    2.1026078885e+04   -2.3380547789e+02    8.8810178850e+01    1.1069259463e+02   -3.6183033904e+02    1.7332266516e+01    2.0480000000e+03    7.3009664193e-03    5.0891544118e-01
       238   -1.4498139432e+02    2.1022467020e+04   -2.3409441577e+02    8.9113021449e+01    1.1107965442e+02   -3.6436227056e+02    1.9188200370e+01    2.0480000000e+03    7.2815690655e-03    5.0637063419e-01
       239   -1.4498200552e+02    2.1022973411e+04   -2.3359573769e+02    8.8613732169e+01    1.1063238598e+02   -3.6201072281e+02    1.7782599141e+01    2.0480000000e+03    7.2818160988e-03    5.0714613971e-01
       240   -1.4494049418e+02    2.1010600731e+04   -2.3455944952e+02    8.9618955342e+01    1.1043084891e+02   -3.6211873074e+02    1.7128432309e+01    2.0480000000e+03    7.2865143884e-03    5.0835248162e-01
       241   -1.4499819007e+02    2.1027551693e+04   -2.3467203487e+02    8.9673844808e+01    1.1035475783e+02   -3.6244803654e+02    1.7421243836e+01    2.0480000000e+03    7.2819364723e-03    5.0778952206e-01
       242   -1.4497476785e+02    2.1020358524e+04   -2.3397484367e+02    8.9000075816e+01    1.1056506982e+02   -3.6232127152e+02    1.7781358038e+01    2.0480000000e+03    7.3273277376e-03    5.0763442096e-01
       243   -1.4493502649e+02    2.1008407177e+04   -2.3251351545e+02    8.7578488959e+01    1.1027747317e+02   -3.6043954326e+02    1.7648554633e+01    2.0480000000e+03    7.2969624307e-03    5.1022518382e-01
       244   -1.4497543722e+02    2.1020892526e+04   -2.3283590961e+02    8.7860472390e+01    1.1008160012e+02   -3.6065587865e+02    1.7738368911e+01    2.0480000000e+03    7.2907465510e-03    5.0861098346e-01
       245   -1.4502094426e+02    2.1034159595e+04   -2.3329251661e+02    8.8271572349e+01    1.1028677291e+02   -3.6036109120e+02    1.6781801679e+01    2.0480000000e+03    7.3035967071e-03    5.0842715993e-01
       246   -1.4503108376e+02    2.1036423964e+04   -2.3347075382e+02    8.8439670065e+01    1.1015851553e+02   -3.6171815515e+02    1.8088885793e+01    2.0480000000e+03    7.2916385252e-03    5.0810546875e-01
       247   -1.4498753430e+02    2.1023871718e+04   -2.3413808004e+02    8.9150545743e+01    1.1053120219e+02   -3.6158097588e+02    1.6911693654e+01    2.0480000000e+03    7.2999459226e-03    5.0858226103e-01
       248   -1.4495890465e+02    2.1015220246e+04   -2.3301001233e+02    8.8051107685e+01    1.1008407405e+02   -3.5999257106e+02    1.6898484681e+01    2.0480000000e+03    7.2788551915e-03    5.0824908088e-01
       249   -1.4494453556e+02    2.1011596718e+04   -2.3317848585e+02    8.8233950292e+01    1.1061559885e+02   -3.6084255407e+02    1.7048469367e+01    2.0480000000e+03    7.2831758298e-03    5.0782398897e-01
       250   -1.4503755153e+02    2.1038760788e+04   -2.3403768732e+02    8.9000135790e+01    1.1078435689e+02   -3.6193931751e+02    1.7117273298e+01    2.0480000000e+03    7.2830694262e-03    5.0809397978e-01
       251   -1.4500856558e+02    2.1030230160e+04   -2.3488200065e+02    8.9873435074e+01    1.1100027410e+02   -3.6427897770e+02    1.8396702949e+01    2.0480000000e+03    7.2869809810e-03    5.0616957721e-01
       252   -1.4501439894e+02    2.1032190905e+04   -2.3526403236e+02    9.0249633420e+01    1.1087736031e+02   -3.6303779846e+02    1.6896405784e+01    2.0480000000e+03    7.2801201604e-03    5.0713465074e-01
       253   -1.4499973134e+02    2.1027394789e+04   -2.3412792432e+02    8.9128192980e+01    1.1075295533e+02   -3.6153210453e+02    1.6651224886e+01    2.0480000000e+03    7.2888087016e-03    5.0916819853e-01
       254   -1.4500111984e+02    2.1027827212e+04   -2.3411153566e+02    8.9110415819e+01    1.1057014258e+02   -3.6184306188e+02    1.7161383644e+01    2.0480000000e+03    7.2775592562e-03    5.0504940257e-01
       255   -1.4499903875e+02    2.1027521017e+04   -2.3450083714e+02    8.9501798388e+01    1.1105126281e+02   -3.6214883608e+02    1.6596736134e+01    2.0480000000e+03    7.2811087593e-03    5.0640510110e-01
       256   -1.4496978989e+02    2.1018944309e+04   -2.3462583227e+02    8.9656042380e+01    1.1065162365e+02   -3.6291309986e+02    1.7635643934e+01    2.0480000000e+03    7.2747208178e-03    5.0638786765e-01
       257   -1.4498782045e+02    2.1024311792e+04   -2.3443902481e+02    8.9451204361e+01    1.1039216116e+02   -3.6271260062e+02    1.7881414652e+01    2.0480000000e+03    7.2866263799e-03    5.0828354779e-01
       258   -1.4494080052e+02    2.1010861811e+04   -2.3331349603e+02    8.8372695505e+01    1.1005682858e+02   -3.6066539763e+02    1.7295073012e+01    2.0480000000e+03    7.2870939039e-03    5.0845013787e-01
       259   -1.4497127114e+02    2.1019388483e+04   -2.3353630612e+02    8.8565034980e+01    1.1021853903e+02   -3.6074675191e+02    1.6991906759e+01    2.0480000000e+03    7.2810945567e-03    5.0835248162e-01
       260   -1.4497727027e+02    2.1020941377e+04   -2.3403771919e+02    8.9060448921e+01    1.1002637028e+02   -3.6091069499e+02    1.6846605521e+01    2.0480000000e+03    7.2696390562e-03    5.0730124081e-01
       261   -1.4497707028e+02    2.1020742113e+04   -2.3432094234e+02    8.9343872059e+01    1.1033468222e+02   -3.6229008162e+02    1.7634457068e+01    2.0480000000e+03    7.2683044709e-03    5.0671530331e-01
       262   -1.4500317978e+02    2.1028846674e+04   -2.3386422941e+02    8.8861049635e+01    1.1048493699e+02   -3.6120302176e+02    1.6853855356e+01    2.0480000000e+03    7.2798936162e-03    5.0836971507e-01
       263   -1.4496494206e+02    2.1017185296e+04   -2.3289499960e+02    8.7930057540e+01    1.1007184303e+02   -3.6027664593e+02    1.7309803295e+01    2.0480000000e+03    7.2705450002e-03    5.0663488051e-01
       264   -1.4499059561e+02    2.1024622203e+04   -2.3489076234e+02    8.9900166729e+01    1.1069482234e+02   -3.6316817210e+02    1.7582587426e+01    2.0480000000e+03    7.2875809856e-03    5.0819738051e-01
       265   -1.4493027419e+02    2.1007172351e+04   -2.3403327501e+02    8.9103000821e+01    1.1036736946e+02   -3.6208021086e+02    1.7679566390e+01    2.0480000000e+03    7.2615148965e-03    5.0537683824e-01
       266   -1.4498895730e+02    2.1024219514e+04   -2.3378947483e+02    8.8800517531e+01    1.1028325531e+02   -3.6091693283e+02    1.6844202685e+01    2.0480000000e+03    7.2611542419e-03    5.0518727022e-01
       267   -1.4499715459e+02    2.1026793649e+04   -2.3307622693e+02    8.8079072332e+01    1.1000591835e+02   -3.6098345528e+02    1.7901310011e+01    2.0480000000e+03    7.2732050903e-03    5.0831801471e-01
       268   -1.4499674295e+02    2.1026513631e+04   -2.3351639323e+02    8.8519650279e+01    1.1024055243e+02   -3.6162648522e+02    1.7869539561e+01    2.0480000000e+03    7.2973559145e-03    5.0990923713e-01
       269   -1.4498026413e+02    2.1022245649e+04   -2.3394292830e+02    8.8962664174e+01    1.1019642284e+02   -3.6071864201e+02    1.6579290863e+01    2.0480000000e+03    7.2809071280e-03    5.0773782169e-01
       270   -1.4501205501e+02    2.1031466964e+04   -2.3342461725e+02    8.8412562245e+01    1.0987961093e+02   -3.5995146030e+02    1.6647232121e+01    2.0480000000e+03    7.2827718686e-03    5.0924287684e-01
       271   -1.4498755562e+02    2.1023633493e+04   -2.3388223138e+02    8.8894675760e+01    1.1021214375e+02   -3.6131104576e+02    1.7216670632e+01    2.0480000000e+03    7.2700725868e-03    5.0770335478e-01
       272   -1.4499163251e+02    2.1024790399e+04   -2.3436835058e+02    8.9376718068e+01    1.1061177527e+02   -3.6199768191e+02    1.7017556070e+01    2.0480000000e+03    7.2764633223e-03    5.0539981618e-01
       273   -1.4497966656e+02    2.1022201669e+04   -2.3415185704e+02    8.9172190482e+01    1.1049841693e+02   -3.6201487127e+02    1.7364597305e+01    2.0480000000e+03    7.2687561624e-03    5.0463005515e-01
       274   -1.4497661612e+02    2.1021343830e+04   -2.3489327397e+02    8.9916657857e+01    1.1029474483e+02   -3.6277753976e+02    1.7589520956e+01    2.0480000000e+03    7.3003158905e-03    5.0967371324e-01
       275   -1.4499515978e+02    2.1026243731e+04   -2.3507369428e+02    9.0078534495e+01    1.1068473731e+02   -3.6329193320e+02    1.7533501614e+01    2.0480000000e+03    7.2769918479e-03    5.0656020221e-01
       276   -1.4493045790e+02    2.1007292090e+04   -2.3451946928e+02    8.9589011377e+01    1.1058166039e+02   -3.6307668949e+02    1.7975559823e+01    2.0480000000e+03    7.2899509687e-03    5.0764016544e-01
       277   -1.4496478432e+02    2.1018066915e+04   -2.3443294724e+02    8.9468162911e+01    1.1044488782e+02   -3.6242834333e+02    1.7550508273e+01    2.0480000000e+03    7.2939679958e-03    5.0939223346e-01
       278   -1.4495572063e+02    2.1014845814e+04   -2.3341390422e+02    8.8458183591e+01    1.1012351524e+02   -3.6057239277e+02    1.7034973312e+01    2.0480000000e+03    7.2682457976e-03    5.0771484375e-01
       279   -1.4502497590e+02    2.1034748981e+04   -2.3263118576e+02    8.7606209857e+01    1.0992141964e+02   -3.5937054389e+02    1.6817938482e+01    2.0480000000e+03    7.2641547304e-03    5.0740464154e-01
       280   -1.4498845962e+02    2.1024163729e+04   -2.3485894349e+02    8.9870483866e+01    1.1088944011e+02   -3.6364399616e+02    1.7895612561e+01    2.0480000000e+03    7.2879882064e-03    5.0797334559e-01
       281   -1.4499385104e+02    2.1025660335e+04   -2.3459116350e+02    8.9597312455e+01    1.1061180458e+02   -3.6260167845e+02    1.7398710375e+01    2.0480000000e+03    7.2798589244e-03    5.0519875919e-01
       282   -1.4501211622e+02    2.1031197109e+04   -2.3433657446e+02    8.9324458239e+01    1.1017255642e+02   -3.6200308184e+02    1.7493950954e+01    2.0480000000e+03    7.2816039901e-03    5.0862821691e-01
       283   -1.4499097812e+02    2.1025367317e+04   -2.3478151192e+02    8.9790533800e+01    1.1094052135e+02   -3.6317883370e+02    1.7456800426e+01    2.0480000000e+03    7.2840480134e-03    5.0710018382e-01
       284   -1.4497772989e+02    2.1020950998e+04   -2.3506961456e+02    9.0091884667e+01    1.1072621002e+02   -3.6298142091e+02    1.7185596328e+01    2.0480000000e+03    7.2999037802e-03    5.0864545037e-01
       285   -1.4500142438e+02    2.1027801540e+04   -2.3395220710e+02    8.8950782726e+01    1.1035287224e+02   -3.6065294497e+02    1.6347865624e+01    2.0480000000e+03    7.2695380077e-03    5.0623276654e-01
       286   -1.4499569334e+02    2.1026159840e+04   -2.3259102509e+02    8.7595331758e+01    1.1076562090e+02   -3.6088124810e+02    1.7524602105e+01    2.0480000000e+03    7.2954511270e-03    5.0890969669e-01
       287   -1.4504867436e+02    2.1041580865e+04   -2.3332447704e+02    8.8275802684e+01    1.1049289900e+02   -3.6125198063e+02    1.7434604587e+01    2.0480000000e+03    7.2827530093e-03    5.0790441176e-01
       288   -1.4497928358e+02    2.1021733773e+04   -2.3489062086e+02    8.9911337272e+01    1.1081254468e+02   -3.6293447161e+02    1.7231306073e+01    2.0480000000e+03    7.2708649095e-03    5.0626148897e-01
       289   -1.4492311182e+02    2.1005003161e+04   -2.3260125612e+02    8.7678144294e+01    1.1059038111e+02   -3.6108466043e+02    1.7893023198e+01    2.0480000000e+03    7.3056442197e-03    5.0858800551e-01
       290   -1.4491218420e+02    2.1002130127e+04   -2.3444453027e+02    8.9532346070e+01    1.1083248817e+02   -3.6286047379e+02    1.7583455357e+01    2.0480000000e+03    7.2889979929e-03    5.0658318015e-01
       291   -1.4493383880e+02    2.1008779493e+04   -2.3387345598e+02    8.8939617173e+01    1.1074506187e+02   -3.6244359863e+02    1.7825080777e+01    2.0480000000e+03    7.2800519411e-03    5.0573874081e-01
       292   -1.4500242342e+02    2.1028284501e+04   -2.3482804293e+02    8.9825619515e+01    1.1045904001e+02   -3.6248648678e+02    1.7199403843e+01    2.0480000000e+03    7.2752570268e-03    5.0540556066e-01
       293   -1.4504107216e+02    2.1039613807e+04   -2.3496308243e+02    8.9922010276e+01    1.1091638662e+02   -3.6254283636e+02    1.6663367303e+01    2.0480000000e+03    7.2922331747e-03    5.0618106618e-01
       294   -1.4501699230e+02    2.1032825957e+04   -2.3322797753e+02    8.8210985228e+01    1.1065287623e+02   -3.6139981421e+02    1.7518960450e+01    2.0480000000e+03    7.2989312466e-03    5.0741038603e-01
       295   -1.4496010408e+02    2.1015925192e+04   -2.3407179684e+02    8.9111692755e+01    1.1051601377e+02   -3.6164077762e+02    1.7052967005e+01    2.0480000000e+03    7.2771289852e-03    5.0564108456e-01
       296   -1.4496543124e+02    2.1017500712e+04   -2.3296521594e+02    8.7999784696e+01    1.1022646047e+02   -3.6105546334e+02    1.7863786941e+01    2.0480000000e+03    7.2700141463e-03    5.0661764706e-01
       297   -1.4496238259e+02    2.1016609778e+04   -2.3199682414e+02    8.7034441547e+01    1.1020878571e+02   -3.5979172995e+02    1.7586120109e+01    2.0480000000e+03    7.2695587296e-03    5.0731272978e-01
       298   -1.4497199610e+02    2.1019188093e+04   -2.3210781557e+02    8.7135819477e+01    1.0970220624e+02   -3.5928619218e+02    1.7476170372e+01    2.0480000000e+03    7.2685687337e-03    5.0798483456e-01
       299   -1.4495125157e+02    2.1013829478e+04   -2.3269301474e+02    8.7741763165e+01    1.0946400564e+02   -3.5911372524e+02    1.6956704858e+01    2.0480000000e+03    7.2497397196e-03    5.0705997243e-01
       300   -1.4494376264e+02    2.1011376669e+04   -2.3252729757e+02    8.7583534930e+01    1.0980232810e+02   -3.5932570908e+02    1.6996083415e+01    2.0480000000e+03    7.2695903946e-03    5.0799057904e-01
       301   -1.4500085475e+02    2.1027920956e+04   -2.3440213752e+02    8.9401282763e+01    1.1065987153e+02   -3.6218162227e+02    1.7119613227e+01    2.0480000000e+03    7.2781003546e-03    5.0666360294e-01
       302   -1.4492875600e+02    2.1007306166e+04   -2.3379237591e+02    8.8863619915e+01    1.1065591991e+02   -3.6185979329e+02    1.7411497466e+01    2.0480000000e+03    7.2950427420e-03    5.0936351103e-01
       303   -1.4494983632e+02    2.1013157001e+04   -2.3462907810e+02    8.9679241785e+01    1.1097083619e+02   -3.6321658480e+02    1.7616670509e+01    2.0480000000e+03    7.2692604735e-03    5.0385454963e-01
       304   -1.4496788042e+02    2.1017893321e+04   -2.3449589259e+02    8.9528012171e+01    1.1111347668e+02   -3.6276939629e+02    1.7160027014e+01    2.0480000000e+03    7.2882371023e-03    5.0682444853e-01
       305   -1.4497829300e+02    2.1020994408e+04   -2.3533992051e+02    9.0361627512e+01    1.1118041387e+02   -3.6317417987e+02    1.6653845487e+01    2.0480000000e+03    7.2802088689e-03    5.0595128676e-01
       306   -1.4495382664e+02    2.1014714486e+04   -2.3447421251e+02    8.9520385873e+01    1.1090412223e+02   -3.6434828836e+02    1.8969953614e+01    2.0480000000e+03    7.2901509702e-03    5.0785271140e-01
       307   -1.4498016082e+02    2.1021805245e+04   -2.3420728859e+02    8.9227127767e+01    1.1108575815e+02   -3.6215230930e+02    1.6859262563e+01    2.0480000000e+03    7.2913456243e-03    5.0748506434e-01
       308   -1.4509628016e+02    2.1056154018e+04   -2.3548981387e+02    9.0393533710e+01    1.1097070069e+02   -3.6428270954e+02    1.7822194972e+01    2.0480000000e+03    7.2663298342e-03    5.0584214154e-01
       309   -1.4501458099e+02    2.1031774419e+04   -2.3407240701e+02    8.9057826029e+01    1.1084603752e+02   -3.6239513977e+02    1.7476695231e+01    2.0480000000e+03    7.2676043492e-03    5.0611787684e-01
       310   -1.4505699930e+02    2.1044272588e+04   -2.3327190733e+02    8.8214908032e+01    1.1037715863e+02   -3.6117771212e+02    1.7528646156e+01    2.0480000000e+03    7.2891761083e-03    5.0804802390e-01
       311   -1.4500290207e+02    2.1028881931e+04   -2.3393329566e+02    8.8930393584e+01    1.1032287511e+02   -3.6091122465e+02    1.6655053877e+01    2.0480000000e+03    7.2724174242e-03    5.0581916360e-01
       312   -1.4498157750e+02    2.1022583880e+04   -2.3394455398e+02    8.8962976487e+01    1.1057217006e+02   -3.6227741791e+02    1.7760693871e+01    2.0480000000e+03    7.2766693775e-03    5.0644531250e-01
       313   -1.4496057283e+02    2.1016271822e+04   -2.3404344386e+02    8.9082871031e+01    1.1087040873e+02   -3.6219772471e+02    1.7283872119e+01    2.0480000000e+03    7.2970264591e-03    5.0710018382e-01
       314   -1.4497968197e+02    2.1021708327e+04   -2.3374295908e+02    8.8763277111e+01    1.1049667443e+02   -3.6108845815e+02    1.6848824642e+01    2.0480000000e+03    7.2959268000e-03    5.0836397059e-01
       315   -1.4495618431e+02    2.1014739241e+04   -2.3415079106e+02    8.9194606745e+01    1.1046870791e+02   -3.6213458093e+02    1.7515081960e+01    2.0480000000e+03    7.2825262323e-03    5.0775505515e-01
       316   -1.4495248887e+02    2.1013519191e+04   -2.3385235496e+02    8.8899866092e+01    1.1063307044e+02   -3.6179277294e+02    1.7307347540e+01    2.0480000000e+03    7.2878557257e-03    5.0790441176e-01
       317   -1.4499097501e+02    2.1024722398e+04   -2.3195303185e+02    8.6962056847e+01    1.1018263735e+02   -3.6033765134e+02    1.8201982133e+01    2.0480000000e+03    7.2971289046e-03    5.0894990809e-01
       318   -1.4497598556e+02    2.1020591117e+04   -2.3393285491e+02    8.8956869356e+01    1.1030519210e+02   -3.6144780424e+02    1.7209757234e+01    2.0480000000e+03    7.2928573936e-03    5.0915096507e-01
       319   -1.4499445867e+02    2.1025897313e+04   -2.3388819402e+02    8.8893735347e+01    1.1039311830e+02   -3.6168811223e+02    1.7406799917e+01    2.0480000000e+03    7.2742211632e-03    5.0823759191e-01
       320   -1.4491858155e+02    2.1003712839e+04   -2.3336993298e+02    8.8451351428e+01    1.0982459733e+02   -3.6011417902e+02    1.6919648718e+01    2.0480000000e+03    7.2760500479e-03    5.0842141544e-01
       321   -1.4494026104e+02    2.1010468967e+04   -2.3419171156e+02    8.9251450516e+01    1.1084986927e+02   -3.6247361631e+02    1.7432035485e+01    2.0480000000e+03    7.2695501149e-03    5.0596277574e-01
       322   -1.4493879428e+02    2.1014392182e+04   -2.3402916592e+02    8.9090371644e+01    1.1052497970e+02   -3.6183313565e+02    1.7278990028e+01    2.0480000000e+03    7.2883032262e-03    5.0714613971e-01
       323   -1.4494270159e+02    2.1010703470e+04   -2.3479860060e+02    8.9855899005e+01    1.1050675115e+02   -3.6303834260e+02    1.7732990849e+01    2.0480000000e+03    7.2994474322e-03    5.0873161765e-01
       324   -1.4501663626e+02    2.1032775477e+04   -2.3405981225e+02    8.9043175993e+01    1.1016824295e+02   -3.6115674768e+02    1.6928692481e+01    2.0480000000e+03    7.3005384766e-03    5.0837545956e-01
       325   -1.4502657325e+02    2.1035195208e+04   -2.3484695194e+02    8.9820378692e+01    1.1068253861e+02   -3.6282000840e+02    1.7290517847e+01    2.0480000000e+03    7.2842692025e-03    5.0792738971e-01
       326   -1.4500674875e+02    2.1029892573e+04   -2.3487500371e+02    8.9868254967e+01    1.1092017777e+02   -3.6359619887e+02    1.7801017393e+01    2.0480000000e+03    7.2716567665e-03    5.0653147978e-01
       327   -1.4499546322e+02    2.1026816613e+04   -2.3477288145e+02    8.9777418227e+01    1.1078522772e+02   -3.6379356480e+02    1.8235455627e+01    2.0480000000e+03    7.2870501317e-03    5.0840992647e-01
       328   -1.4493943556e+02    2.1010608941e+04   -2.3365756577e+02    8.8718130203e+01    1.0996945098e+02   -3.6053348250e+02    1.6906465752e+01    2.0480000000e+03    7.2762269992e-03    5.0741613051e-01
       329   -1.4500549567e+02    2.1028816608e+04   -2.3231002009e+02    8.7304524424e+01    1.0970652555e+02   -3.5952851345e+02    1.7511967819e+01    2.0480000000e+03    7.2919498198e-03    5.0837545956e-01
       330   -1.4497612140e+02    2.1020727203e+04   -2.3302994461e+02    8.8053823212e+01    1.1021274830e+02   -3.6079829419e+02    1.7555601285e+01    2.0480000000e+03    7.2851409204e-03    5.0781250000e-01
       331   -1.4494953650e+02    2.1012572644e+04   -2.3413187882e+02    8.9182342325e+01    1.1054593433e+02   -3.6099981593e+02    1.6322002781e+01    2.0480000000e+03    7.3077811394e-03    5.0916819853e-01
       332   -1.4495858879e+02    2.1015480677e+04   -2.3415442868e+02    8.9195839886e+01    1.1074045984e+02   -3.6228504591e+02    1.7390157391e+01    2.0480000000e+03    7.2884776164e-03    5.0767463235e-01
       333   -1.4505575401e+02    2.1044753924e+04   -2.3420200054e+02    8.9146246533e+01    1.1067776603e+02   -3.6215566557e+02    1.7275898991e+01    2.0480000000e+03    7.2894950863e-03    5.0705422794e-01
       334   -1.4498159655e+02    2.1022129634e+04   -2.3493516150e+02    8.9953564948e+01    1.1083411888e+02   -3.6286893236e+02    1.7099651976e+01    2.0480000000e+03    7.2761774063e-03    5.0567555147e-01
       335   -1.4498407221e+02    2.1022801757e+04   -2.3496185059e+02    8.9977778378e+01    1.1130149215e+02   -3.6403696051e+02    1.7773617770e+01    2.0480000000e+03    7.2827648837e-03    5.0607766544e-01
       336   -1.4500420449e+02    2.1028669151e+04   -2.3343507642e+02    8.8430871938e+01    1.1071505051e+02   -3.6134034897e+02    1.7190222043e+01    2.0480000000e+03    7.2812493891e-03    5.0715188419e-01
       337   -1.4501264776e+02    2.1031347917e+04   -2.3461082353e+02    8.9598175770e+01    1.1076690839e+02   -3.6350108333e+02    1.8123351406e+01    2.0480000000e+03    7.2844850365e-03    5.0689338235e-01
       338   -1.4501638858e+02    2.1032166807e+04   -2.3446182977e+02    8.9445441193e+01    1.1058278079e+02   -3.6293451881e+02    1.7889908243e+01    2.0480000000e+03    7.2907633148e-03    5.0701976103e-01
       339   -1.4496961355e+02    2.1018623749e+04   -2.3307126060e+02    8.8101647048e+01    1.1074904134e+02   -3.6087259739e+02    1.7052295456e+01    2.0480000000e+03    7.2945905849e-03    5.0699103860e-01
       340   -1.4502409916e+02    2.1034948057e+04   -2.3442969950e+02    8.9405600341e+01    1.1054351496e+02   -3.6205750061e+02    1.7084286145e+01    2.0480000000e+03    7.2699419688e-03    5.0524471507e-01
       341   -1.4506953574e+02    2.1047647492e+04   -2.3440415176e+02    8.9334616020e+01    1.1072117178e+02   -3.6247546102e+02    1.7350137479e+01    2.0480000000e+03    7.2750868276e-03    5.0642233456e-01
       342   -1.4496628900e+02    2.1017554129e+04   -2.3483549760e+02    8.9869208602e+01    1.1090548552e+02   -3.6352156508e+02    1.7780581955e+01    2.0480000000e+03    7.2907633148e-03    5.0563534007e-01
       343   -1.4495634291e+02    2.1014867514e+04   -2.3312387098e+02    8.8167528064e+01    1.1067297917e+02   -3.6139881794e+02    1.7601967796e+01    2.0480000000e+03    7.2859912179e-03    5.0626148897e-01
       344   -1.4498187772e+02    2.1022914992e+04   -2.3505585207e+02    9.0073974341e+01    1.1089474300e+02   -3.6268971850e+02    1.6739123443e+01    2.0480000000e+03    7.2920327075e-03    5.0710018382e-01
       345   -1.4500277638e+02    2.1028480620e+04   -2.3366965036e+02    8.8666873985e+01    1.1043129841e+02   -3.6153710831e+02    1.7436159539e+01    2.0480000000e+03    7.2794726584e-03    5.0613511029e-01
       346   -1.4502498411e+02    2.1034702942e+04   -2.3411990790e+02    8.9094923796e+01    1.1042703153e+02   -3.6199211883e+02    1.7445179400e+01    2.0480000000e+03    7.2905884590e-03    5.0666934743e-01
       347   -1.4495139207e+02    2.1013748356e+04   -2.3480153069e+02    8.9850138618e+01    1.1110362389e+02   -3.6284163461e+02    1.6936480026e+01    2.0480000000e+03    7.2920885868e-03    5.0741613051e-01
       348   -1.4497609141e+02    2.1020539779e+04   -2.3437777030e+02    8.9401678886e+01    1.1063695686e+02   -3.6243711296e+02    1.7422385802e+01    2.0480000000e+03    7.2908645961e-03    5.0714039522e-01
       349   -1.4506631914e+02    2.1047258096e+04   -2.3399400671e+02    8.8927687565e+01    1.1070594151e+02   -3.6202247225e+02    1.7322524036e+01    2.0480000000e+03    7.2863027453e-03    5.0643956801e-01
       350   -1.4502522837e+02    2.1035059502e+04   -2.3410801046e+02    8.9082782087e+01    1.1088440016e+02   -3.6299562296e+02    1.8003212341e+01    2.0480000000e+03    7.2798926849e-03    5.0518727022e-01
       351   -1.4505744132e+02    2.1044817724e+04   -2.3411605199e+02    8.9058610670e+01    1.1054770533e+02   -3.6141951863e+02    1.6755761307e+01    2.0480000000e+03    7.2696749121e-03    5.0503216912e-01
       352   -1.4504058264e+02    2.1039979462e+04   -2.3471240874e+02    8.9671826096e+01    1.1095568667e+02   -3.6172019744e+02    1.6052102030e+01    2.0480000000e+03    7.2729261592e-03    5.0495174632e-01
       353   -1.4495877235e+02    2.1015531056e+04   -2.3491390358e+02    8.9955131232e+01    1.1130299187e+02   -3.6405614363e+02    1.7839248170e+01    2.0480000000e+03    7.2823220398e-03    5.0679572610e-01
       354   -1.4499127046e+02    2.1025077580e+04   -2.3409707122e+02    8.9105800760e+01    1.1040757928e+02   -3.6179581350e+02    1.7291163000e+01    2.0480000000e+03    7.2854321916e-03    5.0686465993e-01
       355   -1.4500786224e+02    2.1030340580e+04   -2.3239003614e+02    8.7382173898e+01    1.1018142897e+02   -3.5988092337e+02    1.7309458262e+01    2.0480000000e+03    7.2776847519e-03    5.0690487132e-01
       356   -1.4505529156e+02    2.1043389767e+04   -2.3303522212e+02    8.7979930560e+01    1.1057968692e+02   -3.6143507458e+02    1.7820165537e+01    2.0480000000e+03    7.2746563237e-03    5.0742187500e-01
       357   -1.4497811603e+02    2.1021870002e+04   -2.3433534243e+02    8.9357226403e+01    1.1068129093e+02   -3.6225262248e+02    1.7235989118e+01    2.0480000000e+03    7.2780714836e-03    5.0762867647e-01
       358   -1.4495017851e+02    2.1013169086e+04   -2.3370112113e+02    8.8750942620e+01    1.1027957678e+02   -3.6076699781e+02    1.6786299905e+01    2.0480000000e+03    7.2741741315e-03    5.0724954044e-01
       359   -1.4500874925e+02    2.1030803966e+04   -2.3332414030e+02    8.8315391049e+01    1.1046311307e+02   -3.6118628162e+02    1.7399028259e+01    2.0480000000e+03    7.2697680444e-03    5.0590533088e-01
       360   -1.4493552637e+02    2.1008866702e+04   -2.3474956683e+02    8.9814040464e+01    1.1027044452e+02   -3.6206069206e+02    1.7040680699e+01    2.0480000000e+03    7.2667519562e-03    5.0670381434e-01
       361   -1.4494816446e+02    2.1012614167e+04   -2.3522752422e+02    9.0279359769e+01    1.1072431884e+02   -3.6370500999e+02    1.7753166933e+01    2.0480000000e+03    7.2795660235e-03    5.0722656250e-01
       362   -1.4503098587e+02    2.1036509033e+04   -2.3557542146e+02    9.0544435589e+01    1.1093684756e+02   -3.6455359858e+02    1.8041329556e+01    2.0480000000e+03    7.2656772099e-03    5.0595128676e-01
       363   -1.4495289118e+02    2.1013768417e+04   -2.3511604677e+02    9.0163155598e+01    1.1087829527e+02   -3.6392616445e+02    1.7931822406e+01    2.0480000000e+03    7.2807664983e-03    5.0748506434e-01
       364   -1.4499060001e+02    2.1024681933e+04   -2.3435438072e+02    8.9363780703e+01    1.1081244603e+02   -3.6212804625e+02    1.6961219501e+01    2.0480000000e+03    7.2750155814e-03    5.0708295037e-01
       365   -1.4490592643e+02    2.1000524766e+04   -2.3381631274e+02    8.8910386310e+01    1.1087054365e+02   -3.6222942516e+02    1.7542568775e+01    2.0480000000e+03    7.2834070306e-03    5.0845013787e-01
       366   -1.4492047073e+02    2.1004329373e+04   -2.3392343849e+02    8.9002967768e+01    1.1040077505e+02   -3.6118099572e+02    1.6856782176e+01    2.0480000000e+03    7.2760242037e-03    5.0765739890e-01
       367   -1.4501139883e+02    2.1031907320e+04   -2.3344148431e+02    8.8430085477e+01    1.1030693143e+02   -3.6122409037e+02    1.7475674636e+01    2.0480000000e+03    7.2824065574e-03    5.0720358456e-01
       368   -1.4495873605e+02    2.1015570595e+04   -2.3387056678e+02    8.8911830725e+01    1.1021261566e+02   -3.6083747332e+02    1.6754290882e+01    2.0480000000e+03    7.2683233302e-03    5.0696806066e-01
       369   -1.4504227835e+02    2.1040511960e+04   -2.3346504470e+02    8.8422766345e+01    1.1038200801e+02   -3.6188686118e+02    1.8039808471e+01    2.0480000000e+03    7.2697072756e-03    5.0713465074e-01
       370   -1.4508487439e+02    2.1052224935e+04   -2.3310464134e+02    8.8019766953e+01    1.1035178749e+02   -3.6113449705e+02    1.7678068222e+01    2.0480000000e+03    7.2694034316e-03    5.0660041360e-01
       371   -1.4501783124e+02    2.1032852496e+04   -2.3378656702e+02    8.8768735787e+01    1.1076701028e+02   -3.6258936598e+02    1.8035788675e+01    2.0480000000e+03    7.2703680489e-03    5.0638786765e-01
       372   -1.4493832210e+02    2.1009900471e+04   -2.3505936962e+02    9.0121047520e+01    1.1047608621e+02   -3.6274591397e+02    1.7210458149e+01    2.0480000000e+03    7.2476759087e-03    5.0450942096e-01
       373   -1.4501319800e+02    2.1031436290e+04   -2.3440614280e+02    8.9392944796e+01    1.1032619905e+02   -3.6197970779e+02    1.7247365949e+01    2.0480000000e+03    7.2662360035e-03    5.0719209559e-01
       374   -1.4501927571e+02    2.1033589750e+04   -2.3250024828e+02    8.7480972568e+01    1.1017040435e+02   -3.6059248309e+02    1.7921830459e+01    2.0480000000e+03    7.2855749168e-03    5.0857077206e-01
       375   -1.4503111096e+02    2.1036769848e+04   -2.3320729827e+02    8.8176187310e+01    1.1011420593e+02   -3.6034430292e+02    1.7022798718e+01    2.0480000000e+03    7.2758577298e-03    5.0804227941e-01
       376   -1.4496944388e+02    2.1018695901e+04   -2.3474440434e+02    8.9774960462e+01    1.1049791841e+02   -3.6268442637e+02    1.7442103619e+01    2.0480000000e+03    7.2868473362e-03    5.0739889706e-01
       377   -1.4498918569e+02    2.1024650760e+04   -2.3387365007e+02    8.8884464381e+01    1.1007412228e+02   -3.6150864265e+02    1.7560870298e+01    2.0480000000e+03    7.2598822881e-03    5.0642807904e-01
       378   -1.4493751923e+02    2.1013255151e+04   -2.3500423108e+02    9.0066711851e+01    1.1032672292e+02   -3.6159392924e+02    1.6262975228e+01    2.0480000000e+03    7.2674499825e-03    5.0588235294e-01
       379   -1.4500529045e+02    2.1029650778e+04   -2.3362273934e+02    8.8617448894e+01    1.1064761467e+02   -3.6237924225e+02    1.8108888244e+01    2.0480000000e+03    7.2886734270e-03    5.0741038603e-01
       380   -1.4501275985e+02    2.1031633030e+04   -2.3480819110e+02    8.9795431252e+01    1.1087917813e+02   -3.6292225585e+02    1.7234886623e+01    2.0480000000e+03    7.2811264545e-03    5.0734719669e-01
       381   -1.4495845402e+02    2.1015338068e+04   -2.3506773056e+02    9.0109276544e+01    1.1076275998e+02   -3.6375755421e+02    1.7927063671e+01    2.0480000000e+03    7.2845008690e-03    5.0735294118e-01
       382   -1.4497235175e+02    2.1019487947e+04   -2.3414490321e+02    8.9172551465e+01    1.1069505976e+02   -3.6319763257e+02    1.8357669597e+01    2.0480000000e+03    7.2843250819e-03    5.0830078125e-01
       383   -1.4497305722e+02    2.1019534429e+04   -2.3353360742e+02    8.8560550208e+01    1.1009475456e+02   -3.6128034270e+02    1.7651980717e+01    2.0480000000e+03    7.2918410879e-03    5.0897863051e-01
       384   -1.4493958009e+02    2.1009672899e+04   -2.3413357678e+02    8.9193996691e+01    1.1053019035e+02   -3.6233312206e+02    1.7669354933e+01    2.0480000000e+03    7.2816107422e-03    5.0714039522e-01
       385   -1.4499607397e+02    2.1026231951e+04   -2.3389601624e+02    8.8899942278e+01    1.1024294386e+02   -3.6103560668e+02    1.6896646581e+01    2.0480000000e+03    7.2760088369e-03    5.0766314338e-01
       386   -1.4496882079e+02    2.1018712149e+04   -2.3362229916e+02    8.8653478368e+01    1.1066581185e+02   -3.6097420614e+02    1.6686095128e+01    2.0480000000e+03    7.2858894709e-03    5.0752527574e-01
       387   -1.4492218346e+02    2.1005153954e+04   -2.3387706229e+02    8.8954878839e+01    1.1084818161e+02   -3.6179301364e+02    1.7067769733e+01    2.0480000000e+03    7.2868878487e-03    5.0792738971e-01
       388   -1.4497745563e+02    2.1020815753e+04   -2.3382674764e+02    8.8849292011e+01    1.1060772175e+02   -3.6202627427e+02    1.7591804878e+01    2.0480000000e+03    7.2936660144e-03    5.0791015625e-01
       389   -1.4497065570e+02    2.1019255909e+04   -2.3413427896e+02    8.9163623260e+01    1.1104100534e+02   -3.6260447394e+02    1.7429189635e+01    2.0480000000e+03    7.2877260391e-03    5.0651424632e-01
       390   -1.4505105003e+02    2.1042155949e+04   -2.3557101824e+02    9.0519968208e+01    1.1107234250e+02   -3.6390892746e+02    1.7265566723e+01    2.0480000000e+03    7.2901302483e-03    5.0796185662e-01
       391   -1.4498774369e+02    2.1024432905e+04   -2.3428456044e+02    8.9296816747e+01    1.1068386909e+02   -3.6308538152e+02    1.8116951993e+01    2.0480000000e+03    7.2829497512e-03    5.0788717831e-01
       392   -1.4497601249e+02    2.1020617082e+04   -2.3386559192e+02    8.8889579434e+01    1.1041991256e+02   -3.6147008254e+02    1.7184578059e+01    2.0480000000e+03    7.2839569766e-03    5.0734145221e-01
       393   -1.4506206341e+02    2.1045522300e+04   -2.3428695132e+02    8.9224887914e+01    1.1080883861e+02   -3.6353472497e+02    1.8438935039e+01    2.0480000000e+03    7.2673971299e-03    5.0610064338e-01
       394   -1.4503607372e+02    2.1038317782e+04   -2.3505434798e+02    9.0018274260e+01    1.1055485180e+02   -3.6231834104e+02    1.6709141267e+01    2.0480000000e+03    7.2882033419e-03    5.0868566176e-01
       395   -1.4497438590e+02    2.1019807221e+04   -2.3327680806e+02    8.8302422160e+01    1.1033818317e+02   -3.6101378919e+02    1.7398797967e+01    2.0480000000e+03    7.2790691629e-03    5.0800781250e-01
       396   -1.4499382939e+02    2.1025781662e+04   -2.3286031506e+02    8.7866485667e+01    1.1019332193e+02   -3.6058428189e+02    1.7530644907e+01    2.0480000000e+03    7.2696199641e-03    5.0625574449e-01
       397   -1.4501858272e+02    2.1033352745e+04   -2.3531015950e+02    9.0291576777e+01    1.1041516444e+02   -3.6216106032e+02    1.6435736385e+01    2.0480000000e+03    7.2847066913e-03    5.0894990809e-01
       398   -1.4502438983e+02    2.1034811276e+04   -2.3416684197e+02    8.9142452145e+01    1.1072056255e+02   -3.6266411351e+02    1.7776708982e+01    2.0480000000e+03    7.3060360737e-03    5.0841567096e-01
       399   -1.4498030414e+02    2.1021898217e+04   -2.3337812119e+02    8.8397817045e+01    1.1031901481e+02   -3.6083465986e+02    1.7137523869e+01    2.0480000000e+03    7.2589977644e-03    5.0488855699e-01
