#   index    LocalEnergy         LocalEnergy_sq      LocalPotential      Kinetic             ElecElec            LocalECP            NonLocalECP         BlockWeight         BlockCPU            AcceptRatio         
         0   -1.4503123952e+02    2.1036566623e+04   -2.3422602371e+02    8.9194784198e+01    1.1058825923e+02   -3.6219995286e+02    1.7385669913e+01    2.0480000000e+03    7.6548315119e-03    5.0871438419e-01
         1   -1.4494938914e+02    2.1013375782e+04   -2.3518340758e+02    9.0234018440e+01    1.1084466821e+02   -3.6325157237e+02    1.7223496583e+01    2.0480000000e+03    7.4891231488e-03    5.0607766544e-01
         2   -1.4492163004e+02    2.1005295365e+04   -2.3334809369e+02    8.8426463647e+01    1.1025822441e+02   -3.6130447290e+02    1.7698154800e+01    2.0480000000e+03    7.4119388591e-03    5.0782398897e-01
         3   -1.4500526009e+02    2.1028956201e+04   -2.3331299368e+02    8.8307733584e+01    1.1045299115e+02   -3.6133599312e+02    1.7570008300e+01    2.0480000000e+03    7.3973145336e-03    5.0833524816e-01
         4   -1.4496621832e+02    2.1017867631e+04   -2.3487599276e+02    8.9909774446e+01    1.1090996439e+02   -3.6300214840e+02    1.7216191252e+01    2.0480000000e+03    7.3715944309e-03    5.0491727941e-01
         5   -1.4503173874e+02    2.1036740157e+04   -2.3398179089e+02    8.8950052144e+01    1.1032431457e+02   -3.6203767662e+02    1.7731571167e+01    2.0480000000e+03    7.3455595411e-03    5.0641084559e-01
         6   -1.4501274582e+02    2.1031896768e+04   -2.3338731126e+02    8.8374565445e+01    1.1010394817e+02   -3.6034410043e+02    1.6852840995e+01    2.0480000000e+03    7.3482210282e-03    5.0804227941e-01
         7   -1.4497702765e+02    2.1021061295e+04   -2.3406074387e+02    8.9083716212e+01    1.1068180284e+02   -3.6151611879e+02    1.6773572084e+01    2.0480000000e+03    7.3488098569e-03    5.0881778493e-01
         8   -1.4502903842e+02    2.1036316088e+04   -2.3497710569e+02    8.9948067277e+01    1.1082436117e+02   -3.6304835813e+02    1.7246891266e+01    2.0480000000e+03    7.3381359689e-03    5.0719784007e-01
         9   -1.4501094404e+02    2.1031633910e+04   -2.3423301961e+02    8.9222075570e+01    1.1054200671e+02   -3.6152086199e+02    1.6745835665e+01    2.0480000000e+03    7.3334500194e-03    5.0608340993e-01
        10   -1.4497631349e+02    2.1020751492e+04   -2.3257333831e+02    8.7597024815e+01    1.1007792611e+02   -3.6087999886e+02    1.8228734452e+01    2.0480000000e+03    7.3266192339e-03    5.0934627757e-01
        11   -1.4494184123e+02    2.1010530665e+04   -2.3342504650e+02    8.8483205270e+01    1.1010502076e+02   -3.6087585339e+02    1.7345786134e+01    2.0480000000e+03    7.3180473410e-03    5.0901884191e-01
        12   -1.4494558556e+02    2.1012388543e+04   -2.3297335090e+02    8.8027765347e+01    1.0976274486e+02   -3.6021320539e+02    1.7477109623e+01    2.0480000000e+03    7.2739669122e-03    5.0473345588e-01
        13   -1.4492531420e+02    2.1006243531e+04   -2.3357002572e+02    8.8644711514e+01    1.1005445721e+02   -3.6181553133e+02    1.8191048411e+01    2.0480000000e+03    7.2953829076e-03    5.0763442096e-01
        14   -1.4501857436e+02    2.1038724367e+04   -2.3323139596e+02    8.8212821599e+01    1.1052363521e+02   -3.6155025161e+02    1.7795220436e+01    2.0480000000e+03    7.3176738806e-03    5.0948414522e-01
        15   -1.4499526855e+02    2.1026127062e+04   -2.3388963809e+02    8.8894369543e+01    1.1019623457e+02   -3.6139182917e+02    1.7305956505e+01    2.0480000000e+03    7.2876282502e-03    5.0695657169e-01
        16   -1.4500052278e+02    2.1028845295e+04   -2.3378566712e+02    8.8785144337e+01    1.1058558794e+02   -3.6203142111e+02    1.7660166045e+01    2.0480000000e+03    7.2948292363e-03    5.0639361213e-01
        17   -1.4490925162e+02    2.1000907569e+04   -2.3370934891e+02    8.8800097296e+01    1.1007254893e+02   -3.6093735807e+02    1.7155460225e+01    2.0480000000e+03    7.2920315433e-03    5.0703699449e-01
        18   -1.4493239893e+02    2.1007972400e+04   -2.3243932874e+02    8.7506929813e+01    1.0997343437e+02   -3.5957089189e+02    1.7158128776e+01    2.0480000000e+03    7.3026379105e-03    5.0793313419e-01
        19   -1.4493224265e+02    2.1007674443e+04   -2.3341055546e+02    8.8478312804e+01    1.1012931064e+02   -3.6076681820e+02    1.7226952103e+01    2.0480000000e+03    7.2943512350e-03    5.0796185662e-01
        20   -1.4495859762e+02    2.1015593131e+04   -2.3346630673e+02    8.8507709113e+01    1.1063349529e+02   -3.6185481177e+02    1.7755009748e+01    2.0480000000e+03    7.3021280114e-03    5.0805951287e-01
        21   -1.4499118279e+02    2.1024851032e+04   -2.3384279314e+02    8.8851610342e+01    1.1074485564e+02   -3.6194725316e+02    1.7359604382e+01    2.0480000000e+03    7.2927395813e-03    5.0654871324e-01
        22   -1.4495966607e+02    2.1015781669e+04   -2.3339801078e+02    8.8438344707e+01    1.1013039128e+02   -3.6124898756e+02    1.7720585494e+01    2.0480000000e+03    7.2981319390e-03    5.0923713235e-01
        23   -1.4495551932e+02    2.1014805892e+04   -2.3463991196e+02    8.9684392640e+01    1.1039734545e+02   -3.6223343271e+02    1.7196175302e+01    2.0480000000e+03    7.2929682210e-03    5.0792738971e-01
        24   -1.4501578374e+02    2.1032189945e+04   -2.3414052566e+02    8.9124741913e+01    1.1060273037e+02   -3.6156272514e+02    1.6819469112e+01    2.0480000000e+03    7.3003703728e-03    5.0725528493e-01
        25   -1.4503935068e+02    2.1039928454e+04   -2.3402283162e+02    8.8983480939e+01    1.1052814854e+02   -3.6222257939e+02    1.7671599230e+01    2.0480000000e+03    7.2850119323e-03    5.0679572610e-01
        26   -1.4501659229e+02    2.1032402021e+04   -2.3341932904e+02    8.8402736747e+01    1.1018469122e+02   -3.6045657366e+02    1.6852553408e+01    2.0480000000e+03    7.2861546651e-03    5.0772633272e-01
        27   -1.4495534182e+02    2.1015430646e+04   -2.3347740973e+02    8.8522067912e+01    1.1008912960e+02   -3.6114692084e+02    1.7580381511e+01    2.0480000000e+03    7.2877928615e-03    5.0572725184e-01
        28   -1.4498988181e+02    2.1024774745e+04   -2.3427259681e+02    8.9282715003e+01    1.1022297898e+02   -3.6223624172e+02    1.7740665920e+01    2.0480000000e+03    7.3175767902e-03    5.0986902574e-01
        29   -1.4503175162e+02    2.1036779454e+04   -2.3373257591e+02    8.8700824288e+01    1.1040069912e+02   -3.6138083088e+02    1.7247555852e+01    2.0480000000e+03    7.2993899230e-03    5.0822610294e-01
        30   -1.4498107904e+02    2.1021854306e+04   -2.3394838600e+02    8.8967306966e+01    1.1063768494e+02   -3.6200918410e+02    1.7423113151e+01    2.0480000000e+03    7.2887935676e-03    5.0738166360e-01
        31   -1.4505516757e+02    2.1045006893e+04   -2.3433541583e+02    8.9280248266e+01    1.1082343502e+02   -3.6265549716e+02    1.7496646301e+01    2.0480000000e+03    7.3012537323e-03    5.0791015625e-01
        32   -1.4506803048e+02    2.1047274357e+04   -2.3522322505e+02    9.0155194571e+01    1.1044886983e+02   -3.6250834669e+02    1.6836251815e+01    2.0480000000e+03    7.2810961865e-03    5.0606043199e-01
        33   -1.4491414661e+02    2.1002888097e+04   -2.3415099688e+02    8.9236850269e+01    1.1042467023e+02   -3.6209579514e+02    1.7520128035e+01    2.0480000000e+03    7.3057061527e-03    5.0960477941e-01
        34   -1.4496964185e+02    2.1018762966e+04   -2.3393606979e+02    8.8966427943e+01    1.1051908821e+02   -3.6157278215e+02    1.7117624150e+01    2.0480000000e+03    7.2892368771e-03    5.0765165441e-01
        35   -1.4495446086e+02    2.1015756970e+04   -2.3133751151e+02    8.6383050653e+01    1.0952022910e+02   -3.5906110213e+02    1.8203361516e+01    2.0480000000e+03    7.2657887358e-03    5.0730698529e-01
        36   -1.4496883210e+02    2.1018895996e+04   -2.3432729630e+02    8.9358464200e+01    1.1003670269e+02   -3.6161842470e+02    1.7254425709e+01    2.0480000000e+03    7.2899169754e-03    5.0869715074e-01
        37   -1.4499471396e+02    2.1026276012e+04   -2.3489359504e+02    8.9898881082e+01    1.1035898887e+02   -3.6245839417e+02    1.7205810258e+01    2.0480000000e+03    7.2711950634e-03    5.0600298713e-01
        38   -1.4496942019e+02    2.1018497632e+04   -2.3402572093e+02    8.9056300740e+01    1.1086805580e+02   -3.6152775648e+02    1.6633979748e+01    2.0480000000e+03    7.3039648123e-03    5.0930032169e-01
        39   -1.4502629790e+02    2.1034849888e+04   -2.3329455729e+02    8.8268259387e+01    1.1046042747e+02   -3.6157695109e+02    1.7821966331e+01    2.0480000000e+03    7.2883386165e-03    5.0828354779e-01
        40   -1.4496035813e+02    2.1016956460e+04   -2.3392959295e+02    8.8969234820e+01    1.1039593569e+02   -3.6132917724e+02    1.7003648597e+01    2.0480000000e+03    7.2855504695e-03    5.0790441176e-01
        41   -1.4495310155e+02    2.1014181657e+04   -2.3450400783e+02    8.9550906273e+01    1.1014558475e+02   -3.6191639659e+02    1.7266804020e+01    2.0480000000e+03    7.2834065650e-03    5.0840992647e-01
        42   -1.4495813481e+02    2.1015707583e+04   -2.3395500967e+02    8.8996874856e+01    1.1007888187e+02   -3.6161364724e+02    1.7579755705e+01    2.0480000000e+03    7.2933188640e-03    5.0940946691e-01
        43   -1.4497322538e+02    2.1019456477e+04   -2.3203458051e+02    8.7061355125e+01    1.1017113970e+02   -3.5912291808e+02    1.6917197876e+01    2.0480000000e+03    7.2758875322e-03    5.0734145221e-01
        44   -1.4500348117e+02    2.1028655721e+04   -2.3265607785e+02    8.7652596683e+01    1.1038537974e+02   -3.6025932805e+02    1.7217870454e+01    2.0480000000e+03    7.2809839621e-03    5.0726102941e-01
        45   -1.4492983268e+02    2.1007033824e+04   -2.3408821595e+02    8.9158383268e+01    1.1070280868e+02   -3.6161910548e+02    1.6828080848e+01    2.0480000000e+03    7.2629009373e-03    5.0519301471e-01
        46   -1.4496315237e+02    2.1016771621e+04   -2.3303117514e+02    8.8068022769e+01    1.1022301843e+02   -3.6047774412e+02    1.7223550551e+01    2.0480000000e+03    7.2830037680e-03    5.0953584559e-01
        47   -1.4498870060e+02    2.1024256200e+04   -2.3215830784e+02    8.7169607236e+01    1.0997215167e+02   -3.5936015988e+02    1.7229700373e+01    2.0480000000e+03    7.2523294948e-03    5.0689912684e-01
        48   -1.4504362373e+02    2.1040905520e+04   -2.3386741024e+02    8.8823786507e+01    1.1015649371e+02   -3.6133051433e+02    1.7306610376e+01    2.0480000000e+03    7.2648359928e-03    5.0680721507e-01
        49   -1.4505122550e+02    2.1042462366e+04   -2.3435727453e+02    8.9306049027e+01    1.1038994099e+02   -3.6213208701e+02    1.7384871489e+01    2.0480000000e+03    7.2870587464e-03    5.0705422794e-01
        50   -1.4497969750e+02    2.1021929044e+04   -2.3321623958e+02    8.8236542079e+01    1.1004104588e+02   -3.6114111289e+02    1.7883827433e+01    2.0480000000e+03    7.2740120813e-03    5.0836971507e-01
        51   -1.4505157642e+02    2.1042554318e+04   -2.3409542588e+02    8.9043849456e+01    1.1013587544e+02   -3.6080389182e+02    1.6572590503e+01    2.0480000000e+03    7.2732048575e-03    5.0716911765e-01
        52   -1.4496074748e+02    2.1016529900e+04   -2.3454204740e+02    8.9581299926e+01    1.1050997328e+02   -3.6297450819e+02    1.7922487512e+01    2.0480000000e+03    7.2942860425e-03    5.0935776654e-01
        53   -1.4495850489e+02    2.1015139901e+04   -2.3409052534e+02    8.9132020445e+01    1.1044673411e+02   -3.6251409189e+02    1.7976832437e+01    2.0480000000e+03    7.2763301432e-03    5.0723805147e-01
        54   -1.4494525826e+02    2.1011570542e+04   -2.3396834558e+02    8.9023087321e+01    1.1055044922e+02   -3.6164709814e+02    1.7128303345e+01    2.0480000000e+03    7.2622972075e-03    5.0609489890e-01
        55   -1.4497292383e+02    2.1019696166e+04   -2.3435066128e+02    8.9377737452e+01    1.1032010534e+02   -3.6183557815e+02    1.7164811528e+01    2.0480000000e+03    7.2883919347e-03    5.0838694853e-01
        56   -1.4498749319e+02    2.1024280660e+04   -2.3498589795e+02    8.9998404765e+01    1.1063653110e+02   -3.6257759485e+02    1.6955165805e+01    2.0480000000e+03    7.2769343387e-03    5.0730124081e-01
        57   -1.4500932945e+02    2.1030796276e+04   -2.3485253293e+02    8.9843203476e+01    1.1048454670e+02   -3.6242223026e+02    1.7085150628e+01    2.0480000000e+03    7.2953349445e-03    5.0865693934e-01
        58   -1.4498008607e+02    2.1021978772e+04   -2.3573924650e+02    9.0759160422e+01    1.1085084190e+02   -3.6394166685e+02    1.7351578454e+01    2.0480000000e+03    7.2626310866e-03    5.0604319853e-01
        59   -1.4501429846e+02    2.1031536380e+04   -2.3406967744e+02    8.9055378979e+01    1.1032808884e+02   -3.6196724911e+02    1.7569482834e+01    2.0480000000e+03    7.2669733781e-03    5.0608915441e-01
        60   -1.4495102523e+02    2.1013609178e+04   -2.3448704808e+02    8.9536022859e+01    1.1090194031e+02   -3.6221020293e+02    1.6821214536e+01    2.0480000000e+03    7.2833937593e-03    5.0681295956e-01
        61   -1.4500385543e+02    2.1028780441e+04   -2.3381665512e+02    8.8812799693e+01    1.1012726174e+02   -3.6109927175e+02    1.7155354894e+01    2.0480000000e+03    7.2899903171e-03    5.0806525735e-01
        62   -1.4500570049e+02    2.1028922804e+04   -2.3297335015e+02    8.7967649664e+01    1.1003513200e+02   -3.6044230138e+02    1.7433819227e+01    2.0480000000e+03    7.3039357085e-03    5.0883501838e-01
        63   -1.4497014349e+02    2.1019456067e+04   -2.3345028060e+02    8.8480137108e+01    1.1005497285e+02   -3.6098096431e+02    1.7475710865e+01    2.0480000000e+03    7.2960460093e-03    5.0859949449e-01
        64   -1.4497711596e+02    2.1021072291e+04   -2.3363851937e+02    8.8661403411e+01    1.1000101065e+02   -3.6025300312e+02    1.6613473099e+01    2.0480000000e+03    7.2791089769e-03    5.0820312500e-01
        65   -1.4501273995e+02    2.1031291625e+04   -2.3392503210e+02    8.8912292150e+01    1.1032790926e+02   -3.6050111965e+02    1.6248178292e+01    2.0480000000e+03    7.2720597964e-03    5.0647403493e-01
        66   -1.4497336225e+02    2.1019957431e+04   -2.3336873922e+02    8.8395376976e+01    1.1026258183e+02   -3.6177322357e+02    1.8141902521e+01    2.0480000000e+03    7.2898801882e-03    5.0996093750e-01
        67   -1.4499011685e+02    2.1024320446e+04   -2.3467001326e+02    8.9679896409e+01    1.1056518771e+02   -3.6244494109e+02    1.7209740124e+01    2.0480000000e+03    7.2842477821e-03    5.0943818934e-01
        68   -1.4501655137e+02    2.1032299825e+04   -2.3514761080e+02    9.0131059432e+01    1.1037938857e+02   -3.6305818679e+02    1.7531187427e+01    2.0480000000e+03    7.2680807207e-03    5.0627872243e-01
        69   -1.4502528614e+02    2.1037285462e+04   -2.3546202007e+02    9.0436733930e+01    1.1077590113e+02   -3.6306377898e+02    1.6825857778e+01    2.0480000000e+03    7.2732847184e-03    5.0614659926e-01
        70   -1.4501600497e+02    2.1032920200e+04   -2.3240266606e+02    8.7386661092e+01    1.1031717819e+02   -3.6059714032e+02    1.7877296075e+01    2.0480000000e+03    7.2820617352e-03    5.0631318934e-01
        71   -1.4503282890e+02    2.1036693171e+04   -2.3239475497e+02    8.7361926069e+01    1.1019167581e+02   -3.6000402382e+02    1.7417593039e+01    2.0480000000e+03    7.3202026542e-03    5.1040326287e-01
        72   -1.4497685079e+02    2.1020872825e+04   -2.3526168410e+02    9.0284833310e+01    1.1085013945e+02   -3.6436939973e+02    1.8257576175e+01    2.0480000000e+03    7.2992737405e-03    5.0705997243e-01
        73   -1.4502890812e+02    2.1036232828e+04   -2.3391754847e+02    8.8888640352e+01    1.1081824808e+02   -3.6190066665e+02    1.7164870094e+01    2.0480000000e+03    7.2775483131e-03    5.0604894301e-01
        74   -1.4505054521e+02    2.1042891640e+04   -2.3572883955e+02    9.0678294346e+01    1.1070889980e+02   -3.6376956170e+02    1.7331822343e+01    2.0480000000e+03    7.2738602757e-03    5.0630744485e-01
        75   -1.4498483076e+02    2.1023247936e+04   -2.3473786171e+02    8.9753030950e+01    1.1085684126e+02   -3.6314695840e+02    1.7552255434e+01    2.0480000000e+03    7.2800505441e-03    5.0712890625e-01
        76   -1.4494140952e+02    2.1010686142e+04   -2.3456091507e+02    8.9619505547e+01    1.1064672284e+02   -3.6253188639e+02    1.7324248486e+01    2.0480000000e+03    7.2870536242e-03    5.0788717831e-01
        77   -1.4500664910e+02    2.1029700015e+04   -2.3494898997e+02    8.9942340873e+01    1.1100261120e+02   -3.6395416247e+02    1.8002561303e+01    2.0480000000e+03    7.2785147931e-03    5.0803653493e-01
        78   -1.4496086597e+02    2.1016288673e+04   -2.3409970058e+02    8.9138834611e+01    1.1067250303e+02   -3.6235700857e+02    1.7584804958e+01    2.0480000000e+03    7.2796295863e-03    5.0731272978e-01
        79   -1.4501515967e+02    2.1031936363e+04   -2.3333553706e+02    8.8320377389e+01    1.0991778501e+02   -3.6049027158e+02    1.7236949503e+01    2.0480000000e+03    7.2904739063e-03    5.0884650735e-01
        80   -1.4492250522e+02    2.1005238749e+04   -2.3464977398e+02    8.9727268763e+01    1.1039414591e+02   -3.6251830704e+02    1.7474387157e+01    2.0480000000e+03    7.2771827690e-03    5.0739889706e-01
        81   -1.4503584427e+02    2.1038217547e+04   -2.3400148334e+02    8.8965639074e+01    1.1013765372e+02   -3.6113172097e+02    1.6992583908e+01    2.0480000000e+03    7.2825299576e-03    5.0791015625e-01
        82   -1.4493760169e+02    2.1009912271e+04   -2.3311399510e+02    8.8176393410e+01    1.1011828719e+02   -3.6125311395e+02    1.8020831661e+01    2.0480000000e+03    7.2834338062e-03    5.0859375000e-01
        83   -1.4493135702e+02    2.1007958824e+04   -2.3404566143e+02    8.9114304415e+01    1.1048542875e+02   -3.6125241193e+02    1.6721321756e+01    2.0480000000e+03    7.2582385037e-03    5.0473345588e-01
        84   -1.4494710892e+02    2.1012165747e+04   -2.3344109244e+02    8.8493983522e+01    1.1006381802e+02   -3.6218373987e+02    1.8678829405e+01    2.0480000000e+03    7.2775089648e-03    5.0814568015e-01
        85   -1.4494568896e+02    2.1011582126e+04   -2.3379733484e+02    8.8851645884e+01    1.1044216540e+02   -3.6169969156e+02    1.7460191317e+01    2.0480000000e+03    7.2856901679e-03    5.0816291360e-01
        86   -1.4490099930e+02    2.0998694911e+04   -2.3400731211e+02    8.9106312808e+01    1.1060136211e+02   -3.6252251996e+02    1.7913845739e+01    2.0480000000e+03    7.2759024333e-03    5.0716911765e-01
        87   -1.4492768728e+02    2.1006609112e+04   -2.3304867653e+02    8.8120989251e+01    1.0996079867e+02   -3.6033400046e+02    1.7324525260e+01    2.0480000000e+03    7.2637749836e-03    5.0699678309e-01
        88   -1.4491549173e+02    2.1002849351e+04   -2.3353371188e+02    8.8618220147e+01    1.0979811571e+02   -3.5982426876e+02    1.6492441172e+01    2.0480000000e+03    7.2795427404e-03    5.0950712316e-01
        89   -1.4498068034e+02    2.1022450396e+04   -2.3353693019e+02    8.8556249851e+01    1.1019502329e+02   -3.6092807824e+02    1.7196124770e+01    2.0480000000e+03    7.2907428257e-03    5.0874885110e-01
        90   -1.4503373495e+02    2.1037324642e+04   -2.3459152068e+02    8.9557785728e+01    1.1033954241e+02   -3.6151432966e+02    1.6583266561e+01    2.0480000000e+03    7.2955596261e-03    5.0942670037e-01
        91   -1.4496215937e+02    2.1016531395e+04   -2.3346152265e+02    8.8499363275e+01    1.1048346607e+02   -3.6092968423e+02    1.6984695503e+01    2.0480000000e+03    7.2886922862e-03    5.0739889706e-01
        92   -1.4503331723e+02    2.1037398133e+04   -2.3328458455e+02    8.8251267318e+01    1.1035168014e+02   -3.6173536607e+02    1.8099101385e+01    2.0480000000e+03    7.2734239511e-03    5.0666934743e-01
        93   -1.4505683044e+02    2.1045241987e+04   -2.3308338188e+02    8.8026551436e+01    1.1022428768e+02   -3.6059051554e+02    1.7282845982e+01    2.0480000000e+03    7.2819755878e-03    5.0765165441e-01
        94   -1.4496288184e+02    2.1017003794e+04   -2.3293579303e+02    8.7972911194e+01    1.1009300720e+02   -3.6034615248e+02    1.7317352249e+01    2.0480000000e+03    7.2774793953e-03    5.0810546875e-01
        95   -1.4494987205e+02    2.1013241422e+04   -2.3403905816e+02    8.9089186108e+01    1.1005619692e+02   -3.6084538492e+02    1.6750129838e+01    2.0480000000e+03    7.2846019175e-03    5.0941521140e-01
        96   -1.4502180838e+02    2.1034036371e+04   -2.3297793237e+02    8.7956123990e+01    1.0995924935e+02   -3.6026459372e+02    1.7327411994e+01    2.0480000000e+03    7.2770218831e-03    5.0707720588e-01
        97   -1.4496176399e+02    2.1016934362e+04   -2.3289587409e+02    8.7934110099e+01    1.0979195518e+02   -3.5941809592e+02    1.6730266646e+01    2.0480000000e+03    7.2847821284e-03    5.0741613051e-01
        98   -1.4499352160e+02    2.1026424916e+04   -2.3344147023e+02    8.8447948626e+01    1.1010870526e+02   -3.6030457354e+02    1.6754398049e+01    2.0480000000e+03    7.2899900842e-03    5.0816865809e-01
        99   -1.4491721844e+02    2.1003911292e+04   -2.3520975862e+02    9.0292540181e+01    1.1050884397e+02   -3.6345327255e+02    1.7734669962e+01    2.0480000000e+03    7.2777532041e-03    5.0542853860e-01
       100   -1.4500618895e+02    2.1029197503e+04   -2.3355184733e+02    8.8545658385e+01    1.1020304446e+02   -3.6099065969e+02    1.7235767898e+01    2.0480000000e+03    7.3024875019e-03    5.0996093750e-01
       101   -1.4496646686e+02    2.1018208755e+04   -2.3366943403e+02    8.8702967167e+01    1.1011661224e+02   -3.6078677342e+02    1.7000727154e+01    2.0480000000e+03    7.2926511057e-03    5.0889820772e-01
       102   -1.4500798487e+02    2.1030397058e+04   -2.3389224526e+02    8.8884260391e+01    1.1042943781e+02   -3.6178006644e+02    1.7458383379e+01    2.0480000000e+03    7.2684739716e-03    5.0696231618e-01
       103   -1.4498623213e+02    2.1023740024e+04   -2.3463037528e+02    8.9644143155e+01    1.1071845924e+02   -3.6261109021e+02    1.7262255681e+01    2.0480000000e+03    7.2585130110e-03    5.0525045956e-01
       104   -1.4497261513e+02    2.1019786802e+04   -2.3343273624e+02    8.8460121105e+01    1.1051518976e+02   -3.6113589898e+02    1.7187972986e+01    2.0480000000e+03    7.2887120768e-03    5.0700252757e-01
       105   -1.4501460092e+02    2.1031656602e+04   -2.3363854829e+02    8.8623947368e+01    1.1068924472e+02   -3.6189477630e+02    1.7566983296e+01    2.0480000000e+03    7.2661249433e-03    5.0536534926e-01
       106   -1.4504742785e+02    2.1041211966e+04   -2.3438157665e+02    8.9334148800e+01    1.1079177430e+02   -3.6261595749e+02    1.7442606535e+01    2.0480000000e+03    7.2806931566e-03    5.0656594669e-01
       107   -1.4496816388e+02    2.1018341673e+04   -2.3612183548e+02    9.1153671607e+01    1.1068433403e+02   -3.6466992168e+02    1.7863752161e+01    2.0480000000e+03    7.2960448451e-03    5.0752527574e-01
       108   -1.4504147724e+02    2.1039686592e+04   -2.3614296783e+02    9.1101490592e+01    1.1084774599e+02   -3.6367178389e+02    1.6681070067e+01    2.0480000000e+03    7.3038996197e-03    5.0919117647e-01
       109   -1.4494262803e+02    2.1010655386e+04   -2.3285499004e+02    8.7912362010e+01    1.0991364164e+02   -3.5976457711e+02    1.6995945430e+01    2.0480000000e+03    7.2654886171e-03    5.0613511029e-01
       110   -1.4494599564e+02    2.1012103683e+04   -2.3333712830e+02    8.8391132663e+01    1.1019695867e+02   -3.6095424959e+02    1.7420162623e+01    2.0480000000e+03    7.2684350889e-03    5.0730698529e-01
       111   -1.4500148840e+02    2.1027944105e+04   -2.3337557988e+02    8.8374091479e+01    1.1006715156e+02   -3.6048611347e+02    1.7043382035e+01    2.0480000000e+03    7.2708015796e-03    5.0701401654e-01
       112   -1.4497914981e+02    2.1021261736e+04   -2.3430065811e+02    8.9321508296e+01    1.1027262161e+02   -3.6234886943e+02    1.7775589715e+01    2.0480000000e+03    7.2963379789e-03    5.0887522978e-01
       113   -1.4494493208e+02    2.1011653017e+04   -2.3356674474e+02    8.8621812658e+01    1.0976951312e+02   -3.6050979836e+02    1.7173540504e+01    2.0480000000e+03    7.2817159817e-03    5.0873161765e-01
       114   -1.4491846841e+02    2.1003975385e+04   -2.3346515993e+02    8.8546691527e+01    1.0993333487e+02   -3.6071479306e+02    1.7316298261e+01    2.0480000000e+03    7.2891507298e-03    5.0851332721e-01
       115   -1.4501335186e+02    2.1031522293e+04   -2.3443639699e+02    8.9423045130e+01    1.1019060506e+02   -3.6158883861e+02    1.6961836555e+01    2.0480000000e+03    7.2692276444e-03    5.0768037684e-01
       116   -1.4491857809e+02    2.1003642462e+04   -2.3419521860e+02    8.9276640506e+01    1.1007735918e+02   -3.6139483799e+02    1.7122260212e+01    2.0480000000e+03    7.2722302284e-03    5.0785845588e-01
       117   -1.4502131803e+02    2.1034899164e+04   -2.3460894458e+02    8.9587626554e+01    1.1059220565e+02   -3.6208785639e+02    1.6886706162e+01    2.0480000000e+03    7.2908895090e-03    5.0869140625e-01
       118   -1.4502414558e+02    2.1034491172e+04   -2.3378315371e+02    8.8759008128e+01    1.1086030082e+02   -3.6282851574e+02    1.8185061202e+01    2.0480000000e+03    7.2815390304e-03    5.0693359375e-01
       119   -1.4501593447e+02    2.1032130975e+04   -2.3354234123e+02    8.8526406764e+01    1.1054091065e+02   -3.6183588926e+02    1.7752637379e+01    2.0480000000e+03    7.2978506796e-03    5.0709443934e-01
       120   -1.4492709256e+02    2.1007085749e+04   -2.3610526357e+02    9.1178171012e+01    1.1043002880e+02   -3.6416370011e+02    1.7628407733e+01    2.0480000000e+03    7.3019512929e-03    5.0777803309e-01
       121   -1.4503250167e+02    2.1036944455e+04   -2.3393486114e+02    8.8902359467e+01    1.1019358027e+02   -3.6182249102e+02    1.7694049617e+01    2.0480000000e+03    7.2904494591e-03    5.0605468750e-01
       122   -1.4496357979e+02    2.1017317022e+04   -2.3354473400e+02    8.8581154209e+01    1.1076302840e+02   -3.6190969553e+02    1.7601933119e+01    2.0480000000e+03    7.2920394596e-03    5.0574448529e-01
       123   -1.4500335018e+02    2.1028490734e+04   -2.3458200993e+02    8.9578659742e+01    1.1077281960e+02   -3.6255079319e+02    1.7195963661e+01    2.0480000000e+03    7.2788805701e-03    5.0566980699e-01
       124   -1.4497947751e+02    2.1022037585e+04   -2.3544268079e+02    9.0463203276e+01    1.1096372640e+02   -3.6346610868e+02    1.7059701488e+01    2.0480000000e+03    7.2897064965e-03    5.0725528493e-01
       125   -1.4494818328e+02    2.1012707746e+04   -2.3447088653e+02    8.9522703246e+01    1.1053560775e+02   -3.6257097506e+02    1.7564480779e+01    2.0480000000e+03    7.2690742090e-03    5.0649126838e-01
       126   -1.4504321415e+02    2.1040231350e+04   -2.3350460582e+02    8.8461391674e+01    1.1062238669e+02   -3.6127699130e+02    1.7149998789e+01    2.0480000000e+03    7.2637393605e-03    5.0682444853e-01
       127   -1.4496088343e+02    2.1016343659e+04   -2.3359844960e+02    8.8637566171e+01    1.1073832208e+02   -3.6212176345e+02    1.7784991767e+01    2.0480000000e+03    7.2771133855e-03    5.0726677390e-01
       128   -1.4493237576e+02    2.1007961449e+04   -2.3269048838e+02    8.7758112611e+01    1.1058265993e+02   -3.6038639678e+02    1.7113248473e+01    2.0480000000e+03    7.2915016208e-03    5.0809972426e-01
       129   -1.4498008213e+02    2.1021693785e+04   -2.3486652187e+02    8.9886439740e+01    1.1088538021e+02   -3.6311126760e+02    1.7359365521e+01    2.0480000000e+03    7.2821087670e-03    5.0675551471e-01
       130   -1.4494801522e+02    2.1013040136e+04   -2.3545442103e+02    9.0506405812e+01    1.1111899048e+02   -3.6421771600e+02    1.7644304493e+01    2.0480000000e+03    7.2898180224e-03    5.0654871324e-01
       131   -1.4498332177e+02    2.1022717640e+04   -2.3526672789e+02    9.0283406127e+01    1.1050751871e+02   -3.6304242040e+02    1.7268173801e+01    2.0480000000e+03    7.2850501165e-03    5.0731847426e-01
       132   -1.4503222409e+02    2.1037837137e+04   -2.3446834124e+02    8.9436117150e+01    1.1046873348e+02   -3.6118112523e+02    1.6244050515e+01    2.0480000000e+03    7.2931139730e-03    5.0793887868e-01
       133   -1.4490186457e+02    2.0999014342e+04   -2.3388845547e+02    8.8986590900e+01    1.1048489207e+02   -3.6164148740e+02    1.7268139863e+01    2.0480000000e+03    7.2849956341e-03    5.0738166360e-01
       134   -1.4506035657e+02    2.1044980780e+04   -2.3466258724e+02    8.9602230664e+01    1.1025508155e+02   -3.6220252307e+02    1.7284854292e+01    2.0480000000e+03    7.2898387443e-03    5.0707146140e-01
       135   -1.4504284768e+02    2.1039663891e+04   -2.3516349169e+02    9.0120644014e+01    1.1074631932e+02   -3.6321477317e+02    1.7304962160e+01    2.0480000000e+03    7.2847635020e-03    5.0774931066e-01
       136   -1.4498189697e+02    2.1022307973e+04   -2.3506247072e+02    9.0080573753e+01    1.1065460598e+02   -3.6326118281e+02    1.7544106108e+01    2.0480000000e+03    7.2558838874e-03    5.0552045037e-01
       137   -1.4498415991e+02    2.1023469309e+04   -2.3335127307e+02    8.8367113162e+01    1.1066707072e+02   -3.6119415685e+02    1.7175813068e+01    2.0480000000e+03    7.2798773181e-03    5.0749080882e-01
       138   -1.4500074850e+02    2.1027910703e+04   -2.3380034075e+02    8.8799592245e+01    1.1080961347e+02   -3.6206087197e+02    1.7450917756e+01    2.0480000000e+03    7.2800614871e-03    5.0691636029e-01
       139   -1.4498849773e+02    2.1024571194e+04   -2.3494719547e+02    8.9958697736e+01    1.1062025466e+02   -3.6403708214e+02    1.8469632009e+01    2.0480000000e+03    7.2771403939e-03    5.0588809743e-01
       140   -1.4501310448e+02    2.1031486695e+04   -2.3455233298e+02    8.9539228499e+01    1.1048114210e+02   -3.6229134877e+02    1.7257873689e+01    2.0480000000e+03    7.2839118075e-03    5.0830652574e-01
       141   -1.4504059867e+02    2.1039326420e+04   -2.3349391008e+02    8.8453311411e+01    1.1050121791e+02   -3.6156180491e+02    1.7566676920e+01    2.0480000000e+03    7.2872575838e-03    5.0799632353e-01
       142   -1.4493618983e+02    2.1009063281e+04   -2.3443349593e+02    8.9497306091e+01    1.1076259261e+02   -3.6287407609e+02    1.7677987555e+01    2.0480000000e+03    7.2955156211e-03    5.0662913603e-01
       143   -1.4501301839e+02    2.1032434211e+04   -2.3567855340e+02    9.0665535014e+01    1.1078617453e+02   -3.6271163839e+02    1.6246910457e+01    2.0480000000e+03    7.2919970844e-03    5.0785271140e-01
       144   -1.4501025876e+02    2.1030586811e+04   -2.3377689955e+02    8.8766640788e+01    1.1005719356e+02   -3.6106822048e+02    1.7234127368e+01    2.0480000000e+03    7.2659864090e-03    5.0644531250e-01
       145   -1.4502625077e+02    2.1035170263e+04   -2.3242477368e+02    8.7398522906e+01    1.0998587613e+02   -3.5995070382e+02    1.7540054014e+01    2.0480000000e+03    7.2770393454e-03    5.0900160846e-01
       146   -1.4499180844e+02    2.1025094360e+04   -2.3305676030e+02    8.8064951865e+01    1.1012069659e+02   -3.6142492771e+02    1.8247470821e+01    2.0480000000e+03    7.2787622921e-03    5.0798483456e-01
       147   -1.4501543057e+02    2.1031894706e+04   -2.3306856999e+02    8.8053139415e+01    1.0988270076e+02   -3.6044478108e+02    1.7493510330e+01    2.0480000000e+03    7.2636667173e-03    5.0680147059e-01
       148   -1.4498105176e+02    2.1022102605e+04   -2.3441878157e+02    8.9437729810e+01    1.1038428766e+02   -3.6147781217e+02    1.6674742933e+01    2.0480000000e+03    7.2876096237e-03    5.0807674632e-01
       149   -1.4492658452e+02    2.1006125052e+04   -2.3405034333e+02    8.9123758808e+01    1.1012442610e+02   -3.6179344801e+02    1.7618678581e+01    2.0480000000e+03    7.2756765876e-03    5.0693359375e-01
       150   -1.4502286360e+02    2.1034387629e+04   -2.3523378869e+02    9.0210925095e+01    1.1077967105e+02   -3.6363050434e+02    1.7617044604e+01    2.0480000000e+03    7.2804684751e-03    5.0688189338e-01
       151   -1.4498977169e+02    2.1024622177e+04   -2.3445078435e+02    8.9461012656e+01    1.1085598526e+02   -3.6332600405e+02    1.8019234440e+01    2.0480000000e+03    7.2910604067e-03    5.0726677390e-01
       152   -1.4497799297e+02    2.1021259851e+04   -2.3391731171e+02    8.8939318740e+01    1.1035357353e+02   -3.6235722226e+02    1.8086337025e+01    2.0480000000e+03    7.2948695160e-03    5.0989200368e-01
       153   -1.4493468731e+02    2.1008905476e+04   -2.3419946218e+02    8.9264774872e+01    1.1067708322e+02   -3.6242962491e+02    1.7553079505e+01    2.0480000000e+03    7.2887903079e-03    5.0730124081e-01
       154   -1.4500208747e+02    2.1028479532e+04   -2.3453921519e+02    8.9537127713e+01    1.1044878782e+02   -3.6195459439e+02    1.6966591378e+01    2.0480000000e+03    7.2660371661e-03    5.0578469669e-01
       155   -1.4497818408e+02    2.1021313565e+04   -2.3358017177e+02    8.8601987691e+01    1.1038518419e+02   -3.6202413163e+02    1.8058775666e+01    2.0480000000e+03    7.3495749384e-03    5.0710018382e-01
       156   -1.4496384355e+02    2.1017016881e+04   -2.3516613841e+02    9.0202294859e+01    1.1064602585e+02   -3.6370476885e+02    1.7892604584e+01    2.0480000000e+03    7.4836444110e-03    5.0735868566e-01
       157   -1.4500733510e+02    2.1029780120e+04   -2.3465996538e+02    8.9652630278e+01    1.1034938168e+02   -3.6183378936e+02    1.6824442304e+01    2.0480000000e+03    7.3066509794e-03    5.0870289522e-01
       158   -1.4495994736e+02    2.1016294707e+04   -2.3377277509e+02    8.8812827731e+01    1.1034221033e+02   -3.6128218399e+02    1.7167198564e+01    2.0480000000e+03    7.2869912256e-03    5.0780675551e-01
       159   -1.4498496656e+02    2.1023425928e+04   -2.3420101105e+02    8.9216044494e+01    1.1020790672e+02   -3.6158658875e+02    1.7177670984e+01    2.0480000000e+03    7.2703049518e-03    5.0554342831e-01
       160   -1.4503213373e+02    2.1036968564e+04   -2.3416489565e+02    8.9132761920e+01    1.1043761241e+02   -3.6258404742e+02    1.7981539361e+01    2.0480000000e+03    7.2924685664e-03    5.0727826287e-01
       161   -1.4503178835e+02    2.1036750874e+04   -2.3458617850e+02    8.9554390147e+01    1.1077144460e+02   -3.6369867627e+02    1.8341053174e+01    2.0480000000e+03    7.2847637348e-03    5.0718060662e-01
       162   -1.4498697130e+02    2.1024076815e+04   -2.3688534165e+02    9.1898370351e+01    1.1104175238e+02   -3.6503182512e+02    1.7104731090e+01    2.0480000000e+03    7.2768772952e-03    5.0599149816e-01
       163   -1.4495460434e+02    2.1014378027e+04   -2.3428297771e+02    8.9328373372e+01    1.1044626307e+02   -3.6214962645e+02    1.7420385666e+01    2.0480000000e+03    7.2702413891e-03    5.0647403493e-01
       164   -1.4504933568e+02    2.1041552896e+04   -2.3399463234e+02    8.8945296661e+01    1.1045463521e+02   -3.6189746366e+02    1.7448196104e+01    2.0480000000e+03    7.2854110040e-03    5.0766314338e-01
       165   -1.4499472514e+02    2.1025933666e+04   -2.3526952226e+02    9.0274797116e+01    1.1076134504e+02   -3.6347892830e+02    1.7448061003e+01    2.0480000000e+03    7.2797709145e-03    5.0738740809e-01
       166   -1.4492032305e+02    2.1004556641e+04   -2.3530024122e+02    9.0379918178e+01    1.1072426667e+02   -3.6314550460e+02    1.7120996712e+01    2.0480000000e+03    7.2712220717e-03    5.0546875000e-01
       167   -1.4492992273e+02    2.1007123999e+04   -2.3422748678e+02    8.9297564045e+01    1.1071256573e+02   -3.6201865119e+02    1.7078598678e+01    2.0480000000e+03    7.2728961241e-03    5.0538832721e-01
       168   -1.4498136284e+02    2.1022525801e+04   -2.3438075854e+02    8.9399395702e+01    1.1081042130e+02   -3.6283387885e+02    1.7642699003e+01    2.0480000000e+03    7.2685910854e-03    5.0517003676e-01
       169   -1.4494665842e+02    2.1011936578e+04   -2.3432920832e+02    8.9382549893e+01    1.1063962011e+02   -3.6242109533e+02    1.7452266905e+01    2.0480000000e+03    7.2956583463e-03    5.0847311581e-01
       170   -1.4497772328e+02    2.1021142175e+04   -2.3548886846e+02    9.0511145186e+01    1.1093477135e+02   -3.6360556703e+02    1.7181927213e+01    2.0480000000e+03    7.3049091734e-03    5.0788143382e-01
       171   -1.4501991997e+02    2.1034761480e+04   -2.3479153574e+02    8.9771615766e+01    1.1102259873e+02   -3.6322346986e+02    1.7409335383e+01    2.0480000000e+03    7.2820077185e-03    5.0500344669e-01
       172   -1.4496378220e+02    2.1016874801e+04   -2.3403621964e+02    8.9072437449e+01    1.1049713321e+02   -3.6156998127e+02    1.7036628409e+01    2.0480000000e+03    7.2772249114e-03    5.0700827206e-01
       173   -1.4497159045e+02    2.1019788596e+04   -2.3466636198e+02    8.9694771529e+01    1.1098012106e+02   -3.6302022397e+02    1.7373740929e+01    2.0480000000e+03    7.2915852070e-03    5.0942095588e-01
       174   -1.4497524030e+02    2.1020592892e+04   -2.3375790847e+02    8.8782668169e+01    1.1081855283e+02   -3.6169669064e+02    1.7120229338e+01    2.0480000000e+03    7.2799054906e-03    5.0850758272e-01
       175   -1.4497806545e+02    2.1020894626e+04   -2.3357556906e+02    8.8597503607e+01    1.1066250875e+02   -3.6138817400e+02    1.7150096187e+01    2.0480000000e+03    7.2513136547e-03    5.0396369485e-01
       176   -1.4503094082e+02    2.1036370788e+04   -2.3374316691e+02    8.8712226093e+01    1.1064406837e+02   -3.6223016068e+02    1.7842925392e+01    2.0480000000e+03    7.2614396922e-03    5.0554917279e-01
       177   -1.4495980517e+02    2.1015806557e+04   -2.3344349040e+02    8.8483685221e+01    1.1064254904e+02   -3.6196431980e+02    1.7878280365e+01    2.0480000000e+03    7.2876182385e-03    5.0883501838e-01
       178   -1.4498677835e+02    2.1024137024e+04   -2.3531931180e+02    9.0332533446e+01    1.1074974459e+02   -3.6383410281e+02    1.7765046420e+01    2.0480000000e+03    7.2787939571e-03    5.0746208640e-01
       179   -1.4499091967e+02    2.1025955025e+04   -2.3443733387e+02    8.9446414196e+01    1.0980393940e+02   -3.6135112128e+02    1.7109848013e+01    2.0480000000e+03    7.2858810890e-03    5.0855928309e-01
       180   -1.4499490860e+02    2.1026025633e+04   -2.3461325101e+02    8.9618342416e+01    1.1070604558e+02   -3.6317158128e+02    1.7852284687e+01    2.0480000000e+03    7.2789113037e-03    5.0701976103e-01
       181   -1.4491272945e+02    2.1002278100e+04   -2.3474750600e+02    8.9834776542e+01    1.1090474818e+02   -3.6368785384e+02    1.8035599660e+01    2.0480000000e+03    7.2920725215e-03    5.0788717831e-01
       182   -1.4492977778e+02    2.1007377977e+04   -2.3426820218e+02    8.9338424395e+01    1.1029931883e+02   -3.6048392999e+02    1.5916408973e+01    2.0480000000e+03    7.2726618964e-03    5.0645680147e-01
       183   -1.4488221167e+02    2.0993979995e+04   -2.3259916224e+02    8.7716950562e+01    1.1003436314e+02   -3.6036514303e+02    1.7731617656e+01    2.0480000000e+03    7.2831690777e-03    5.0887522978e-01
       184   -1.4502487279e+02    2.1034627462e+04   -2.3414111841e+02    8.9116245618e+01    1.1091358814e+02   -3.6288397623e+02    1.7829269676e+01    2.0480000000e+03    7.2785543744e-03    5.0682444853e-01
       185   -1.4496799974e+02    2.1018342001e+04   -2.3375912163e+02    8.8791121885e+01    1.1085221948e+02   -3.6223492459e+02    1.7623583485e+01    2.0480000000e+03    7.3477658443e-03    5.0764016544e-01
       186   -1.4499052766e+02    2.1024562412e+04   -2.3353441897e+02    8.8543891308e+01    1.1046492928e+02   -3.6086121770e+02    1.6861869449e+01    2.0480000000e+03    7.2746635415e-03    5.0691061581e-01
       187   -1.4500951381e+02    2.1030280856e+04   -2.3442466042e+02    8.9415146606e+01    1.1054743469e+02   -3.6164908934e+02    1.6676994232e+01    2.0480000000e+03    7.2973694187e-03    5.0670381434e-01
       188   -1.4500031045e+02    2.1027462693e+04   -2.3401676084e+02    8.9016450392e+01    1.1037867902e+02   -3.6205496409e+02    1.7659524227e+01    2.0480000000e+03    7.2931668255e-03    5.0832950368e-01
       189   -1.4492633169e+02    2.1006012865e+04   -2.3305312266e+02    8.8126790977e+01    1.1014757530e+02   -3.6093953821e+02    1.7738840252e+01    2.0480000000e+03    7.2832293808e-03    5.0739315257e-01
       190   -1.4491056031e+02    2.1001225432e+04   -2.3401366533e+02    8.9103105021e+01    1.1011133212e+02   -3.6117461904e+02    1.7049621595e+01    2.0480000000e+03    7.2809618432e-03    5.0769761029e-01
       191   -1.4492713750e+02    2.1006398666e+04   -2.3313774304e+02    8.8210605539e+01    1.1013441928e+02   -3.6060530963e+02    1.7333147318e+01    2.0480000000e+03    7.2804884985e-03    5.0789292279e-01
       192   -1.4487468311e+02    2.0991575814e+04   -2.3523122492e+02    9.0356541814e+01    1.1091186349e+02   -3.6445575804e+02    1.8312669628e+01    2.0480000000e+03    7.2929149028e-03    5.0685891544e-01
       193   -1.4498886852e+02    2.1024294356e+04   -2.3492217344e+02    8.9933304919e+01    1.1068453644e+02   -3.6290051522e+02    1.7293805345e+01    2.0480000000e+03    7.2781846393e-03    5.0702550551e-01
       194   -1.4495237827e+02    2.1013540399e+04   -2.3451427302e+02    8.9561894752e+01    1.1072504021e+02   -3.6266836414e+02    1.7429050903e+01    2.0480000000e+03    7.2673163377e-03    5.0583639706e-01
       195   -1.4494126701e+02    2.1010202715e+04   -2.3385532327e+02    8.8914056260e+01    1.1044132552e+02   -3.6259766923e+02    1.8301020435e+01    2.0480000000e+03    7.2683622129e-03    5.0738166360e-01
       196   -1.4496259206e+02    2.1016963300e+04   -2.3343319928e+02    8.8470607214e+01    1.0997413572e+02   -3.6104056640e+02    1.7633231398e+01    2.0480000000e+03    7.2697603609e-03    5.0555491728e-01
       197   -1.4499090670e+02    2.1024964543e+04   -2.3432250052e+02    8.9331593817e+01    1.1088894701e+02   -3.6313271581e+02    1.7921268277e+01    2.0480000000e+03    7.2995435912e-03    5.0842141544e-01
       198   -1.4497218290e+02    2.1019773819e+04   -2.3461534093e+02    8.9643158029e+01    1.1101063583e+02   -3.6394282897e+02    1.8316852211e+01    2.0480000000e+03    7.3102847673e-03    5.0913373162e-01
       199   -1.4503298457e+02    2.1036868178e+04   -2.3391930429e+02    8.8886319723e+01    1.1082446102e+02   -3.6255958647e+02    1.7815821158e+01    2.0480000000e+03    7.2828130797e-03    5.0646254596e-01
       200   -1.4493676492e+02    2.1009347196e+04   -2.3481656630e+02    8.9879801377e+01    1.1069091470e+02   -3.6385236908e+02    1.8344888081e+01    2.0480000000e+03    7.2772989515e-03    5.0581341912e-01
       201   -1.4502318322e+02    2.1034691470e+04   -2.3472377958e+02    8.9700596358e+01    1.1046755382e+02   -3.6235789894e+02    1.7166565539e+01    2.0480000000e+03    7.2729890235e-03    5.0706571691e-01
       202   -1.4493122777e+02    2.1007633033e+04   -2.3355824052e+02    8.8627012745e+01    1.1052569597e+02   -3.6174273245e+02    1.7658795966e+01    2.0480000000e+03    7.2689701337e-03    5.0531364890e-01
       203   -1.4500903369e+02    2.1030498044e+04   -2.3427641303e+02    8.9267379340e+01    1.1070813792e+02   -3.6249055394e+02    1.7506002995e+01    2.0480000000e+03    7.2855369654e-03    5.0766888787e-01
       204   -1.4497590380e+02    2.1020170275e+04   -2.3386651828e+02    8.8890614483e+01    1.1030738213e+02   -3.6131722323e+02    1.7143322813e+01    2.0480000000e+03    7.2759268805e-03    5.0687614890e-01
       205   -1.4499802864e+02    2.1027490455e+04   -2.3624963910e+02    9.1251610457e+01    1.1117195085e+02   -3.6503849847e+02    1.7616908522e+01    2.0480000000e+03    7.2757320013e-03    5.0564108456e-01
       206   -1.4490088753e+02    2.0998704884e+04   -2.3459226644e+02    8.9691378903e+01    1.1066013449e+02   -3.6329918754e+02    1.8046786613e+01    2.0480000000e+03    7.2756628506e-03    5.0476217831e-01
       207   -1.4500312121e+02    2.1028612347e+04   -2.3518360957e+02    9.0180488358e+01    1.1080282321e+02   -3.6310074417e+02    1.7114311388e+01    2.0480000000e+03    7.2745147627e-03    5.0462431066e-01
       208   -1.4497784275e+02    2.1021152526e+04   -2.3419288203e+02    8.9215039271e+01    1.1064765478e+02   -3.6220669373e+02    1.7366156923e+01    2.0480000000e+03    7.2983654682e-03    5.0759995404e-01
       209   -1.4503074999e+02    2.1036868514e+04   -2.3526004448e+02    9.0229294488e+01    1.1087579568e+02   -3.6282023291e+02    1.6684392746e+01    2.0480000000e+03    7.2979265824e-03    5.0622702206e-01
       210   -1.4502315953e+02    2.1034722415e+04   -2.3338784039e+02    8.8364680865e+01    1.1053463857e+02   -3.6063239738e+02    1.6709918423e+01    2.0480000000e+03    7.2840705980e-03    5.0684742647e-01
       211   -1.4496291048e+02    2.1016444340e+04   -2.3430396046e+02    8.9341049980e+01    1.1032762298e+02   -3.6218991930e+02    1.7558335853e+01    2.0480000000e+03    7.2621128056e-03    5.0618681066e-01
       212   -1.4500939007e+02    2.1030337983e+04   -2.3320996602e+02    8.8200575954e+01    1.1062760792e+02   -3.6125366684e+02    1.7416092909e+01    2.0480000000e+03    7.2850775905e-03    5.0794462316e-01
       213   -1.4496672912e+02    2.1018098030e+04   -2.3432298535e+02    8.9356256237e+01    1.1021509114e+02   -3.6173036305e+02    1.7192286551e+01    2.0480000000e+03    7.2773606516e-03    5.0683593750e-01
       214   -1.4499499110e+02    2.1026334436e+04   -2.3241067931e+02    8.7415688217e+01    1.0990061459e+02   -3.5996845957e+02    1.7657165662e+01    2.0480000000e+03    7.2727405932e-03    5.0838694853e-01
       215   -1.4500279751e+02    2.1028427555e+04   -2.3424407591e+02    8.9241278400e+01    1.1064564641e+02   -3.6304172362e+02    1.8152001295e+01    2.0480000000e+03    7.2618962731e-03    5.0662913603e-01
       216   -1.4495059547e+02    2.1013263396e+04   -2.3402146508e+02    8.9070869608e+01    1.1057788051e+02   -3.6193764512e+02    1.7338299540e+01    2.0480000000e+03    7.2669358924e-03    5.0579618566e-01
       217   -1.4498009791e+02    2.1021825536e+04   -2.3443076093e+02    8.9450663022e+01    1.1054328079e+02   -3.6107826513e+02    1.6104223410e+01    2.0480000000e+03    7.2704493068e-03    5.0598575368e-01
       218   -1.4500495635e+02    2.1029387972e+04   -2.3518053380e+02    9.0175577452e+01    1.1099268548e+02   -3.6384047738e+02    1.7667258100e+01    2.0480000000e+03    7.2896585334e-03    5.0807100184e-01
       219   -1.4489276030e+02    2.0996151298e+04   -2.3337259787e+02    8.8479837566e+01    1.1053255584e+02   -3.6135338599e+02    1.7448232283e+01    2.0480000000e+03    7.2801462375e-03    5.0631318934e-01
       220   -1.4488143361e+02    2.0993124828e+04   -2.3374662235e+02    8.8865188739e+01    1.0998228687e+02   -3.6136602172e+02    1.7637112498e+01    2.0480000000e+03    7.2687743232e-03    5.0669806985e-01
       221   -1.4496581675e+02    2.1017565964e+04   -2.3449685523e+02    8.9531038484e+01    1.1066207337e+02   -3.6277600720e+02    1.7617078602e+01    2.0480000000e+03    7.2877167258e-03    5.0911649816e-01
       222   -1.4494398436e+02    2.1011553096e+04   -2.3746085014e+02    9.2516865785e+01    1.1104197675e+02   -3.6484164602e+02    1.6338819121e+01    2.0480000000e+03    7.2656739503e-03    5.0606043199e-01
       223   -1.4497923977e+02    2.1024016316e+04   -2.3504734181e+02    9.0068102033e+01    1.1053335973e+02   -3.6376917851e+02    1.8188476975e+01    2.0480000000e+03    7.2803720832e-03    5.0735868566e-01
       224   -1.4500428014e+02    2.1029365779e+04   -2.3324184003e+02    8.8237559894e+01    1.1006279240e+02   -3.6106681306e+02    1.7762180631e+01    2.0480000000e+03    7.2741215117e-03    5.0783547794e-01
       225   -1.4488108272e+02    2.0993382187e+04   -2.3300854298e+02    8.8127460260e+01    1.0973355087e+02   -3.5978603315e+02    1.7043939299e+01    2.0480000000e+03    7.2858459316e-03    5.0906479779e-01
       226   -1.4502405791e+02    2.1034965988e+04   -2.3363928193e+02    8.8615224022e+01    1.1023417599e+02   -3.6178073113e+02    1.7907273202e+01    2.0480000000e+03    7.2792547289e-03    5.0752527574e-01
       227   -1.4491954978e+02    2.1004144821e+04   -2.3269790662e+02    8.7778356842e+01    1.0998663628e+02   -3.6066168112e+02    1.7977138228e+01    2.0480000000e+03    7.2764747310e-03    5.0829503676e-01
       228   -1.4498317732e+02    2.1022483573e+04   -2.3277724740e+02    8.7794070075e+01    1.0996681359e+02   -3.6000442174e+02    1.7260360753e+01    2.0480000000e+03    7.2781292256e-03    5.0955882353e-01
       229   -1.4499165033e+02    2.1025034468e+04   -2.3320711733e+02    8.8215466999e+01    1.1020438699e+02   -3.6079596390e+02    1.7384459575e+01    2.0480000000e+03    7.2776570451e-03    5.0738166360e-01
       230   -1.4499561155e+02    2.1026318986e+04   -2.3309240394e+02    8.8096792392e+01    1.1021426697e+02   -3.6081433546e+02    1.7507664546e+01    2.0480000000e+03    7.2726875078e-03    5.0660615809e-01
       231   -1.4497729427e+02    2.1020735530e+04   -2.3372680320e+02    8.8749508935e+01    1.1020650304e+02   -3.6149436483e+02    1.7561058587e+01    2.0480000000e+03    7.2882019449e-03    5.0923713235e-01
       232   -1.4501803982e+02    2.1033170519e+04   -2.3562564114e+02    9.0607601320e+01    1.1061561394e+02   -3.6337739775e+02    1.7136142672e+01    2.0480000000e+03    7.2821092326e-03    5.0755399816e-01
       233   -1.4504236396e+02    2.1040146617e+04   -2.3303391419e+02    8.7991550228e+01    1.1045930774e+02   -3.6105029771e+02    1.7557075774e+01    2.0480000000e+03    7.2875346523e-03    5.0865693934e-01
       234   -1.4497101795e+02    2.1018942928e+04   -2.3370725854e+02    8.8736240589e+01    1.1059014697e+02   -3.6166914530e+02    1.7371739783e+01    2.0480000000e+03    7.2933759075e-03    5.0941521140e-01
       235   -1.4497640979e+02    2.1020449385e+04   -2.3373135353e+02    8.8754943740e+01    1.1042674308e+02   -3.6127182117e+02    1.7113724560e+01    2.0480000000e+03    7.2772782296e-03    5.0673253676e-01
       236   -1.4497075936e+02    2.1018939363e+04   -2.3338894598e+02    8.8418186614e+01    1.1051358720e+02   -3.6137796918e+02    1.7475436004e+01    2.0480000000e+03    7.2738202289e-03    5.0580767463e-01
       237   -1.4501016670e+02    2.1030153098e+04   -2.3478283245e+02    8.9772665752e+01    1.1072967369e+02   -3.6356537680e+02    1.8052870661e+01    2.0480000000e+03    7.2875348851e-03    5.0738740809e-01
       238   -1.4491270579e+02    2.1002342220e+04   -2.3390051531e+02    8.8987809522e+01    1.1029701232e+02   -3.6118233206e+02    1.6984804427e+01    2.0480000000e+03    7.2693598922e-03    5.0624425551e-01
       239   -1.4488383527e+02    2.0993994665e+04   -2.3408471429e+02    8.9200879019e+01    1.1028620470e+02   -3.6237074683e+02    1.7999827840e+01    2.0480000000e+03    7.2911749594e-03    5.0780675551e-01
       240   -1.4499232217e+02    2.1025643675e+04   -2.3384665035e+02    8.8854328179e+01    1.1018758444e+02   -3.6148671808e+02    1.7452483284e+01    2.0480000000e+03    7.2708781809e-03    5.0692210478e-01
       241   -1.4493759078e+02    2.1009444718e+04   -2.3375462177e+02    8.8817030985e+01    1.1028022332e+02   -3.6103759770e+02    1.7002752615e+01    2.0480000000e+03    7.2553814389e-03    5.0511259191e-01
       242   -1.4502993113e+02    2.1036624866e+04   -2.3470246557e+02    8.9672534438e+01    1.1007576837e+02   -3.6116078919e+02    1.6382555262e+01    2.0480000000e+03    7.2854994796e-03    5.0924287684e-01
       243   -1.4494491495e+02    2.1012154883e+04   -2.3397621494e+02    8.9031299994e+01    1.1029172475e+02   -3.6093836564e+02    1.6670425954e+01    2.0480000000e+03    7.2746865917e-03    5.0763442096e-01
       244   -1.4502358515e+02    2.1034660217e+04   -2.3400712597e+02    8.8983540823e+01    1.1046208776e+02   -3.6213419532e+02    1.7664981591e+01    2.0480000000e+03    7.2764107026e-03    5.0929457721e-01
       245   -1.4500903998e+02    2.1030186422e+04   -2.3383343161e+02    8.8824391626e+01    1.1045757573e+02   -3.6207602098e+02    1.7785013646e+01    2.0480000000e+03    7.2736763395e-03    5.0563534007e-01
       246   -1.4504833099e+02    2.1041367607e+04   -2.3290001082e+02    8.7851679831e+01    1.1016613243e+02   -3.6016336795e+02    1.7097224693e+01    2.0480000000e+03    7.2821965441e-03    5.1000114890e-01
       247   -1.4495422134e+02    2.1014169060e+04   -2.3442146426e+02    8.9467242917e+01    1.1072818687e+02   -3.6178400182e+02    1.6634350689e+01    2.0480000000e+03    7.2815474123e-03    5.0786420037e-01
       248   -1.4501480793e+02    2.1032008777e+04   -2.3447877830e+02    8.9463970368e+01    1.1065836100e+02   -3.6237732951e+02    1.7240190211e+01    2.0480000000e+03    7.2776547167e-03    5.0698529412e-01
       249   -1.4497677428e+02    2.1021012448e+04   -2.3450645412e+02    8.9529679840e+01    1.1052023719e+02   -3.6350574850e+02    1.8479057185e+01    2.0480000000e+03    7.2625048924e-03    5.0507812500e-01
       250   -1.4501792667e+02    2.1032551378e+04   -2.3182158183e+02    8.6803655154e+01    1.0960890513e+02   -3.5866132335e+02    1.7230836387e+01    2.0480000000e+03    7.2882033419e-03    5.1137982537e-01
       251   -1.4495779637e+02    2.1016769788e+04   -2.3257281418e+02    8.7615017819e+01    1.0998263308e+02   -3.5979372484e+02    1.7238277580e+01    2.0480000000e+03    7.2552515194e-03    5.0705422794e-01
       252   -1.4495080822e+02    2.1013203601e+04   -2.3263028881e+02    8.7679480589e+01    1.0991569223e+02   -3.5990828892e+02    1.7362307876e+01    2.0480000000e+03    7.2791674174e-03    5.0863970588e-01
       253   -1.4495731065e+02    2.1015489287e+04   -2.3347534673e+02    8.8518036082e+01    1.1032137983e+02   -3.6160435494e+02    1.7807628374e+01    2.0480000000e+03    7.2740314063e-03    5.0705997243e-01
       254   -1.4500677401e+02    2.1029949048e+04   -2.3379177034e+02    8.8784996335e+01    1.1035455656e+02   -3.6175646213e+02    1.7610135228e+01    2.0480000000e+03    7.2768288665e-03    5.0710018382e-01
       255   -1.4493653196e+02    2.1009027426e+04   -2.3407496911e+02    8.9138437145e+01    1.1098936673e+02   -3.6278588023e+02    1.7721544402e+01    2.0480000000e+03    7.2860936634e-03    5.0672679228e-01
       256   -1.4499780117e+02    2.1026997291e+04   -2.3396788584e+02    8.8970084667e+01    1.1042399682e+02   -3.6044112556e+02    1.6049242893e+01    2.0480000000e+03    7.2761487681e-03    5.0651999081e-01
       257   -1.4494253998e+02    2.1010716825e+04   -2.3411457170e+02    8.9172031724e+01    1.1084503985e+02   -3.6280244552e+02    1.7842833968e+01    2.0480000000e+03    7.2966238949e-03    5.0904756434e-01
       258   -1.4498849256e+02    2.1024203413e+04   -2.3367957095e+02    8.8691078396e+01    1.1057253134e+02   -3.6173230084e+02    1.7480198548e+01    2.0480000000e+03    7.2745995130e-03    5.0681295956e-01
       259   -1.4492385290e+02    2.1005734897e+04   -2.3519716313e+02    9.0273310238e+01    1.1102350373e+02   -3.6342418750e+02    1.7203520631e+01    2.0480000000e+03    7.2701470926e-03    5.0643382353e-01
       260   -1.4498464833e+02    2.1022988813e+04   -2.3435165217e+02    8.9367003840e+01    1.1074789566e+02   -3.6279804740e+02    1.7698499572e+01    2.0480000000e+03    7.2607216425e-03    5.0621553309e-01
       261   -1.4505141255e+02    2.1042349785e+04   -2.3487330617e+02    8.9821893623e+01    1.1092912965e+02   -3.6355714132e+02    1.7754705500e+01    2.0480000000e+03    7.2603321169e-03    5.0673253676e-01
       262   -1.4494178953e+02    2.1011221867e+04   -2.3389365195e+02    8.8951862416e+01    1.1072121675e+02   -3.6122716874e+02    1.6612300046e+01    2.0480000000e+03    7.2520922404e-03    5.0533088235e-01
       263   -1.4499018112e+02    2.1024944980e+04   -2.3364468215e+02    8.8654501030e+01    1.1055509144e+02   -3.6125881298e+02    1.7059039389e+01    2.0480000000e+03    7.2723501362e-03    5.0773207721e-01
       264   -1.4495207898e+02    2.1013828868e+04   -2.3510748727e+02    9.0155408288e+01    1.1092072071e+02   -3.6368411950e+02    1.7655911523e+01    2.0480000000e+03    7.2725643404e-03    5.0763442096e-01
       265   -1.4498182717e+02    2.1022644005e+04   -2.3385043270e+02    8.8868605525e+01    1.1017402340e+02   -3.6138110556e+02    1.7356649462e+01    2.0480000000e+03    7.2635489050e-03    5.0455537684e-01
       266   -1.4496508897e+02    2.1017237025e+04   -2.3419323607e+02    8.9228147102e+01    1.1010189448e+02   -3.6144038076e+02    1.7145250221e+01    2.0480000000e+03    7.2830377612e-03    5.0808823529e-01
       267   -1.4496268072e+02    2.1016642637e+04   -2.3359739338e+02    8.8634712653e+01    1.1024390292e+02   -3.6171266756e+02    1.7871371260e+01    2.0480000000e+03    7.2772190906e-03    5.0662339154e-01
       268   -1.4502706010e+02    2.1035363939e+04   -2.3396282613e+02    8.8935766031e+01    1.1036820809e+02   -3.6154780088e+02    1.7216766663e+01    2.0480000000e+03    7.2756218724e-03    5.0590533088e-01
       269   -1.4500275799e+02    2.1028462160e+04   -2.3388288003e+02    8.8880122034e+01    1.1087478994e+02   -3.6174211437e+02    1.6984444398e+01    2.0480000000e+03    7.2731745895e-03    5.0645105699e-01
       270   -1.4496707437e+02    2.1018528496e+04   -2.3454592949e+02    8.9578855123e+01    1.1027652550e+02   -3.6169278177e+02    1.6870326776e+01    2.0480000000e+03    7.2892156895e-03    5.0915096507e-01
       271   -1.4496126136e+02    2.1016190301e+04   -2.3354026374e+02    8.8579002388e+01    1.1036730177e+02   -3.6157070714e+02    1.7663141629e+01    2.0480000000e+03    7.2720374446e-03    5.0796185662e-01
       272   -1.4499249790e+02    2.1025261674e+04   -2.3413810463e+02    8.9145606732e+01    1.1052001754e+02   -3.6209603456e+02    1.7437912388e+01    2.0480000000e+03    7.2876112536e-03    5.0822035846e-01
       273   -1.4502173351e+02    2.1033926510e+04   -2.3272060256e+02    8.7698869047e+01    1.1046733025e+02   -3.6075339136e+02    1.7565458554e+01    2.0480000000e+03    7.2873451281e-03    5.0856502757e-01
       274   -1.4496851617e+02    2.1018163988e+04   -2.3443053242e+02    8.9462016247e+01    1.1068859512e+02   -3.6276860989e+02    1.7649482348e+01    2.0480000000e+03    7.2967414744e-03    5.0830652574e-01
       275   -1.4496968263e+02    2.1019556222e+04   -2.3355746469e+02    8.8587782063e+01    1.1050779541e+02   -3.6181657266e+02    1.7751312562e+01    2.0480000000e+03    7.2892738972e-03    5.0638212316e-01
       276   -1.4502060863e+02    2.1033882849e+04   -2.3501044152e+02    8.9989832890e+01    1.1055600906e+02   -3.6272599431e+02    1.7159543739e+01    2.0480000000e+03    7.2786053643e-03    5.0716337316e-01
       277   -1.4502569351e+02    2.1035064835e+04   -2.3510009283e+02    9.0074399318e+01    1.1052590719e+02   -3.6300460977e+02    1.7378609746e+01    2.0480000000e+03    7.2918753140e-03    5.0880629596e-01
       278   -1.4501198154e+02    2.1031306576e+04   -2.3372184306e+02    8.8709861517e+01    1.1037378207e+02   -3.6188235622e+02    1.7786731096e+01    2.0480000000e+03    7.2923968546e-03    5.0935776654e-01
       279   -1.4500197445e+02    2.1028384147e+04   -2.3387009309e+02    8.8868118638e+01    1.0968667886e+02   -3.6050215740e+02    1.6945385448e+01    2.0480000000e+03    7.2669445071e-03    5.0777228860e-01
       280   -1.4498797070e+02    2.1024145035e+04   -2.3377152806e+02    8.8783557356e+01    1.0965703651e+02   -3.6107919712e+02    1.7650632551e+01    2.0480000000e+03    7.2731398977e-03    5.0926011029e-01
       281   -1.4499206103e+02    2.1025199179e+04   -2.3439657068e+02    8.9404509647e+01    1.1031049049e+02   -3.6240613162e+02    1.7699070455e+01    2.0480000000e+03    7.2784831282e-03    5.0934053309e-01
       282   -1.4501598697e+02    2.1032018762e+04   -2.3369192135e+02    8.8675934373e+01    1.1010976900e+02   -3.6123091818e+02    1.7429227837e+01    2.0480000000e+03    7.2694991250e-03    5.0747357537e-01
       283   -1.4494309388e+02    2.1011584510e+04   -2.3329495321e+02    8.8351859326e+01    1.1014796999e+02   -3.6100164132e+02    1.7558718127e+01    2.0480000000e+03    7.2979847901e-03    5.0899586397e-01
       284   -1.4508204431e+02    2.1052281345e+04   -2.3259419585e+02    8.7512151544e+01    1.1046982764e+02   -3.6056427562e+02    1.7500252126e+01    2.0480000000e+03    7.3006632738e-03    5.0820312500e-01
       285   -1.4497437732e+02    2.1019974301e+04   -2.3381570642e+02    8.8841329094e+01    1.1038872110e+02   -3.6132808352e+02    1.7123655997e+01    2.0480000000e+03    7.2821956128e-03    5.0733570772e-01
       286   -1.4491856608e+02    2.1020502372e+04   -2.3451215865e+02    8.9593592570e+01    1.1020266338e+02   -3.6220206897e+02    1.7487246948e+01    2.0480000000e+03    7.2640823200e-03    5.0645680147e-01
       287   -1.4496980916e+02    2.1019346541e+04   -2.3368890689e+02    8.8719097728e+01    1.1027207411e+02   -3.6171316695e+02    1.7752185945e+01    2.0480000000e+03    7.2655379772e-03    5.0550321691e-01
       288   -1.4497350902e+02    2.1019814603e+04   -2.3427697284e+02    8.9303463821e+01    1.1067320261e+02   -3.6214450730e+02    1.7194331853e+01    2.0480000000e+03    7.2797816247e-03    5.0704273897e-01
       289   -1.4499548089e+02    2.1025948921e+04   -2.3454132450e+02    8.9545843612e+01    1.1043960138e+02   -3.6169388211e+02    1.6712956232e+01    2.0480000000e+03    7.2608564515e-03    5.0572150735e-01
       290   -1.4496439628e+02    2.1017331939e+04   -2.3386540940e+02    8.8901013124e+01    1.1005513751e+02   -3.6166390165e+02    1.7743354748e+01    2.0480000000e+03    7.2658963036e-03    5.0859949449e-01
       291   -1.4489804142e+02    2.0998388972e+04   -2.3418751262e+02    8.9289471192e+01    1.1073195418e+02   -3.6224970232e+02    1.7330235528e+01    2.0480000000e+03    7.2682779282e-03    5.0695657169e-01
       292   -1.4494523339e+02    2.1012248430e+04   -2.3459132559e+02    8.9646092195e+01    1.1049619652e+02   -3.6297841212e+02    1.7890890007e+01    2.0480000000e+03    7.2618257254e-03    5.0673253676e-01
       293   -1.4501557027e+02    2.1032158334e+04   -2.3270717063e+02    8.7691600364e+01    1.1037363359e+02   -3.6057412870e+02    1.7493324481e+01    2.0480000000e+03    7.2836021427e-03    5.0905905331e-01
       294   -1.4501139281e+02    2.1030977183e+04   -2.3277016675e+02    8.7758773945e+01    1.1020443497e+02   -3.6081424462e+02    1.7839642907e+01    2.0480000000e+03    7.2750714608e-03    5.0781824449e-01
       295   -1.4496447602e+02    2.1017056523e+04   -2.3374113489e+02    8.8776658873e+01    1.1059855541e+02   -3.6246271001e+02    1.8123019702e+01    2.0480000000e+03    7.2790775448e-03    5.0688763787e-01
       296   -1.4499500606e+02    2.1025882317e+04   -2.3503910111e+02    9.0044095058e+01    1.1064686129e+02   -3.6298412077e+02    1.7298158369e+01    2.0480000000e+03    7.3060935829e-03    5.0882927390e-01
       297   -1.4503998171e+02    2.1039297037e+04   -2.3401946715e+02    8.8979485442e+01    1.1011571517e+02   -3.6187722112e+02    1.7742038803e+01    2.0480000000e+03    7.2843965609e-03    5.0930032169e-01
       298   -1.4497732580e+02    2.1021102453e+04   -2.3404860158e+02    8.9071275780e+01    1.1060347163e+02   -3.6194409637e+02    1.7292023151e+01    2.0480000000e+03    7.2749233805e-03    5.0834673713e-01
       299   -1.4500329998e+02    2.1028972846e+04   -2.3415233394e+02    8.9149033957e+01    1.1036024237e+02   -3.6178870013e+02    1.7276123821e+01    2.0480000000e+03    7.2632078081e-03    5.0580767463e-01
       300   -1.4498697212e+02    2.1023787500e+04   -2.3381586070e+02    8.8828888585e+01    1.1039746738e+02   -3.6126917909e+02    1.7055851009e+01    2.0480000000e+03    7.2734721471e-03    5.0603170956e-01
       301   -1.4497680115e+02    2.1020971441e+04   -2.3455714916e+02    8.9580348016e+01    1.1085534674e+02   -3.6346193069e+02    1.8049434778e+01    2.0480000000e+03    7.2818184271e-03    5.0800781250e-01
       302   -1.4494138098e+02    2.1011897403e+04   -2.3620722083e+02    9.1265839850e+01    1.1106950857e+02   -3.6488197269e+02    1.7605243288e+01    2.0480000000e+03    7.2603202425e-03    5.0561810662e-01
       303   -1.4493612652e+02    2.1008977218e+04   -2.3375833351e+02    8.8822206989e+01    1.1025804005e+02   -3.6154954977e+02    1.7533176210e+01    2.0480000000e+03    7.2725224309e-03    5.0699678309e-01
       304   -1.4493517689e+02    2.1008700578e+04   -2.3372816039e+02    8.8792983496e+01    1.0983541653e+02   -3.6140028275e+02    1.7836705832e+01    2.0480000000e+03    7.2666413616e-03    5.0715762868e-01
       305   -1.4507058960e+02    2.1047748441e+04   -2.3323122979e+02    8.8160640182e+01    1.1013450370e+02   -3.6130241590e+02    1.7936682410e+01    2.0480000000e+03    7.2566436138e-03    5.0603170956e-01
       306   -1.4496619552e+02    2.1017746624e+04   -2.3403257032e+02    8.9066374799e+01    1.1069498759e+02   -3.6196701901e+02    1.7239461102e+01    2.0480000000e+03    7.2715913411e-03    5.0491727941e-01
       307   -1.4499212439e+02    2.1025456651e+04   -2.3349719680e+02    8.8505072414e+01    1.1001135204e+02   -3.6098377285e+02    1.7475224010e+01    2.0480000000e+03    7.2741704062e-03    5.0766314338e-01
       308   -1.4500248263e+02    2.1028385395e+04   -2.3390292657e+02    8.8900443939e+01    1.1039684190e+02   -3.6054022872e+02    1.6240460254e+01    2.0480000000e+03    7.2850307915e-03    5.0887522978e-01
       309   -1.4494874413e+02    2.1012713280e+04   -2.3382007551e+02    8.8871331378e+01    1.1062889502e+02   -3.6235386348e+02    1.7904892958e+01    2.0480000000e+03    7.2614953388e-03    5.0728975184e-01
       310   -1.4495846827e+02    2.1015632997e+04   -2.3387433445e+02    8.8915866178e+01    1.1047816015e+02   -3.6166856770e+02    1.7316073095e+01    2.0480000000e+03    7.2598801926e-03    5.0818589154e-01
       311   -1.4493631830e+02    2.1009085471e+04   -2.3332276513e+02    8.8386446831e+01    1.1083180237e+02   -3.6169263285e+02    1.7538065354e+01    2.0480000000e+03    7.2706250940e-03    5.0646829044e-01
       312   -1.4495154258e+02    2.1014027789e+04   -2.3511199916e+02    9.0160456580e+01    1.1057605293e+02   -3.6294999732e+02    1.7261945227e+01    2.0480000000e+03    7.2660529986e-03    5.0531939338e-01
       313   -1.4500196919e+02    2.1028999721e+04   -2.3244395554e+02    8.7441986350e+01    1.1026185756e+02   -3.6102756755e+02    1.8321754451e+01    2.0480000000e+03    7.2814843152e-03    5.0813419118e-01
       314   -1.4499573358e+02    2.1026173282e+04   -2.3307606747e+02    8.8080333894e+01    1.1046819045e+02   -3.6138096939e+02    1.7836711477e+01    2.0480000000e+03    7.2691235691e-03    5.0625000000e-01
       315   -1.4496567471e+02    2.1020003737e+04   -2.3311693337e+02    8.8151258665e+01    1.1039750346e+02   -3.6068431998e+02    1.7169883145e+01    2.0480000000e+03    7.2591686621e-03    5.0498046875e-01
       316   -1.4496407689e+02    2.1017695726e+04   -2.3374716550e+02    8.8783088608e+01    1.1055337638e+02   -3.6183315861e+02    1.7532616728e+01    2.0480000000e+03    7.2771892883e-03    5.0774356618e-01
       317   -1.4490831726e+02    2.1000760343e+04   -2.3504434506e+02    9.0136027801e+01    1.1070370222e+02   -3.6292969056e+02    1.7181643274e+01    2.0480000000e+03    7.2463015094e-03    5.0459558824e-01
       318   -1.4498404829e+02    2.1022894907e+04   -2.3425808538e+02    8.9274037093e+01    1.1052220811e+02   -3.6249295856e+02    1.7712665074e+01    2.0480000000e+03    7.2329891846e-03    5.0423943015e-01
       319   -1.4494547104e+02    2.1012295457e+04   -2.3431048575e+02    8.9365014709e+01    1.1074382744e+02   -3.6317233262e+02    1.8118019431e+01    2.0480000000e+03    7.2514258791e-03    5.0643382353e-01
       320   -1.4506865939e+02    2.1047182018e+04   -2.3439317325e+02    8.9324513855e+01    1.1049068117e+02   -3.6328294097e+02    1.8399086552e+01    2.0480000000e+03    7.2588287294e-03    5.0673828125e-01
       321   -1.4500403166e+02    2.1029259307e+04   -2.3416763381e+02    8.9163602158e+01    1.1045690587e+02   -3.6160766312e+02    1.6983123434e+01    2.0480000000e+03    7.2844864335e-03    5.0783547794e-01
       322   -1.4499363483e+02    2.1025575689e+04   -2.3394047626e+02    8.8946841439e+01    1.1046068857e+02   -3.6209386464e+02    1.7692699811e+01    2.0480000000e+03    7.2825467214e-03    5.0692210478e-01
       323   -1.4496077370e+02    2.1016103531e+04   -2.3377547000e+02    8.8814696310e+01    1.1035673454e+02   -3.6302327352e+02    1.8891068976e+01    2.0480000000e+03    7.2843872476e-03    5.0944393382e-01
       324   -1.4495187721e+02    2.1013400589e+04   -2.3446182833e+02    8.9509951111e+01    1.1057775978e+02   -3.6337204030e+02    1.8332452200e+01    2.0480000000e+03    7.2854161263e-03    5.0901884191e-01
       325   -1.4495050980e+02    2.1013200460e+04   -2.3391436289e+02    8.8963853089e+01    1.1059524857e+02   -3.6163995408e+02    1.7130342620e+01    2.0480000000e+03    7.2731475811e-03    5.0702550551e-01
       326   -1.4499363040e+02    2.1025549074e+04   -2.3382812593e+02    8.8834495522e+01    1.1056934287e+02   -3.6214678454e+02    1.7749315743e+01    2.0480000000e+03    7.2813853621e-03    5.0639361213e-01
       327   -1.4495344409e+02    2.1014132134e+04   -2.3478488305e+02    8.9831438960e+01    1.0995515929e+02   -3.6116141326e+02    1.6421370915e+01    2.0480000000e+03    7.2638753336e-03    5.0724954044e-01
       328   -1.4500888099e+02    2.1031325617e+04   -2.3485775873e+02    8.9848877738e+01    1.1029239844e+02   -3.6164824776e+02    1.6498090581e+01    2.0480000000e+03    7.2682702448e-03    5.0717486213e-01
       329   -1.4495842912e+02    2.1015309763e+04   -2.3360162955e+02    8.8643200436e+01    1.1009528265e+02   -3.6159120095e+02    1.7894288742e+01    2.0480000000e+03    7.2576273233e-03    5.0618106618e-01
       330   -1.4501435303e+02    2.1031548754e+04   -2.3367576809e+02    8.8661415057e+01    1.1026117620e+02   -3.6194182751e+02    1.8004883221e+01    2.0480000000e+03    7.2789485566e-03    5.1033432904e-01
       331   -1.4500411191e+02    2.1028886375e+04   -2.3432705754e+02    8.9322945632e+01    1.1017387423e+02   -3.6171361049e+02    1.7212678720e+01    2.0480000000e+03    7.2822591756e-03    5.0765739890e-01
       332   -1.4491238890e+02    2.1002238722e+04   -2.3367230328e+02    8.8759914375e+01    1.1042141038e+02   -3.6156485221e+02    1.7471138547e+01    2.0480000000e+03    7.2912073229e-03    5.0854779412e-01
       333   -1.4502817750e+02    2.1035443360e+04   -2.3326046932e+02    8.8232291819e+01    1.1032640503e+02   -3.6059112508e+02    1.7004250728e+01    2.0480000000e+03    7.2902201209e-03    5.0868566176e-01
       334   -1.4495413398e+02    2.1014785348e+04   -2.3379565192e+02    8.8841517942e+01    1.1036658499e+02   -3.6108115126e+02    1.6918914353e+01    2.0480000000e+03    7.2794116568e-03    5.0741038603e-01
       335   -1.4494999693e+02    2.1013481804e+04   -2.3339237442e+02    8.8442377489e+01    1.1041374466e+02   -3.6088126708e+02    1.7075148001e+01    2.0480000000e+03    7.2810314596e-03    5.0614085478e-01
       336   -1.4501490339e+02    2.1032278311e+04   -2.3502407922e+02    9.0009175828e+01    1.1073126598e+02   -3.6414719860e+02    1.8391853402e+01    2.0480000000e+03    7.2758696042e-03    5.0730698529e-01
       337   -1.4503098495e+02    2.1036426464e+04   -2.3363668534e+02    8.8605700399e+01    1.1021957010e+02   -3.6119881151e+02    1.7342556063e+01    2.0480000000e+03    7.2665167972e-03    5.0735868566e-01
       338   -1.4501863806e+02    2.1032923917e+04   -2.3371095919e+02    8.8692321135e+01    1.0992132140e+02   -3.6056132947e+02    1.6929048881e+01    2.0480000000e+03    7.2617072146e-03    5.0651424632e-01
       339   -1.4498341804e+02    2.1022998108e+04   -2.3437401193e+02    8.9390593892e+01    1.0991475019e+02   -3.6129071818e+02    1.7001956058e+01    2.0480000000e+03    7.2912687901e-03    5.1004136029e-01
       340   -1.4497491061e+02    2.1020355850e+04   -2.3312165200e+02    8.8146741399e+01    1.1006518267e+02   -3.6015780240e+02    1.6970967718e+01    2.0480000000e+03    7.2899272200e-03    5.0974839154e-01
       341   -1.4495728989e+02    2.1015366372e+04   -2.3376842075e+02    8.8811130864e+01    1.1038623395e+02   -3.6122160828e+02    1.7066953575e+01    2.0480000000e+03    7.2905286215e-03    5.0754250919e-01
       342   -1.4500759127e+02    2.1029637661e+04   -2.3340771161e+02    8.8400120338e+01    1.1064118851e+02   -3.6211375846e+02    1.8064858337e+01    2.0480000000e+03    7.2915779892e-03    5.0821461397e-01
       343   -1.4499661995e+02    2.1026433958e+04   -2.3299990361e+02    8.8003283665e+01    1.1066995194e+02   -3.6100398098e+02    1.7334125423e+01    2.0480000000e+03    7.2798146866e-03    5.0630744485e-01
       344   -1.4498018270e+02    2.1021937704e+04   -2.3481503547e+02    8.9834852766e+01    1.1089229211e+02   -3.6375435559e+02    1.8047028015e+01    2.0480000000e+03    7.2876540944e-03    5.0804802390e-01
       345   -1.4494500818e+02    2.1012275231e+04   -2.3430593593e+02    8.9360927753e+01    1.1083880089e+02   -3.6237065185e+02    1.7225915030e+01    2.0480000000e+03    7.2937388904e-03    5.0679572610e-01
       346   -1.4495713466e+02    2.1016593618e+04   -2.3483596888e+02    8.9878834216e+01    1.1041429109e+02   -3.6220475154e+02    1.6954491562e+01    2.0480000000e+03    7.2747704107e-03    5.0768037684e-01
       347   -1.4493967571e+02    2.1009666549e+04   -2.3261790679e+02    8.7678231086e+01    1.1021028927e+02   -3.6059594039e+02    1.7767744328e+01    2.0480000000e+03    7.2857888881e-03    5.0930032169e-01
       348   -1.4491843732e+02    2.1003793127e+04   -2.3316264419e+02    8.8244206862e+01    1.1014972777e+02   -3.6065826607e+02    1.7345894110e+01    2.0480000000e+03    7.2719764430e-03    5.0720932904e-01
       349   -1.4503800535e+02    2.1038748623e+04   -2.3347308998e+02    8.8435084628e+01    1.1001531700e+02   -3.5999068195e+02    1.6502274974e+01    2.0480000000e+03    7.2593705263e-03    5.0660615809e-01
       350   -1.4501394103e+02    2.1031453818e+04   -2.3320633203e+02    8.8192391006e+01    1.1024892256e+02   -3.5962249828e+02    1.6167243694e+01    2.0480000000e+03    7.2859367356e-03    5.0711167279e-01
       351   -1.4497610168e+02    2.1020651253e+04   -2.3460073606e+02    8.9624634381e+01    1.1080142354e+02   -3.6331165893e+02    1.7909499328e+01    2.0480000000e+03    7.2957922239e-03    5.0753676471e-01
       352   -1.4495234584e+02    2.1014066233e+04   -2.3267169590e+02    8.7719350067e+01    1.1012996629e+02   -3.6053665872e+02    1.7734996528e+01    2.0480000000e+03    7.2837653570e-03    5.0715762868e-01
       353   -1.4494730561e+02    2.1012763244e+04   -2.3362879987e+02    8.8681494260e+01    1.1016043981e+02   -3.6119060097e+02    1.7401361288e+01    2.0480000000e+03    7.2749869432e-03    5.0714039522e-01
       354   -1.4497458379e+02    2.1020080633e+04   -2.3371468403e+02    8.8740100238e+01    1.1046175764e+02   -3.6168415216e+02    1.7507710487e+01    2.0480000000e+03    7.2640685830e-03    5.0621553309e-01
       355   -1.4497058418e+02    2.1018827765e+04   -2.3447597531e+02    8.9505391137e+01    1.1033914331e+02   -3.6201806000e+02    1.7202941372e+01    2.0480000000e+03    7.2657593992e-03    5.0629021140e-01
       356   -1.4497375484e+02    2.1020390020e+04   -2.3381127814e+02    8.8837523298e+01    1.0974791354e+02   -3.5990656026e+02    1.6347368575e+01    2.0480000000e+03    7.2671277449e-03    5.0646254596e-01
       357   -1.4505845382e+02    2.1044915489e+04   -2.3357713828e+02    8.8518684459e+01    1.1000395079e+02   -3.6079700589e+02    1.7215916822e+01    2.0480000000e+03    7.2881323285e-03    5.1071920956e-01
       358   -1.4504148487e+02    2.1039624000e+04   -2.3436779060e+02    8.9326305733e+01    1.1074891009e+02   -3.6234147920e+02    1.7224778512e+01    2.0480000000e+03    7.2704642080e-03    5.0581341912e-01
       359   -1.4500895342e+02    2.1030166243e+04   -2.3438958209e+02    8.9380628669e+01    1.1071998271e+02   -3.6227742090e+02    1.7167856102e+01    2.0480000000e+03    7.2876629420e-03    5.0591681985e-01
       360   -1.4497375607e+02    2.1020211674e+04   -2.3491481821e+02    8.9941062143e+01    1.1091985500e+02   -3.6300248738e+02    1.7167814165e+01    2.0480000000e+03    7.2900124360e-03    5.0697954963e-01
       361   -1.4491916518e+02    2.1004117962e+04   -2.3459429730e+02    8.9675132113e+01    1.1120604873e+02   -3.6365295467e+02    1.7852608647e+01    2.0480000000e+03    7.2935023345e-03    5.0654871324e-01
       362   -1.4500706290e+02    2.1029548193e+04   -2.3378205360e+02    8.8774990694e+01    1.1072928263e+02   -3.6185204490e+02    1.7340708679e+01    2.0480000000e+03    7.2886380367e-03    5.0747931985e-01
       363   -1.4496552979e+02    2.1017972316e+04   -2.3368456383e+02    8.8719034043e+01    1.1029451913e+02   -3.6091031657e+02    1.6931233607e+01    2.0480000000e+03    7.2839667555e-03    5.0842141544e-01
       364   -1.4501571090e+02    2.1032598454e+04   -2.3337372512e+02    8.8358014220e+01    1.1056864074e+02   -3.6110480633e+02    1.7162440474e+01    2.0480000000e+03    7.2760626208e-03    5.0651424632e-01
       365   -1.4498705838e+02    2.1023670213e+04   -2.3407306259e+02    8.9086004210e+01    1.1073169824e+02   -3.6203910680e+02    1.7234345965e+01    2.0480000000e+03    7.2686325293e-03    5.0565257353e-01
       366   -1.4498749551e+02    2.1024165115e+04   -2.3393980286e+02    8.8952307345e+01    1.1069139584e+02   -3.6219256942e+02    1.7561370718e+01    2.0480000000e+03    7.2871872690e-03    5.0736443015e-01
       367   -1.4500853957e+02    2.1030042635e+04   -2.3371855342e+02    8.8710013844e+01    1.1071512335e+02   -3.6131348950e+02    1.6879812740e+01    2.0480000000e+03    7.2677989956e-03    5.0630170037e-01
       368   -1.4500209035e+02    2.1028818824e+04   -2.3512952386e+02    9.0127433515e+01    1.1094340857e+02   -3.6322636558e+02    1.7153433149e+01    2.0480000000e+03    7.2943016421e-03    5.0722656250e-01
       369   -1.4497466157e+02    2.1020943108e+04   -2.3587970562e+02    9.0905044057e+01    1.1134670443e+02   -3.6442269755e+02    1.7196287498e+01    2.0480000000e+03    7.2837588377e-03    5.0555491728e-01
       370   -1.4495154262e+02    2.1013972732e+04   -2.3496268550e+02    9.0011142881e+01    1.1094378721e+02   -3.6364133345e+02    1.7734860735e+01    2.0480000000e+03    7.2842575610e-03    5.0660041360e-01
       371   -1.4502822704e+02    2.1036072952e+04   -2.3254226860e+02    8.7514041561e+01    1.1019568199e+02   -3.5985654296e+02    1.7118592374e+01    2.0480000000e+03    7.2926417924e-03    5.0966796875e-01
       372   -1.4498251215e+02    2.1022529785e+04   -2.3417974018e+02    8.9197228029e+01    1.1055519827e+02   -3.6170142440e+02    1.6966485945e+01    2.0480000000e+03    7.2883467656e-03    5.0828354779e-01
       373   -1.4491222324e+02    2.1001778526e+04   -2.3376838360e+02    8.8856160355e+01    1.1068224791e+02   -3.6246196030e+02    1.8011328795e+01    2.0480000000e+03    7.2672937531e-03    5.0719784007e-01
       374   -1.4497181451e+02    2.1019284731e+04   -2.3442652022e+02    8.9454705710e+01    1.1058287524e+02   -3.6221357582e+02    1.7204180357e+01    2.0480000000e+03    7.2629612405e-03    5.0693359375e-01
       375   -1.4500890084e+02    2.1030013090e+04   -2.3467900225e+02    8.9670101410e+01    1.1070143943e+02   -3.6247962392e+02    1.7099182232e+01    2.0480000000e+03    7.2556145024e-03    5.0614659926e-01
       376   -1.4493524182e+02    2.1008852620e+04   -2.3322174156e+02    8.8286499747e+01    1.1046895473e+02   -3.6146908511e+02    1.7778388816e+01    2.0480000000e+03    7.2813536972e-03    5.0870289522e-01
       377   -1.4501966898e+02    2.1033523760e+04   -2.3450437085e+02    8.9484701870e+01    1.1035939148e+02   -3.6248112081e+02    1.7617358485e+01    2.0480000000e+03    7.2613426019e-03    5.0655445772e-01
       378   -1.4498936036e+02    2.1024570573e+04   -2.3331694725e+02    8.8327586891e+01    1.1046998307e+02   -3.6198533801e+02    1.8198407681e+01    2.0480000000e+03    7.2768481914e-03    5.0804802390e-01
       379   -1.4505094867e+02    2.1041934754e+04   -2.3414892961e+02    8.9097980942e+01    1.1044377423e+02   -3.6240719229e+02    1.7814488454e+01    2.0480000000e+03    7.2686588392e-03    5.0730124081e-01
       380   -1.4489284729e+02    2.0997013776e+04   -2.3518089144e+02    9.0288044148e+01    1.1108795875e+02   -3.6357991434e+02    1.7311064147e+01    2.0480000000e+03    7.2900906671e-03    5.0754250919e-01
       381   -1.4502378464e+02    2.1034835623e+04   -2.3566575685e+02    9.0641972209e+01    1.1103879536e+02   -3.6366440419e+02    1.6959851976e+01    2.0480000000e+03    7.2876443155e-03    5.0651999081e-01
       382   -1.4492024906e+02    2.1004223345e+04   -2.3479997971e+02    8.9879730652e+01    1.1079887722e+02   -3.6329519543e+02    1.7696338500e+01    2.0480000000e+03    7.2795120068e-03    5.0629021140e-01
       383   -1.4497433938e+02    2.1020350591e+04   -2.3390780728e+02    8.8933467901e+01    1.1086429264e+02   -3.6198315954e+02    1.7211059622e+01    2.0480000000e+03    7.2802403010e-03    5.0673828125e-01
       384   -1.4498175264e+02    2.1022231153e+04   -2.3460270706e+02    8.9620954422e+01    1.1074345656e+02   -3.6337970355e+02    1.8033539934e+01    2.0480000000e+03    7.2721219622e-03    5.0641659007e-01
       385   -1.4503133941e+02    2.1036847366e+04   -2.3560043086e+02    9.0569091451e+01    1.1103966276e+02   -3.6298206654e+02    1.6341972915e+01    2.0480000000e+03    7.3000313714e-03    5.0778377757e-01
       386   -1.4496457975e+02    2.1018583846e+04   -2.3505406956e+02    9.0089489811e+01    1.1126072048e+02   -3.6343421452e+02    1.7119424486e+01    2.0480000000e+03    7.2921824176e-03    5.0700252757e-01
       387   -1.4499746161e+02    2.1026727080e+04   -2.3542389636e+02    9.0426434745e+01    1.1072348925e+02   -3.6287559052e+02    1.6728204913e+01    2.0480000000e+03    7.2829006240e-03    5.0616383272e-01
       388   -1.4497935196e+02    2.1022133778e+04   -2.3470232567e+02    8.9722973713e+01    1.1096760415e+02   -3.6338323177e+02    1.7713301949e+01    2.0480000000e+03    7.2639656719e-03    5.0534811581e-01
       389   -1.4498946490e+02    2.1024594231e+04   -2.3374921899e+02    8.8759754094e+01    1.1067501727e+02   -3.6269271089e+02    1.8268474625e+01    2.0480000000e+03    7.2678246070e-03    5.0562385110e-01
       390   -1.4499009857e+02    2.1024775411e+04   -2.3469046527e+02    8.9700366698e+01    1.1046207723e+02   -3.6216017456e+02    1.7007632064e+01    2.0480000000e+03    7.2735294234e-03    5.0653147978e-01
       391   -1.4494572831e+02    2.1012021508e+04   -2.3315789594e+02    8.8212167630e+01    1.1036301936e+02   -3.6170078693e+02    1.8179871634e+01    2.0480000000e+03    7.2753999848e-03    5.0830652574e-01
       392   -1.4498444434e+02    2.1022893418e+04   -2.3440441552e+02    8.9419971179e+01    1.1052658049e+02   -3.6280628884e+02    1.7875292834e+01    2.0480000000e+03    7.2640893050e-03    5.0671530331e-01
       393   -1.4498720870e+02    2.1023895999e+04   -2.3322839037e+02    8.8241181673e+01    1.1019854724e+02   -3.6107887166e+02    1.7651934046e+01    2.0480000000e+03    7.2534235660e-03    5.0617532169e-01
       394   -1.4493624883e+02    2.1009155429e+04   -2.3333782762e+02    8.8401578790e+01    1.0992282970e+02   -3.6011753832e+02    1.6856880999e+01    2.0480000000e+03    7.2620597202e-03    5.0827205882e-01
       395   -1.4496758032e+02    2.1018115441e+04   -2.3326782313e+02    8.8300242804e+01    1.1023317471e+02   -3.6169323864e+02    1.8192240803e+01    2.0480000000e+03    7.2588785551e-03    5.0689912684e-01
       396   -1.4494582294e+02    2.1012090022e+04   -2.3490759695e+02    8.9961774003e+01    1.1061428349e+02   -3.6257747749e+02    1.7055597050e+01    2.0480000000e+03    7.2847064584e-03    5.0853630515e-01
       397   -1.4502751814e+02    2.1035277285e+04   -2.3392857161e+02    8.8901053465e+01    1.1066180125e+02   -3.6167357551e+02    1.7083202646e+01    2.0480000000e+03    7.2767396923e-03    5.0590533088e-01
       398   -1.4498853052e+02    2.1024524832e+04   -2.3534311692e+02    9.0354586404e+01    1.1076265277e+02   -3.6298077168e+02    1.6875001989e+01    2.0480000000e+03    7.2696683928e-03    5.0643382353e-01
       399   -1.4496111784e+02    2.1016231065e+04   -2.3521002688e+02    9.0248909042e+01    1.1108776609e+02   -3.6430189611e+02    1.8004103141e+01    2.0480000000e+03    7.2857509367e-03    5.0743910846e-01
