 $DATA  
                                                                                
C1       0
HE          2.0      0.0000000000      0.0000000000      0.0000000000
   S       8
     1             39.3209310000  0.01006570
     2             17.1745280000  0.02487620
     3              7.5014610000  0.05825370
     4              3.2764750000  0.13445960
     5              1.4310930000  0.24431180
     6              0.6250700000  0.34250610
     7              0.2730170000  0.28264700
     8              0.1192480000  0.07392530
   S       1
     1              0.3205600000  1.00000000
   S       1
     1              0.1124770000  1.00000000
   P       1
     1              1.2725230000  1.00000000
   P       1
     1              0.2570750000  1.00000000
        
 $END      
--- OPEN SHELL ORBITALS --- GENERATED AT Thu Feb 21 11:31:19 2019
                                                                                
E(ROHF)=       -2.8616794722, E(NUC)=    0.0000000000,    7 ITERS
 $VEC   
 1  1 9.99997846E-01 2.84661469E-06-6.27898373E-07 0.00000000E+00 0.00000000E+00
 1  2 0.00000000E+00 0.00000000E+00 0.00000000E+00 0.00000000E+00
 2  1-2.86759450E-01-8.68196077E-01 1.62783259E+00 0.00000000E+00 0.00000000E+00
 2  2 0.00000000E+00 0.00000000E+00 0.00000000E+00 0.00000000E+00
 3  1 0.00000000E+00 0.00000000E+00 0.00000000E+00 0.00000000E+00-2.74436726E-02
 3  2 0.00000000E+00 0.00000000E+00 1.01298483E+00 0.00000000E+00
 4  1 0.00000000E+00 0.00000000E+00 0.00000000E+00-2.74436726E-02 0.00000000E+00
 4  2 0.00000000E+00 1.01298483E+00 0.00000000E+00 0.00000000E+00
 5  1 0.00000000E+00 0.00000000E+00 0.00000000E+00 0.00000000E+00 0.00000000E+00
 5  2-2.74436726E-02 0.00000000E+00 0.00000000E+00 1.01298483E+00
 6  1-2.22392244E+00 3.12599624E+00-9.04472871E-01 0.00000000E+00 0.00000000E+00
 6  2 0.00000000E+00 0.00000000E+00 0.00000000E+00 0.00000000E+00
 7  1 0.00000000E+00 0.00000000E+00 0.00000000E+00 1.14219199E+00 0.00000000E+00
 7  2 0.00000000E+00-5.28410285E-01 0.00000000E+00 0.00000000E+00
 8  1 0.00000000E+00 0.00000000E+00 0.00000000E+00 0.00000000E+00 0.00000000E+00
 8  2 1.14219199E+00 0.00000000E+00 0.00000000E+00-5.28410285E-01
 9  1 0.00000000E+00 0.00000000E+00 0.00000000E+00 0.00000000E+00 1.14219199E+00
 9  2 0.00000000E+00 0.00000000E+00-5.28410285E-01 0.00000000E+00
 $END   
 POPULATION ANALYSIS
HE           2.00000   0.00000   2.00000  -0.00000
 MOMENTS AT POINT    1 X,Y,Z=  0.000000  0.000000  0.000000
 DIPOLE       0.000000  0.000000  0.000000
