#   index    LocalEnergy         LocalEnergy_sq      LocalPotential      Kinetic             ElecElec            LocalECP            NonLocalECP         BlockWeight         BlockCPU            AcceptRatio         
         0   -7.1373198481e+01    5.0949194276e+03   -1.0629352457e+02    3.4920326091e+01    4.9516880237e+01   -1.6697988814e+02    1.1169483326e+01    2.0480000000e+03    5.4707387462e-03    5.9813701923e-01
         1   -7.1334828041e+01    5.0896671627e+03   -1.0611116405e+02    3.4776336013e+01    4.9499162782e+01   -1.6742825961e+02    1.1817932772e+01    2.0480000000e+03    5.3110802546e-03    5.9873046875e-01
         2   -7.1331542365e+01    5.0892484665e+03   -1.0590769233e+02    3.4576149963e+01    4.9366495404e+01   -1.6662319178e+02    1.1349004046e+01    2.0480000000e+03    5.2521380130e-03    5.9900090144e-01
         3   -7.1339870923e+01    5.0903386220e+03   -1.0577725751e+02    3.4437386589e+01    4.9508320909e+01   -1.6682068260e+02    1.1535104176e+01    2.0480000000e+03    5.2399623673e-03    5.9806189904e-01
         4   -7.1352079960e+01    5.0922912401e+03   -1.0632801816e+02    3.4975938198e+01    4.9724995055e+01   -1.6743904774e+02    1.1386034526e+01    2.0480000000e+03    5.2273308393e-03    5.9836237981e-01
         5   -7.1360174524e+01    5.0933543038e+03   -1.0635514031e+02    3.4994965783e+01    4.9658766963e+01   -1.6759042425e+02    1.1576516984e+01    2.0480000000e+03    5.2244774997e-03    5.9907602163e-01
         6   -7.1299137735e+01    5.0843625245e+03   -1.0583274680e+02    3.4533609065e+01    4.9522416131e+01   -1.6697461985e+02    1.1619456917e+01    2.0480000000e+03    5.2180171479e-03    5.9785156250e-01
         7   -7.1315452387e+01    5.0869790746e+03   -1.0627165632e+02    3.4956203932e+01    4.9556592503e+01   -1.6752112947e+02    1.1692880645e+01    2.0480000000e+03    5.2362182178e-03    5.9967698317e-01
         8   -7.1324492469e+01    5.0882111920e+03   -1.0638929368e+02    3.5064801209e+01    4.9468736076e+01   -1.6721117877e+02    1.1353149018e+01    2.0480000000e+03    5.2269434091e-03    6.0044320913e-01
         9   -7.1293608778e+01    5.0838686871e+03   -1.0610656437e+02    3.4812955592e+01    4.9652667418e+01   -1.6784365879e+02    1.2084427004e+01    2.0480000000e+03    5.2086769138e-03    5.9821965144e-01
        10   -7.1315561428e+01    5.0869425010e+03   -1.0593449818e+02    3.4618936748e+01    4.9620470417e+01   -1.6730372507e+02    1.1748756472e+01    2.0480000000e+03    5.2119612228e-03    5.9868539663e-01
        11   -7.1353296998e+01    5.0922808429e+03   -1.0612889248e+02    3.4775595482e+01    4.9827039423e+01   -1.6768334424e+02    1.1727412339e+01    2.0480000000e+03    5.2147661336e-03    5.9970703125e-01
        12   -7.1342229505e+01    5.0908981115e+03   -1.0649555678e+02    3.5153327274e+01    4.9859969585e+01   -1.6836666729e+02    1.2011140927e+01    2.0480000000e+03    5.2054750267e-03    5.9762620192e-01
        13   -7.1362490883e+01    5.0937392536e+03   -1.0708501414e+02    3.5722523255e+01    5.0025269750e+01   -1.6879202488e+02    1.1681740995e+01    2.0480000000e+03    5.2039197180e-03    5.9740835337e-01
        14   -7.1349887623e+01    5.0917665855e+03   -1.0711689059e+02    3.5767002964e+01    5.0020905077e+01   -1.6868139433e+02    1.1543598660e+01    2.0480000000e+03    5.1904267166e-03    5.9641676683e-01
        15   -7.1354444845e+01    5.0923691674e+03   -1.0644100368e+02    3.5086558832e+01    4.9978035949e+01   -1.6806011335e+02    1.1641073728e+01    2.0480000000e+03    5.1917468663e-03    5.9725060096e-01
        16   -7.1361373313e+01    5.0935186514e+03   -1.0582666014e+02    3.4465286826e+01    4.9849109459e+01   -1.6757124180e+02    1.1895472205e+01    2.0480000000e+03    5.1847596187e-03    5.9612379808e-01
        17   -7.1369471229e+01    5.0945644533e+03   -1.0630956789e+02    3.4940096660e+01    4.9667631176e+01   -1.6704133070e+02    1.1064131631e+01    2.0480000000e+03    5.2013397217e-03    5.9886568510e-01
        18   -7.1372384417e+01    5.0961512681e+03   -1.0676057625e+02    3.5388191835e+01    4.9695059419e+01   -1.6768349643e+02    1.1227860763e+01    2.0480000000e+03    5.1888902672e-03    5.9733323317e-01
        19   -7.1343255779e+01    5.0908161829e+03   -1.0587681413e+02    3.4533558349e+01    4.9627569847e+01   -1.6713910330e+02    1.1634719322e+01    2.0480000000e+03    5.1882315893e-03    5.9921875000e-01
        20   -7.1341628187e+01    5.0906002709e+03   -1.0656120259e+02    3.5219574405e+01    4.9821961475e+01   -1.6804067564e+02    1.1657511569e+01    2.0480000000e+03    5.1878567319e-03    5.9661959135e-01
        21   -7.1366902553e+01    5.0943065970e+03   -1.0672055547e+02    3.5353652913e+01    4.9610867608e+01   -1.6818246733e+02    1.1851044252e+01    2.0480000000e+03    5.1843279507e-03    5.9855018029e-01
        22   -7.1353378458e+01    5.0922014964e+03   -1.0688408481e+02    3.5530706352e+01    4.9817232422e+01   -1.6828776995e+02    1.1586452716e+01    2.0480000000e+03    5.1966842730e-03    5.9960186298e-01
        23   -7.1340872133e+01    5.0905255069e+03   -1.0657198177e+02    3.5231109636e+01    4.9823455410e+01   -1.6837522926e+02    1.1979792084e+01    2.0480000000e+03    5.1673995331e-03    5.9577824519e-01
        24   -7.1298671565e+01    5.0848691689e+03   -1.0658984947e+02    3.5291177903e+01    4.9671967337e+01   -1.6783500334e+02    1.1573186536e+01    2.0480000000e+03    5.2132438868e-03    6.0009765625e-01
        25   -7.1332612100e+01    5.0892880951e+03   -1.0602874068e+02    3.4696128577e+01    4.9584944079e+01   -1.6717981239e+02    1.1566127638e+01    2.0480000000e+03    5.1762785297e-03    5.9771634615e-01
        26   -7.1382131614e+01    5.0963179919e+03   -1.0614334800e+02    3.4761216390e+01    4.9660292498e+01   -1.6716344253e+02    1.1359802026e+01    2.0480000000e+03    5.1852420438e-03    5.9776893029e-01
        27   -7.1328385230e+01    5.0885989504e+03   -1.0635695467e+02    3.5028569438e+01    4.9502363079e+01   -1.6754527715e+02    1.1685959399e+01    2.0480000000e+03    5.1823114045e-03    5.9827974760e-01
        28   -7.1384446094e+01    5.0967934843e+03   -1.0614342763e+02    3.4758981538e+01    4.9505380557e+01   -1.6710221445e+02    1.1453406265e+01    2.0480000000e+03    5.1799756475e-03    5.9918118990e-01
        29   -7.1362613685e+01    5.0935241094e+03   -1.0626858999e+02    3.4905976304e+01    4.9340757072e+01   -1.6704841140e+02    1.1439064335e+01    2.0480000000e+03    5.1666668151e-03    5.9808443510e-01
        30   -7.1333551723e+01    5.0894624309e+03   -1.0583585798e+02    3.4502306261e+01    4.9376018105e+01   -1.6697066005e+02    1.1758783960e+01    2.0480000000e+03    5.1836818457e-03    6.0044320913e-01
        31   -7.1316502343e+01    5.0871689752e+03   -1.0583450505e+02    3.4518002703e+01    4.9363642572e+01   -1.6657682006e+02    1.1378672445e+01    2.0480000000e+03    5.1846802235e-03    5.9979717548e-01
        32   -7.1347552958e+01    5.0915998400e+03   -1.0659919887e+02    3.5251645916e+01    4.9311975662e+01   -1.6729586495e+02    1.1384690411e+01    2.0480000000e+03    5.1532855723e-03    5.9689753606e-01
        33   -7.1320440605e+01    5.0876148625e+03   -1.0607325628e+02    3.4752815672e+01    4.9460250622e+01   -1.6701171133e+02    1.1478204432e+01    2.0480000000e+03    5.1803523675e-03    5.9966195913e-01
        34   -7.1368857476e+01    5.0946749390e+03   -1.0628809697e+02    3.4919239490e+01    4.9862355040e+01   -1.6813900281e+02    1.1988550800e+01    2.0480000000e+03    5.1830892917e-03    5.9807692308e-01
        35   -7.1346927205e+01    5.0913508246e+03   -1.0666445429e+02    3.5317527084e+01    4.9765485383e+01   -1.6815051056e+02    1.1720570886e+01    2.0480000000e+03    5.1717057358e-03    5.9875300481e-01
        36   -7.1332963154e+01    5.0894446167e+03   -1.0625874278e+02    3.4925779624e+01    4.9495031504e+01   -1.6748323177e+02    1.1729457484e+01    2.0480000000e+03    5.1766196266e-03    6.0078876202e-01
        37   -7.1353118805e+01    5.0922809893e+03   -1.0641565500e+02    3.5062536197e+01    4.9542056227e+01   -1.6735662151e+02    1.1398910279e+01    2.0480000000e+03    5.1592057571e-03    5.9715294471e-01
        38   -7.1329612440e+01    5.0890736477e+03   -1.0650585957e+02    3.5176247132e+01    4.9662211719e+01   -1.6781548261e+02    1.1647411323e+01    2.0480000000e+03    5.1640870515e-03    5.9681490385e-01
        39   -7.1295839813e+01    5.0841607567e+03   -1.0668453006e+02    3.5388690245e+01    4.9731465318e+01   -1.6821578058e+02    1.1799785201e+01    2.0480000000e+03    5.1810219884e-03    5.9713040865e-01
        40   -7.1315308045e+01    5.0869798710e+03   -1.0683394562e+02    3.5518637580e+01    4.9709874112e+01   -1.6830359901e+02    1.1759779275e+01    2.0480000000e+03    5.1624611951e-03    5.9704777644e-01
        41   -7.1317595032e+01    5.0875349845e+03   -1.0696365076e+02    3.5646055731e+01    4.9648045330e+01   -1.6788655506e+02    1.1274858969e+01    2.0480000000e+03    5.1769341808e-03    5.9719801683e-01
        42   -7.1328583718e+01    5.0887554734e+03   -1.0759094408e+02    3.6262360366e+01    4.9676637556e+01   -1.6888345586e+02    1.1615874217e+01    2.0480000000e+03    5.2031592932e-03    5.9989483173e-01
        43   -7.1377736804e+01    5.0956825296e+03   -1.0631708639e+02    3.4939349582e+01    4.9626141194e+01   -1.6756241300e+02    1.1619185417e+01    2.0480000000e+03    5.1766696852e-03    5.9809194712e-01
        44   -7.1311314315e+01    5.0865070099e+03   -1.0641718485e+02    3.5105870540e+01    4.9436362105e+01   -1.6678570168e+02    1.0932154715e+01    2.0480000000e+03    5.1883754786e-03    5.9961688702e-01
        45   -7.1377689258e+01    5.0956635745e+03   -1.0670102261e+02    3.5323333348e+01    4.9795780610e+01   -1.6820257991e+02    1.1705776691e+01    2.0480000000e+03    5.1570483483e-03    5.9565054087e-01
        46   -7.1349482370e+01    5.0918913908e+03   -1.0683931104e+02    3.5489828671e+01    4.9697879769e+01   -1.6880332935e+02    1.2266138539e+01    2.0480000000e+03    5.1732899155e-03    5.9872295673e-01
        47   -7.1320605477e+01    5.0877860611e+03   -1.0649912814e+02    3.5178522659e+01    4.9876636065e+01   -1.6871414346e+02    1.2338379256e+01    2.0480000000e+03    5.1694496069e-03    5.9749849760e-01
        48   -7.1346558720e+01    5.0912911926e+03   -1.0641145526e+02    3.5064896542e+01    4.9736150386e+01   -1.6757259631e+02    1.1424990660e+01    2.0480000000e+03    5.1823635586e-03    5.9951923077e-01
        49   -7.1327316777e+01    5.0885565060e+03   -1.0634614699e+02    3.5018830212e+01    4.9718231413e+01   -1.6801088744e+02    1.1946509038e+01    2.0480000000e+03    5.1683054771e-03    5.9797926683e-01
        50   -7.1318410966e+01    5.0875693887e+03   -1.0649308465e+02    3.5174673684e+01    4.9751173967e+01   -1.6823143958e+02    1.1987180963e+01    2.0480000000e+03    5.1723658107e-03    5.9787409856e-01
        51   -7.1340150903e+01    5.0903506373e+03   -1.0666921527e+02    3.5329064372e+01    4.9833830676e+01   -1.6829250650e+02    1.1789460548e+01    2.0480000000e+03    5.1623415202e-03    5.9752854567e-01
        52   -7.1299624446e+01    5.0846138851e+03   -1.0655145738e+02    3.5251832930e+01    4.9802152029e+01   -1.6835027269e+02    1.1996663290e+01    2.0480000000e+03    5.1824534312e-03    5.9984224760e-01
        53   -7.1328276864e+01    5.0887024065e+03   -1.0663710348e+02    3.5308826621e+01    4.9698970872e+01   -1.6811614949e+02    1.1780075129e+01    2.0480000000e+03    5.1786950789e-03    5.9797926683e-01
        54   -7.1346568625e+01    5.0913306076e+03   -1.0620362380e+02    3.4857055175e+01    4.9626429548e+01   -1.6783744561e+02    1.2007392264e+01    2.0480000000e+03    5.1842196845e-03    5.9906850962e-01
        55   -7.1345560570e+01    5.0909748531e+03   -1.0637939998e+02    3.5033839407e+01    4.9596910821e+01   -1.6721400103e+02    1.1237690231e+01    2.0480000000e+03    5.1782974042e-03    5.9923377404e-01
        56   -7.1356304840e+01    5.0927286612e+03   -1.0636114398e+02    3.5004839137e+01    4.9611452423e+01   -1.6789352090e+02    1.1920924503e+01    2.0480000000e+03    5.1741714124e-03    5.9782151442e-01
        57   -7.1315636138e+01    5.0869177437e+03   -1.0643035551e+02    3.5114719371e+01    4.9683206321e+01   -1.6780289152e+02    1.1689329686e+01    2.0480000000e+03    5.1749914419e-03    5.9710036058e-01
        58   -7.1333641818e+01    5.0894571814e+03   -1.0596648009e+02    3.4632838274e+01    4.9452203777e+01   -1.6681526397e+02    1.1396580100e+01    2.0480000000e+03    5.1776848268e-03    5.9951923077e-01
        59   -7.1358606444e+01    5.0931772072e+03   -1.0658410663e+02    3.5225500188e+01    4.9737093409e+01   -1.6764059379e+02    1.1319393749e+01    2.0480000000e+03    5.1581503358e-03    5.9582331731e-01
        60   -7.1332448329e+01    5.0892862408e+03   -1.0654354723e+02    3.5211098905e+01    4.9736983441e+01   -1.6742273430e+02    1.1142203620e+01    2.0480000000e+03    5.1738412585e-03    5.9655949519e-01
        61   -7.1311399685e+01    5.0862190325e+03   -1.0704721398e+02    3.5735814291e+01    4.9861192413e+01   -1.6836093310e+02    1.1452526713e+01    2.0480000000e+03    5.1822697278e-03    5.9933143029e-01
        62   -7.1332357971e+01    5.0894103306e+03   -1.0674685399e+02    3.5414496020e+01    4.9715950793e+01   -1.6783094954e+02    1.1368144755e+01    2.0480000000e+03    5.1713441499e-03    5.9704026442e-01
        63   -7.1340471366e+01    5.0905167146e+03   -1.0644684856e+02    3.5106377191e+01    4.9517742882e+01   -1.6736868793e+02    1.1404096490e+01    2.0480000000e+03    5.1842869725e-03    5.9814453125e-01
        64   -7.1334554771e+01    5.0894827373e+03   -1.0603685526e+02    3.4702300486e+01    4.9236301610e+01   -1.6659620088e+02    1.1323044009e+01    2.0480000000e+03    5.1772445440e-03    5.9855769231e-01
        65   -7.1330190187e+01    5.0888885267e+03   -1.0679129042e+02    3.5461100230e+01    4.9498180502e+01   -1.6790633540e+02    1.1616864478e+01    2.0480000000e+03    5.1632174291e-03    5.9581580529e-01
        66   -7.1330309134e+01    5.0889932696e+03   -1.0671008618e+02    3.5379777049e+01    4.9766933693e+01   -1.6849118600e+02    1.2014166120e+01    2.0480000000e+03    5.1695380826e-03    5.9739332933e-01
        67   -7.1274694783e+01    5.0811785029e+03   -1.0633465899e+02    3.5059964206e+01    4.9551425698e+01   -1.6795829226e+02    1.2072207570e+01    2.0480000000e+03    5.1925645676e-03    6.0016526442e-01
        68   -7.1312241960e+01    5.0867219470e+03   -1.0626037162e+02    3.4948129665e+01    4.9657838493e+01   -1.6752286863e+02    1.1604658510e+01    2.0480000000e+03    5.1799893845e-03    5.9867037260e-01
        69   -7.1342252150e+01    5.0906102024e+03   -1.0632677672e+02    3.4984524574e+01    4.9495934023e+01   -1.6737363043e+02    1.1550919679e+01    2.0480000000e+03    5.1661094185e-03    5.9886568510e-01
        70   -7.1337395078e+01    5.0901130033e+03   -1.0616568627e+02    3.4828291196e+01    4.9382368254e+01   -1.6749780460e+02    1.1949750073e+01    2.0480000000e+03    5.1631673705e-03    5.9724308894e-01
        71   -7.1324580848e+01    5.0880614538e+03   -1.0603918506e+02    3.4714604209e+01    4.9541055379e+01   -1.6732150587e+02    1.1741265436e+01    2.0480000000e+03    5.1605517510e-03    5.9658203125e-01
        72   -7.1337183573e+01    5.0898872869e+03   -1.0647298681e+02    3.5135803238e+01    4.9464006683e+01   -1.6743248773e+02    1.1495494236e+01    2.0480000000e+03    5.1723571960e-03    5.9879807692e-01
        73   -7.1322206185e+01    5.0880067875e+03   -1.0700693350e+02    3.5684727316e+01    4.9837530770e+01   -1.6877587939e+02    1.1931415119e+01    2.0480000000e+03    5.1658188459e-03    5.9743840144e-01
        74   -7.1320525289e+01    5.0875347338e+03   -1.0658784032e+02    3.5267315032e+01    4.9574917804e+01   -1.6778027842e+02    1.1617520294e+01    2.0480000000e+03    5.1779181231e-03    5.9960186298e-01
        75   -7.1342206377e+01    5.0907641965e+03   -1.0691796659e+02    3.5575760216e+01    4.9673316387e+01   -1.6766586087e+02    1.1074577896e+01    2.0480000000e+03    5.1662756596e-03    5.9711538462e-01
        76   -7.1314125013e+01    5.0866966160e+03   -1.0671733206e+02    3.5403207052e+01    4.9819334327e+01   -1.6835369183e+02    1.1817025437e+01    2.0480000000e+03    5.1817344502e-03    5.9863281250e-01
        77   -7.1294371351e+01    5.0839140931e+03   -1.0639446339e+02    3.5100092035e+01    4.9775090558e+01   -1.6812403951e+02    1.1954485567e+01    2.0480000000e+03    5.1969627384e-03    5.9957932692e-01
        78   -7.1321764363e+01    5.0879518682e+03   -1.0646783713e+02    3.5146072771e+01    4.9506983689e+01   -1.6743449908e+02    1.1459678258e+01    2.0480000000e+03    5.2040431183e-03    6.0084134615e-01
        79   -7.1326564012e+01    5.0884815302e+03   -1.0681587303e+02    3.5489309018e+01    4.9661666289e+01   -1.6780879385e+02    1.1331254535e+01    2.0480000000e+03    5.1716591697e-03    5.9664212740e-01
        80   -7.1331115558e+01    5.0893645183e+03   -1.0666703685e+02    3.5335921292e+01    4.9978842531e+01   -1.6847498425e+02    1.1829104869e+01    2.0480000000e+03    5.1665643696e-03    5.9577824519e-01
        81   -7.1324888230e+01    5.0881165435e+03   -1.0646355236e+02    3.5138664133e+01    4.9766688454e+01   -1.6772406859e+02    1.1493827771e+01    2.0480000000e+03    5.1647103392e-03    5.9692007212e-01
        82   -7.1383236884e+01    5.0965503924e+03   -1.0637973214e+02    3.4996495254e+01    4.9980549787e+01   -1.6817166309e+02    1.1811381165e+01    2.0480000000e+03    5.1770203281e-03    5.9689753606e-01
        83   -7.1291107159e+01    5.0833649673e+03   -1.0687105515e+02    3.5579947990e+01    4.9844108192e+01   -1.6843307475e+02    1.1717911413e+01    2.0480000000e+03    5.1798776258e-03    5.9834735577e-01
        84   -7.1292832378e+01    5.0837855169e+03   -1.0648701966e+02    3.5194187277e+01    4.9741668458e+01   -1.6785780898e+02    1.1629120863e+01    2.0480000000e+03    5.1702659111e-03    5.9765625000e-01
        85   -7.1294243927e+01    5.0837751845e+03   -1.0709375333e+02    3.5799509399e+01    4.9803297096e+01   -1.6865745301e+02    1.1760402590e+01    2.0480000000e+03    5.1749972627e-03    5.9633413462e-01
        86   -7.1331479286e+01    5.0892337132e+03   -1.0665043473e+02    3.5318955445e+01    4.9774051102e+01   -1.6841352009e+02    1.1989034255e+01    2.0480000000e+03    5.2005727775e-03    5.9933143029e-01
        87   -7.1316502954e+01    5.0872749836e+03   -1.0631726950e+02    3.5000766546e+01    4.9543504283e+01   -1.6790447193e+02    1.2043698146e+01    2.0480000000e+03    5.1926218439e-03    5.9780649038e-01
        88   -7.1349599822e+01    5.0918490369e+03   -1.0683455617e+02    3.5484956347e+01    4.9657874148e+01   -1.6797299251e+02    1.1480562192e+01    2.0480000000e+03    5.1949725021e-03    5.9813701923e-01
        89   -7.1346396244e+01    5.0912211667e+03   -1.0647894132e+02    3.5132545075e+01    4.9573572029e+01   -1.6766029519e+02    1.1607781841e+01    2.0480000000e+03    5.1761439536e-03    5.9858022837e-01
        90   -7.1291620348e+01    5.0835030092e+03   -1.0655840117e+02    3.5266780818e+01    4.9447896054e+01   -1.6737825910e+02    1.1371961882e+01    2.0480000000e+03    5.1900926046e-03    6.0037560096e-01
        91   -7.1377276322e+01    5.0958178497e+03   -1.0656021453e+02    3.5182938211e+01    4.9630307044e+01   -1.6759192456e+02    1.1401402982e+01    2.0480000000e+03    5.1853589248e-03    5.9760366587e-01
        92   -7.1294945557e+01    5.0838208009e+03   -1.0649373701e+02    3.5198791449e+01    4.9589909297e+01   -1.6763371720e+02    1.1550070896e+01    2.0480000000e+03    5.1921503618e-03    5.9668719952e-01
        93   -7.1324346403e+01    5.0880329980e+03   -1.0627038806e+02    3.4946041655e+01    4.9678085409e+01   -1.6755623745e+02    1.1607763984e+01    2.0480000000e+03    5.1786114927e-03    5.9703275240e-01
        94   -7.1305546795e+01    5.0855077889e+03   -1.0607926291e+02    3.4773716115e+01    4.9614133830e+01   -1.6745273814e+02    1.1759341398e+01    2.0480000000e+03    5.1730284467e-03    5.9852764423e-01
        95   -7.1323384858e+01    5.0879788986e+03   -1.0686117007e+02    3.5537785211e+01    4.9792615825e+01   -1.6787159629e+02    1.1217810397e+01    2.0480000000e+03    5.1729984116e-03    5.9528245192e-01
        96   -7.1309619846e+01    5.0861094024e+03   -1.0695815850e+02    3.5648538659e+01    4.9770442503e+01   -1.6834349996e+02    1.1614898950e+01    2.0480000000e+03    5.1854553167e-03    5.9746844952e-01
        97   -7.1368264686e+01    5.0944310068e+03   -1.0620168340e+02    3.4833418709e+01    4.9636585167e+01   -1.6742464401e+02    1.1586375451e+01    2.0480000000e+03    5.1829058211e-03    5.9762620192e-01
        98   -7.1306461746e+01    5.0856825885e+03   -1.0628592116e+02    3.4979459412e+01    4.9631761855e+01   -1.6738465503e+02    1.1466972019e+01    2.0480000000e+03    5.1822552923e-03    5.9861027644e-01
        99   -7.1317420689e+01    5.0871127943e+03   -1.0639452078e+02    3.5077100090e+01    4.9620152086e+01   -1.6749176663e+02    1.1477093763e+01    2.0480000000e+03    5.1806981210e-03    5.9758112981e-01
       100   -7.1336766192e+01    5.0899923283e+03   -1.0650961264e+02    3.5172846449e+01    4.9733827830e+01   -1.6770003238e+02    1.1456591910e+01    2.0480000000e+03    5.1893789787e-03    5.9871544471e-01
       101   -7.1337332821e+01    5.0903280385e+03   -1.0642289521e+02    3.5085562390e+01    5.0042088165e+01   -1.6862848311e+02    1.2163499729e+01    2.0480000000e+03    5.1912602503e-03    5.9918118990e-01
       102   -7.1324547795e+01    5.0881301817e+03   -1.0605808417e+02    3.4733536372e+01    4.9499977288e+01   -1.6706233403e+02    1.1504272570e+01    2.0480000000e+03    5.1739683840e-03    5.9822716346e-01
       103   -7.1323933337e+01    5.0881019330e+03   -1.0583297014e+02    3.4509036808e+01    4.9569916522e+01   -1.6703745376e+02    1.1634567098e+01    2.0480000000e+03    5.1726505626e-03    5.9783653846e-01
       104   -7.1331008851e+01    5.0890191907e+03   -1.0656098330e+02    3.5229974448e+01    4.9820593292e+01   -1.6769296066e+02    1.1311384064e+01    2.0480000000e+03    5.1682379562e-03    5.9735576923e-01
       105   -7.1300528718e+01    5.0847072090e+03   -1.0614335379e+02    3.4842825068e+01    4.9607325783e+01   -1.6736323030e+02    1.1612550734e+01    2.0480000000e+03    5.1709902473e-03    5.9824218750e-01
       106   -7.1294457579e+01    5.0838762672e+03   -1.0647899402e+02    3.5184536445e+01    4.9631557208e+01   -1.6745711637e+02    1.1346565137e+01    2.0480000000e+03    5.1708130632e-03    5.9909104567e-01
       107   -7.1299640673e+01    5.0847384186e+03   -1.0617163988e+02    3.4871999206e+01    4.9623851394e+01   -1.6757131549e+02    1.1775824212e+01    2.0480000000e+03    5.1801095251e-03    5.9930138221e-01
       108   -7.1332561562e+01    5.0895160693e+03   -1.0617625678e+02    3.4843695223e+01    4.9684860297e+01   -1.6757777494e+02    1.1716657853e+01    2.0480000000e+03    5.1804136019e-03    5.9750600962e-01
       109   -7.1319015152e+01    5.0875531916e+03   -1.0606083195e+02    3.4741816801e+01    4.9490528930e+01   -1.6686002598e+02    1.1308665097e+01    2.0480000000e+03    5.1616977435e-03    5.9511718750e-01
       110   -7.1320065256e+01    5.0875200395e+03   -1.0626384536e+02    3.4943780099e+01    4.9595065366e+01   -1.6742755776e+02    1.1568647035e+01    2.0480000000e+03    5.2297033835e-03    6.0169771635e-01
       111   -7.1362401447e+01    5.0935030934e+03   -1.0678580889e+02    3.5423407443e+01    4.9536811366e+01   -1.6746778247e+02    1.1145162219e+01    2.0480000000e+03    5.1786517724e-03    5.9698768029e-01
       112   -7.1319687903e+01    5.0874858708e+03   -1.0630265869e+02    3.4982970785e+01    4.9384037539e+01   -1.6683031437e+02    1.1143618144e+01    2.0480000000e+03    5.1862169057e-03    5.9963942308e-01
       113   -7.1311258540e+01    5.0867106075e+03   -1.0595204948e+02    3.4640790940e+01    4.9365611089e+01   -1.6665959788e+02    1.1341937309e+01    2.0480000000e+03    5.1823596004e-03    5.9616135817e-01
       114   -7.1283378540e+01    5.0825996496e+03   -1.0663265347e+02    3.5349274933e+01    4.9712756680e+01   -1.6779703302e+02    1.1451622872e+01    2.0480000000e+03    5.1804115064e-03    5.9883563702e-01
       115   -7.1311914240e+01    5.0863175905e+03   -1.0663365546e+02    3.5321741222e+01    4.9707921574e+01   -1.6792805124e+02    1.1586474202e+01    2.0480000000e+03    5.1749802660e-03    5.9671724760e-01
       116   -7.1300089906e+01    5.0846750384e+03   -1.0648122090e+02    3.5181130996e+01    4.9585210858e+01   -1.6748970442e+02    1.1423272658e+01    2.0480000000e+03    5.1705033984e-03    5.9847506010e-01
       117   -7.1371817623e+01    5.0950556880e+03   -1.0633612341e+02    3.4964305784e+01    4.9848461139e+01   -1.6832776482e+02    1.2143180270e+01    2.0480000000e+03    5.1898895763e-03    5.9833984375e-01
       118   -7.1339681618e+01    5.0906759768e+03   -1.0631659088e+02    3.4976909266e+01    4.9766079134e+01   -1.6756987007e+02    1.1487200051e+01    2.0480000000e+03    5.1988810301e-03    5.9803936298e-01
       119   -7.1354836889e+01    5.0926198626e+03   -1.0624521268e+02    3.4890375788e+01    4.9739117842e+01   -1.6777026247e+02    1.1785931954e+01    2.0480000000e+03    5.1817207132e-03    5.9788912260e-01
       120   -7.1306840321e+01    5.0856829252e+03   -1.0613013786e+02    3.4823297536e+01    4.9379794033e+01   -1.6703611298e+02    1.1526181087e+01    2.0480000000e+03    5.1869219169e-03    5.9875300481e-01
       121   -7.1305814644e+01    5.0855161090e+03   -1.0591695359e+02    3.4611138946e+01    4.9231912530e+01   -1.6660540346e+02    1.1456537341e+01    2.0480000000e+03    5.1798562054e-03    5.9790414663e-01
       122   -7.1345438305e+01    5.0911314868e+03   -1.0644052782e+02    3.5095089517e+01    4.9656836235e+01   -1.6784896285e+02    1.1751598793e+01    2.0480000000e+03    5.1795230247e-03    5.9804687500e-01
       123   -7.1333569537e+01    5.0893833458e+03   -1.0668802355e+02    3.5354454012e+01    4.9720434917e+01   -1.6837924090e+02    1.1970782435e+01    2.0480000000e+03    5.1840678789e-03    5.9854266827e-01
       124   -7.1316486243e+01    5.0871481318e+03   -1.0673669481e+02    3.5420208562e+01    4.9812655833e+01   -1.6856589195e+02    1.2016541317e+01    2.0480000000e+03    5.1719485782e-03    5.9730318510e-01
       125   -7.1315316300e+01    5.0868168557e+03   -1.0617126406e+02    3.4855947761e+01    4.9615988447e+01   -1.6717666041e+02    1.1389407905e+01    2.0480000000e+03    5.1661208272e-03    5.9685246394e-01
       126   -7.1334035547e+01    5.0894331871e+03   -1.0562633347e+02    3.4292297922e+01    4.9359941594e+01   -1.6700321062e+02    1.2016935556e+01    2.0480000000e+03    5.1692093257e-03    5.9794170673e-01
       127   -7.1348006309e+01    5.0916159522e+03   -1.0617232375e+02    3.4824317444e+01    4.9680197549e+01   -1.6752491580e+02    1.1672394497e+01    2.0480000000e+03    5.1643969491e-03    5.9539513221e-01
       128   -7.1324449226e+01    5.0883290512e+03   -1.0628560511e+02    3.4961155887e+01    4.9815082696e+01   -1.6783818560e+02    1.1737497788e+01    2.0480000000e+03    5.1821244415e-03    5.9774639423e-01
       129   -7.1344141368e+01    5.0910180893e+03   -1.0674105858e+02    3.5396917209e+01    4.9806972294e+01   -1.6832679025e+02    1.1778759381e+01    2.0480000000e+03    5.1902583800e-03    6.0045823317e-01
       130   -7.1318166966e+01    5.0874983640e+03   -1.0584260322e+02    3.4524436251e+01    4.9431625077e+01   -1.6667803363e+02    1.1403805337e+01    2.0480000000e+03    5.1816285122e-03    5.9951923077e-01
       131   -7.1376161213e+01    5.0955195382e+03   -1.0591987925e+02    3.4543718041e+01    4.9583666584e+01   -1.6712994209e+02    1.1626396255e+01    2.0480000000e+03    5.1599757280e-03    5.9755859375e-01
       132   -7.1369284500e+01    5.0948557900e+03   -1.0580797360e+02    3.4438689104e+01    4.9644919255e+01   -1.6778595535e+02    1.2333062486e+01    2.0480000000e+03    5.1779861096e-03    5.9794170673e-01
       133   -7.1356785202e+01    5.0927900083e+03   -1.0618330594e+02    3.4826520742e+01    4.9650462194e+01   -1.6789829699e+02    1.2064528847e+01    2.0480000000e+03    5.1688090898e-03    5.9728816106e-01
       134   -7.1312044271e+01    5.0863845901e+03   -1.0622130751e+02    3.4909263234e+01    4.9745869734e+01   -1.6810352989e+02    1.2136352651e+01    2.0480000000e+03    5.1679108292e-03    5.9757361779e-01
       135   -7.1267421013e+01    5.0800258806e+03   -1.0640068210e+02    3.5133261091e+01    4.9563244869e+01   -1.6763486609e+02    1.1670939113e+01    2.0480000000e+03    5.1559004933e-03    5.9628906250e-01
       136   -7.1317498334e+01    5.0870323895e+03   -1.0572832038e+02    3.4410822041e+01    4.9232845959e+01   -1.6632142790e+02    1.1360261564e+01    2.0480000000e+03    5.1552474033e-03    5.9624399038e-01
       137   -7.1324596533e+01    5.0881874345e+03   -1.0560002189e+02    3.4275425361e+01    4.9431653780e+01   -1.6631418858e+02    1.1282512911e+01    2.0480000000e+03    5.1943706349e-03    5.9731820913e-01
       138   -7.1344389550e+01    5.0908858215e+03   -1.0601467033e+02    3.4670280782e+01    4.9393141433e+01   -1.6701244365e+02    1.1604631881e+01    2.0480000000e+03    5.1718077157e-03    5.9704777644e-01
       139   -7.1344850475e+01    5.0911221938e+03   -1.0648517785e+02    3.5140327376e+01    4.9640567070e+01   -1.6758222114e+02    1.1456476220e+01    2.0480000000e+03    5.1755586173e-03    5.9821213942e-01
       140   -7.1321940691e+01    5.0878394610e+03   -1.0621594147e+02    3.4894000780e+01    4.9441191004e+01   -1.6724325276e+02    1.1586120288e+01    2.0480000000e+03    5.1616469864e-03    5.9693509615e-01
       141   -7.1332093355e+01    5.0893179434e+03   -1.0665461375e+02    3.5322520392e+01    4.9465719387e+01   -1.6802051440e+02    1.1900181265e+01    2.0480000000e+03    5.1744142547e-03    5.9956430288e-01
       142   -7.1367711888e+01    5.0948918863e+03   -1.0674139215e+02    3.5373680258e+01    4.9813245436e+01   -1.6802599022e+02    1.1471352636e+01    2.0480000000e+03    5.1698803436e-03    5.9566556490e-01
       143   -7.1318730644e+01    5.0873000267e+03   -1.0688715687e+02    3.5568426229e+01    4.9938446610e+01   -1.6876999865e+02    1.1944395165e+01    2.0480000000e+03    5.1731071435e-03    5.9653695913e-01
       144   -7.1356682360e+01    5.0930623790e+03   -1.0636228375e+02    3.5005601393e+01    4.9619929111e+01   -1.6776508099e+02    1.1782868125e+01    2.0480000000e+03    5.1747646648e-03    5.9776893029e-01
       145   -7.1375044300e+01    5.0953352568e+03   -1.0631168998e+02    3.4936645678e+01    4.9637472641e+01   -1.6805077956e+02    1.2101616942e+01    2.0480000000e+03    5.1708091050e-03    5.9846003606e-01
       146   -7.1306880121e+01    5.0856292296e+03   -1.0644432759e+02    3.5137447470e+01    4.9662504179e+01   -1.6823927707e+02    1.2132445297e+01    2.0480000000e+03    5.1810038276e-03    6.0099158654e-01
       147   -7.1342376950e+01    5.0906803694e+03   -1.0617275474e+02    3.4830377785e+01    4.9403942042e+01   -1.6678226244e+02    1.1205565666e+01    2.0480000000e+03    5.1814892795e-03    5.9861027644e-01
       148   -7.1325823687e+01    5.0883202826e+03   -1.0637322047e+02    3.5047396782e+01    4.9773852442e+01   -1.6829005472e+02    1.2142981812e+01    2.0480000000e+03    5.1781958900e-03    5.9734825721e-01
       149   -7.1304744216e+01    5.0853293536e+03   -1.0580179608e+02    3.4497051864e+01    4.9544482656e+01   -1.6731337759e+02    1.1967098852e+01    2.0480000000e+03    5.1918863319e-03    6.0012019231e-01
       150   -7.1317751669e+01    5.0872330919e+03   -1.0606024292e+02    3.4742491250e+01    4.9499312969e+01   -1.6723510073e+02    1.1675544846e+01    2.0480000000e+03    5.1628453657e-03    5.9759615385e-01
       151   -7.1330171208e+01    5.0890537159e+03   -1.0645587995e+02    3.5125708740e+01    4.9748516994e+01   -1.6774955117e+02    1.1545154224e+01    2.0480000000e+03    5.1953285001e-03    5.9861027644e-01
       152   -7.1293911757e+01    5.0839807346e+03   -1.0616583049e+02    3.4871918733e+01    4.9760450165e+01   -1.6786397263e+02    1.1937691975e+01    2.0480000000e+03    5.1663024351e-03    5.9903094952e-01
       153   -7.1330224601e+01    5.0890952004e+03   -1.0651567189e+02    3.5185447287e+01    4.9803803249e+01   -1.6878653586e+02    1.2467060721e+01    2.0480000000e+03    5.1839826629e-03    5.9909855769e-01
       154   -7.1295189237e+01    5.0841962428e+03   -1.0657179793e+02    3.5276608697e+01    4.9702934073e+01   -1.6774174243e+02    1.1467010427e+01    2.0480000000e+03    5.1799041685e-03    6.0026292067e-01
       155   -7.1335104692e+01    5.0897825649e+03   -1.0647235806e+02    3.5137253367e+01    4.9712407442e+01   -1.6842865595e+02    1.2243890453e+01    2.0480000000e+03    5.1653785631e-03    5.9815204327e-01
       156   -7.1327341461e+01    5.0885572185e+03   -1.0599355121e+02    3.4666209745e+01    4.9560613634e+01   -1.6730022919e+02    1.1746064348e+01    2.0480000000e+03    5.1699741744e-03    5.9818960337e-01
       157   -7.1345855386e+01    5.0911983389e+03   -1.0640565520e+02    3.5059799817e+01    4.9824421536e+01   -1.6778690929e+02    1.1556832553e+01    2.0480000000e+03    5.1895731594e-03    5.9791917067e-01
       158   -7.1352141443e+01    5.0922126414e+03   -1.0638958161e+02    3.5037440163e+01    4.9723707117e+01   -1.6794376940e+02    1.1830480675e+01    2.0480000000e+03    5.1884646527e-03    5.9703275240e-01
       159   -7.1325711805e+01    5.0883202654e+03   -1.0655199414e+02    3.5226282337e+01    4.9634160858e+01   -1.6763027880e+02    1.1444123799e+01    2.0480000000e+03    5.1796548069e-03    5.9779146635e-01
       160   -7.1329887608e+01    5.0890465116e+03   -1.0665663704e+02    3.5326749434e+01    4.9766046490e+01   -1.6791831082e+02    1.1495627290e+01    2.0480000000e+03    5.1839470398e-03    6.0031550481e-01
       161   -7.1292992592e+01    5.0838094933e+03   -1.0577910595e+02    3.4486113357e+01    4.9822777690e+01   -1.6755189947e+02    1.1950015832e+01    2.0480000000e+03    5.1730859559e-03    5.9818209135e-01
       162   -7.1301269359e+01    5.0849047289e+03   -1.0680979744e+02    3.5508528077e+01    4.9742091310e+01   -1.6772141735e+02    1.1169528602e+01    2.0480000000e+03    5.1678032614e-03    5.9582331731e-01
       163   -7.1322862470e+01    5.0879474194e+03   -1.0638367549e+02    3.5060813017e+01    4.9694782708e+01   -1.6765384881e+02    1.1575390615e+01    2.0480000000e+03    5.1788648125e-03    5.9984975962e-01
       164   -7.1300538036e+01    5.0848022517e+03   -1.0641546682e+02    3.5114928780e+01    4.9610773115e+01   -1.6762775415e+02    1.1601514216e+01    2.0480000000e+03    5.1658533048e-03    5.9893329327e-01
       165   -7.1300361942e+01    5.0848867619e+03   -1.0613211578e+02    3.4831753840e+01    4.9588163839e+01   -1.6745928754e+02    1.1739007918e+01    2.0480000000e+03    5.1756352186e-03    5.9812950721e-01
       166   -7.1364255789e+01    5.0938615439e+03   -1.0677498270e+02    3.5410726910e+01    4.9864761829e+01   -1.6784258165e+02    1.1202837123e+01    2.0480000000e+03    5.1610195078e-03    5.9630408654e-01
       167   -7.1370487446e+01    5.0946097537e+03   -1.0671093215e+02    3.5340444704e+01    4.9991726844e+01   -1.6790324837e+02    1.1200589379e+01    2.0480000000e+03    5.1790869329e-03    5.9590594952e-01
       168   -7.1328246391e+01    5.0887932225e+03   -1.0645990105e+02    3.5131654656e+01    4.9755790011e+01   -1.6837203455e+02    1.2156343491e+01    2.0480000000e+03    5.1795323379e-03    5.9622896635e-01
       169   -7.1338781989e+01    5.0901407727e+03   -1.0691619001e+02    3.5577408023e+01    4.9671237815e+01   -1.6786154614e+02    1.1274118314e+01    2.0480000000e+03    5.1845849957e-03    5.9572566106e-01
       170   -7.1340205858e+01    5.0904125854e+03   -1.0642815279e+02    3.5087946928e+01    4.9415598325e+01   -1.6696483838e+02    1.1121087265e+01    2.0480000000e+03    5.1874215715e-03    5.9873798077e-01
       171   -7.1335607073e+01    5.0898234410e+03   -1.0615880552e+02    3.4823198450e+01    4.9580964032e+01   -1.6755533942e+02    1.1815569866e+01    2.0480000000e+03    5.1859244704e-03    6.0003756010e-01
       172   -7.1325906037e+01    5.0884344282e+03   -1.0604910026e+02    3.4723194219e+01    4.9571202773e+01   -1.6724050645e+02    1.1620203416e+01    2.0480000000e+03    5.1786280237e-03    5.9723557692e-01
       173   -7.1321972530e+01    5.0881777715e+03   -1.0637018659e+02    3.5048214060e+01    4.9552460541e+01   -1.6745231873e+02    1.1529671595e+01    2.0480000000e+03    5.1884292625e-03    6.0004507212e-01
       174   -7.1344190024e+01    5.0910405405e+03   -1.0639779775e+02    3.5053607729e+01    4.9704020982e+01   -1.6765079528e+02    1.1548976547e+01    2.0480000000e+03    5.1980507560e-03    6.0033052885e-01
       175   -7.1373986170e+01    5.0952051458e+03   -1.0580678844e+02    3.4432802268e+01    4.9602335825e+01   -1.6735077270e+02    1.1941648442e+01    2.0480000000e+03    5.1621119492e-03    5.9560546875e-01
       176   -7.1354589532e+01    5.0924325529e+03   -1.0649806397e+02    3.5143474441e+01    4.9583397050e+01   -1.6778664079e+02    1.1705179770e+01    2.0480000000e+03    5.1762722433e-03    6.0041316106e-01
       177   -7.1337249330e+01    5.0900123768e+03   -1.0617392311e+02    3.4836673776e+01    4.9436971187e+01   -1.6744024115e+02    1.1829346854e+01    2.0480000000e+03    5.1786708646e-03    6.0074368990e-01
       178   -7.1300666508e+01    5.0849111186e+03   -1.0608232333e+02    3.4781656818e+01    4.9497195106e+01   -1.6740620302e+02    1.1826684583e+01    2.0480000000e+03    5.1675890572e-03    5.9828725962e-01
       179   -7.1303079130e+01    5.0852664059e+03   -1.0606357049e+02    3.4760491358e+01    4.9498556119e+01   -1.6715116655e+02    1.1589039945e+01    2.0480000000e+03    5.1898565143e-03    5.9900841346e-01
       180   -7.1318123359e+01    5.0872297712e+03   -1.0622429293e+02    3.4906169573e+01    4.9609103172e+01   -1.6740562394e+02    1.1572227833e+01    2.0480000000e+03    5.1792107988e-03    5.9791165865e-01
       181   -7.1354299171e+01    5.0925707760e+03   -1.0644155995e+02    3.5087260780e+01    4.9559892274e+01   -1.6735625082e+02    1.1354798598e+01    2.0480000000e+03    5.1695019938e-03    5.9686748798e-01
       182   -7.1338851141e+01    5.0902385524e+03   -1.0652167185e+02    3.5182820710e+01    4.9741883390e+01   -1.6790597125e+02    1.1642416008e+01    2.0480000000e+03    5.1779160276e-03    5.9754356971e-01
       183   -7.1369322661e+01    5.0947117054e+03   -1.0665858130e+02    3.5289258642e+01    4.9840397407e+01   -1.6847862856e+02    1.1979649854e+01    2.0480000000e+03    5.1609834190e-03    5.9441856971e-01
       184   -7.1348909139e+01    5.0918803724e+03   -1.0660117828e+02    3.5252269143e+01    4.9719703787e+01   -1.6843845678e+02    1.2117574711e+01    2.0480000000e+03    5.1550955977e-03    5.9592848558e-01
       185   -7.1284916900e+01    5.0825075435e+03   -1.0635860281e+02    3.5073685911e+01    4.9711796887e+01   -1.6798172638e+02    1.1911326685e+01    2.0480000000e+03    5.1769567654e-03    5.9949669471e-01
       186   -7.1324378479e+01    5.0882240763e+03   -1.0624599162e+02    3.4921613139e+01    4.9694913637e+01   -1.6803860481e+02    1.2097699556e+01    2.0480000000e+03    5.1649145316e-03    5.9726562500e-01
       187   -7.1313600034e+01    5.0866927431e+03   -1.0632862266e+02    3.5015022631e+01    4.9701807177e+01   -1.6824906575e+02    1.2218635908e+01    2.0480000000e+03    5.1583030727e-03    5.9539513221e-01
       188   -7.1338090965e+01    5.0900966638e+03   -1.0636562379e+02    3.5027532828e+01    4.9512399992e+01   -1.6728407302e+02    1.1406049239e+01    2.0480000000e+03    5.1826057024e-03    5.9913611779e-01
       189   -7.1346351244e+01    5.0912732006e+03   -1.0608484830e+02    3.4738497059e+01    4.9567764091e+01   -1.6793147641e+02    1.2278864015e+01    2.0480000000e+03    5.2208651323e-03    6.0208082933e-01
       190   -7.1304670343e+01    5.0853524942e+03   -1.0599477458e+02    3.4690104238e+01    4.9405623922e+01   -1.6718462136e+02    1.1784222856e+01    2.0480000000e+03    5.1738589536e-03    5.9831730769e-01
       191   -7.1305500076e+01    5.0854098025e+03   -1.0592108481e+02    3.4615584729e+01    4.9341295111e+01   -1.6644926722e+02    1.1186887306e+01    2.0480000000e+03    5.1747856196e-03    5.9667217548e-01
       192   -7.1305070352e+01    5.0853643395e+03   -1.0631266892e+02    3.5007598571e+01    4.9692390147e+01   -1.6705084089e+02    1.1045781822e+01    2.0480000000e+03    5.1764743403e-03    5.9700270433e-01
       193   -7.1348112034e+01    5.0915383518e+03   -1.0653611386e+02    3.5188001823e+01    4.9669686326e+01   -1.6781949903e+02    1.1613698851e+01    2.0480000000e+03    5.1965529565e-03    6.0067608173e-01
       194   -7.1321382022e+01    5.0877517116e+03   -1.0609565070e+02    3.4774268674e+01    4.9694018487e+01   -1.6808199549e+02    1.2292326306e+01    2.0480000000e+03    5.1872779150e-03    5.9851262019e-01
       195   -7.1306515333e+01    5.0858462061e+03   -1.0604387834e+02    3.4737363008e+01    4.9511119649e+01   -1.6697071119e+02    1.1415713201e+01    2.0480000000e+03    5.1840818487e-03    5.9891826923e-01
       196   -7.1343725998e+01    5.0908663358e+03   -1.0595213705e+02    3.4608411050e+01    4.9398211330e+01   -1.6669128932e+02    1.1340940944e+01    2.0480000000e+03    5.1730836276e-03    6.0035306490e-01
       197   -7.1321650707e+01    5.0878337104e+03   -1.0607411990e+02    3.4752469195e+01    4.9498933501e+01   -1.6667751213e+02    1.1104458727e+01    2.0480000000e+03    5.1663303748e-03    5.9715294471e-01
       198   -7.1352680297e+01    5.0921073152e+03   -1.0607845899e+02    3.4725778692e+01    4.9527811769e+01   -1.6743459406e+02    1.1828323302e+01    2.0480000000e+03    5.1786110271e-03    5.9899338942e-01
       199   -7.1329681435e+01    5.0888769471e+03   -1.0599588641e+02    3.4666204973e+01    4.9323528950e+01   -1.6688992870e+02    1.1570513342e+01    2.0480000000e+03    5.1896984223e-03    5.9878305288e-01
       200   -7.1357827546e+01    5.0928974125e+03   -1.0616558546e+02    3.4807757911e+01    4.9594094013e+01   -1.6753329573e+02    1.1773616261e+01    2.0480000000e+03    5.1812939346e-03    5.9852764423e-01
       201   -7.1330197741e+01    5.0890677009e+03   -1.0639775258e+02    3.5067554838e+01    4.9666730481e+01   -1.6829938325e+02    1.2234900195e+01    2.0480000000e+03    5.1792885642e-03    5.9890324519e-01
       202   -7.1305548958e+01    5.0854296580e+03   -1.0649039121e+02    3.5184842251e+01    4.9749163445e+01   -1.6808403263e+02    1.1844477978e+01    2.0480000000e+03    5.1796755288e-03    5.9752854567e-01
       203   -7.1340835641e+01    5.0904838053e+03   -1.0674097008e+02    3.5400134434e+01    4.9616245406e+01   -1.6750154446e+02    1.1144328983e+01    2.0480000000e+03    5.1661282778e-03    5.9629657452e-01
       204   -7.1331439380e+01    5.0890791824e+03   -1.0650464258e+02    3.5173203200e+01    4.9685081992e+01   -1.6760485717e+02    1.1415132594e+01    2.0480000000e+03    5.1719443873e-03    5.9718299279e-01
       205   -7.1352115295e+01    5.0921149663e+03   -1.0648668468e+02    3.5134569381e+01    4.9801904974e+01   -1.6797418810e+02    1.1685598446e+01    2.0480000000e+03    5.1858259831e-03    5.9830979567e-01
       206   -7.1354127222e+01    5.0923433354e+03   -1.0716391785e+02    3.5809790630e+01    5.0084442275e+01   -1.6911215470e+02    1.1863794574e+01    2.0480000000e+03    5.1695427392e-03    5.9678485577e-01
       207   -7.1332062495e+01    5.0897219088e+03   -1.0613383756e+02    3.4801775065e+01    4.9788163792e+01   -1.6758962315e+02    1.1667621799e+01    2.0480000000e+03    5.1827759016e-03    5.9795673077e-01
       208   -7.1301887049e+01    5.0849888577e+03   -1.0653287363e+02    3.5230986581e+01    5.0031107095e+01   -1.6822172816e+02    1.1657747437e+01    2.0480000000e+03    5.1643219776e-03    5.9751352163e-01
       209   -7.1303164005e+01    5.0852183094e+03   -1.0650773946e+02    3.5204575451e+01    4.9643261026e+01   -1.6784366524e+02    1.1692664760e+01    2.0480000000e+03    5.1763500087e-03    5.9879056490e-01
       210   -7.1351610106e+01    5.0921727999e+03   -1.0619033584e+02    3.4838725734e+01    4.9572230426e+01   -1.6711255032e+02    1.1349984054e+01    2.0480000000e+03    5.1977825351e-03    5.9885066106e-01
       211   -7.1352806647e+01    5.0921768215e+03   -1.0591747030e+02    3.4564663651e+01    4.9350122942e+01   -1.6665656637e+02    1.1388973130e+01    2.0480000000e+03    5.1932369824e-03    6.0220102163e-01
       212   -7.1309753250e+01    5.0860697392e+03   -1.0612980405e+02    3.4820050798e+01    4.9486938370e+01   -1.6729272534e+02    1.1675982924e+01    2.0480000000e+03    5.1954300143e-03    5.9829477163e-01
       213   -7.1323080051e+01    5.0881981611e+03   -1.0639772679e+02    3.5074646734e+01    4.9452855726e+01   -1.6735493856e+02    1.1504356047e+01    2.0480000000e+03    5.1767763216e-03    5.9842247596e-01
       214   -7.1332280981e+01    5.0891722822e+03   -1.0633856455e+02    3.5006283564e+01    4.9667012570e+01   -1.6755448483e+02    1.1548907710e+01    2.0480000000e+03    5.1916243974e-03    5.9694260817e-01
       215   -7.1319888557e+01    5.0874622378e+03   -1.0688465817e+02    3.5564769615e+01    4.9938146914e+01   -1.6811921539e+02    1.1296410305e+01    2.0480000000e+03    5.1724868827e-03    5.9805438702e-01
       216   -7.1294157609e+01    5.0837637647e+03   -1.0673785283e+02    3.5443695219e+01    4.9831660475e+01   -1.6877560992e+02    1.2206096615e+01    2.0480000000e+03    5.1726640668e-03    5.9803936298e-01
       217   -7.1339308074e+01    5.0904575344e+03   -1.0672782355e+02    3.5388515478e+01    4.9902195360e+01   -1.6828103250e+02    1.1651013592e+01    2.0480000000e+03    5.1828811411e-03    5.9785907452e-01
       218   -7.1318307176e+01    5.0873652496e+03   -1.0703100852e+02    3.5712701344e+01    5.0140814511e+01   -1.6914801573e+02    1.1976192704e+01    2.0480000000e+03    5.1564211026e-03    5.9667217548e-01
       219   -7.1315479990e+01    5.0869997509e+03   -1.0685880738e+02    3.5543327392e+01    4.9871079100e+01   -1.6878244875e+02    1.2052562263e+01    2.0480000000e+03    5.1760203205e-03    5.9660456731e-01
       220   -7.1326752309e+01    5.0885487213e+03   -1.0680221972e+02    3.5475467413e+01    4.9927685488e+01   -1.6856672972e+02    1.1836824512e+01    2.0480000000e+03    5.1905561704e-03    5.9812199519e-01
       221   -7.1332337227e+01    5.0893527435e+03   -1.0659811759e+02    3.5265780364e+01    4.9870799391e+01   -1.6832226994e+02    1.1853352958e+01    2.0480000000e+03    5.1762342919e-03    5.9613882212e-01
       222   -7.1330535530e+01    5.0889910998e+03   -1.0647300816e+02    3.5142472626e+01    4.9648442071e+01   -1.6805288742e+02    1.1931437194e+01    2.0480000000e+03    5.1900618710e-03    5.9912109375e-01
       223   -7.1317136643e+01    5.0873951615e+03   -1.0648901272e+02    3.5171876074e+01    4.9869094361e+01   -1.6828824036e+02    1.1930133277e+01    2.0480000000e+03    5.1722938661e-03    5.9752103365e-01
       224   -7.1304430373e+01    5.0853619695e+03   -1.0621251466e+02    3.4908084291e+01    4.9683913177e+01   -1.6719884350e+02    1.1302415658e+01    2.0480000000e+03    5.1718601026e-03    5.9692007212e-01
       225   -7.1294244080e+01    5.0840337803e+03   -1.0660238735e+02    3.5308143270e+01    4.9749489043e+01   -1.6823221643e+02    1.1880340034e+01    2.0480000000e+03    5.1765663084e-03    5.9696514423e-01
       226   -7.1286272131e+01    5.0827024824e+03   -1.0626865851e+02    3.4982386382e+01    4.9662580027e+01   -1.6792274987e+02    1.1991511329e+01    2.0480000000e+03    5.1673233975e-03    5.9773888221e-01
       227   -7.1344432797e+01    5.0910802189e+03   -1.0656890926e+02    3.5224476467e+01    4.9640617389e+01   -1.6773526987e+02    1.1525743214e+01    2.0480000000e+03    5.1739581395e-03    5.9732572115e-01
       228   -7.1343091956e+01    5.0908291103e+03   -1.0605567302e+02    3.4712581063e+01    4.9449170874e+01   -1.6692347019e+02    1.1418626297e+01    2.0480000000e+03    5.1597536076e-03    5.9740084135e-01
       229   -7.1325143123e+01    5.0881676552e+03   -1.0672483469e+02    3.5399691572e+01    4.9716860911e+01   -1.6779685660e+02    1.1355160993e+01    2.0480000000e+03    5.1517693792e-03    5.9521484375e-01
       230   -7.1322273961e+01    5.0879149242e+03   -1.0609265401e+02    3.4770380047e+01    4.9618890793e+01   -1.6785542818e+02    1.2143883383e+01    2.0480000000e+03    5.1623871550e-03    5.9704026442e-01
       231   -7.1309484320e+01    5.0859508441e+03   -1.0574852398e+02    3.4439039662e+01    4.9494243115e+01   -1.6649823760e+02    1.1255470504e+01    2.0480000000e+03    5.1769935526e-03    5.9875300481e-01
       232   -7.1362756850e+01    5.0934951071e+03   -1.0662393806e+02    3.5261181211e+01    4.9804697301e+01   -1.6785590151e+02    1.1427266153e+01    2.0480000000e+03    5.1712412387e-03    5.9606370192e-01
       233   -7.1319802073e+01    5.0875722220e+03   -1.0685693205e+02    3.5537129972e+01    4.9655574806e+01   -1.6786188860e+02    1.1349381748e+01    2.0480000000e+03    5.1687397063e-03    5.9835486779e-01
       234   -7.1341656056e+01    5.0909373675e+03   -1.0632275782e+02    3.4981101763e+01    4.9587683291e+01   -1.6783995869e+02    1.1929517576e+01    2.0480000000e+03    5.1759034395e-03    5.9933143029e-01
       235   -7.1304086764e+01    5.0852713527e+03   -1.0674182080e+02    3.5437734038e+01    4.9532833859e+01   -1.6777582177e+02    1.1501167108e+01    2.0480000000e+03    5.1666866057e-03    5.9787409856e-01
       236   -7.1300509972e+01    5.0848029114e+03   -1.0636530860e+02    3.5064798627e+01    4.9492302419e+01   -1.6757254959e+02    1.1714938566e+01    2.0480000000e+03    5.1819430664e-03    5.9871544471e-01
       237   -7.1319695292e+01    5.0876896286e+03   -1.0660630899e+02    3.5286613693e+01    4.9605181464e+01   -1.6793641948e+02    1.1724929034e+01    2.0480000000e+03    5.1615457051e-03    5.9722806490e-01
       238   -7.1284975633e+01    5.0824747571e+03   -1.0615801717e+02    3.4873041537e+01    4.9580179273e+01   -1.6711400197e+02    1.1375805527e+01    2.0480000000e+03    5.1658786833e-03    5.9754356971e-01
       239   -7.1330946176e+01    5.0889621120e+03   -1.0592498251e+02    3.4594036338e+01    4.9448576507e+01   -1.6732930264e+02    1.1955743620e+01    2.0480000000e+03    5.1814853214e-03    5.9938401442e-01
       240   -7.1302777862e+01    5.0849631262e+03   -1.0605789398e+02    3.4755116115e+01    4.9407094765e+01   -1.6721489898e+02    1.1749910237e+01    2.0480000000e+03    5.1757723559e-03    5.9898587740e-01
       241   -7.1294782299e+01    5.0842732662e+03   -1.0688494320e+02    3.5590160903e+01    4.9600647926e+01   -1.6826623170e+02    1.1780640577e+01    2.0480000000e+03    5.1639659796e-03    5.9802433894e-01
       242   -7.1360055016e+01    5.0932458272e+03   -1.0618200705e+02    3.4821952037e+01    4.9529047202e+01   -1.6725122683e+02    1.1540172578e+01    2.0480000000e+03    5.1895368379e-03    5.9912109375e-01
       243   -7.1331476285e+01    5.0890910225e+03   -1.0627557598e+02    3.4944099693e+01    4.9484800935e+01   -1.6722006794e+02    1.1459691025e+01    2.0480000000e+03    5.1891477779e-03    5.9912109375e-01
       244   -7.1300552431e+01    5.0852837153e+03   -1.0659785884e+02    3.5297306407e+01    4.9629791639e+01   -1.6771592779e+02    1.1488277318e+01    2.0480000000e+03    5.1735667512e-03    5.9737079327e-01
       245   -7.1313076056e+01    5.0863544469e+03   -1.0654703704e+02    3.5233960984e+01    4.9689063250e+01   -1.6780031010e+02    1.1564209805e+01    2.0480000000e+03    5.1721073687e-03    5.9675480769e-01
       246   -7.1350672552e+01    5.0920020387e+03   -1.0648365627e+02    3.5132983722e+01    4.9615010574e+01   -1.6760089647e+02    1.1502229625e+01    2.0480000000e+03    5.1743700169e-03    5.9933894231e-01
       247   -7.1316138856e+01    5.0873223993e+03   -1.0694769060e+02    3.5631551740e+01    4.9578239913e+01   -1.6771907837e+02    1.1193147858e+01    2.0480000000e+03    5.1669303793e-03    5.9793419471e-01
       248   -7.1303653383e+01    5.0852387971e+03   -1.0618996068e+02    3.4886307302e+01    4.9655486713e+01   -1.6786808494e+02    1.2022637547e+01    2.0480000000e+03    5.1695734728e-03    5.9817457933e-01
       249   -7.1305944065e+01    5.0855918656e+03   -1.0586739335e+02    3.4561449287e+01    4.9388787650e+01   -1.6687681280e+02    1.1620631797e+01    2.0480000000e+03    5.1722161006e-03    6.0096153846e-01
       250   -7.1358419090e+01    5.0931352099e+03   -1.0620644418e+02    3.4848025094e+01    4.9570335784e+01   -1.6764782668e+02    1.1871046715e+01    2.0480000000e+03    5.1764233503e-03    5.9968449519e-01
       251   -7.1378268221e+01    5.0957599658e+03   -1.0671533547e+02    3.5337067246e+01    4.9628832729e+01   -1.6772578024e+02    1.1381612042e+01    2.0480000000e+03    5.1661441103e-03    5.9749849760e-01
       252   -7.1364350601e+01    5.0938284312e+03   -1.0641112432e+02    3.5046773721e+01    4.9726813713e+01   -1.6815913611e+02    1.2021198075e+01    2.0480000000e+03    5.1603983156e-03    5.9672475962e-01
       253   -7.1314140427e+01    5.0866480549e+03   -1.0605062961e+02    3.4736489188e+01    4.9560737779e+01   -1.6715389462e+02    1.1542527230e+01    2.0480000000e+03    5.1854061894e-03    5.9737079327e-01
       254   -7.1310190275e+01    5.0861183181e+03   -1.0609702905e+02    3.4786838773e+01    4.9549394956e+01   -1.6724955656e+02    1.1603132560e+01    2.0480000000e+03    5.1708787214e-03    5.9824218750e-01
       255   -7.1362520985e+01    5.0936962615e+03   -1.0617427391e+02    3.4811752930e+01    4.9530681828e+01   -1.6783041824e+02    1.2125462498e+01    2.0480000000e+03    5.1671231631e-03    5.9888822115e-01
       256   -7.1350126451e+01    5.0918862272e+03   -1.0672784383e+02    3.5377717379e+01    4.9691196319e+01   -1.6786698227e+02    1.1447942125e+01    2.0480000000e+03    5.1685124636e-03    5.9858774038e-01
       257   -7.1331558827e+01    5.0891432802e+03   -1.0663314700e+02    3.5301588176e+01    4.9714758476e+01   -1.6794493877e+02    1.1597033291e+01    2.0480000000e+03    5.1673832349e-03    5.9785156250e-01
       258   -7.1329163474e+01    5.0889433145e+03   -1.0643765610e+02    3.5108492630e+01    4.9688283174e+01   -1.6749947788e+02    1.1373538606e+01    2.0480000000e+03    5.1731839776e-03    5.9874549279e-01
       259   -7.1335972450e+01    5.0898171105e+03   -1.0677346723e+02    3.5437494782e+01    4.9798993357e+01   -1.6816626116e+02    1.1593800574e+01    2.0480000000e+03    5.1724447403e-03    5.9726562500e-01
       260   -7.1330580061e+01    5.0890443890e+03   -1.0671762476e+02    3.5387044697e+01    4.9929576306e+01   -1.6888357381e+02    1.2236372750e+01    2.0480000000e+03    5.1643042825e-03    5.9839993990e-01
       261   -7.1331388982e+01    5.0892251304e+03   -1.0666241055e+02    3.5331021566e+01    4.9912753555e+01   -1.6868521063e+02    1.2110046527e+01    2.0480000000e+03    5.1715704612e-03    5.9844501202e-01
       262   -7.1322611679e+01    5.0879496989e+03   -1.0668029506e+02    3.5357683380e+01    4.9930592366e+01   -1.6849731002e+02    1.1886422597e+01    2.0480000000e+03    5.1761425566e-03    5.9678485577e-01
       263   -7.1330165437e+01    5.0890470250e+03   -1.0633932080e+02    3.5009155363e+01    4.9804306621e+01   -1.6758846052e+02    1.1444833097e+01    2.0480000000e+03    5.1643599290e-03    5.9743840144e-01
       264   -7.1360170657e+01    5.0931857431e+03   -1.0634920831e+02    3.4989037656e+01    4.9730701093e+01   -1.6735580236e+02    1.1275892950e+01    2.0480000000e+03    5.1625140477e-03    5.9647686298e-01
       265   -7.1336342015e+01    5.0898832335e+03   -1.0637946832e+02    3.5043126309e+01    4.9785799982e+01   -1.6798435411e+02    1.1819085806e+01    2.0480000000e+03    5.1654144190e-03    5.9566556490e-01
       266   -7.1318151666e+01    5.0871873310e+03   -1.0687982307e+02    3.5561671408e+01    4.9712062627e+01   -1.6790666237e+02    1.1314776665e+01    2.0480000000e+03    5.1582304295e-03    5.9579326923e-01
       267   -7.1374374057e+01    5.0951855994e+03   -1.0636291177e+02    3.4988537711e+01    4.9788244352e+01   -1.6802778890e+02    1.1876632776e+01    2.0480000000e+03    5.1607433707e-03    5.9783653846e-01
       268   -7.1328306715e+01    5.0886303852e+03   -1.0636525768e+02    3.5036950965e+01    4.9716578163e+01   -1.6767551120e+02    1.1593675359e+01    2.0480000000e+03    5.1683650818e-03    5.9725060096e-01
       269   -7.1327671862e+01    5.0885474069e+03   -1.0631374007e+02    3.4986068205e+01    4.9726023044e+01   -1.6769562054e+02    1.1655857430e+01    2.0480000000e+03    5.1803283859e-03    5.9833233173e-01
       270   -7.1324346679e+01    5.0881437673e+03   -1.0649494100e+02    3.5170594322e+01    4.9877538658e+01   -1.6800065384e+02    1.1628174180e+01    2.0480000000e+03    5.1663205959e-03    5.9583082933e-01
       271   -7.1357221598e+01    5.0928570630e+03   -1.0707019608e+02    3.5712974482e+01    4.9849790926e+01   -1.6801318975e+02    1.1093202740e+01    2.0480000000e+03    5.1596146077e-03    5.9624399038e-01
       272   -7.1337357375e+01    5.0905618616e+03   -1.0627932888e+02    3.4941971503e+01    4.9576069706e+01   -1.6779498717e+02    1.1939588584e+01    2.0480000000e+03    5.1795251202e-03    5.9809945913e-01
       273   -7.1374620751e+01    5.0955100137e+03   -1.0673288961e+02    3.5358268862e+01    4.9732237145e+01   -1.6833308030e+02    1.1867953543e+01    2.0480000000e+03    5.1804075483e-03    5.9670222356e-01
       274   -7.1349155888e+01    5.0918035000e+03   -1.0679876384e+02    3.5449607951e+01    4.9884532364e+01   -1.6883430887e+02    1.2151012672e+01    2.0480000000e+03    5.1778426860e-03    5.9680739183e-01
       275   -7.1319382699e+01    5.0874401234e+03   -1.0712668623e+02    3.5807303529e+01    4.9754351728e+01   -1.6832914777e+02    1.1448109818e+01    2.0480000000e+03    5.1613368560e-03    5.9765625000e-01
       276   -7.1332286285e+01    5.0893354127e+03   -1.0634938248e+02    3.5017096191e+01    4.9653481379e+01   -1.6758069924e+02    1.1577835390e+01    2.0480000000e+03    5.1806499250e-03    5.9685246394e-01
       277   -7.1358817163e+01    5.0929735559e+03   -1.0610018931e+02    3.4741372151e+01    4.9422020399e+01   -1.6684225567e+02    1.1320045959e+01    2.0480000000e+03    5.1789714489e-03    6.0122445913e-01
       278   -7.1298618066e+01    5.0845107484e+03   -1.0691144788e+02    3.5612829814e+01    4.9847125238e+01   -1.6882679389e+02    1.2068220775e+01    2.0480000000e+03    5.1512732171e-03    5.9694260817e-01
       279   -7.1326782521e+01    5.0884650330e+03   -1.0657545380e+02    3.5248671278e+01    4.9632346352e+01   -1.6777836065e+02    1.1570560504e+01    2.0480000000e+03    5.1631114911e-03    5.9912860577e-01
       280   -7.1323641742e+01    5.0879224243e+03   -1.0678339359e+02    3.5459751847e+01    4.9564966921e+01   -1.6748007565e+02    1.1131715138e+01    2.0480000000e+03    5.1549952477e-03    5.9755108173e-01
       281   -7.1299101672e+01    5.0844608869e+03   -1.0628176796e+02    3.4982666286e+01    4.9663654140e+01   -1.6732534159e+02    1.1379919488e+01    2.0480000000e+03    5.1837507635e-03    6.0078876202e-01
       282   -7.1304666428e+01    5.0852425126e+03   -1.0554976260e+02    3.4245096174e+01    4.9323909758e+01   -1.6614600844e+02    1.1272336085e+01    2.0480000000e+03    5.1651604008e-03    5.9944411058e-01
       283   -7.1300791279e+01    5.0847604731e+03   -1.0639152470e+02    3.5090733424e+01    4.9679175843e+01   -1.6793488241e+02    1.1864181868e+01    2.0480000000e+03    5.1921207923e-03    6.0083383413e-01
       284   -7.1307780363e+01    5.0858801898e+03   -1.0641885679e+02    3.5111076425e+01    4.9711813350e+01   -1.6785165584e+02    1.1720985703e+01    2.0480000000e+03    5.1760638598e-03    5.9932391827e-01
       285   -7.1358344716e+01    5.0929538895e+03   -1.0617598168e+02    3.4817636966e+01    4.9521268355e+01   -1.6754509357e+02    1.1847843530e+01    2.0480000000e+03    5.1629308145e-03    5.9873046875e-01
       286   -7.1305331865e+01    5.0853049311e+03   -1.0628789376e+02    3.4982561892e+01    4.9525941227e+01   -1.6734458919e+02    1.1530754200e+01    2.0480000000e+03    5.1552844234e-03    5.9686748798e-01
       287   -7.1330667428e+01    5.0890827312e+03   -1.0632238048e+02    3.4991713054e+01    4.9686568363e+01   -1.6799345399e+02    1.1984505140e+01    2.0480000000e+03    5.1768044941e-03    5.9779146635e-01
       288   -7.1340342668e+01    5.0904193822e+03   -1.0649048814e+02    3.5150145475e+01    4.9837217320e+01   -1.6851781967e+02    1.2190114205e+01    2.0480000000e+03    5.1863167901e-03    5.9785156250e-01
       289   -7.1316711530e+01    5.0871407427e+03   -1.0687840388e+02    3.5561692347e+01    5.0022221051e+01   -1.6855078507e+02    1.1650160144e+01    2.0480000000e+03    5.1652302500e-03    5.9723557692e-01
       290   -7.1337198439e+01    5.0899493242e+03   -1.0687039511e+02    3.5533196668e+01    4.9818664586e+01   -1.6805048453e+02    1.1361424836e+01    2.0480000000e+03    5.1773306914e-03    5.9841496394e-01
       291   -7.1352714058e+01    5.0921561430e+03   -1.0631954255e+02    3.4966828489e+01    4.9523905323e+01   -1.6672153596e+02    1.0878088089e+01    2.0480000000e+03    5.1815868355e-03    5.9698016827e-01
       292   -7.1318254454e+01    5.0872390409e+03   -1.0649482584e+02    3.5176571382e+01    4.9666805627e+01   -1.6807830248e+02    1.1916671021e+01    2.0480000000e+03    5.1689280663e-03    5.9676231971e-01
       293   -7.1357028938e+01    5.0929592463e+03   -1.0684841992e+02    3.5491390983e+01    4.9882189486e+01   -1.6885696320e+02    1.2126353789e+01    2.0480000000e+03    5.1829714794e-03    5.9824969952e-01
       294   -7.1320493554e+01    5.0876053240e+03   -1.0659248953e+02    3.5271995977e+01    4.9772210997e+01   -1.6792837693e+02    1.1563676401e+01    2.0480000000e+03    5.1748580299e-03    5.9609375000e-01
       295   -7.1326035716e+01    5.0883062619e+03   -1.0676776563e+02    3.5441729919e+01    4.9791733586e+01   -1.6799995597e+02    1.1440456753e+01    2.0480000000e+03    5.1749967970e-03    5.9837740385e-01
       296   -7.1318959080e+01    5.0873375838e+03   -1.0578662782e+02    3.4467668736e+01    4.9506425955e+01   -1.6647600508e+02    1.1182951305e+01    2.0480000000e+03    5.1728736144e-03    5.9809945913e-01
       297   -7.1395683204e+01    5.0987296094e+03   -1.0591097960e+02    3.4515296400e+01    4.9299045601e+01   -1.6676232034e+02    1.1552295139e+01    2.0480000000e+03    5.1714549772e-03    5.9962439904e-01
       298   -7.1359447107e+01    5.0932277439e+03   -1.0562577261e+02    3.4266325506e+01    4.9261716446e+01   -1.6634632232e+02    1.1458833260e+01    2.0480000000e+03    5.1691248082e-03    5.9903094952e-01
       299   -7.1348086338e+01    5.0914113159e+03   -1.0630592304e+02    3.4957836707e+01    4.9404998786e+01   -1.6679863330e+02    1.1087711470e+01    2.0480000000e+03    5.1842504181e-03    5.9891075721e-01
       300   -7.1288499614e+01    5.0830434781e+03   -1.0671206003e+02    3.5423560414e+01    4.9705326982e+01   -1.6820405692e+02    1.1786669909e+01    2.0480000000e+03    5.1715229638e-03    5.9791165865e-01
       301   -7.1330837007e+01    5.0891323876e+03   -1.0699248989e+02    3.5661652882e+01    4.9858689596e+01   -1.6883698437e+02    1.1985804883e+01    2.0480000000e+03    5.1798261702e-03    5.9803185096e-01
       302   -7.1328180655e+01    5.0886992152e+03   -1.0692551714e+02    3.5597336483e+01    4.9994424071e+01   -1.6857094614e+02    1.1651004929e+01    2.0480000000e+03    5.1751777064e-03    5.9685997596e-01
       303   -7.1330127248e+01    5.0889236716e+03   -1.0643861751e+02    3.5108490258e+01    4.9844485960e+01   -1.6831294976e+02    1.2029846292e+01    2.0480000000e+03    5.1748296246e-03    5.9751352163e-01
       304   -7.1296694688e+01    5.0842347033e+03   -1.0613205511e+02    3.4835360421e+01    4.9713602831e+01   -1.6781536995e+02    1.1969712012e+01    2.0480000000e+03    5.1723690704e-03    5.9845252404e-01
       305   -7.1319876444e+01    5.0874970428e+03   -1.0656158394e+02    3.5241707499e+01    4.9510888479e+01   -1.6756533681e+02    1.1492864384e+01    2.0480000000e+03    5.1684412174e-03    5.9926382212e-01
       306   -7.1292596102e+01    5.0836852490e+03   -1.0600835104e+02    3.4715754940e+01    4.9600663524e+01   -1.6705919718e+02    1.1450182618e+01    2.0480000000e+03    5.1807193086e-03    6.0051832933e-01
       307   -7.1333845795e+01    5.0893671195e+03   -1.0654490718e+02    3.5211061387e+01    4.9600474004e+01   -1.6720488463e+02    1.1059503448e+01    2.0480000000e+03    5.1657136064e-03    5.9818960337e-01
       308   -7.1355851769e+01    5.0926574518e+03   -1.0638686603e+02    3.5031014265e+01    4.9684625139e+01   -1.6763843689e+02    1.1566945718e+01    2.0480000000e+03    5.1743618678e-03    5.9821965144e-01
       309   -7.1356769214e+01    5.0928504284e+03   -1.0677345906e+02    3.5416689847e+01    4.9766064565e+01   -1.6794532953e+02    1.1405805908e+01    2.0480000000e+03    5.1439036615e-03    5.9468149038e-01
       310   -7.1320142984e+01    5.0874837446e+03   -1.0600939442e+02    3.4689251438e+01    4.9491071358e+01   -1.6693115727e+02    1.1430691495e+01    2.0480000000e+03    5.1626442000e-03    5.9757361779e-01
       311   -7.1327097320e+01    5.0884141838e+03   -1.0649250887e+02    3.5165411552e+01    4.9496525066e+01   -1.6768642163e+02    1.1697387691e+01    2.0480000000e+03    5.1763772499e-03    5.9947415865e-01
       312   -7.1376032988e+01    5.0955109157e+03   -1.0625978603e+02    3.4883753039e+01    4.9607339388e+01   -1.6783481485e+02    1.1967689433e+01    2.0480000000e+03    5.1717185415e-03    5.9604116587e-01
       313   -7.1309229984e+01    5.0862362815e+03   -1.0678415642e+02    3.5474926434e+01    4.9772086071e+01   -1.6818062942e+02    1.1624386937e+01    2.0480000000e+03    5.1728100516e-03    5.9777644231e-01
       314   -7.1336574386e+01    5.0900247513e+03   -1.0588867338e+02    3.4552098999e+01    4.9406115244e+01   -1.6718361303e+02    1.1888824397e+01    2.0480000000e+03    5.1867342554e-03    5.9843750000e-01
       315   -7.1329257014e+01    5.0888715746e+03   -1.0693272542e+02    3.5603468410e+01    4.9595146978e+01   -1.6787286439e+02    1.1344991992e+01    2.0480000000e+03    5.1597466227e-03    5.9710036058e-01
       316   -7.1345552183e+01    5.0911251891e+03   -1.0643540852e+02    3.5089856338e+01    4.9453797510e+01   -1.6733279915e+02    1.1443593122e+01    2.0480000000e+03    5.1588304341e-03    5.9835486779e-01
       317   -7.1313125557e+01    5.0866536408e+03   -1.0598938251e+02    3.4676256953e+01    4.9472791614e+01   -1.6714950844e+02    1.1687334315e+01    2.0480000000e+03    5.1561931614e-03    5.9540264423e-01
       318   -7.1302998252e+01    5.0849870824e+03   -1.0615347120e+02    3.4850472944e+01    4.9427827667e+01   -1.6739499944e+02    1.1813700574e+01    2.0480000000e+03    5.1711134147e-03    5.9988731971e-01
       319   -7.1266339058e+01    5.0798424075e+03   -1.0605979207e+02    3.4793453007e+01    4.9406030733e+01   -1.6750383857e+02    1.2038015769e+01    2.0480000000e+03    5.1776482724e-03    5.9818960337e-01
       320   -7.1337107652e+01    5.0898968448e+03   -1.0612981291e+02    3.4792705262e+01    4.9416130568e+01   -1.6655828671e+02    1.1012343225e+01    2.0480000000e+03    5.1727448590e-03    5.9805438702e-01
       321   -7.1314815604e+01    5.0867026510e+03   -1.0643586415e+02    3.5121048545e+01    4.9745932115e+01   -1.6751515443e+02    1.1333358163e+01    2.0480000000e+03    5.1617559511e-03    5.9613882212e-01
       322   -7.1362741259e+01    5.0942144776e+03   -1.0661219269e+02    3.5249451428e+01    4.9738425843e+01   -1.6786680413e+02    1.1516185601e+01    2.0480000000e+03    5.1796522457e-03    5.9915114183e-01
       323   -7.1353212469e+01    5.0928946617e+03   -1.0633183157e+02    3.4978619105e+01    4.9661015698e+01   -1.6734988655e+02    1.1357039280e+01    2.0480000000e+03    5.1612809766e-03    5.9827974760e-01
       324   -7.1340680883e+01    5.0905607662e+03   -1.0640015341e+02    3.5059472531e+01    4.9771195720e+01   -1.6762497461e+02    1.1453625476e+01    2.0480000000e+03    5.1930358168e-03    5.9793419471e-01
       325   -7.1359487432e+01    5.0930867393e+03   -1.0668093627e+02    3.5321448841e+01    4.9801780091e+01   -1.6790059367e+02    1.1417877309e+01    2.0480000000e+03    5.1763111260e-03    5.9786658654e-01
       326   -7.1346664384e+01    5.0913692356e+03   -1.0639506613e+02    3.5048401746e+01    4.9481180456e+01   -1.6739754611e+02    1.1521299520e+01    2.0480000000e+03    5.1643946208e-03    5.9819711538e-01
       327   -7.1335481267e+01    5.0897194515e+03   -1.0580075616e+02    3.4465274892e+01    4.9472306241e+01   -1.6715681910e+02    1.1883756702e+01    2.0480000000e+03    5.1732026041e-03    5.9954927885e-01
       328   -7.1278589193e+01    5.0817609585e+03   -1.0601718443e+02    3.4738595240e+01    4.9578894530e+01   -1.6752514409e+02    1.1929065126e+01    2.0480000000e+03    5.1786906552e-03    6.0000751202e-01
       329   -7.1358648646e+01    5.0929940309e+03   -1.0645947154e+02    3.5100822889e+01    4.9936999500e+01   -1.6836284671e+02    1.1966375672e+01    2.0480000000e+03    5.1802948583e-03    5.9877554087e-01
       330   -7.1295764569e+01    5.0843065643e+03   -1.0658098174e+02    3.5285217173e+01    4.9907420691e+01   -1.6852950316e+02    1.2041100723e+01    2.0480000000e+03    5.1879689563e-03    5.9990985577e-01
       331   -7.1342494828e+01    5.0909449231e+03   -1.0628653841e+02    3.4944043581e+01    4.9648999433e+01   -1.6753543847e+02    1.1599900623e+01    2.0480000000e+03    5.1759665366e-03    5.9749849760e-01
       332   -7.1353675869e+01    5.0924033282e+03   -1.0639670817e+02    3.5043032297e+01    4.9708817886e+01   -1.6751496770e+02    1.1409441647e+01    2.0480000000e+03    5.1839717198e-03    6.0033052885e-01
       333   -7.1341940956e+01    5.0905896021e+03   -1.0616984457e+02    3.4827903611e+01    4.9568619877e+01   -1.6726591489e+02    1.1527450445e+01    2.0480000000e+03    5.1823388785e-03    5.9910606971e-01
       334   -7.1299038381e+01    5.0845297277e+03   -1.0611683765e+02    3.4817799267e+01    4.9749116421e+01   -1.6753965276e+02    1.1673698691e+01    2.0480000000e+03    5.1826494746e-03    5.9947415865e-01
       335   -7.1343016813e+01    5.0907743462e+03   -1.0580699646e+02    3.4463979652e+01    4.9443879367e+01   -1.6656767845e+02    1.1316802613e+01    2.0480000000e+03    5.1713366993e-03    6.0033052885e-01
       336   -7.1323280457e+01    5.0879551010e+03   -1.0624503291e+02    3.4921752456e+01    4.9464056549e+01   -1.6720400010e+02    1.1494910636e+01    2.0480000000e+03    5.1925121807e-03    5.9792668269e-01
       337   -7.1326844969e+01    5.0884650585e+03   -1.0627205183e+02    3.4945206861e+01    4.9460413720e+01   -1.6771589716e+02    1.1983431606e+01    2.0480000000e+03    5.1694675349e-03    6.0060847356e-01
       338   -7.1314455126e+01    5.0868024100e+03   -1.0666319986e+02    3.5348744729e+01    4.9455134921e+01   -1.6757382646e+02    1.1455491688e+01    2.0480000000e+03    5.1633126568e-03    5.9806189904e-01
       339   -7.1353663987e+01    5.0923657830e+03   -1.0612837890e+02    3.4774714911e+01    4.9474846560e+01   -1.6741862356e+02    1.1815398104e+01    2.0480000000e+03    5.1575496327e-03    5.9726562500e-01
       340   -7.1323580344e+01    5.0880093540e+03   -1.0682399026e+02    3.5500409917e+01    4.9603930602e+01   -1.6795393973e+02    1.1526018868e+01    2.0480000000e+03    5.1726121455e-03    5.9845252404e-01
       341   -7.1309148534e+01    5.0859395196e+03   -1.0667737091e+02    3.5368222371e+01    4.9525892800e+01   -1.6803059038e+02    1.1827326678e+01    2.0480000000e+03    5.1764119416e-03    5.9900841346e-01
       342   -7.1337133967e+01    5.0902112018e+03   -1.0605624205e+02    3.4719108085e+01    4.9637612434e+01   -1.6733140025e+02    1.1637545767e+01    2.0480000000e+03    5.1574981771e-03    5.9677734375e-01
       343   -7.1314378248e+01    5.0867522072e+03   -1.0596728963e+02    3.4652911385e+01    4.9587871090e+01   -1.6775358957e+02    1.2198428848e+01    2.0480000000e+03    5.1768915728e-03    6.0021784856e-01
       344   -7.1318772414e+01    5.0873845206e+03   -1.0657700834e+02    3.5258235929e+01    4.9629014165e+01   -1.6805197058e+02    1.1845948076e+01    2.0480000000e+03    5.1566746552e-03    5.9593599760e-01
       345   -7.1311124774e+01    5.0862455597e+03   -1.0605036425e+02    3.4739239478e+01    4.9339458464e+01   -1.6705301016e+02    1.1663187448e+01    2.0480000000e+03    5.1644695923e-03    5.9919621394e-01
       346   -7.1339862834e+01    5.0902898025e+03   -1.0597558359e+02    3.4635720758e+01    4.9339859321e+01   -1.6675666108e+02    1.1441218168e+01    2.0480000000e+03    5.1767346449e-03    5.9828725962e-01
       347   -7.1328141996e+01    5.0886820488e+03   -1.0635219503e+02    3.5024053030e+01    4.9496794948e+01   -1.6758503745e+02    1.1736047477e+01    2.0480000000e+03    5.1740461495e-03    5.9958683894e-01
       348   -7.1315547411e+01    5.0869830016e+03   -1.0609156667e+02    3.4776019256e+01    4.9611462791e+01   -1.6744431267e+02    1.1741283212e+01    2.0480000000e+03    5.1781085785e-03    6.0025540865e-01
       349   -7.1317368187e+01    5.0872548811e+03   -1.0686422592e+02    3.5546857733e+01    4.9656021436e+01   -1.6813883789e+02    1.1618590534e+01    2.0480000000e+03    5.1907075103e-03    6.0029296875e-01
       350   -7.1279623282e+01    5.0819612111e+03   -1.0692401533e+02    3.5644392046e+01    4.9767000195e+01   -1.6839726389e+02    1.1706248363e+01    2.0480000000e+03    5.1758163609e-03    5.9716796875e-01
       351   -7.1322876566e+01    5.0878712993e+03   -1.0644737934e+02    3.5124502771e+01    4.9481041750e+01   -1.6668808340e+02    1.0759662308e+01    2.0480000000e+03    5.1800988149e-03    5.9760366587e-01
       352   -7.1303164344e+01    5.0852196997e+03   -1.0626345371e+02    3.4960289364e+01    4.9505145255e+01   -1.6772015116e+02    1.1951552195e+01    2.0480000000e+03    5.1533747464e-03    5.9598106971e-01
       353   -7.1333450635e+01    5.0894809268e+03   -1.0620075928e+02    3.4867308643e+01    4.9555561421e+01   -1.6700609578e+02    1.1249775081e+01    2.0480000000e+03    5.1777991466e-03    5.9997746394e-01
       354   -7.1313757110e+01    5.0867281736e+03   -1.0616168588e+02    3.4847928765e+01    4.9520728018e+01   -1.6729024633e+02    1.1607832438e+01    2.0480000000e+03    5.1613277756e-03    5.9659705529e-01
       355   -7.1325026514e+01    5.0882178821e+03   -1.0636274715e+02    3.5037720632e+01    4.9514312704e+01   -1.6688338676e+02    1.1006326914e+01    2.0480000000e+03    5.1498094108e-03    5.9785156250e-01
       356   -7.1340739005e+01    5.0904442688e+03   -1.0679935256e+02    3.5458613558e+01    4.9812997986e+01   -1.6824463125e+02    1.1632280701e+01    2.0480000000e+03    5.1568499766e-03    5.9655949519e-01
       357   -7.1340970436e+01    5.0904978666e+03   -1.0624314996e+02    3.4902179529e+01    4.9608446601e+01   -1.6706304238e+02    1.1211445813e+01    2.0480000000e+03    5.1684086211e-03    5.9858774038e-01
       358   -7.1306291477e+01    5.0857540963e+03   -1.0646217831e+02    3.5155886833e+01    4.9634789471e+01   -1.6738326486e+02    1.1286297079e+01    2.0480000000e+03    5.1956092939e-03    6.0096153846e-01
       359   -7.1289436303e+01    5.0831785976e+03   -1.0556305428e+02    3.4273617977e+01    4.9637148757e+01   -1.6702634879e+02    1.1826145755e+01    2.0480000000e+03    5.1757441834e-03    5.9845252404e-01
       360   -7.1344042404e+01    5.0910372264e+03   -1.0608450436e+02    3.4740461955e+01    4.9642383073e+01   -1.6733445782e+02    1.1607570389e+01    2.0480000000e+03    5.1863233093e-03    5.9881310096e-01
       361   -7.1342549120e+01    5.0908378825e+03   -1.0661022826e+02    3.5267679145e+01    4.9747292624e+01   -1.6729818813e+02    1.0940667244e+01    2.0480000000e+03    5.1633829717e-03    5.9852013221e-01
       362   -7.1285156309e+01    5.0828073763e+03   -1.0654112737e+02    3.5255971056e+01    4.9924812271e+01   -1.6848511539e+02    1.2019175748e+01    2.0480000000e+03    5.1673632115e-03    5.9705528846e-01
       363   -7.1346424704e+01    5.0913512854e+03   -1.0639315134e+02    3.5046726640e+01    4.9778681810e+01   -1.6822033333e+02    1.2048500178e+01    2.0480000000e+03    5.1714880392e-03    6.0015775240e-01
       364   -7.1361175921e+01    5.0934666415e+03   -1.0595998124e+02    3.4598805318e+01    4.9609441611e+01   -1.6751711482e+02    1.1947691970e+01    2.0480000000e+03    5.1705280785e-03    5.9986478365e-01
       365   -7.1301158240e+01    5.0849759170e+03   -1.0631410506e+02    3.5012946825e+01    4.9548147775e+01   -1.6799622652e+02    1.2133973682e+01    2.0480000000e+03    5.1632330287e-03    5.9683743990e-01
       366   -7.1318623630e+01    5.0874217520e+03   -1.0635261235e+02    3.5033988724e+01    4.9594768112e+01   -1.6730799523e+02    1.1360614766e+01    2.0480000000e+03    5.1765111275e-03    5.9991736779e-01
       367   -7.1345504459e+01    5.0912842350e+03   -1.0692249803e+02    3.5576993569e+01    4.9676359762e+01   -1.6769666235e+02    1.1097804563e+01    2.0480000000e+03    5.1666400395e-03    5.9718299279e-01
       368   -7.1313983305e+01    5.0870225185e+03   -1.0639183053e+02    3.5077847224e+01    4.9452222194e+01   -1.6726284696e+02    1.1418794236e+01    2.0480000000e+03    5.1768505946e-03    6.0102914663e-01
       369   -7.1339825619e+01    5.0903782990e+03   -1.0608565762e+02    3.4745831997e+01    4.9565285943e+01   -1.6741887502e+02    1.1767931456e+01    2.0480000000e+03    5.1830159500e-03    6.0015024038e-01
       370   -7.1367990029e+01    5.0943756637e+03   -1.0635069268e+02    3.4982702656e+01    4.9600878790e+01   -1.6759417047e+02    1.1642598994e+01    2.0480000000e+03    5.1591917872e-03    5.9726562500e-01
       371   -7.1315602230e+01    5.0869619373e+03   -1.0641900950e+02    3.5103407266e+01    4.9544504430e+01   -1.6733216892e+02    1.1368654997e+01    2.0480000000e+03    5.1731055137e-03    5.9912860577e-01
       372   -7.1348263509e+01    5.0916193658e+03   -1.0627324113e+02    3.4924977617e+01    4.9728856358e+01   -1.6826312097e+02    1.2261023485e+01    2.0480000000e+03    5.1514802035e-03    5.9471153846e-01
       373   -7.1311945111e+01    5.0863707876e+03   -1.0599196065e+02    3.4680015540e+01    4.9525834966e+01   -1.6778854280e+02    1.2270747188e+01    2.0480000000e+03    5.1736300811e-03    6.0089393029e-01
       374   -7.1339044205e+01    5.0902499696e+03   -1.0610650187e+02    3.4767457667e+01    4.9556238657e+01   -1.6735942803e+02    1.1696687500e+01    2.0480000000e+03    5.1724682562e-03    5.9970703125e-01
       375   -7.1273996862e+01    5.0809484023e+03   -1.0666469806e+02    3.5390701203e+01    4.9619475490e+01   -1.6707288262e+02    1.0788709070e+01    2.0480000000e+03    5.1633338444e-03    5.9815204327e-01
       376   -7.1347914975e+01    5.0914728727e+03   -1.0653041854e+02    3.5182503566e+01    4.9614340091e+01   -1.6792627191e+02    1.1781513277e+01    2.0480000000e+03    5.1514885854e-03    5.9640174279e-01
       377   -7.1326447483e+01    5.0886680702e+03   -1.0669156194e+02    3.5365114461e+01    4.9768862320e+01   -1.6819326423e+02    1.1732839967e+01    2.0480000000e+03    5.1804967225e-03    5.9870793269e-01
       378   -7.1364825586e+01    5.0938975763e+03   -1.0687122416e+02    3.5506398578e+01    4.9755481216e+01   -1.6829503540e+02    1.1668330019e+01    2.0480000000e+03    5.1527938340e-03    5.9656700721e-01
       379   -7.1333500579e+01    5.0894593754e+03   -1.0601668547e+02    3.4683184894e+01    4.9768134897e+01   -1.6741509707e+02    1.1630276696e+01    2.0480000000e+03    5.1734149456e-03    5.9628906250e-01
       380   -7.1336091524e+01    5.0898632265e+03   -1.0677786912e+02    3.5441777599e+01    4.9635506184e+01   -1.6797717723e+02    1.1563801925e+01    2.0480000000e+03    5.1764668897e-03    5.9822716346e-01
       381   -7.1366216331e+01    5.0942079517e+03   -1.0606583735e+02    3.4699621022e+01    4.9673750678e+01   -1.6798931984e+02    1.2249731812e+01    2.0480000000e+03    5.1683129277e-03    5.9740084135e-01
       382   -7.1332180891e+01    5.0892269736e+03   -1.0593636719e+02    3.4604186296e+01    4.9578574512e+01   -1.6770002131e+02    1.2185079613e+01    2.0480000000e+03    5.1726410165e-03    5.9763371394e-01
       383   -7.1382210317e+01    5.0964765890e+03   -1.0640380876e+02    3.5021598439e+01    4.9587154603e+01   -1.6787926195e+02    1.1888298589e+01    2.0480000000e+03    5.1774741150e-03    5.9906099760e-01
       384   -7.1328412901e+01    5.0886866478e+03   -1.0623885765e+02    3.4910444753e+01    4.9375451906e+01   -1.6728957049e+02    1.1675260935e+01    2.0480000000e+03    5.1663983613e-03    5.9867037260e-01
       385   -7.1337776226e+01    5.0900373873e+03   -1.0652201698e+02    3.5184240756e+01    4.9517684189e+01   -1.6749558538e+02    1.1455884212e+01    2.0480000000e+03    5.1695804577e-03    5.9838491587e-01
       386   -7.1277432120e+01    5.0818204987e+03   -1.0631348534e+02    3.5036053216e+01    4.9539921936e+01   -1.6763920618e+02    1.1785798911e+01    2.0480000000e+03    5.1759285852e-03    5.9882061298e-01
       387   -7.1377361846e+01    5.0957279149e+03   -1.0613386115e+02    3.4756499302e+01    4.9512058627e+01   -1.6715006026e+02    1.1504140490e+01    2.0480000000e+03    5.1543617155e-03    5.9582331731e-01
       388   -7.1324416913e+01    5.0882118752e+03   -1.0593880624e+02    3.4614389328e+01    4.9474982180e+01   -1.6695988920e+02    1.1546100776e+01    2.0480000000e+03    5.1960148849e-03    5.9923377404e-01
       389   -7.1294725760e+01    5.0839363795e+03   -1.0596707666e+02    3.4672350899e+01    4.9358077131e+01   -1.6675183216e+02    1.1426678373e+01    2.0480000000e+03    5.1747926045e-03    5.9942908654e-01
       390   -7.1344478563e+01    5.0909926957e+03   -1.0623684200e+02    3.4892363435e+01    4.9596634972e+01   -1.6784247419e+02    1.2008997216e+01    2.0480000000e+03    5.1834739279e-03    5.9981971154e-01
       391   -7.1314069953e+01    5.0866314779e+03   -1.0623538781e+02    3.4921317861e+01    4.9633434992e+01   -1.6764000148e+02    1.1771178676e+01    2.0480000000e+03    5.1683562342e-03    5.9812950721e-01
       392   -7.1385942690e+01    5.0971429584e+03   -1.0653916972e+02    3.5153227027e+01    4.9546425036e+01   -1.6791794439e+02    1.1832349635e+01    2.0480000000e+03    5.1678698510e-03    5.9869290865e-01
       393   -7.1371303768e+01    5.0954899871e+03   -1.0653743634e+02    3.5166132573e+01    4.9507800857e+01   -1.6705523153e+02    1.1009994327e+01    2.0480000000e+03    5.1609210204e-03    5.9726562500e-01
       394   -7.1274166970e+01    5.0809962840e+03   -1.0602769550e+02    3.4753528528e+01    4.9465771318e+01   -1.6718414636e+02    1.1690679542e+01    2.0480000000e+03    5.1757013425e-03    5.9972205529e-01
       395   -7.1291590216e+01    5.0835393935e+03   -1.0602519424e+02    3.4733604025e+01    4.9614233507e+01   -1.6774562341e+02    1.2106195666e+01    2.0480000000e+03    5.1754056476e-03    5.9951171875e-01
       396   -7.1351495124e+01    5.0920657548e+03   -1.0599339908e+02    3.4641903959e+01    4.9483814236e+01   -1.6703779037e+02    1.1560577050e+01    2.0480000000e+03    5.1652698312e-03    5.9852764423e-01
       397   -7.1387015002e+01    5.0976244652e+03   -1.0620805189e+02    3.4821036884e+01    4.9661860772e+01   -1.6786555756e+02    1.1995644901e+01    2.0480000000e+03    5.1713585854e-03    5.9914362981e-01
       398   -7.1333886744e+01    5.0893699155e+03   -1.0636244680e+02    3.5028560055e+01    4.9694665387e+01   -1.6776817259e+02    1.1711060399e+01    2.0480000000e+03    5.1870921161e-03    5.9845252404e-01
       399   -7.1327325104e+01    5.0885686299e+03   -1.0613696786e+02    3.4809642753e+01    4.9587699768e+01   -1.6752626227e+02    1.1801594641e+01    2.0480000000e+03    5.1606991328e-03    5.9688251202e-01
