#   index    LocalEnergy         LocalEnergy_sq      LocalPotential      Kinetic             ElecElec            LocalECP            NonLocalECP         BlockWeight         BlockCPU            AcceptRatio         
         0   -7.1346391153e+01    5.0911242325e+03   -1.0640873469e+02    3.5062343538e+01    4.9382458735e+01   -1.6748122991e+02    1.1690036485e+01    1.0240000000e+03    3.4342778381e-03    5.9771634615e-01
         1   -7.1308937069e+01    5.0859455124e+03   -1.0642383973e+02    3.5114902664e+01    4.9466094205e+01   -1.6733466100e+02    1.1444727059e+01    1.0240000000e+03    3.3378275111e-03    5.9489182692e-01
         2   -7.1341471778e+01    5.0907592661e+03   -1.0635584205e+02    3.5014370273e+01    4.9531958589e+01   -1.6770941279e+02    1.1821612155e+01    1.0240000000e+03    3.3076438121e-03    5.9768629808e-01
         3   -7.1350375851e+01    5.0917608898e+03   -1.0676333837e+02    3.5412962516e+01    4.9634415184e+01   -1.6785160058e+02    1.1453847028e+01    1.0240000000e+03    3.2815276645e-03    5.9800180288e-01
         4   -7.1317913377e+01    5.0871534465e+03   -1.0643197481e+02    3.5114061428e+01    4.9825395524e+01   -1.6882102541e+02    1.2563655080e+01    1.0240000000e+03    3.2489430159e-03    5.9836237981e-01
         5   -7.1334328098e+01    5.0895763268e+03   -1.0677572524e+02    3.5441397139e+01    4.9500241722e+01   -1.6705111807e+02    1.0775151112e+01    1.0240000000e+03    3.2275943086e-03    5.9640925481e-01
         6   -7.1288973371e+01    5.0830328536e+03   -1.0674877303e+02    3.5459799655e+01    4.9745573136e+01   -1.6810829982e+02    1.1613953662e+01    1.0240000000e+03    3.2781788614e-03    5.9924879808e-01
         7   -7.1302910545e+01    5.0850955534e+03   -1.0647378112e+02    3.5170870578e+01    4.9440209763e+01   -1.6718337398e+02    1.1269383092e+01    1.0240000000e+03    3.2350483816e-03    5.9717548077e-01
         8   -7.1381876368e+01    5.0962882652e+03   -1.0694853095e+02    3.5566654578e+01    4.9741086931e+01   -1.6794116146e+02    1.1251543581e+01    1.0240000000e+03    3.2330711838e-03    5.9801682692e-01
         9   -7.1322633908e+01    5.0877263632e+03   -1.0592807799e+02    3.4605444085e+01    4.9373553989e+01   -1.6679253802e+02    1.1490906043e+01    1.0240000000e+03    3.2671790104e-03    6.0202824519e-01
        10   -7.1344871607e+01    5.0912069548e+03   -1.0668044446e+02    3.5335572852e+01    4.9551533983e+01   -1.6782770978e+02    1.1595731341e+01    1.0240000000e+03    3.2602811698e-03    6.0085637019e-01
        11   -7.1267166208e+01    5.0800157876e+03   -1.0586105045e+02    3.4593884245e+01    4.9490893482e+01   -1.6767365614e+02    1.2321712202e+01    1.0240000000e+03    3.2356216107e-03    6.0058593750e-01
        12   -7.1347021523e+01    5.0912903161e+03   -1.0686996889e+02    3.5522947365e+01    4.9801319452e+01   -1.6790669587e+02    1.1235407532e+01    1.0240000000e+03    3.2388223335e-03    6.0036057692e-01
        13   -7.1318704795e+01    5.0872824907e+03   -1.0616871400e+02    3.4850009205e+01    4.9604269609e+01   -1.6765639535e+02    1.1883411745e+01    1.0240000000e+03    3.2425369136e-03    6.0100661058e-01
        14   -7.1292328493e+01    5.0835187261e+03   -1.0634088992e+02    3.5048561429e+01    4.9210576262e+01   -1.6713361253e+02    1.1582146351e+01    1.0240000000e+03    3.2326432411e-03    5.9819711538e-01
        15   -7.1308940343e+01    5.0858421202e+03   -1.0608251403e+02    3.4773573690e+01    4.9013581100e+01   -1.6656952020e+02    1.1473425066e+01    1.0240000000e+03    3.2273819670e-03    5.9936899038e-01
        16   -7.1319505860e+01    5.0875410656e+03   -1.0636599221e+02    3.5046486353e+01    4.9412165183e+01   -1.6752731486e+02    1.1749157465e+01    1.0240000000e+03    3.2404069789e-03    5.9836237981e-01
        17   -7.1353403936e+01    5.0923086384e+03   -1.0656111458e+02    3.5207710647e+01    4.9425258543e+01   -1.6756123706e+02    1.1574863930e+01    1.0240000000e+03    3.2504240517e-03    6.0039062500e-01
        18   -7.1314710580e+01    5.0868526108e+03   -1.0646194304e+02    3.5147232461e+01    4.9450920916e+01   -1.6671775738e+02    1.0804893427e+01    1.0240000000e+03    3.2048681751e-03    5.9968449519e-01
        19   -7.1305235402e+01    5.0856046657e+03   -1.0569896052e+02    3.4393725115e+01    4.9564640355e+01   -1.6680079692e+02    1.1537196046e+01    1.0240000000e+03    3.2468189020e-03    5.9984975962e-01
        20   -7.1318234488e+01    5.0873682655e+03   -1.0593777763e+02    3.4619543137e+01    4.9647957167e+01   -1.6719879555e+02    1.1613060753e+01    1.0240000000e+03    3.2394325826e-03    5.9912860577e-01
        21   -7.1297684402e+01    5.0842407606e+03   -1.0614228971e+02    3.4844605310e+01    4.9549647881e+01   -1.6737483905e+02    1.1682901462e+01    1.0240000000e+03    3.2754756976e-03    6.0380108173e-01
        22   -7.1357610374e+01    5.0927773934e+03   -1.0533583398e+02    3.3978223601e+01    4.9560256173e+01   -1.6660644747e+02    1.1710357323e+01    1.0240000000e+03    3.2597011887e-03    5.9803185096e-01
        23   -7.1342775920e+01    5.0906790967e+03   -1.0670012408e+02    3.5357348158e+01    4.9648942949e+01   -1.6750388267e+02    1.1154815639e+01    1.0240000000e+03    3.2142424025e-03    5.9639423077e-01
        24   -7.1328746456e+01    5.0887227309e+03   -1.0632345365e+02    3.4994707197e+01    4.9620535379e+01   -1.6736926676e+02    1.1425277730e+01    1.0240000000e+03    3.2141697593e-03    5.9899338942e-01
        25   -7.1287810597e+01    5.0836100449e+03   -1.0604286676e+02    3.4755056159e+01    4.9628066053e+01   -1.6813014313e+02    1.2459210321e+01    1.0240000000e+03    3.2539856620e-03    5.9903846154e-01
        26   -7.1341679860e+01    5.0905421888e+03   -1.0632847417e+02    3.4986794314e+01    4.9417231365e+01   -1.6739071199e+02    1.1645006448e+01    1.0240000000e+03    3.2363254577e-03    5.9975961538e-01
        27   -7.1280919509e+01    5.0823875666e+03   -1.0601629472e+02    3.4735375212e+01    4.9510847935e+01   -1.6760343906e+02    1.2076296402e+01    1.0240000000e+03    3.2206033356e-03    5.9586838942e-01
        28   -7.1324712253e+01    5.0881829748e+03   -1.0639943199e+02    3.5074719734e+01    4.9549967849e+01   -1.6715512668e+02    1.1205726839e+01    1.0240000000e+03    3.1933146529e-03    6.0022536058e-01
        29   -7.1337785121e+01    5.0900039815e+03   -1.0721727178e+02    3.5879486659e+01    4.9660375472e+01   -1.6873092312e+02    1.1853275873e+01    1.0240000000e+03    3.2303819899e-03    5.9771634615e-01
        30   -7.1331371286e+01    5.0890850867e+03   -1.0688511974e+02    3.5553748456e+01    4.9575508213e+01   -1.6814642235e+02    1.1685794398e+01    1.0240000000e+03    3.2161986455e-03    5.9692007212e-01
        31   -7.1284406860e+01    5.0823445472e+03   -1.0620991093e+02    3.4925504073e+01    4.9609151386e+01   -1.6733884189e+02    1.1519779575e+01    1.0240000000e+03    3.2150088809e-03    5.9505709135e-01
        32   -7.1333622593e+01    5.0894203722e+03   -1.0618946068e+02    3.4855838090e+01    4.9634259828e+01   -1.6785820997e+02    1.2034489459e+01    1.0240000000e+03    3.2132288907e-03    6.0214843750e-01
        33   -7.1333292224e+01    5.0896562568e+03   -1.0632219985e+02    3.4988907625e+01    4.9573816122e+01   -1.6713279859e+02    1.1236782615e+01    1.0240000000e+03    3.2372991554e-03    6.0007512019e-01
        34   -7.1295256863e+01    5.0841622358e+03   -1.0616164868e+02    3.4866391815e+01    4.9768681551e+01   -1.6820316021e+02    1.2272829984e+01    1.0240000000e+03    3.2392013818e-03    5.9903846154e-01
        35   -7.1306090570e+01    5.0856773331e+03   -1.0667209797e+02    3.5366007397e+01    4.9505393858e+01   -1.6753166305e+02    1.1354171221e+01    1.0240000000e+03    3.2403119840e-03    5.9679987981e-01
        36   -7.1296055121e+01    5.0844677450e+03   -1.0643973801e+02    3.5143682889e+01    4.9582527324e+01   -1.6753245916e+02    1.1510193831e+01    1.0240000000e+03    3.2012916636e-03    5.9906850962e-01
        37   -7.1354217143e+01    5.0929921321e+03   -1.0655129036e+02    3.5197073213e+01    4.9669305685e+01   -1.6838213043e+02    1.2161534394e+01    1.0240000000e+03    3.2234156970e-03    5.9834735577e-01
        38   -7.1319418258e+01    5.0874013673e+03   -1.0673569024e+02    3.5416271981e+01    4.9778306763e+01   -1.6830535926e+02    1.1791362257e+01    1.0240000000e+03    3.2039014623e-03    5.9555288462e-01
        39   -7.1259381616e+01    5.0788650901e+03   -1.0678873648e+02    3.5529354859e+01    4.9542838087e+01   -1.6769387319e+02    1.1362298625e+01    1.0240000000e+03    3.2005780376e-03    5.9828725962e-01
        40   -7.1332507795e+01    5.0892261988e+03   -1.0660708885e+02    3.5274581056e+01    4.9651518731e+01   -1.6823277538e+02    1.1974167794e+01    1.0240000000e+03    3.2007794362e-03    5.9592848558e-01
        41   -7.1344181790e+01    5.0909547927e+03   -1.0590873669e+02    3.4564554900e+01    4.9672548837e+01   -1.6772041580e+02    1.2139130272e+01    1.0240000000e+03    3.2116232906e-03    5.9833233173e-01
        42   -7.1390844302e+01    5.0975926121e+03   -1.0604964476e+02    3.4658800458e+01    4.9633989869e+01   -1.6766149351e+02    1.1977858881e+01    1.0240000000e+03    3.2576145604e-03    5.9936899038e-01
        43   -7.1289052891e+01    5.0830737535e+03   -1.0706477962e+02    3.5775726730e+01    4.9716114499e+01   -1.6839616959e+02    1.1615275472e+01    1.0240000000e+03    3.2299265731e-03    5.9813701923e-01
        44   -7.1244722573e+01    5.0786305737e+03   -1.0670526009e+02    3.5460537522e+01    4.9902379352e+01   -1.6844542716e+02    1.1837787716e+01    1.0240000000e+03    3.2558420207e-03    5.9508713942e-01
        45   -7.1340379043e+01    5.0902913202e+03   -1.0618068453e+02    3.4840305483e+01    4.9730340239e+01   -1.6741577676e+02    1.1504751993e+01    1.0240000000e+03    3.2483455725e-03    5.9690504808e-01
        46   -7.1262599209e+01    5.0793116208e+03   -1.0662099744e+02    3.5358398235e+01    4.9722908240e+01   -1.6844697769e+02    1.2103072003e+01    1.0240000000e+03    3.2271209639e-03    5.9954927885e-01
        47   -7.1306638517e+01    5.0855931589e+03   -1.0584434048e+02    3.4537701961e+01    4.9171501982e+01   -1.6617689567e+02    1.1161053215e+01    1.0240000000e+03    3.2270879019e-03    5.9860276442e-01
        48   -7.1311912093e+01    5.0862950787e+03   -1.0629476994e+02    3.4982857843e+01    4.9603177961e+01   -1.6784141157e+02    1.1943463675e+01    1.0240000000e+03    3.2566394657e-03    6.0061598558e-01
        49   -7.1319954071e+01    5.0875571197e+03   -1.0656212414e+02    3.5242170066e+01    4.9540019668e+01   -1.6731243591e+02    1.1210292104e+01    1.0240000000e+03    3.2472568564e-03    5.9773137019e-01
        50   -7.1273667012e+01    5.0808310307e+03   -1.0648491907e+02    3.5211252055e+01    4.9572612722e+01   -1.6694926011e+02    1.0891728325e+01    1.0240000000e+03    3.2192538492e-03    6.0085637019e-01
        51   -7.1328797222e+01    5.0888872372e+03   -1.0577284631e+02    3.4444049088e+01    4.9384866180e+01   -1.6675394061e+02    1.1596228117e+01    1.0240000000e+03    3.2420447096e-03    5.9915865385e-01
        52   -7.1291031149e+01    5.0834866640e+03   -1.0660152418e+02    3.5310493028e+01    4.9426332063e+01   -1.6709405839e+02    1.1066202148e+01    1.0240000000e+03    3.2297982834e-03    5.9972956731e-01
        53   -7.1273744212e+01    5.0808845981e+03   -1.0567146131e+02    3.4397717102e+01    4.9294385712e+01   -1.6660680217e+02    1.1640955142e+01    1.0240000000e+03    3.2520038076e-03    5.9752103365e-01
        54   -7.1326121520e+01    5.0882653686e+03   -1.0622900361e+02    3.4902882086e+01    4.9381561600e+01   -1.6686542929e+02    1.1254864080e+01    1.0240000000e+03    3.1952708960e-03    5.9848257212e-01
        55   -7.1263278937e+01    5.0796431840e+03   -1.0638075067e+02    3.5117471736e+01    4.9379939234e+01   -1.6779836779e+02    1.2037677887e+01    1.0240000000e+03    3.2165008597e-03    6.0054086538e-01
        56   -7.1367424840e+01    5.0944311621e+03   -1.0633113441e+02    3.4963709567e+01    4.9262311690e+01   -1.6748168775e+02    1.1888241653e+01    1.0240000000e+03    3.1998588238e-03    5.9995492788e-01
        57   -7.1338407598e+01    5.0900503953e+03   -1.0686312732e+02    3.5524719724e+01    4.9472573748e+01   -1.6751382408e+02    1.1178123009e+01    1.0240000000e+03    3.2472505700e-03    6.0111177885e-01
        58   -7.1350701015e+01    5.0918867455e+03   -1.0608646337e+02    3.4735762357e+01    4.9474330890e+01   -1.6712029532e+02    1.1559501064e+01    1.0240000000e+03    3.2810203265e-03    5.9834735577e-01
        59   -7.1331454602e+01    5.0890889121e+03   -1.0560080754e+02    3.4269352939e+01    4.9125414870e+01   -1.6622020195e+02    1.1493979535e+01    1.0240000000e+03    3.2828981057e-03    6.0255408654e-01
        60   -7.1300011862e+01    5.0844852837e+03   -1.0614648527e+02    3.4846473406e+01    4.9483069060e+01   -1.6677306478e+02    1.1143510456e+01    1.0240000000e+03    3.2890886068e-03    6.0238882212e-01
        61   -7.1304143920e+01    5.0852044916e+03   -1.0635481856e+02    3.5050674640e+01    4.9637341538e+01   -1.6743712246e+02    1.1444962360e+01    1.0240000000e+03    3.2177451067e-03    5.9894831731e-01
        62   -7.1330856508e+01    5.0891087908e+03   -1.0663983275e+02    3.5308976239e+01    4.9534930376e+01   -1.6747641245e+02    1.1301649326e+01    1.0240000000e+03    3.2666588668e-03    6.0013521635e-01
        63   -7.1308580260e+01    5.0857996337e+03   -1.0622085001e+02    3.4912269747e+01    4.9311367847e+01   -1.6750484161e+02    1.1972623752e+01    1.0240000000e+03    3.2346362714e-03    5.9643930288e-01
        64   -7.1351245097e+01    5.0917865955e+03   -1.0646158696e+02    3.5110341863e+01    4.9441875753e+01   -1.6703990429e+02    1.1136441577e+01    1.0240000000e+03    3.2313328702e-03    5.9947415865e-01
        65   -7.1358048605e+01    5.0929462704e+03   -1.0569797171e+02    3.4339923105e+01    4.9076227839e+01   -1.6600524716e+02    1.1231047610e+01    1.0240000000e+03    3.2279165462e-03    5.9984975962e-01
        66   -7.1371666085e+01    5.0949298909e+03   -1.0642396404e+02    3.5052297952e+01    4.9424943501e+01   -1.6675500112e+02    1.0906093577e+01    1.0240000000e+03    3.2072935719e-03    5.9869290865e-01
        67   -7.1348385536e+01    5.0917079054e+03   -1.0656379309e+02    3.5215407559e+01    4.9660003606e+01   -1.6801980236e+02    1.1796005657e+01    1.0240000000e+03    3.2256988343e-03    6.0159254808e-01
        68   -7.1385840936e+01    5.0968149588e+03   -1.0694500076e+02    3.5559159823e+01    4.9689638566e+01   -1.6811662694e+02    1.1481987618e+01    1.0240000000e+03    3.2370202243e-03    5.9980468750e-01
        69   -7.1315614097e+01    5.0869558922e+03   -1.0608680357e+02    3.4771189468e+01    4.9397546971e+01   -1.6715451500e+02    1.1670164468e+01    1.0240000000e+03    3.2572227065e-03    5.9603365385e-01
        70   -7.1314774804e+01    5.0868188753e+03   -1.0578853772e+02    3.4473762920e+01    4.9423599901e+01   -1.6777344232e+02    1.2561304700e+01    1.0240000000e+03    3.2355773728e-03    6.0057091346e-01
        71   -7.1341156335e+01    5.0905369550e+03   -1.0548539731e+02    3.4144240979e+01    4.9101117483e+01   -1.6631722627e+02    1.1730711473e+01    1.0240000000e+03    3.2567880116e-03    5.9929387019e-01
        72   -7.1308735499e+01    5.0859212179e+03   -1.0652235682e+02    3.5213621320e+01    4.9547841500e+01   -1.6773577877e+02    1.1665580453e+01    1.0240000000e+03    3.2435343601e-03    5.9932391827e-01
        73   -7.1295539750e+01    5.0840293596e+03   -1.0584452146e+02    3.4548981705e+01    4.9494786319e+01   -1.6719169139e+02    1.1852383612e+01    1.0240000000e+03    3.2307000365e-03    5.9855769231e-01
        74   -7.1287232394e+01    5.0826296642e+03   -1.0636896559e+02    3.5081733197e+01    4.9443221097e+01   -1.6685806278e+02    1.1045876090e+01    1.0240000000e+03    3.2530978788e-03    6.0274939904e-01
        75   -7.1347038053e+01    5.0912043700e+03   -1.0553962128e+02    3.4192583226e+01    4.9249917339e+01   -1.6626044679e+02    1.1470908168e+01    1.0240000000e+03    3.2128470484e-03    5.9798677885e-01
        76   -7.1271567195e+01    5.0805975938e+03   -1.0577751317e+02    3.4505945976e+01    4.9446345289e+01   -1.6747390738e+02    1.2250048919e+01    1.0240000000e+03    3.2161574345e-03    6.0001502404e-01
        77   -7.1345692265e+01    5.0912353774e+03   -1.0577106020e+02    3.4425367933e+01    4.9393731492e+01   -1.6732444347e+02    1.2159651783e+01    1.0240000000e+03    3.2272997778e-03    5.9725060096e-01
        78   -7.1373645756e+01    5.0949810015e+03   -1.0629030898e+02    3.4916663223e+01    4.9397637579e+01   -1.6688080009e+02    1.1192853537e+01    1.0240000000e+03    3.2226683106e-03    6.0174278846e-01
        79   -7.1338954522e+01    5.0902882763e+03   -1.0614115303e+02    3.4802198504e+01    4.9332869736e+01   -1.6747505293e+02    1.2001030170e+01    1.0240000000e+03    3.2574387733e-03    6.0193810096e-01
        80   -7.1302793211e+01    5.0849761298e+03   -1.0571413870e+02    3.4411345487e+01    4.9247540670e+01   -1.6657998016e+02    1.1618300790e+01    1.0240000000e+03    3.2396798488e-03    6.0075120192e-01
        81   -7.1341036269e+01    5.0905809157e+03   -1.0632712102e+02    3.4986084749e+01    4.9247441858e+01   -1.6730277677e+02    1.1728213899e+01    1.0240000000e+03    3.1774931122e-03    5.9905348558e-01
        82   -7.1285833567e+01    5.0826503958e+03   -1.0618738678e+02    3.4901553214e+01    4.9219035022e+01   -1.6711936935e+02    1.1712947543e+01    1.0240000000e+03    3.2336665317e-03    6.0124699519e-01
        83   -7.1344033585e+01    5.0909518450e+03   -1.0609106303e+02    3.4747029441e+01    4.9225534859e+01   -1.6681000275e+02    1.1493404865e+01    1.0240000000e+03    3.2517795917e-03    5.9537259615e-01
        84   -7.1374762947e+01    5.0957552604e+03   -1.0580659012e+02    3.4431827168e+01    4.9495039147e+01   -1.6711240829e+02    1.1810779031e+01    1.0240000000e+03    3.2268585637e-03    5.9938401442e-01
        85   -7.1313374591e+01    5.0870335819e+03   -1.0595016002e+02    3.4636785433e+01    4.9412929427e+01   -1.6711844926e+02    1.1755359804e+01    1.0240000000e+03    3.1835057307e-03    6.0087139423e-01
        86   -7.1336904210e+01    5.0901145259e+03   -1.0587293025e+02    3.4536026038e+01    4.9339883570e+01   -1.6700679421e+02    1.1793980389e+01    1.0240000000e+03    3.2235619146e-03    5.9860276442e-01
        87   -7.1288425404e+01    5.0831718104e+03   -1.0620526074e+02    3.4916835336e+01    4.9344309142e+01   -1.6671955814e+02    1.1169988254e+01    1.0240000000e+03    3.2273395918e-03    5.9833233173e-01
        88   -7.1289112688e+01    5.0831004765e+03   -1.0619234274e+02    3.4903230053e+01    4.9694041095e+01   -1.6861756998e+02    1.2731186147e+01    1.0240000000e+03    3.1993056182e-03    5.9956430288e-01
        89   -7.1347242753e+01    5.0912356283e+03   -1.0669367485e+02    3.5346432100e+01    4.9885300766e+01   -1.6797632468e+02    1.1397349056e+01    1.0240000000e+03    3.2031692099e-03    5.9825721154e-01
        90   -7.1337240698e+01    5.0897657493e+03   -1.0618140521e+02    3.4844164513e+01    4.9287809849e+01   -1.6671387403e+02    1.1244658970e+01    1.0240000000e+03    3.2405422535e-03    5.9405048077e-01
        91   -7.1314522207e+01    5.0866124191e+03   -1.0637175970e+02    3.5057237497e+01    4.9211651723e+01   -1.6646661022e+02    1.0883198791e+01    1.0240000000e+03    3.2162535936e-03    5.9963942308e-01
        92   -7.1281622903e+01    5.0819891905e+03   -1.0644884629e+02    3.5167223386e+01    4.9442594902e+01   -1.6791778734e+02    1.2026346151e+01    1.0240000000e+03    3.2475993503e-03    5.9776141827e-01
        93   -7.1391362391e+01    5.0976467327e+03   -1.0650021362e+02    3.5108851232e+01    4.9568776021e+01   -1.6759879941e+02    1.1529809768e+01    1.0240000000e+03    3.2680067234e-03    5.9681490385e-01
        94   -7.1299353455e+01    5.0846332308e+03   -1.0599785292e+02    3.4698499464e+01    4.9547818863e+01   -1.6755888325e+02    1.2013211466e+01    1.0240000000e+03    3.2377473544e-03    5.9884314904e-01
        95   -7.1342534619e+01    5.0907169395e+03   -1.0626710225e+02    3.4924567629e+01    4.9454833064e+01   -1.6751455001e+02    1.1792614695e+01    1.0240000000e+03    3.2143881544e-03    5.9462139423e-01
        96   -7.1302440460e+01    5.0848667802e+03   -1.0614645798e+02    3.4844017517e+01    4.9325829838e+01   -1.6698855724e+02    1.1516269430e+01    1.0240000000e+03    3.2541707624e-03    5.9873798077e-01
        97   -7.1366191178e+01    5.0940705691e+03   -1.0596880136e+02    3.4602610185e+01    4.9480282478e+01   -1.6691649510e+02    1.1467411257e+01    1.0240000000e+03    3.2142067794e-03    6.0237379808e-01
        98   -7.1333761957e+01    5.0894369529e+03   -1.0624439999e+02    3.4910638038e+01    4.9510971665e+01   -1.6680882443e+02    1.1053452775e+01    1.0240000000e+03    3.2156840898e-03    5.9860276442e-01
        99   -7.1281561072e+01    5.0820109726e+03   -1.0535314260e+02    3.4071581531e+01    4.9461331105e+01   -1.6732830645e+02    1.2513832743e+01    1.0240000000e+03    3.2218452543e-03    5.9995492788e-01
       100   -7.1326537030e+01    5.0883506009e+03   -1.0604465846e+02    3.4718121428e+01    4.9610691750e+01   -1.6723149057e+02    1.1576140362e+01    1.0240000000e+03    3.2339629252e-03    5.9968449519e-01
       101   -7.1256164467e+01    5.0783285562e+03   -1.0629288394e+02    3.5036719478e+01    4.9517139271e+01   -1.6711935249e+02    1.1309329272e+01    1.0240000000e+03    3.2072148751e-03    6.0100661058e-01
       102   -7.1314494592e+01    5.0869080044e+03   -1.0616414949e+02    3.4849654895e+01    4.9386708266e+01   -1.6724303797e+02    1.1692180212e+01    1.0240000000e+03    3.2244466711e-03    5.9995492788e-01
       103   -7.1371187164e+01    5.0946315526e+03   -1.0608801627e+02    3.4716829101e+01    4.9436244109e+01   -1.6707726444e+02    1.1553004061e+01    1.0240000000e+03    3.2202156726e-03    5.9714543269e-01
       104   -7.1315032630e+01    5.0873047293e+03   -1.0605261349e+02    3.4737580863e+01    4.9310720050e+01   -1.6758497011e+02    1.2221636563e+01    1.0240000000e+03    3.2511581667e-03    6.0049579327e-01
       105   -7.1299158523e+01    5.0844835445e+03   -1.0586203937e+02    3.4562880848e+01    4.9358593641e+01   -1.6717515241e+02    1.1954519394e+01    1.0240000000e+03    3.2296255231e-03    6.0229867788e-01
       106   -7.1339105644e+01    5.0901534675e+03   -1.0661293893e+02    3.5273833288e+01    4.9344152158e+01   -1.6745075499e+02    1.1493663899e+01    1.0240000000e+03    3.3020891715e-03    5.9924879808e-01
       107   -7.1308692222e+01    5.0858139230e+03   -1.0599761532e+02    3.4688923094e+01    4.9542956178e+01   -1.6767108536e+02    1.2130513863e+01    1.0240000000e+03    3.2622779254e-03    6.0295973558e-01
       108   -7.1340815615e+01    5.0904698879e+03   -1.0663622686e+02    3.5295411247e+01    4.9813942609e+01   -1.6881581462e+02    1.2365645148e+01    1.0240000000e+03    3.2025026157e-03    5.9657451923e-01
       109   -7.1305115634e+01    5.0852836919e+03   -1.0682700715e+02    3.5521891521e+01    4.9724736819e+01   -1.6803320487e+02    1.1481460898e+01    1.0240000000e+03    3.2293365803e-03    5.9812199519e-01
       110   -7.1387896274e+01    5.0972121161e+03   -1.0654460780e+02    3.5156711524e+01    4.9819356505e+01   -1.6833832466e+02    1.1974360360e+01    1.0240000000e+03    3.2584939618e-03    5.9827223558e-01
       111   -7.1309484213e+01    5.0860010843e+03   -1.0649099804e+02    3.5181513826e+01    4.9636571168e+01   -1.6796561857e+02    1.1838049359e+01    1.0240000000e+03    3.1999191269e-03    5.9528245192e-01
       112   -7.1323978662e+01    5.0883581695e+03   -1.0617241207e+02    3.4848433405e+01    4.9748306695e+01   -1.6809709940e+02    1.2176380638e+01    1.0240000000e+03    3.2248764765e-03    5.9725060096e-01
       113   -7.1351428472e+01    5.0918576960e+03   -1.0693909590e+02    3.5587667424e+01    4.9640494198e+01   -1.6770113901e+02    1.1121548913e+01    1.0240000000e+03    3.2433678862e-03    5.9692007212e-01
       114   -7.1351009192e+01    5.0918643873e+03   -1.0679309167e+02    3.5442082482e+01    4.9647588474e+01   -1.6759148368e+02    1.1150803529e+01    1.0240000000e+03    3.2429809216e-03    5.9971454327e-01
       115   -7.1242092670e+01    5.0773631085e+03   -1.0626271279e+02    3.5020620120e+01    4.9715150784e+01   -1.6800750445e+02    1.2029640879e+01    1.0240000000e+03    3.2171143685e-03    5.9786658654e-01
       116   -7.1312310306e+01    5.0866458533e+03   -1.0673778346e+02    3.5425473158e+01    4.9568507323e+01   -1.6845896412e+02    1.2152673337e+01    1.0240000000e+03    3.2435394824e-03    5.9771634615e-01
       117   -7.1285449489e+01    5.0827176791e+03   -1.0634644564e+02    3.5060996151e+01    4.9456208826e+01   -1.6753423778e+02    1.1731583318e+01    1.0240000000e+03    3.2203544397e-03    6.0034555288e-01
       118   -7.1272997956e+01    5.0808517115e+03   -1.0557103811e+02    3.4298040150e+01    4.9316490549e+01   -1.6759067883e+02    1.2703150176e+01    1.0240000000e+03    3.2365499064e-03    5.9828725962e-01
       119   -7.1252599547e+01    5.0781723165e+03   -1.0672197806e+02    3.5469378509e+01    4.9466407279e+01   -1.6796460421e+02    1.1776218874e+01    1.0240000000e+03    3.2003126107e-03    5.9849759615e-01
       120   -7.1312357059e+01    5.0864695722e+03   -1.0630889856e+02    3.4996541498e+01    4.9757899983e+01   -1.6751248519e+02    1.1445686648e+01    1.0240000000e+03    3.2095368952e-03    5.9728064904e-01
       121   -7.1321120825e+01    5.0876522826e+03   -1.0589943229e+02    3.4578311461e+01    4.9447132119e+01   -1.6713248241e+02    1.1785918010e+01    1.0240000000e+03    3.2790638506e-03    5.9746093750e-01
       122   -7.1327770002e+01    5.0884820565e+03   -1.0652023196e+02    3.5192461957e+01    4.9418291325e+01   -1.6713049625e+02    1.1191972967e+01    1.0240000000e+03    3.2184429001e-03    6.0061598558e-01
       123   -7.1314651118e+01    5.0867081170e+03   -1.0627295456e+02    3.4958303439e+01    4.9555827258e+01   -1.6740378209e+02    1.1575000271e+01    1.0240000000e+03    3.2303789631e-03    5.9696514423e-01
       124   -7.1360313732e+01    5.0933426790e+03   -1.0524143032e+02    3.3881116591e+01    4.9372311940e+01   -1.6665623683e+02    1.2042494564e+01    1.0240000000e+03    3.2417068724e-03    5.9933894231e-01
       125   -7.1359982503e+01    5.0929814988e+03   -1.0634330627e+02    3.4983323770e+01    4.9369206236e+01   -1.6685086744e+02    1.1138354931e+01    1.0240000000e+03    3.2266615890e-03    5.9792668269e-01
       126   -7.1279002222e+01    5.0816000191e+03   -1.0685950270e+02    3.5580500474e+01    4.9803062636e+01   -1.6817265203e+02    1.1510086696e+01    1.0240000000e+03    3.1993114389e-03    5.9711538462e-01
       127   -7.1359333852e+01    5.0932572140e+03   -1.0618384230e+02    3.4824508450e+01    4.9644728748e+01   -1.6756304279e+02    1.1734471744e+01    1.0240000000e+03    3.2382558566e-03    5.9574819712e-01
       128   -7.1314359413e+01    5.0868147489e+03   -1.0630739133e+02    3.4993031915e+01    4.9566703798e+01   -1.6741295991e+02    1.1538864783e+01    1.0240000000e+03    3.2080216333e-03    5.9957932692e-01
       129   -7.1350937390e+01    5.0918331149e+03   -1.0641757996e+02    3.5066642574e+01    4.9529907598e+01   -1.6710048898e+02    1.1153001416e+01    1.0240000000e+03    3.2374470029e-03    5.9720552885e-01
       130   -7.1335155241e+01    5.0895493759e+03   -1.0658555668e+02    3.5250401442e+01    4.9548308665e+01   -1.6757770537e+02    1.1443840022e+01    1.0240000000e+03    3.2281156164e-03    5.9768629808e-01
       131   -7.1374913222e+01    5.0955608836e+03   -1.0591709693e+02    3.4542183709e+01    4.9337515087e+01   -1.6702144633e+02    1.1766834311e+01    1.0240000000e+03    3.2393150032e-03    5.9685997596e-01
       132   -7.1316098626e+01    5.0869911200e+03   -1.0612389894e+02    3.4807800309e+01    4.9691161262e+01   -1.6788402522e+02    1.2068965018e+01    1.0240000000e+03    3.1953370199e-03    6.0238882212e-01
       133   -7.1315862916e+01    5.0869101687e+03   -1.0611020812e+02    3.4794345206e+01    4.9733204052e+01   -1.6722567591e+02    1.1382263738e+01    1.0240000000e+03    3.1908622477e-03    5.9947415865e-01
       134   -7.1347260201e+01    5.0915665406e+03   -1.0602354666e+02    3.4676286454e+01    4.9627312904e+01   -1.6742146690e+02    1.1770607341e+01    1.0240000000e+03    3.2558110543e-03    5.9903846154e-01
       135   -7.1350839009e+01    5.0917125521e+03   -1.0643430617e+02    3.5083467162e+01    4.9443326015e+01   -1.6652681566e+02    1.0649183472e+01    1.0240000000e+03    3.2052192837e-03    5.9713040865e-01
       136   -7.1345179946e+01    5.0910505340e+03   -1.0607079659e+02    3.4725616641e+01    4.9580335990e+01   -1.6778708851e+02    1.2135955928e+01    1.0240000000e+03    3.2532545738e-03    5.9679987981e-01
       137   -7.1404554785e+01    5.0995332190e+03   -1.0611206424e+02    3.4707509453e+01    4.9514979452e+01   -1.6751328439e+02    1.1886240704e+01    1.0240000000e+03    3.2581167761e-03    6.0046574519e-01
       138   -7.1254065552e+01    5.0786124946e+03   -1.0630532434e+02    3.5051258784e+01    4.9370392771e+01   -1.6716766138e+02    1.1491944276e+01    1.0240000000e+03    3.2058225479e-03    5.9845252404e-01
       139   -7.1390672684e+01    5.0974468007e+03   -1.0576817275e+02    3.4377500065e+01    4.9373902245e+01   -1.6681980193e+02    1.1677726938e+01    1.0240000000e+03    3.1858086586e-03    5.9927884615e-01
       140   -7.1309159573e+01    5.0877469080e+03   -1.0611476514e+02    3.4805605563e+01    4.9215504779e+01   -1.6695784124e+02    1.1627571326e+01    1.0240000000e+03    3.2547400333e-03    5.9875300481e-01
       141   -7.1342543307e+01    5.0907296589e+03   -1.0653138075e+02    3.5188837448e+01    4.9717137331e+01   -1.6831517803e+02    1.2066659942e+01    1.0240000000e+03    3.1957929023e-03    6.0136718750e-01
       142   -7.1332939821e+01    5.0893527431e+03   -1.0702338530e+02    3.5690445478e+01    4.9628777479e+01   -1.6823571912e+02    1.1583556344e+01    1.0240000000e+03    3.2215751708e-03    6.0141225962e-01
       143   -7.1325087137e+01    5.0884877223e+03   -1.0742581847e+02    3.6100731328e+01    4.9650004092e+01   -1.6840137855e+02    1.1325555993e+01    1.0240000000e+03    3.2115688082e-03    6.0184795673e-01
       144   -7.1322591904e+01    5.0879731568e+03   -1.0654698907e+02    3.5224397164e+01    4.9714994030e+01   -1.6800966784e+02    1.1747684746e+01    1.0240000000e+03    3.1903532799e-03    5.9915865385e-01
       145   -7.1329132537e+01    5.0889278494e+03   -1.0610730526e+02    3.4778172721e+01    4.9333252802e+01   -1.6728253846e+02    1.1841980404e+01    1.0240000000e+03    3.2185479067e-03    5.9711538462e-01
       146   -7.1329833937e+01    5.0888771462e+03   -1.0639012886e+02    3.5060294924e+01    4.9449127208e+01   -1.6799256869e+02    1.2153312626e+01    1.0240000000e+03    3.2407152466e-03    5.9936899038e-01
       147   -7.1346452559e+01    5.0912458995e+03   -1.0732587590e+02    3.5979423342e+01    4.9768759749e+01   -1.6851124019e+02    1.1416604542e+01    1.0240000000e+03    3.1995540485e-03    5.9908353365e-01
       148   -7.1324095916e+01    5.0881438093e+03   -1.0631926393e+02    3.4995168018e+01    4.9710854584e+01   -1.6837353744e+02    1.2343418925e+01    1.0240000000e+03    3.2194606028e-03    5.9876802885e-01
       149   -7.1256061177e+01    5.0785039833e+03   -1.0649576977e+02    3.5239708592e+01    4.9708724767e+01   -1.6765543260e+02    1.1450938067e+01    1.0240000000e+03    3.2252792735e-03    5.9722055288e-01
       150   -7.1365761844e+01    5.0941666671e+03   -1.0627671750e+02    3.4910955657e+01    4.9810854179e+01   -1.6789336645e+02    1.1805794771e+01    1.0240000000e+03    3.2423380762e-03    6.0070612981e-01
       151   -7.1338551683e+01    5.0900492789e+03   -1.0682780318e+02    3.5489251502e+01    4.9754742797e+01   -1.6769570769e+02    1.1113161708e+01    1.0240000000e+03    3.2392984722e-03    5.9729567308e-01
       152   -7.1323642413e+01    5.0882323414e+03   -1.0608616911e+02    3.4762526701e+01    4.9544426454e+01   -1.6750332181e+02    1.1872726244e+01    1.0240000000e+03    3.2145276200e-03    5.9717548077e-01
       153   -7.1344035219e+01    5.0909349421e+03   -1.0666803009e+02    3.5323994874e+01    4.9727235845e+01   -1.6781171391e+02    1.1416447971e+01    1.0240000000e+03    3.2087629661e-03    5.9655949519e-01
       154   -7.1318710566e+01    5.0874074619e+03   -1.0651920954e+02    3.5200498976e+01    4.9583671581e+01   -1.6763110576e+02    1.1528224633e+01    1.0240000000e+03    3.2248862553e-03    5.9918870192e-01
       155   -7.1350392394e+01    5.0919341857e+03   -1.0630865110e+02    3.4958258708e+01    4.9774813221e+01   -1.6725199372e+02    1.1168529395e+01    1.0240000000e+03    3.2220322173e-03    5.9767127404e-01
       156   -7.1408922456e+01    5.1002485818e+03   -1.0623091787e+02    3.4821995411e+01    4.9410619910e+01   -1.6695586898e+02    1.1314331199e+01    1.0240000000e+03    3.2692681998e-03    5.9854266827e-01
       157   -7.1335292434e+01    5.0896803982e+03   -1.0655772451e+02    3.5222432079e+01    4.9557335452e+01   -1.6734145841e+02    1.1226398442e+01    1.0240000000e+03    3.2493998297e-03    6.0132211538e-01
       158   -7.1343869420e+01    5.0909369597e+03   -1.0640152455e+02    3.5057655128e+01    4.9609902931e+01   -1.6690592358e+02    1.0894496101e+01    1.0240000000e+03    3.2431995496e-03    5.9705528846e-01
       159   -7.1286632880e+01    5.0830896128e+03   -1.0572508799e+02    3.4438455113e+01    4.9500070877e+01   -1.6753519467e+02    1.2310035798e+01    1.0240000000e+03    3.2640644349e-03    5.9944411058e-01
       160   -7.1334668578e+01    5.0896582061e+03   -1.0639229557e+02    3.5057626991e+01    4.9526805697e+01   -1.6761695002e+02    1.1697848758e+01    1.0240000000e+03    3.2449781429e-03    5.9682992788e-01
       161   -7.1330673167e+01    5.0888712593e+03   -1.0621671127e+02    3.4886038107e+01    4.9377477854e+01   -1.6751782422e+02    1.1923635092e+01    1.0240000000e+03    3.2359934412e-03    5.9843750000e-01
       162   -7.1352382978e+01    5.0920564555e+03   -1.0628666818e+02    3.4934285203e+01    4.9415778881e+01   -1.6732837739e+02    1.1625930329e+01    1.0240000000e+03    3.2235356048e-03    5.9855769231e-01
       163   -7.1350908910e+01    5.0919271851e+03   -1.0714886448e+02    3.5797955570e+01    4.9517892327e+01   -1.6782523324e+02    1.1158476428e+01    1.0240000000e+03    3.2448400743e-03    5.9788161058e-01
       164   -7.1366109025e+01    5.0939280125e+03   -1.0668529719e+02    3.5319188160e+01    4.9573802668e+01   -1.6784877181e+02    1.1589671957e+01    1.0240000000e+03    3.1997754704e-03    5.9729567308e-01
       165   -7.1290802030e+01    5.0832803164e+03   -1.0655890428e+02    3.5268102251e+01    4.9715775876e+01   -1.6879768213e+02    1.2523001977e+01    1.0240000000e+03    3.2224727329e-03    5.9905348558e-01
       166   -7.1295749675e+01    5.0839008275e+03   -1.0545216755e+02    3.4156417877e+01    4.9619801095e+01   -1.6723208886e+02    1.2160120211e+01    1.0240000000e+03    3.2343312632e-03    5.9875300481e-01
       167   -7.1296246632e+01    5.0846560256e+03   -1.0631330180e+02    3.5017055165e+01    4.9484922585e+01   -1.6737837111e+02    1.1580146725e+01    1.0240000000e+03    3.2009847928e-03    5.9818209135e-01
       168   -7.1307545577e+01    5.0856148663e+03   -1.0614148924e+02    3.4833943666e+01    4.9383924130e+01   -1.6618674603e+02    1.0661332660e+01    1.0240000000e+03    3.2432291191e-03    5.9965444712e-01
       169   -7.1370356006e+01    5.0947819394e+03   -1.0602598076e+02    3.4655624758e+01    4.9613498648e+01   -1.6759913361e+02    1.1959654197e+01    1.0240000000e+03    3.2459849026e-03    6.0291466346e-01
       170   -7.1311064618e+01    5.0864401519e+03   -1.0654493457e+02    3.5233869950e+01    4.9662697786e+01   -1.6804915805e+02    1.1841525694e+01    1.0240000000e+03    3.2499278896e-03    6.0335036058e-01
       171   -7.1361378983e+01    5.0932512544e+03   -1.0663003937e+02    3.5268660388e+01    4.9581304962e+01   -1.6713735873e+02    1.0926014399e+01    1.0240000000e+03    3.2246327028e-03    5.9825721154e-01
       172   -7.1289114780e+01    5.0830756511e+03   -1.0658488435e+02    3.5295769565e+01    4.9765331079e+01   -1.6807027385e+02    1.1720058421e+01    1.0240000000e+03    3.2409555279e-03    6.0009014423e-01
       173   -7.1319474351e+01    5.0874052565e+03   -1.0645168423e+02    3.5132209880e+01    4.9637752098e+01   -1.6747762119e+02    1.1388184862e+01    1.0240000000e+03    3.1975486781e-03    5.9454627404e-01
       174   -7.1326822861e+01    5.0884731686e+03   -1.0663083427e+02    3.5304011405e+01    4.9514535960e+01   -1.6788736983e+02    1.1741999603e+01    1.0240000000e+03    3.2365256920e-03    6.0193810096e-01
       175   -7.1322301201e+01    5.0877764760e+03   -1.0611467201e+02    3.4792370805e+01    4.9573721746e+01   -1.6749268778e+02    1.1804294032e+01    1.0240000000e+03    3.2409629785e-03    6.0341045673e-01
       176   -7.1278096377e+01    5.0815026114e+03   -1.0638325080e+02    3.5105154426e+01    4.9549173976e+01   -1.6777034326e+02    1.1837918478e+01    1.0240000000e+03    3.2187295146e-03    6.0063100962e-01
       177   -7.1362447510e+01    5.0936970666e+03   -1.0656955719e+02    3.5207109679e+01    4.9843063059e+01   -1.6784326615e+02    1.1430645899e+01    1.0240000000e+03    3.2484051771e-03    5.9777644231e-01
       178   -7.1321572275e+01    5.0876801928e+03   -1.0639591293e+02    3.5074340656e+01    4.9508528509e+01   -1.6729486972e+02    1.1390428281e+01    1.0240000000e+03    3.2330004033e-03    6.0030048077e-01
       179   -7.1349321507e+01    5.0916085514e+03   -1.0602150736e+02    3.4672185853e+01    4.9529495155e+01   -1.6679891839e+02    1.1247915871e+01    1.0240000000e+03    3.2616565004e-03    5.9965444712e-01
       180   -7.1341478855e+01    5.0904474659e+03   -1.0663238185e+02    3.5290902994e+01    4.9742544856e+01   -1.6720880530e+02    1.0833878600e+01    1.0240000000e+03    3.2347803935e-03    5.9649939904e-01
       181   -7.1328641672e+01    5.0886165215e+03   -1.0680874763e+02    3.5480105957e+01    4.9818033616e+01   -1.6793241379e+02    1.1305632542e+01    1.0240000000e+03    3.2331540715e-03    5.9725060096e-01
       182   -7.1331089255e+01    5.0889998732e+03   -1.0674795988e+02    3.5416870625e+01    4.9750489680e+01   -1.6798751193e+02    1.1489062367e+01    1.0240000000e+03    3.2525726128e-03    5.9801682692e-01
       183   -7.1286659846e+01    5.0825874927e+03   -1.0652698325e+02    3.5240323401e+01    4.9684755361e+01   -1.6880122776e+02    1.2589489156e+01    1.0240000000e+03    3.2570557669e-03    5.9791165865e-01
       184   -7.1326775288e+01    5.0884467187e+03   -1.0592233586e+02    3.4595560576e+01    4.9753436565e+01   -1.6716085547e+02    1.1485083046e+01    1.0240000000e+03    3.2261528540e-03    5.9637920673e-01
       185   -7.1345547980e+01    5.0911572798e+03   -1.0702752579e+02    3.5681977809e+01    4.9595320013e+01   -1.6793179962e+02    1.1308953817e+01    1.0240000000e+03    3.2060546800e-03    5.9972956731e-01
       186   -7.1303010723e+01    5.0850484973e+03   -1.0723078865e+02    3.5927777923e+01    4.9489327244e+01   -1.6799931438e+02    1.1279198489e+01    1.0240000000e+03    3.1969007105e-03    5.9696514423e-01
       187   -7.1288153222e+01    5.0829275824e+03   -1.0672303057e+02    3.5434877344e+01    4.9718544275e+01   -1.6828101064e+02    1.1839435800e+01    1.0240000000e+03    3.2199616544e-03    5.9704026442e-01
       188   -7.1347164023e+01    5.0916266863e+03   -1.0658846195e+02    3.5241297925e+01    4.9755989890e+01   -1.6782442882e+02    1.1479976987e+01    1.0240000000e+03    3.2284792978e-03    5.9717548077e-01
       189   -7.1351271790e+01    5.0919886041e+03   -1.0665425181e+02    3.5302980021e+01    4.9712418079e+01   -1.6815519090e+02    1.1788521013e+01    1.0240000000e+03    3.2317810692e-03    6.0046574519e-01
       190   -7.1363973154e+01    5.0941670466e+03   -1.0680613578e+02    3.5442162625e+01    4.9658126138e+01   -1.6734198974e+02    1.0877727819e+01    1.0240000000e+03    3.2110367902e-03    5.9720552885e-01
       191   -7.1292970050e+01    5.0835836983e+03   -1.0711550935e+02    3.5822539303e+01    4.9798986008e+01   -1.6800970829e+02    1.1095212934e+01    1.0240000000e+03    3.2080491073e-03    5.9657451923e-01
       192   -7.1353080437e+01    5.0921073333e+03   -1.0661520674e+02    3.5262126301e+01    4.9817009453e+01   -1.6796022965e+02    1.1528013463e+01    1.0240000000e+03    3.2210580539e-03    5.9298377404e-01
       193   -7.1298336112e+01    5.0843896416e+03   -1.0643320848e+02    3.5134872373e+01    4.9831499982e+01   -1.6837141968e+02    1.2106711210e+01    1.0240000000e+03    3.2015575562e-03    5.9824218750e-01
       194   -7.1312225487e+01    5.0863264234e+03   -1.0685672782e+02    3.5544502337e+01    4.9728068183e+01   -1.6858299511e+02    1.1998199107e+01    1.0240000000e+03    3.2296874560e-03    5.9795673077e-01
       195   -7.1335588516e+01    5.0896772183e+03   -1.0636565677e+02    3.5030068255e+01    4.9597963310e+01   -1.6764483073e+02    1.1681210650e+01    1.0240000000e+03    3.2155732624e-03    5.9559795673e-01
       196   -7.1357691138e+01    5.0927575618e+03   -1.0680374289e+02    3.5446051748e+01    4.9731918953e+01   -1.6810823043e+02    1.1572568595e+01    1.0240000000e+03    3.2497758511e-03    5.9702524038e-01
       197   -7.1358870024e+01    5.0930916694e+03   -1.0710084999e+02    3.5741979970e+01    4.9716385682e+01   -1.6840646634e+02    1.1589230667e+01    1.0240000000e+03    3.2161166891e-03    5.9513221154e-01
       198   -7.1295816243e+01    5.0841225483e+03   -1.0605167414e+02    3.4755857892e+01    4.9587885171e+01   -1.6773416826e+02    1.2094608950e+01    1.0240000000e+03    3.2199847046e-03    5.9920372596e-01
       199   -7.1371964611e+01    5.0949118123e+03   -1.0634285241e+02    3.4970887797e+01    4.9656375403e+01   -1.6766983586e+02    1.1670608049e+01    1.0240000000e+03    3.2333817799e-03    5.9918870192e-01
       200   -7.1318025118e+01    5.0871991001e+03   -1.0615152971e+02    3.4833504595e+01    4.9512051203e+01   -1.6688464850e+02    1.1221067579e+01    1.0240000000e+03    3.2301116735e-03    5.9863281250e-01
       201   -7.1286498468e+01    5.0827726399e+03   -1.0686308088e+02    3.5576582412e+01    4.9827561457e+01   -1.6834938251e+02    1.1658740172e+01    1.0240000000e+03    3.2242580783e-03    5.9840745192e-01
       202   -7.1323168850e+01    5.0880808370e+03   -1.0694094328e+02    3.5617774426e+01    4.9728216609e+01   -1.6790054006e+02    1.1231380179e+01    1.0240000000e+03    3.2668532804e-03    6.0046574519e-01
       203   -7.1331692845e+01    5.0891029031e+03   -1.0729324501e+02    3.5961552165e+01    4.9861908849e+01   -1.6849178327e+02    1.1336629407e+01    1.0240000000e+03    3.2295363490e-03    5.9639423077e-01
       204   -7.1346030885e+01    5.0913278677e+03   -1.0670985728e+02    3.5363826391e+01    4.9730303504e+01   -1.6825606900e+02    1.1815908218e+01    1.0240000000e+03    3.2240962610e-03    5.9743088942e-01
       205   -7.1313492092e+01    5.0869168669e+03   -1.0641049574e+02    3.5097003643e+01    4.9779520952e+01   -1.6864311156e+02    1.2453094869e+01    1.0240000000e+03    3.2170584891e-03    5.9909855769e-01
       206   -7.1335313233e+01    5.0896636513e+03   -1.0636709933e+02    3.5031786101e+01    4.9530647356e+01   -1.6721126637e+02    1.1313519680e+01    1.0240000000e+03    3.2145942096e-03    5.9637920673e-01
       207   -7.1254013688e+01    5.0780028627e+03   -1.0625145232e+02    3.4997438636e+01    4.9470874853e+01   -1.6761862491e+02    1.1896297731e+01    1.0240000000e+03    3.2330024987e-03    5.9935396635e-01
       208   -7.1319913870e+01    5.0874917343e+03   -1.0652047478e+02    3.5200560913e+01    4.9372329833e+01   -1.6740576060e+02    1.1512955983e+01    1.0240000000e+03    3.1956189778e-03    6.0225360577e-01
       209   -7.1350723840e+01    5.0917968829e+03   -1.0689902336e+02    3.5548299516e+01    4.9817488116e+01   -1.6864314112e+02    1.1926629646e+01    1.0240000000e+03    3.2064681873e-03    5.9758112981e-01
       210   -7.1302039704e+01    5.0848238706e+03   -1.0678629234e+02    3.5484252635e+01    4.9778802344e+01   -1.6837190584e+02    1.1806811160e+01    1.0240000000e+03    3.2312166877e-03    5.9806189904e-01
       211   -7.1320517783e+01    5.0879634136e+03   -1.0604065291e+02    3.4720135127e+01    4.9821493628e+01   -1.6758701063e+02    1.1724864086e+01    1.0240000000e+03    3.2357249875e-03    5.9705528846e-01
       212   -7.1304836777e+01    5.0853347943e+03   -1.0618979889e+02    3.4884962110e+01    4.9662923467e+01   -1.6777742922e+02    1.1924706862e+01    1.0240000000e+03    3.2142300624e-03    5.9828725962e-01
       213   -7.1316040094e+01    5.0867967910e+03   -1.0686248642e+02    3.5546446330e+01    4.9786275891e+01   -1.6788415588e+02    1.1235393566e+01    1.0240000000e+03    3.2283258624e-03    5.9704026442e-01
       214   -7.1327826858e+01    5.0885168559e+03   -1.0698815474e+02    3.5660327886e+01    4.9699875784e+01   -1.6876826080e+02    1.2080230267e+01    1.0240000000e+03    3.2241679728e-03    6.0070612981e-01
       215   -7.1316076427e+01    5.0881174239e+03   -1.0643186236e+02    3.5115785935e+01    4.9910527481e+01   -1.6872277193e+02    1.2380382082e+01    1.0240000000e+03    3.2423529774e-03    5.9855769231e-01
       216   -7.1301360519e+01    5.0848116014e+03   -1.0615378181e+02    3.4852421288e+01    4.9628382778e+01   -1.6757535231e+02    1.1793187725e+01    1.0240000000e+03    3.2315328717e-03    5.9756610577e-01
       217   -7.1339817183e+01    5.0902279710e+03   -1.0590400601e+02    3.4564188831e+01    4.9337819537e+01   -1.6628106297e+02    1.1039237413e+01    1.0240000000e+03    3.2680442091e-03    6.0055588942e-01
       218   -7.1334326596e+01    5.0895749637e+03   -1.0554846601e+02    3.4214139418e+01    4.9496884359e+01   -1.6644005216e+02    1.1394701788e+01    1.0240000000e+03    3.2092342153e-03    5.9759615385e-01
       219   -7.1336848762e+01    5.0899562445e+03   -1.0590617533e+02    3.4569326567e+01    4.9576353058e+01   -1.6755018282e+02    1.2067654435e+01    1.0240000000e+03    3.2437697519e-03    5.9695012019e-01
       220   -7.1349694674e+01    5.0916125074e+03   -1.0682431093e+02    3.5474616260e+01    4.9691551383e+01   -1.6792321927e+02    1.1407356949e+01    1.0240000000e+03    3.2291624229e-03    5.9773137019e-01
       221   -7.1278953692e+01    5.0815216400e+03   -1.0685964433e+02    3.5580690640e+01    4.9373800423e+01   -1.6741354989e+02    1.1180105139e+01    1.0240000000e+03    3.2469052821e-03    5.9627403846e-01
       222   -7.1314807644e+01    5.0868393597e+03   -1.0640852642e+02    3.5093718772e+01    4.9717642635e+01   -1.6788225227e+02    1.1756083221e+01    1.0240000000e+03    3.2352721319e-03    5.9747596154e-01
       223   -7.1306074550e+01    5.0857827868e+03   -1.0618300928e+02    3.4876934730e+01    4.9715933188e+01   -1.6780350414e+02    1.1904561671e+01    1.0240000000e+03    3.2125052530e-03    5.9708533654e-01
       224   -7.1363724332e+01    5.0938232677e+03   -1.0634689270e+02    3.4983168364e+01    4.9727886585e+01   -1.6823588454e+02    1.2161105264e+01    1.0240000000e+03    3.2430142164e-03    5.9843750000e-01
       225   -7.1308780991e+01    5.0858973544e+03   -1.0669516948e+02    3.5386388494e+01    4.9988948405e+01   -1.6826273667e+02    1.1578618783e+01    1.0240000000e+03    3.2387573738e-03    5.9842247596e-01
       226   -7.1319407580e+01    5.0873953416e+03   -1.0694542259e+02    3.5626015010e+01    4.9906567082e+01   -1.6856466734e+02    1.1712677663e+01    1.0240000000e+03    3.2096304931e-03    5.9759615385e-01
       227   -7.1330798619e+01    5.0892377630e+03   -1.0670188872e+02    3.5371090103e+01    4.9671397503e+01   -1.6913788603e+02    1.2764599805e+01    1.0240000000e+03    3.2242541201e-03    5.9728064904e-01
       228   -7.1353101121e+01    5.0921317128e+03   -1.0676528944e+02    3.5412188316e+01    5.0033992879e+01   -1.6874783259e+02    1.1948550277e+01    1.0240000000e+03    3.2396707684e-03    6.0138221154e-01
       229   -7.1272443804e+01    5.0807731698e+03   -1.0686242109e+02    3.5589977287e+01    4.9910737308e+01   -1.6874533293e+02    1.1972174530e+01    1.0240000000e+03    3.2222368754e-03    5.9914362981e-01
       230   -7.1322915181e+01    5.0881346691e+03   -1.0629508116e+02    3.4972165975e+01    4.9917676218e+01   -1.6858616564e+02    1.2373408263e+01    1.0240000000e+03    3.2448831480e-03    5.9873798077e-01
       231   -7.1342771268e+01    5.0906815725e+03   -1.0675240392e+02    3.5409632648e+01    4.9700976530e+01   -1.6793400202e+02    1.1480621578e+01    1.0240000000e+03    3.2284841873e-03    5.9990985577e-01
       232   -7.1368576702e+01    5.0943852540e+03   -1.0638563699e+02    3.5017060284e+01    4.9867889129e+01   -1.6806545558e+02    1.1811929463e+01    1.0240000000e+03    3.2117292285e-03    5.9888822115e-01
       233   -7.1351337384e+01    5.0922267725e+03   -1.0656510451e+02    3.5213767126e+01    4.9597889310e+01   -1.6805050517e+02    1.1887511346e+01    1.0240000000e+03    3.2181234565e-03    5.9474158654e-01
       234   -7.1346002957e+01    5.0915807607e+03   -1.0594838159e+02    3.4602378635e+01    4.9557897104e+01   -1.6778365254e+02    1.2277373844e+01    1.0240000000e+03    3.2121960539e-03    5.9807692308e-01
       235   -7.1326551826e+01    5.0884123424e+03   -1.0549665661e+02    3.4170104789e+01    4.9397950207e+01   -1.6743222378e+02    1.2537616953e+01    1.0240000000e+03    3.2254902180e-03    6.0246394231e-01
       236   -7.1268752040e+01    5.0801374737e+03   -1.0653181682e+02    3.5263064779e+01    4.9531931962e+01   -1.6789342061e+02    1.1829671830e+01    1.0240000000e+03    3.2712377142e-03    6.0040564904e-01
       237   -7.1344262073e+01    5.0908800263e+03   -1.0613391522e+02    3.4789653145e+01    4.9374849065e+01   -1.6690745055e+02    1.1398686271e+01    1.0240000000e+03    3.2187660690e-03    6.0118689904e-01
       238   -7.1326953212e+01    5.0882978253e+03   -1.0598436444e+02    3.4657411225e+01    4.9461875538e+01   -1.6721096230e+02    1.1764722325e+01    1.0240000000e+03    3.2449204009e-03    5.9743088942e-01
       239   -7.1323218708e+01    5.0879318623e+03   -1.0578965516e+02    3.4466436451e+01    4.9550360127e+01   -1.6683370385e+02    1.1493688565e+01    1.0240000000e+03    3.2506552525e-03    5.9716045673e-01
       240   -7.1332093648e+01    5.0892202850e+03   -1.0565127358e+02    3.4319179934e+01    4.9493815450e+01   -1.6713441843e+02    1.1989329403e+01    1.0240000000e+03    3.2696574926e-03    6.0037560096e-01
       241   -7.1285790437e+01    5.0828657262e+03   -1.0612824713e+02    3.4842456697e+01    4.9808338758e+01   -1.6847317860e+02    1.2536592709e+01    1.0240000000e+03    3.2248275820e-03    6.0127704327e-01
       242   -7.1337653942e+01    5.0901969256e+03   -1.0638690217e+02    3.5049248226e+01    4.9779047674e+01   -1.6865908515e+02    1.2493135312e+01    1.0240000000e+03    3.2222806476e-03    6.0055588942e-01
       243   -7.1309063021e+01    5.0861215497e+03   -1.0604114761e+02    3.4732084585e+01    4.9671149920e+01   -1.6829773662e+02    1.2585439092e+01    1.0240000000e+03    3.2314287964e-03    5.9930889423e-01
       244   -7.1316180029e+01    5.0870375195e+03   -1.0634927266e+02    3.5033092632e+01    4.9309214340e+01   -1.6754222381e+02    1.1883736804e+01    1.0240000000e+03    3.1820535660e-03    5.9923377404e-01
       245   -7.1319849446e+01    5.0875561228e+03   -1.0581822993e+02    3.4498380485e+01    4.9657523286e+01   -1.6738331967e+02    1.1907566452e+01    1.0240000000e+03    3.2192869112e-03    5.9633413462e-01
       246   -7.1408394171e+01    5.1002341132e+03   -1.0659411504e+02    3.5185720867e+01    4.9502414646e+01   -1.6790271157e+02    1.1806181890e+01    1.0240000000e+03    3.2350944821e-03    5.9756610577e-01
       247   -7.1312789179e+01    5.0863201875e+03   -1.0636614579e+02    3.5053356613e+01    4.9327984280e+01   -1.6702205586e+02    1.1327925784e+01    1.0240000000e+03    3.2010618597e-03    5.9981971154e-01
       248   -7.1397488452e+01    5.0985195165e+03   -1.0584114863e+02    3.4443660173e+01    4.9580297579e+01   -1.6663361398e+02    1.1212167778e+01    1.0240000000e+03    3.2388686668e-03    5.9834735577e-01
       249   -7.1298305856e+01    5.0844707963e+03   -1.0661231516e+02    3.5314009307e+01    4.9834662867e+01   -1.6875448681e+02    1.2307508776e+01    1.0240000000e+03    3.2357736491e-03    5.9816706731e-01
       250   -7.1275261182e+01    5.0813766729e+03   -1.0686668461e+02    3.5591423429e+01    4.9677549012e+01   -1.6832613035e+02    1.1781896723e+01    1.0240000000e+03    3.2322963234e-03    6.0045072115e-01
       251   -7.1322677925e+01    5.0880104501e+03   -1.0670703092e+02    3.5384352995e+01    4.9455919492e+01   -1.6732218137e+02    1.1159230962e+01    1.0240000000e+03    3.2261551823e-03    5.9974459135e-01
       252   -7.1349883405e+01    5.0918256848e+03   -1.0619953240e+02    3.4849648998e+01    4.9481555824e+01   -1.6776701995e+02    1.2085931727e+01    1.0240000000e+03    3.2008190174e-03    5.9746093750e-01
       253   -7.1301309102e+01    5.0846770378e+03   -1.0676579867e+02    3.5464489565e+01    4.9392594601e+01   -1.6767945565e+02    1.1521062377e+01    1.0240000000e+03    3.2438319176e-03    6.0395132212e-01
       254   -7.1323790613e+01    5.0882805724e+03   -1.0614655258e+02    3.4822761966e+01    4.9220096500e+01   -1.6736760656e+02    1.2000957479e+01    1.0240000000e+03    3.2220999710e-03    5.9747596154e-01
       255   -7.1295450606e+01    5.0841270260e+03   -1.0612619036e+02    3.4830739752e+01    4.9477075669e+01   -1.6750992277e+02    1.1906656741e+01    1.0240000000e+03    3.1969733536e-03    5.9923377404e-01
       256   -7.1346183138e+01    5.0913507083e+03   -1.0621048292e+02    3.4864299785e+01    4.9274497251e+01   -1.6679472581e+02    1.1309745632e+01    1.0240000000e+03    3.2291426323e-03    5.9771634615e-01
       257   -7.1351001236e+01    5.0920040258e+03   -1.0591689808e+02    3.4565896849e+01    4.9341449079e+01   -1.6801623546e+02    1.2757888292e+01    1.0240000000e+03    3.2341284677e-03    6.0195312500e-01
       258   -7.1329575733e+01    5.0886674675e+03   -1.0638771064e+02    3.5058134910e+01    4.9109823520e+01   -1.6698746719e+02    1.1489933032e+01    1.0240000000e+03    3.2403462101e-03    5.9984975962e-01
       259   -7.1304664515e+01    5.0852997562e+03   -1.0641141712e+02    3.5106752601e+01    4.9433653427e+01   -1.6786599683e+02    1.2020926290e+01    1.0240000000e+03    3.2053629402e-03    5.9631911058e-01
       260   -7.1315044232e+01    5.0869600447e+03   -1.0687440880e+02    3.5559364569e+01    4.9520091651e+01   -1.6866940993e+02    1.2274909475e+01    1.0240000000e+03    3.2169101760e-03    5.9848257212e-01
       261   -7.1310957633e+01    5.0861466163e+03   -1.0630876211e+02    3.4997804481e+01    4.9390687795e+01   -1.6804612012e+02    1.2346670211e+01    1.0240000000e+03    3.1817844138e-03    5.9936899038e-01
       262   -7.1278433270e+01    5.0817445371e+03   -1.0653007299e+02    3.5251639724e+01    4.9539214757e+01   -1.6854216203e+02    1.2472874283e+01    1.0240000000e+03    3.2119809184e-03    5.9468149038e-01
       263   -7.1330595806e+01    5.0892983058e+03   -1.0623988774e+02    3.4909291936e+01    4.9558068638e+01   -1.6801634942e+02    1.2218393038e+01    1.0240000000e+03    3.2358996104e-03    5.9770132212e-01
       264   -7.1380224546e+01    5.0963592327e+03   -1.0659764944e+02    3.5217424896e+01    4.9682579963e+01   -1.6834759773e+02    1.2067368326e+01    1.0240000000e+03    3.2138684765e-03    5.9941406250e-01
       265   -7.1260644930e+01    5.0791179933e+03   -1.0651297331e+02    3.5252328382e+01    4.9606858036e+01   -1.6725820641e+02    1.1138375067e+01    1.0240000000e+03    3.2347531524e-03    5.9971454327e-01
       266   -7.1415956209e+01    5.1010448672e+03   -1.0600968070e+02    3.4593724487e+01    4.9487071237e+01   -1.6676270661e+02    1.1265954678e+01    1.0240000000e+03    3.2429723069e-03    5.9804687500e-01
       267   -7.1330805458e+01    5.0889178844e+03   -1.0644216222e+02    3.5111356758e+01    4.9379666138e+01   -1.6640756210e+02    1.0585733744e+01    1.0240000000e+03    3.2394882292e-03    5.9765625000e-01
       268   -7.1353377363e+01    5.0923310511e+03   -1.0616866780e+02    3.4815290434e+01    4.9503092282e+01   -1.6658130251e+02    1.0909542429e+01    1.0240000000e+03    3.2414710149e-03    5.9681490385e-01
       269   -7.1292549083e+01    5.0843269979e+03   -1.0636683724e+02    3.5074288160e+01    4.9483873699e+01   -1.6754108778e+02    1.1690376840e+01    1.0240000000e+03    3.2218345441e-03    5.9788161058e-01
       270   -7.1330758347e+01    5.0890618765e+03   -1.0668183108e+02    3.5351072732e+01    4.9712385711e+01   -1.6781694591e+02    1.1422729120e+01    1.0240000000e+03    3.2058493234e-03    5.9607872596e-01
       271   -7.1351124297e+01    5.0919209099e+03   -1.0698646833e+02    3.5635344029e+01    4.9729551302e+01   -1.6822566086e+02    1.1509641226e+01    1.0240000000e+03    3.2380374614e-03    5.9732572115e-01
       272   -7.1371060552e+01    5.0947288160e+03   -1.0614570912e+02    3.4774648570e+01    4.9709929876e+01   -1.6780622850e+02    1.1950589504e+01    1.0240000000e+03    3.2358656172e-03    5.9896334135e-01
       273   -7.1276314471e+01    5.0811396555e+03   -1.0659639200e+02    3.5320077529e+01    4.9686737777e+01   -1.6738810961e+02    1.1104979833e+01    1.0240000000e+03    3.2691287342e-03    6.0109675481e-01
       274   -7.1330954862e+01    5.0891543017e+03   -1.0662864714e+02    3.5297692274e+01    4.9677589725e+01   -1.6732803659e+02    1.1021799734e+01    1.0240000000e+03    3.2172785141e-03    5.9771634615e-01
       275   -7.1326995487e+01    5.0885722322e+03   -1.0673900811e+02    3.5412012628e+01    4.9894590004e+01   -1.6857281035e+02    1.1939212228e+01    1.0240000000e+03    3.2214620151e-03    5.9589843750e-01
       276   -7.1362493893e+01    5.0935226792e+03   -1.0641608740e+02    3.5053593504e+01    4.9755643318e+01   -1.6765713775e+02    1.1485407036e+01    1.0240000000e+03    3.2673540991e-03    5.9899338942e-01
       277   -7.1386418912e+01    5.0969491181e+03   -1.0697620218e+02    3.5589783269e+01    4.9851005710e+01   -1.6856947354e+02    1.1742265645e+01    1.0240000000e+03    3.2302779146e-03    5.9882812500e-01
       278   -7.1256916959e+01    5.0785451093e+03   -1.0633066033e+02    3.5073743370e+01    4.9681973389e+01   -1.6779631604e+02    1.1783682318e+01    1.0240000000e+03    3.2258736901e-03    5.9921875000e-01
       279   -7.1307247059e+01    5.0857611571e+03   -1.0646426743e+02    3.5157020375e+01    4.9646639964e+01   -1.6837797010e+02    1.2267062697e+01    1.0240000000e+03    3.1841793098e-03    5.9486177885e-01
       280   -7.1317020882e+01    5.0871250297e+03   -1.0648733034e+02    3.5170309459e+01    4.9876454320e+01   -1.6833284015e+02    1.1969055493e+01    1.0240000000e+03    3.2201644499e-03    5.9911358173e-01
       281   -7.1322561516e+01    5.0880554440e+03   -1.0643913432e+02    3.5116572805e+01    4.9731292271e+01   -1.6802238969e+02    1.1851963102e+01    1.0240000000e+03    3.2089175656e-03    5.9896334135e-01
       282   -7.1389220229e+01    5.0974957664e+03   -1.0657298850e+02    3.5183768270e+01    4.9683895535e+01   -1.6787771757e+02    1.1620833541e+01    1.0240000000e+03    3.2188452315e-03    5.9513221154e-01
       283   -7.1336822288e+01    5.0898876369e+03   -1.0563910246e+02    3.4302280175e+01    4.9389854912e+01   -1.6658654012e+02    1.1557582744e+01    1.0240000000e+03    3.2106922008e-03    5.9909855769e-01
       284   -7.1348295223e+01    5.0916816445e+03   -1.0605932426e+02    3.4711029035e+01    4.9452454795e+01   -1.6667216190e+02    1.1160382851e+01    1.0240000000e+03    3.2024884131e-03    5.9758112981e-01
       285   -7.1273388154e+01    5.0807747997e+03   -1.0677270688e+02    3.5499318723e+01    4.9907102797e+01   -1.6893244234e+02    1.2252632664e+01    1.0240000000e+03    3.2113592606e-03    5.9959435096e-01
       286   -7.1383157928e+01    5.0964749236e+03   -1.0669316454e+02    3.5310006615e+01    4.9827874079e+01   -1.6811889278e+02    1.1597854158e+01    1.0240000000e+03    3.2180787530e-03    6.0270432692e-01
       287   -7.1349805195e+01    5.0925787835e+03   -1.0645385467e+02    3.5104049471e+01    4.9567813880e+01   -1.6819209336e+02    1.2170424813e+01    1.0240000000e+03    3.2116684597e-03    5.9905348558e-01
       288   -7.1308499453e+01    5.0858958892e+03   -1.0637297343e+02    3.5064473976e+01    4.9639023858e+01   -1.6790990274e+02    1.1897905452e+01    1.0240000000e+03    3.1860463787e-03    5.9792668269e-01
       289   -7.1326937930e+01    5.0884948930e+03   -1.0627076487e+02    3.4943826945e+01    4.9789350712e+01   -1.6815054694e+02    1.2090431350e+01    1.0240000000e+03    3.2182084396e-03    5.9948918269e-01
       290   -7.1346979928e+01    5.0915920073e+03   -1.0614920615e+02    3.4802226225e+01    4.9783929444e+01   -1.6817405961e+02    1.2240924016e+01    1.0240000000e+03    3.2292834949e-03    5.9627403846e-01
       291   -7.1383550410e+01    5.0964688271e+03   -1.0635155005e+02    3.4967999642e+01    4.9547825242e+01   -1.6762479628e+02    1.1725420987e+01    1.0240000000e+03    3.2249756623e-03    5.9965444712e-01
       292   -7.1264820530e+01    5.0796218649e+03   -1.0632659730e+02    3.5061776766e+01    4.9508644592e+01   -1.6824467527e+02    1.2409433383e+01    1.0240000000e+03    3.1905542128e-03    5.9914362981e-01
       293   -7.1372540624e+01    5.0948790915e+03   -1.0691341097e+02    3.5540870345e+01    4.9699938328e+01   -1.6826347825e+02    1.1650128957e+01    1.0240000000e+03    3.1753298827e-03    5.9819711538e-01
       294   -7.1324010700e+01    5.0880858721e+03   -1.0634366241e+02    3.5019651710e+01    4.9640112892e+01   -1.6724476495e+02    1.1260989650e+01    1.0240000000e+03    3.2012301963e-03    6.0019531250e-01
       295   -7.1305793967e+01    5.0855249639e+03   -1.0621943088e+02    3.4913636914e+01    4.9669841559e+01   -1.6750511372e+02    1.1615841279e+01    1.0240000000e+03    3.2628644258e-03    5.9966947115e-01
       296   -7.1292474335e+01    5.0836950110e+03   -1.0700737715e+02    3.5714902818e+01    4.9570798983e+01   -1.6766078235e+02    1.1082606214e+01    1.0240000000e+03    3.2371068373e-03    6.0072115385e-01
       297   -7.1298187455e+01    5.0843222611e+03   -1.0659909788e+02    3.5300910425e+01    4.9629976757e+01   -1.6755639335e+02    1.1327318715e+01    1.0240000000e+03    3.2359869219e-03    5.9735576923e-01
       298   -7.1328997484e+01    5.0886542515e+03   -1.0619989142e+02    3.4870893936e+01    4.9560443194e+01   -1.6743159140e+02    1.1671256790e+01    1.0240000000e+03    3.2266888302e-03    6.0186298077e-01
       299   -7.1326784360e+01    5.0885051325e+03   -1.0604049982e+02    3.4713715456e+01    4.9515641692e+01   -1.6754482506e+02    1.1988683550e+01    1.0240000000e+03    3.2293784898e-03    6.0166766827e-01
       300   -7.1338712198e+01    5.0901975887e+03   -1.0653528290e+02    3.5196570703e+01    4.9663426734e+01   -1.6757964913e+02    1.1380939498e+01    1.0240000000e+03    3.2013931777e-03    5.9809194712e-01
       301   -7.1344207779e+01    5.0908429071e+03   -1.0668770183e+02    3.5343494050e+01    4.9679382392e+01   -1.6772327988e+02    1.1356195654e+01    1.0240000000e+03    3.2436447218e-03    5.9828725962e-01
       302   -7.1305003889e+01    5.0852971270e+03   -1.0627237244e+02    3.4967368548e+01    4.9727437602e+01   -1.6761145835e+02    1.1611648309e+01    1.0240000000e+03    3.2172880601e-03    5.9810697115e-01
       303   -7.1342132308e+01    5.0906443511e+03   -1.0629929786e+02    3.4957165556e+01    4.9457608413e+01   -1.6745746566e+02    1.1700559383e+01    1.0240000000e+03    3.2244089525e-03    5.9896334135e-01
       304   -7.1286818362e+01    5.0828919260e+03   -1.0616982021e+02    3.4883001846e+01    4.9682736803e+01   -1.6719521651e+02    1.1342659497e+01    1.0240000000e+03    3.2558199018e-03    5.9921875000e-01
       305   -7.1329084351e+01    5.0887403248e+03   -1.0627375610e+02    3.4944671751e+01    4.9657223362e+01   -1.6829543781e+02    1.2364458349e+01    1.0240000000e+03    3.2294662669e-03    5.9876802885e-01
       306   -7.1302267136e+01    5.0849094135e+03   -1.0673798117e+02    3.5435714035e+01    4.9814047760e+01   -1.6798948302e+02    1.1437454088e+01    1.0240000000e+03    3.2138396055e-03    5.9845252404e-01
       307   -7.1347677400e+01    5.0913871121e+03   -1.0704721009e+02    3.5699532687e+01    4.9762374734e+01   -1.6827357078e+02    1.1463985955e+01    1.0240000000e+03    3.2343901694e-03    5.9753605769e-01
       308   -7.1323077049e+01    5.0882543499e+03   -1.0605521311e+02    3.4732136058e+01    4.9726188896e+01   -1.6760345840e+02    1.1822056399e+01    1.0240000000e+03    3.2048281282e-03    5.9749098558e-01
       309   -7.1348007873e+01    5.0919175402e+03   -1.0591365974e+02    3.4565651867e+01    4.9653263252e+01   -1.6700772463e+02    1.1440801637e+01    1.0240000000e+03    3.2453334425e-03    6.0063100962e-01
       310   -7.1316588933e+01    5.0870246084e+03   -1.0594513716e+02    3.4628548226e+01    4.9652073626e+01   -1.6714217210e+02    1.1544961311e+01    1.0240000000e+03    3.2142400742e-03    6.0204326923e-01
       311   -7.1342988442e+01    5.0911649773e+03   -1.0600320446e+02    3.4660216015e+01    4.9694395258e+01   -1.6702042541e+02    1.1322825697e+01    1.0240000000e+03    3.2514154445e-03    6.0082632212e-01
       312   -7.1307190452e+01    5.0856014197e+03   -1.0665072084e+02    3.5343530386e+01    4.9747964249e+01   -1.6799392798e+02    1.1595242888e+01    1.0240000000e+03    3.2485697884e-03    5.9433593750e-01
       313   -7.1326418405e+01    5.0884157362e+03   -1.0630990857e+02    3.4983490162e+01    4.9503726788e+01   -1.6684915415e+02    1.1035518797e+01    1.0240000000e+03    3.2512880862e-03    5.9848257212e-01
       314   -7.1357567533e+01    5.0933989145e+03   -1.0641965532e+02    3.5062087792e+01    4.9614582488e+01   -1.6765259402e+02    1.1618356205e+01    1.0240000000e+03    3.2454864122e-03    6.0028545673e-01
       315   -7.1306496315e+01    5.0856187125e+03   -1.0584706398e+02    3.4540567669e+01    4.9561433975e+01   -1.6792542608e+02    1.2516928117e+01    1.0240000000e+03    3.2576995436e-03    5.9800180288e-01
       316   -7.1287873384e+01    5.0829814898e+03   -1.0601070528e+02    3.4722831892e+01    4.9443802765e+01   -1.6659838928e+02    1.1143881240e+01    1.0240000000e+03    3.2420123462e-03    5.9782151442e-01
       317   -7.1342157105e+01    5.0906703198e+03   -1.0669607995e+02    3.5353922841e+01    4.9622718967e+01   -1.6806245920e+02    1.1743660287e+01    1.0240000000e+03    3.2490256708e-03    5.9797175481e-01
       318   -7.1338265697e+01    5.0902243167e+03   -1.0656484460e+02    3.5226578905e+01    4.9560422399e+01   -1.6820357145e+02    1.2078304449e+01    1.0240000000e+03    3.2394449227e-03    5.9866286058e-01
       319   -7.1266743739e+01    5.0801018599e+03   -1.0689444831e+02    3.5627704573e+01    4.9755040758e+01   -1.6861119579e+02    1.1961706723e+01    1.0240000000e+03    3.2159923576e-03    5.9903846154e-01
       320   -7.1318928625e+01    5.0873736815e+03   -1.0685688133e+02    3.5537952705e+01    4.9896775460e+01   -1.6818808141e+02    1.1434424616e+01    1.0240000000e+03    3.2050700393e-03    5.9764122596e-01
       321   -7.1293760526e+01    5.0839459049e+03   -1.0641919161e+02    3.5125431079e+01    4.9689143583e+01   -1.6801950472e+02    1.1911169527e+01    1.0240000000e+03    3.2151341438e-03    5.9899338942e-01
       322   -7.1348575115e+01    5.0920772934e+03   -1.0649263713e+02    3.5144062018e+01    4.9756071440e+01   -1.6761022050e+02    1.1361511922e+01    1.0240000000e+03    3.2420228235e-03    5.9836237981e-01
       323   -7.1343594229e+01    5.0911746007e+03   -1.0717868264e+02    3.5835088408e+01    4.9802438300e+01   -1.6877623188e+02    1.1795110947e+01    1.0240000000e+03    3.2279305160e-03    5.9408052885e-01
       324   -7.1343377483e+01    5.0914445180e+03   -1.0656481471e+02    3.5221437225e+01    4.9539113805e+01   -1.6800300981e+02    1.1899081292e+01    1.0240000000e+03    3.2247158233e-03    5.9780649038e-01
       325   -7.1308912407e+01    5.0864885935e+03   -1.0660596473e+02    3.5297052318e+01    4.9648298748e+01   -1.6830301911e+02    1.2048755636e+01    1.0240000000e+03    3.1814835966e-03    5.9738581731e-01
       326   -7.1306757918e+01    5.0857754606e+03   -1.0683908564e+02    3.5532327719e+01    4.9826656932e+01   -1.6882735507e+02    1.2161612501e+01    1.0240000000e+03    3.2407774124e-03    6.0150240385e-01
       327   -7.1299369723e+01    5.0845621036e+03   -1.0677166869e+02    3.5472298962e+01    4.9942285585e+01   -1.6924560383e+02    1.2531649560e+01    1.0240000000e+03    3.2172347419e-03    5.9944411058e-01
       328   -7.1337804593e+01    5.0900688969e+03   -1.0673080280e+02    3.5392998203e+01    4.9781009303e+01   -1.6818372418e+02    1.1671912083e+01    1.0240000000e+03    3.2247528434e-03    5.9574819712e-01
       329   -7.1295091270e+01    5.0840142375e+03   -1.0620726345e+02    3.4912172179e+01    4.9715728164e+01   -1.6750401619e+02    1.1581024573e+01    1.0240000000e+03    3.2302704640e-03    5.9945913462e-01
       330   -7.1289239981e+01    5.0831190087e+03   -1.0603796268e+02    3.4748722695e+01    4.9443526475e+01   -1.6653665987e+02    1.1055170723e+01    1.0240000000e+03    3.2407159451e-03    5.9651442308e-01
       331   -7.1374966870e+01    5.0956664140e+03   -1.0649157672e+02    3.5116609846e+01    4.9492001837e+01   -1.6689241085e+02    1.0908832297e+01    1.0240000000e+03    3.2126589213e-03    5.9888822115e-01
       332   -7.1362155959e+01    5.0934891695e+03   -1.0638893874e+02    3.5026782783e+01    4.9499988165e+01   -1.6677246429e+02    1.0883537379e+01    1.0240000000e+03    3.2575121149e-03    5.9654447115e-01
       333   -7.1305318004e+01    5.0853553528e+03   -1.0589461000e+02    3.4589291993e+01    4.9413069083e+01   -1.6604051584e+02    1.0732836764e+01    1.0240000000e+03    3.2257151324e-03    5.9959435096e-01
       334   -7.1330644671e+01    5.0890187735e+03   -1.0675911224e+02    3.5428467567e+01    4.9799804502e+01   -1.6800520809e+02    1.1446291352e+01    1.0240000000e+03    3.2471644226e-03    5.9942908654e-01
       335   -7.1323975248e+01    5.0879589314e+03   -1.0680137611e+02    3.5477400861e+01    4.9765662620e+01   -1.6682506826e+02    1.0258029535e+01    1.0240000000e+03    3.2086095307e-03    5.9633413462e-01
       336   -7.1288791852e+01    5.0829101846e+03   -1.0678166552e+02    3.5492873666e+01    4.9671793394e+01   -1.6688491839e+02    1.0431459480e+01    1.0240000000e+03    3.2323421910e-03    5.9821213942e-01
       337   -7.1358755627e+01    5.0930873392e+03   -1.0650336536e+02    3.5144609729e+01    4.9864886292e+01   -1.6768630355e+02    1.1318051907e+01    1.0240000000e+03    3.2226378098e-03    5.9634915865e-01
       338   -7.1296004630e+01    5.0839512556e+03   -1.0554980016e+02    3.4253795530e+01    4.9772238363e+01   -1.6789565438e+02    1.2573615854e+01    1.0240000000e+03    3.2268841751e-03    5.9977463942e-01
       339   -7.1365838459e+01    5.0939073993e+03   -1.0566178434e+02    3.4295945883e+01    4.9559386708e+01   -1.6650217918e+02    1.1281008133e+01    1.0240000000e+03    3.2451646402e-03    5.9792668269e-01
       340   -7.1355162127e+01    5.0923799084e+03   -1.0633202270e+02    3.4976860573e+01    4.9667984387e+01   -1.6745789535e+02    1.1457888264e+01    1.0240000000e+03    3.2173073851e-03    5.9678485577e-01
       341   -7.1357818541e+01    5.0929316289e+03   -1.0708368415e+02    3.5725865604e+01    4.9720097395e+01   -1.6834008447e+02    1.1536302928e+01    1.0240000000e+03    3.1872971449e-03    5.9705528846e-01
       342   -7.1295301921e+01    5.0840492269e+03   -1.0621247787e+02    3.4917175950e+01    4.9639683592e+01   -1.6808152726e+02    1.2229365801e+01    1.0240000000e+03    3.2528222073e-03    6.0081129808e-01
       343   -7.1366199903e+01    5.0940684388e+03   -1.0625413027e+02    3.4887930363e+01    4.9423676196e+01   -1.6779758920e+02    1.2119782740e+01    1.0240000000e+03    3.2232478261e-03    5.9990985577e-01
       344   -7.1307205181e+01    5.0859876709e+03   -1.0649100169e+02    3.5183796509e+01    4.9467155704e+01   -1.6761555448e+02    1.1657397081e+01    1.0240000000e+03    3.2368712127e-03    5.9914362981e-01
       345   -7.1338328492e+01    5.0901522736e+03   -1.0668816964e+02    3.5349841144e+01    4.9783976059e+01   -1.6792190015e+02    1.1449754452e+01    1.0240000000e+03    3.2458794303e-03    6.0018028846e-01
       346   -7.1298676868e+01    5.0845185532e+03   -1.0721462207e+02    3.5915945206e+01    4.9542717239e+01   -1.6812968290e+02    1.1372343587e+01    1.0240000000e+03    3.1917921733e-03    5.9645432692e-01
       347   -7.1365630831e+01    5.0941080435e+03   -1.0692792846e+02    3.5562297630e+01    4.9874197810e+01   -1.6817919718e+02    1.1377070905e+01    1.0240000000e+03    3.2438845374e-03    5.9965444712e-01
       348   -7.1382257790e+01    5.0964209643e+03   -1.0661576084e+02    3.5233503050e+01    4.9602471038e+01   -1.6714048283e+02    1.0922250950e+01    1.0240000000e+03    3.2317382284e-03    6.0034555288e-01
       349   -7.1316571883e+01    5.0870006207e+03   -1.0632132810e+02    3.5004756218e+01    4.9722888685e+01   -1.6777682595e+02    1.1732609160e+01    1.0240000000e+03    3.2365552615e-03    5.9866286058e-01
       350   -7.1380051872e+01    5.0960674365e+03   -1.0639328490e+02    3.5013233023e+01    4.9789857318e+01   -1.6776002311e+02    1.1576880896e+01    1.0240000000e+03    3.2405911479e-03    5.9888822115e-01
       351   -7.1347933381e+01    5.0916033000e+03   -1.0657635806e+02    3.5228424675e+01    4.9491620234e+01   -1.6779205955e+02    1.1724081263e+01    1.0240000000e+03    3.2407578547e-03    5.9819711538e-01
       352   -7.1317420403e+01    5.0870706661e+03   -1.0638206546e+02    3.5064645059e+01    4.9326449462e+01   -1.6732546924e+02    1.1616954316e+01    1.0240000000e+03    3.1897905283e-03    5.9598858173e-01
       353   -7.1311789455e+01    5.0862948343e+03   -1.0637514697e+02    3.5063357518e+01    4.9693322837e+01   -1.6768242680e+02    1.1613956993e+01    1.0240000000e+03    3.1909006648e-03    5.9971454327e-01
       354   -7.1318231240e+01    5.0875086088e+03   -1.0569289577e+02    3.4374664531e+01    4.9624966251e+01   -1.6783827591e+02    1.2520413891e+01    1.0240000000e+03    3.2290418167e-03    5.9813701923e-01
       355   -7.1310990755e+01    5.0863158676e+03   -1.0601726223e+02    3.4706271480e+01    4.9645207066e+01   -1.6823921199e+02    1.2576742686e+01    1.0240000000e+03    3.1949712429e-03    5.9954927885e-01
       356   -7.1322845439e+01    5.0879785744e+03   -1.0620737343e+02    3.4884527993e+01    4.9422553298e+01   -1.6644977432e+02    1.0819847590e+01    1.0240000000e+03    3.2449958380e-03    5.9705528846e-01
       357   -7.1290290522e+01    5.0832679850e+03   -1.0635329789e+02    3.5063007370e+01    4.9723516114e+01   -1.6790929181e+02    1.1832477809e+01    1.0240000000e+03    3.2014104072e-03    5.9767127404e-01
       358   -7.1303473119e+01    5.0851505569e+03   -1.0684222271e+02    3.5538749594e+01    4.9819399550e+01   -1.6840972268e+02    1.1748100413e+01    1.0240000000e+03    3.2427448314e-03    5.9935396635e-01
       359   -7.1357958584e+01    5.0929450971e+03   -1.0626277525e+02    3.4904816662e+01    4.9544711181e+01   -1.6704560284e+02    1.1238116409e+01    1.0240000000e+03    3.2260932494e-03    5.9663461538e-01
       360   -7.1282936158e+01    5.0824221544e+03   -1.0629787210e+02    3.5014935939e+01    4.9396696213e+01   -1.6762945889e+02    1.1934890575e+01    1.0240000000e+03    3.2206838951e-03    5.9818209135e-01
       361   -7.1312164873e+01    5.0863890502e+03   -1.0620793409e+02    3.4895769212e+01    4.9385033828e+01   -1.6671093837e+02    1.1117970460e+01    1.0240000000e+03    3.2349224202e-03    6.0078125000e-01
       362   -7.1278549867e+01    5.0815404883e+03   -1.0591726908e+02    3.4638719216e+01    4.9468391293e+01   -1.6683949497e+02    1.1453834598e+01    1.0240000000e+03    3.2317792065e-03    5.9842247596e-01
       363   -7.1309810231e+01    5.0866060219e+03   -1.0662916606e+02    3.5319355826e+01    4.9537983376e+01   -1.6745699728e+02    1.1289847845e+01    1.0240000000e+03    3.1839972362e-03    5.9797175481e-01
       364   -7.1352650102e+01    5.0921852099e+03   -1.0633813611e+02    3.4985486004e+01    4.9480269241e+01   -1.6727416665e+02    1.1455761302e+01    1.0240000000e+03    3.2384600490e-03    5.9912860577e-01
       365   -7.1317130438e+01    5.0869493084e+03   -1.0617760461e+02    3.4860474174e+01    4.9476657640e+01   -1.6713382811e+02    1.1479565862e+01    1.0240000000e+03    3.2208494376e-03    6.0078125000e-01
       366   -7.1267176494e+01    5.0799727833e+03   -1.0619039927e+02    3.4923222781e+01    4.9350536451e+01   -1.6823316479e+02    1.2692229065e+01    1.0240000000e+03    3.1816787086e-03    6.0001502404e-01
       367   -7.1261450125e+01    5.0795917942e+03   -1.0628087129e+02    3.5019421162e+01    4.9434692977e+01   -1.6740883797e+02    1.1693273711e+01    1.0240000000e+03    3.2335715368e-03    5.9915865385e-01
       368   -7.1312490090e+01    5.0865572061e+03   -1.0685468898e+02    3.5542198890e+01    4.9520845491e+01   -1.6790871826e+02    1.1533183788e+01    1.0240000000e+03    3.1944785733e-03    5.9867788462e-01
       369   -7.1316075162e+01    5.0869735512e+03   -1.0672273785e+02    3.5406662691e+01    4.9564611416e+01   -1.6783786659e+02    1.1550517317e+01    1.0240000000e+03    3.2303617336e-03    5.9755108173e-01
       370   -7.1331341750e+01    5.0890858639e+03   -1.0625859566e+02    3.4927253909e+01    4.9239811947e+01   -1.6707330365e+02    1.1574896045e+01    1.0240000000e+03    3.2116759103e-03    5.9819711538e-01
       371   -7.1329918565e+01    5.0889448620e+03   -1.0582737003e+02    3.4497451460e+01    4.9574824816e+01   -1.6711521893e+02    1.1713024090e+01    1.0240000000e+03    3.2457560301e-03    5.9995492788e-01
       372   -7.1362113062e+01    5.0935773933e+03   -1.0616688842e+02    3.4804775358e+01    4.9715506749e+01   -1.6785835083e+02    1.1975955664e+01    1.0240000000e+03    3.2187034376e-03    5.9815204327e-01
       373   -7.1334045300e+01    5.0895163462e+03   -1.0625072891e+02    3.4916683612e+01    4.9710114797e+01   -1.6738423723e+02    1.1423393521e+01    1.0240000000e+03    3.2148007303e-03    5.9645432692e-01
       374   -7.1314776752e+01    5.0867485279e+03   -1.0623655930e+02    3.4921782545e+01    4.9404376530e+01   -1.6705767609e+02    1.1416740262e+01    1.0240000000e+03    3.2075641211e-03    5.9920372596e-01
       375   -7.1308739041e+01    5.0858465932e+03   -1.0570125349e+02    3.4392514446e+01    4.9414657933e+01   -1.6709461175e+02    1.1978700327e+01    1.0240000000e+03    3.2388777472e-03    5.9917367788e-01
       376   -7.1280973349e+01    5.0819526120e+03   -1.0673347052e+02    3.5452497169e+01    4.9820970201e+01   -1.6831412619e+02    1.1759685472e+01    1.0240000000e+03    3.2377955504e-03    5.9720552885e-01
       377   -7.1375440250e+01    5.0953733837e+03   -1.0627081785e+02    3.4895377598e+01    4.9572388168e+01   -1.6748426202e+02    1.1641056006e+01    1.0240000000e+03    3.2026797999e-03    5.9702524038e-01
       378   -7.1302751868e+01    5.0850197814e+03   -1.0686097083e+02    3.5558218961e+01    4.9703398560e+01   -1.6853481789e+02    1.1970448496e+01    1.0240000000e+03    3.2142112032e-03    5.9936899038e-01
       379   -7.1343893532e+01    5.0910026216e+03   -1.0633113967e+02    3.4987246141e+01    4.9792478468e+01   -1.6857412756e+02    1.2450509419e+01    1.0240000000e+03    3.1961116474e-03    5.9574819712e-01
       380   -7.1260205401e+01    5.0790214815e+03   -1.0671995815e+02    3.5459752744e+01    4.9598936793e+01   -1.6849575218e+02    1.2176857239e+01    1.0240000000e+03    3.2135851216e-03    5.9511718750e-01
       381   -7.1328207182e+01    5.0887291875e+03   -1.0638880878e+02    3.5060601594e+01    4.9658197626e+01   -1.6714807631e+02    1.1101069910e+01    1.0240000000e+03    3.2341075130e-03    6.0075120192e-01
       382   -7.1341130660e+01    5.0906273651e+03   -1.0663216703e+02    3.5291036372e+01    4.9573654084e+01   -1.6779876875e+02    1.1592947634e+01    1.0240000000e+03    3.2564413268e-03    5.9681490385e-01
       383   -7.1333788859e+01    5.0894675306e+03   -1.0672733559e+02    3.5393546731e+01    5.0009884606e+01   -1.6916060922e+02    1.2423389021e+01    1.0240000000e+03    3.1858445145e-03    5.9704026442e-01
       384   -7.1372083383e+01    5.0950514041e+03   -1.0718843756e+02    3.5816354174e+01    4.9872116426e+01   -1.6862758240e+02    1.1567028414e+01    1.0240000000e+03    3.2187360339e-03    5.9785156250e-01
       385   -7.1346874288e+01    5.0914644484e+03   -1.0672588640e+02    3.5379012115e+01    4.9691105744e+01   -1.6817591025e+02    1.1758918103e+01    1.0240000000e+03    3.2290068921e-03    5.9971454327e-01
       386   -7.1322594010e+01    5.0877771234e+03   -1.0654531527e+02    3.5222721263e+01    4.9757250936e+01   -1.6727530599e+02    1.0972739780e+01    1.0240000000e+03    3.2712668180e-03    5.9989483173e-01
       387   -7.1342419191e+01    5.0904817441e+03   -1.0629031215e+02    3.4947892960e+01    4.9618389446e+01   -1.6704478755e+02    1.1136085953e+01    1.0240000000e+03    3.2335419673e-03    5.9840745192e-01
       388   -7.1319551793e+01    5.0875345059e+03   -1.0678116364e+02    3.5461611852e+01    4.9978353788e+01   -1.6785068138e+02    1.1091163945e+01    1.0240000000e+03    3.2155558001e-03    5.9780649038e-01
       389   -7.1358862302e+01    5.0930132842e+03   -1.0591305136e+02    3.4554189059e+01    4.9654105501e+01   -1.6715357173e+02    1.1586414868e+01    1.0240000000e+03    3.2267426141e-03    5.9932391827e-01
       390   -7.1343548773e+01    5.0907106793e+03   -1.0707876889e+02    3.5735220115e+01    4.9726969832e+01   -1.6798258334e+02    1.1176844619e+01    1.0240000000e+03    3.2403927762e-03    5.9879807692e-01
       391   -7.1332933416e+01    5.0893110621e+03   -1.0689514955e+02    3.5562216131e+01    4.9712456909e+01   -1.6821561679e+02    1.1608010334e+01    1.0240000000e+03    3.2166237943e-03    5.9746093750e-01
       392   -7.1278085508e+01    5.0814625102e+03   -1.0587406976e+02    3.4595984249e+01    4.9726236416e+01   -1.6785610366e+02    1.2255797490e+01    1.0240000000e+03    3.2141418196e-03    5.9800180288e-01
       393   -7.1325491316e+01    5.0882409133e+03   -1.0662348017e+02    3.5297988852e+01    4.9743138771e+01   -1.6809602197e+02    1.1729403030e+01    1.0240000000e+03    3.2513877377e-03    6.0102163462e-01
       394   -7.1312927931e+01    5.0864271580e+03   -1.0655074574e+02    3.5237817805e+01    4.9607177174e+01   -1.6795599799e+02    1.1798075078e+01    1.0240000000e+03    3.2419813797e-03    5.9831730769e-01
       395   -7.1293866576e+01    5.0836110282e+03   -1.0734540502e+02    3.6051538439e+01    4.9803084008e+01   -1.6903431545e+02    1.1885826422e+01    1.0240000000e+03    3.1995209865e-03    5.9864783654e-01
       396   -7.1353679439e+01    5.0923293202e+03   -1.0626025641e+02    3.4906576968e+01    4.9976886951e+01   -1.6850428510e+02    1.2267141745e+01    1.0240000000e+03    3.2370341942e-03    5.9903846154e-01
       397   -7.1327435665e+01    5.0887311215e+03   -1.0685071304e+02    3.5523277371e+01    4.9934666347e+01   -1.6859282637e+02    1.1807446984e+01    1.0240000000e+03    3.1981703360e-03    5.9663461538e-01
       398   -7.1301082473e+01    5.0848613483e+03   -1.0576418239e+02    3.4463099913e+01    4.9614080758e+01   -1.6729550924e+02    1.1917246098e+01    1.0240000000e+03    3.2442244701e-03    6.0153245192e-01
       399   -7.1285383832e+01    5.0824876478e+03   -1.0655910945e+02    3.5273725615e+01    4.9618209378e+01   -1.6749700022e+02    1.1319681398e+01    1.0240000000e+03    3.2386225648e-03    6.0076622596e-01
