#   index    LocalEnergy         LocalEnergy_sq      LocalPotential      Kinetic             ElecElec            LocalECP            NonLocalECP         BlockWeight         BlockCPU            AcceptRatio         
         0   -1.9631882847e+02    3.8544107037e+04   -3.2720528851e+02    1.3088646004e+02    1.5710605512e+02   -5.0493600597e+02    2.0624662344e+01    1.6384410000e+06    6.3582988142e+00    9.9350362066e-01
         1   -1.9632390416e+02    3.8546042776e+04   -3.2712745437e+02    1.3080355021e+02    1.5702658871e+02   -5.0473538463e+02    2.0581341551e+01    1.6293810000e+06    6.2158564958e+00    9.9351147638e-01
         2   -1.9632416097e+02    3.8546179795e+04   -3.2722763769e+02    1.3090347672e+02    1.5722007340e+02   -5.0496087908e+02    2.0513167994e+01    1.6338110000e+06    6.1923646433e+00    9.9348292722e-01
         3   -1.9631954980e+02    3.8544366445e+04   -3.2765490697e+02    1.3133535717e+02    1.5763054721e+02   -5.0595825658e+02    2.0672802398e+01    1.6291900000e+06    6.2380812855e+00    9.9347786739e-01
         4   -1.9631912293e+02    3.8544228110e+04   -3.2761355994e+02    1.3129443701e+02    1.5749158225e+02   -5.0561052284e+02    2.0505380644e+01    1.6525300000e+06    7.0585690315e+00    9.9351012243e-01
         5   -1.9631143230e+02    3.8541183932e+04   -3.2765141069e+02    1.3133997839e+02    1.5741181471e+02   -5.0565510579e+02    2.0591880396e+01    1.6261620000e+06    6.4527827101e+00    9.9348456118e-01
         6   -1.9631392199e+02    3.8542195613e+04   -3.2740481538e+02    1.3109089339e+02    1.5737231990e+02   -5.0539949751e+02    2.0622362227e+01    1.6184000000e+06    6.0753097360e+00    9.9350192964e-01
         7   -1.9631967979e+02    3.8544485489e+04   -3.2756352697e+02    1.3124384717e+02    1.5728655753e+02   -5.0547654750e+02    2.0626463003e+01    1.6453570000e+06    6.7229555587e+00    9.9347725437e-01
         8   -1.9631811631e+02    3.8543809382e+04   -3.2759305150e+02    1.3127493518e+02    1.5736497148e+02   -5.0553725293e+02    2.0579229960e+01    1.6402570000e+06    6.6754133394e+00    9.9346024206e-01
         9   -1.9631767274e+02    3.8543644982e+04   -3.2752306694e+02    1.3120539419e+02    1.5733087137e+02   -5.0542055493e+02    2.0566616616e+01    1.6295810000e+06    6.2966004065e+00    9.9348664535e-01
        10   -1.9632018465e+02    3.8544607786e+04   -3.2710197248e+02    1.3078178783e+02    1.5735411622e+02   -5.0505205384e+02    2.0595965136e+01    1.6326090000e+06    6.4861032155e+00    9.9351286992e-01
        11   -1.9632141653e+02    3.8545117525e+04   -3.2693518515e+02    1.3061376861e+02    1.5717827671e+02   -5.0461280096e+02    2.0499339100e+01    1.6209840000e+06    6.2014086652e+00    9.9351835516e-01
        12   -1.9632873087e+02    3.8548011957e+04   -3.2748731438e+02    1.3115858351e+02    1.5740281214e+02   -5.0537381373e+02    2.0483687216e+01    1.6260850000e+06    6.2363465235e+00    9.9347668900e-01
        13   -1.9633285672e+02    3.8549572879e+04   -3.2750532784e+02    1.3117247111e+02    1.5735209478e+02   -5.0545784201e+02    2.0600419388e+01    1.6422870000e+06    6.6845799207e+00    9.9346999653e-01
        14   -1.9632384535e+02    3.8546061230e+04   -3.2692538979e+02    1.3060154444e+02    1.5713804757e+02   -5.0456264148e+02    2.0499204128e+01    1.6493250000e+06    6.8069741125e+00    9.9354915518e-01
        15   -1.9632196964e+02    3.8545319701e+04   -3.2730422082e+02    1.3098225118e+02    1.5740776974e+02   -5.0540205042e+02    2.0690059856e+01    1.6301020000e+06    6.3842582633e+00    9.9348383077e-01
        16   -1.9631572236e+02    3.8542940672e+04   -3.2733447760e+02    1.3101875524e+02    1.5746857505e+02   -5.0536107808e+02    2.0558025435e+01    1.6320710000e+06    6.5242725806e+00    9.9349963194e-01
        17   -1.9632495991e+02    3.8546543119e+04   -3.2757672946e+02    1.3125176954e+02    1.5742122761e+02   -5.0552472085e+02    2.0526763788e+01    1.6323330000e+06    6.3316106456e+00    9.9351957598e-01
        18   -1.9632302531e+02    3.8545768104e+04   -3.2777071469e+02    1.3144768938e+02    1.5751602621e+02   -5.0590706134e+02    2.0620320436e+01    1.6457630000e+06    6.7692628319e+00    9.9350054105e-01
        19   -1.9632111818e+02    3.8544937904e+04   -3.2744628276e+02    1.3112516458e+02    1.5750742196e+02   -5.0540639486e+02    2.0452690129e+01    1.6440620000e+06    7.3060333142e+00    9.9349772396e-01
        20   -1.9632468548e+02    3.8546420415e+04   -3.2750972064e+02    1.3118503517e+02    1.5748926361e+02   -5.0556496040e+02    2.0565976141e+01    1.6459400000e+06    7.1915988773e+00    9.9349645194e-01
        21   -1.9631800746e+02    3.8543802771e+04   -3.2716027468e+02    1.3084226723e+02    1.5719035003e+02   -5.0491552213e+02    2.0564897423e+01    1.6425680000e+06    6.7778017044e+00    9.9353113481e-01
        22   -1.9632718375e+02    3.8547348985e+04   -3.2709076460e+02    1.3076358084e+02    1.5714114307e+02   -5.0485953879e+02    2.0627631125e+01    1.6304080000e+06    6.2206553975e+00    9.9353017425e-01
        23   -1.9632428281e+02    3.8546247866e+04   -3.2718730964e+02    1.3086302684e+02    1.5731387001e+02   -5.0514822528e+02    2.0647045634e+01    1.6461030000e+06    6.8302664268e+00    9.9351907788e-01
        24   -1.9632320587e+02    3.8545787360e+04   -3.2731083867e+02    1.3098763280e+02    1.5723659439e+02   -5.0502667498e+02    2.0479241924e+01    1.6236950000e+06    6.1722683834e+00    9.9346988847e-01
        25   -1.9632406614e+02    3.8546157756e+04   -3.2703604526e+02    1.3071197912e+02    1.5708695731e+02   -5.0461371792e+02    2.0490715344e+01    1.6385380000e+06    6.3950031628e+00    9.9351197798e-01
        26   -1.9632318345e+02    3.8545792532e+04   -3.2753811960e+02    1.3121493615e+02    1.5721276587e+02   -5.0534148145e+02    2.0590595977e+01    1.6493680000e+06    6.8678278781e+00    9.9344797788e-01
        27   -1.9632699147e+02    3.8547374591e+04   -3.2756667461e+02    1.3123968314e+02    1.5727855532e+02   -5.0543428856e+02    2.0589058631e+01    1.6324610000e+06    6.2577489156e+00    9.9347946006e-01
        28   -1.9632289819e+02    3.8545824580e+04   -3.2739683271e+02    1.3107393452e+02    1.5754979018e+02   -5.0543674151e+02    2.0490118626e+01    1.6413100000e+06    6.6171559279e+00    9.9353445555e-01
        29   -1.9632103522e+02    3.8544922263e+04   -3.2741337546e+02    1.3109234024e+02    1.5745880435e+02   -5.0546469236e+02    2.0592512556e+01    1.6433050000e+06    6.6357967681e+00    9.9350670655e-01
        30   -1.9632563930e+02    3.8546830467e+04   -3.2743715745e+02    1.3111151816e+02    1.5732038975e+02   -5.0541385372e+02    2.0656306515e+01    1.6201040000e+06    6.3093447227e+00    9.9348253511e-01
        31   -1.9631865692e+02    3.8544056193e+04   -3.2711704316e+02    1.3079838624e+02    1.5718516981e+02   -5.0479897752e+02    2.0496764548e+01    1.6207070000e+06    6.1104956737e+00    9.9349256858e-01
        32   -1.9632718481e+02    3.8547354111e+04   -3.2716730543e+02    1.3084012062e+02    1.5713115908e+02   -5.0490730694e+02    2.0608842435e+01    1.6115770000e+06    6.1478077606e+00    9.9350105647e-01
        33   -1.9631406212e+02    3.8542252172e+04   -3.2744831689e+02    1.3113425477e+02    1.5742367686e+02   -5.0550392839e+02    2.0631934642e+01    1.6273220000e+06    6.2500309492e+00    9.9349105025e-01
        34   -1.9631873472e+02    3.8544059207e+04   -3.2719023984e+02    1.3087150511e+02    1.5726866597e+02   -5.0495713764e+02    2.0498231832e+01    1.6487900000e+06    6.7630562701e+00    9.9350376464e-01
        35   -1.9631957741e+02    3.8544408627e+04   -3.2774665107e+02    1.3142707366e+02    1.5756873705e+02   -5.0596843441e+02    2.0653046280e+01    1.6401660000e+06    6.5329721372e+00    9.9347112882e-01
        36   -1.9631543123e+02    3.8542830243e+04   -3.2753300082e+02    1.3121756959e+02    1.5738471264e+02   -5.0551118355e+02    2.0593470085e+01    1.6756310000e+06    7.2261269493e+00    9.9349878867e-01
        37   -1.9631810477e+02    3.8543805466e+04   -3.2715506295e+02    1.3083695818e+02    1.5736743982e+02   -5.0515159684e+02    2.0629094069e+01    1.6546030000e+06    6.9126813908e+00    9.9354419454e-01
        38   -1.9631853860e+02    3.8544008991e+04   -3.2760055854e+02    1.3128201994e+02    1.5758824300e+02   -5.0574210311e+02    2.0553301569e+01    1.6373790000e+06    6.5950760741e+00    9.9346214189e-01
        39   -1.9632252762e+02    3.8545540581e+04   -3.2792653021e+02    1.3160400258e+02    1.5762862230e+02   -5.0614132030e+02    2.0586167790e+01    1.6602980000e+06    6.9528162873e+00    9.9347180903e-01
        40   -1.9632023484e+02    3.8544600975e+04   -3.2756896374e+02    1.3124872890e+02    1.5753595981e+02   -5.0576374281e+02    2.0658819263e+01    1.6588100000e+06    6.9883136095e+00    9.9348739988e-01
        41   -1.9630886674e+02    3.8540188448e+04   -3.2725575779e+02    1.3094689105e+02    1.5723771867e+02   -5.0516103076e+02    2.0667554295e+01    1.6352520000e+06    6.3694349439e+00    9.9347329871e-01
        42   -1.9631943144e+02    3.8544278965e+04   -3.2746367541e+02    1.3114424398e+02    1.5731467207e+02   -5.0527717127e+02    2.0498823789e+01    1.6369670000e+06    6.3909234803e+00    9.9349680772e-01
        43   -1.9631902443e+02    3.8544163542e+04   -3.2762377335e+02    1.3130474892e+02    1.5746099304e+02   -5.0581254862e+02    2.0727782233e+01    1.6383870000e+06    6.3634855340e+00    9.9347743514e-01
        44   -1.9632605214e+02    3.8546930229e+04   -3.2757132527e+02    1.3124527313e+02    1.5763877238e+02   -5.0577402090e+02    2.0563923240e+01    1.6447630000e+06    6.7125203195e+00    9.9349890787e-01
        45   -1.9631946923e+02    3.8544306172e+04   -3.2706930719e+02    1.3074983796e+02    1.5747533842e+02   -5.0504510754e+02    2.0500461936e+01    1.6443940000e+06    6.6518883950e+00    9.9351173034e-01
        46   -1.9632254604e+02    3.8545537281e+04   -3.2716495252e+02    1.3084240648e+02    1.5723200702e+02   -5.0488417680e+02    2.0487217252e+01    1.6098890000e+06    6.1524021276e+00    9.9350112034e-01
        47   -1.9631782497e+02    3.8543688287e+04   -3.2707368922e+02    1.3075586425e+02    1.5723429421e+02   -5.0477559936e+02    2.0467615924e+01    1.6274270000e+06    6.1021506994e+00    9.9351138019e-01
        48   -1.9632330926e+02    3.8545826741e+04   -3.2724965053e+02    1.3092634127e+02    1.5718171055e+02   -5.0493213512e+02    2.0500774036e+01    1.6093700000e+06    6.1183669677e+00    9.9349209223e-01
        49   -1.9631967808e+02    3.8544461115e+04   -3.2713839139e+02    1.3081871332e+02    1.5721282627e+02   -5.0487971071e+02    2.0528493045e+01    1.6106960000e+06    6.1027980372e+00    9.9350220379e-01
        50   -1.9631968770e+02    3.8544356424e+04   -3.2690865423e+02    1.3058896652e+02    1.5717746826e+02   -5.0459026397e+02    2.0504141488e+01    1.6333560000e+06    6.2553581304e+00    9.9354212046e-01
        51   -1.9632089318e+02    3.8544959943e+04   -3.2703817731e+02    1.3071728413e+02    1.5711807889e+02   -5.0476690061e+02    2.0610644414e+01    1.6279390000e+06    6.3028255273e+00    9.9349782223e-01
        52   -1.9632192041e+02    3.8545332079e+04   -3.2753485889e+02    1.3121293848e+02    1.5734220026e+02   -5.0542507899e+02    2.0548019838e+01    1.6232490000e+06    6.2578036149e+00    9.9349513089e-01
        53   -1.9631920457e+02    3.8544261156e+04   -3.2756308538e+02    1.3124388081e+02    1.5749238053e+02   -5.0568552782e+02    2.0630061909e+01    1.6430190000e+06    6.8081510596e+00    9.9348021382e-01
        54   -1.9631748915e+02    3.8543576367e+04   -3.2753730470e+02    1.3121981555e+02    1.5754789910e+02   -5.0573833022e+02    2.0653126422e+01    1.6414570000e+06    6.6226306113e+00    9.9346418268e-01
        55   -1.9631996233e+02    3.8544634665e+04   -3.2774506331e+02    1.3142510098e+02    1.5764726327e+02   -5.0598268106e+02    2.0590354476e+01    1.6439590000e+06    6.7644471326e+00    9.9345106471e-01
        56   -1.9631454593e+02    3.8542431706e+04   -3.2744678583e+02    1.3113223990e+02    1.5740390294e+02   -5.0539773828e+02    2.0547049510e+01    1.6337490000e+06    6.3160771050e+00    9.9353136196e-01
        57   -1.9632045613e+02    3.8544716339e+04   -3.2695747462e+02    1.3063701850e+02    1.5709713255e+02   -5.0464052297e+02    2.0585915792e+01    1.6244560000e+06    6.1968818041e+00    9.9352219552e-01
        58   -1.9631242470e+02    3.8541574527e+04   -3.2756579026e+02    1.3125336556e+02    1.5736208654e+02   -5.0557800613e+02    2.0650129319e+01    1.6290240000e+06    6.3051127961e+00    9.9351312347e-01
        59   -1.9633037615e+02    3.8548812919e+04   -3.2753896683e+02    1.3120859067e+02    1.5728638653e+02   -5.0548056904e+02    2.0655215689e+01    1.6634940000e+06    7.0490673382e+00    9.9350854867e-01
        60   -1.9631485449e+02    3.8542556306e+04   -3.2758574859e+02    1.3127089410e+02    1.5724884121e+02   -5.0543799476e+02    2.0603404958e+01    1.6461060000e+06    6.6494433032e+00    9.9346552189e-01
        61   -1.9632265399e+02    3.8545582984e+04   -3.2728984868e+02    1.3096719469e+02    1.5717158232e+02   -5.0505679288e+02    2.0595361873e+01    1.6416180000e+06    6.5780053511e+00    9.9352336409e-01
        62   -1.9632299662e+02    3.8545703327e+04   -3.2719453668e+02    1.3087154006e+02    1.5707908539e+02   -5.0480373544e+02    2.0530113367e+01    1.6630080000e+06    6.9247458570e+00    9.9348066398e-01
        63   -1.9632279795e+02    3.8545643779e+04   -3.2757251896e+02    1.3124972101e+02    1.5731312638e+02   -5.0544370612e+02    2.0558060785e+01    1.6449270000e+06    6.6689112172e+00    9.9348819219e-01
        64   -1.9632898613e+02    3.8548075886e+04   -3.2764084043e+02    1.3131185430e+02    1.5750282126e+02   -5.0572472132e+02    2.0581059632e+01    1.6320200000e+06    6.1307030721e+00    9.9348608120e-01
        65   -1.9632196411e+02    3.8545317182e+04   -3.2740436224e+02    1.3108239813e+02    1.5736887795e+02   -5.0546072739e+02    2.0687487201e+01    1.6456140000e+06    6.9494112779e+00    9.9346967357e-01
        66   -1.9631821029e+02    3.8543860269e+04   -3.2717837252e+02    1.3086016223e+02    1.5719252063e+02   -5.0482696787e+02    2.0456074718e+01    1.6263550000e+06    7.4706866965e+00    9.9348879951e-01
        67   -1.9631699952e+02    3.8543351352e+04   -3.2723422763e+02    1.3091722811e+02    1.5729101277e+02   -5.0516095761e+02    2.0635717210e+01    1.6113910000e+06    6.1729246737e+00    9.9352247439e-01
        68   -1.9631891949e+02    3.8544138285e+04   -3.2742342123e+02    1.3110450174e+02    1.5733366480e+02   -5.0532050355e+02    2.0563417525e+01    1.6212020000e+06    6.1049427751e+00    9.9352948366e-01
        69   -1.9632029062e+02    3.8544621643e+04   -3.2731515168e+02    1.3099486106e+02    1.5736692912e+02   -5.0503795266e+02    2.0355871857e+01    1.6256660000e+06    6.2474407370e+00    9.9349059112e-01
        70   -1.9631966447e+02    3.8544408098e+04   -3.2706839294e+02    1.3074872847e+02    1.5711107409e+02   -5.0477383923e+02    2.0594372197e+01    1.6074170000e+06    6.1295751617e+00    9.9351981604e-01
        71   -1.9632103327e+02    3.8545011209e+04   -3.2773562216e+02    1.3141458889e+02    1.5745317667e+02   -5.0570980117e+02    2.0521002343e+01    1.6295920000e+06    6.3291094035e+00    9.9348441294e-01
        72   -1.9631738342e+02    3.8543515842e+04   -3.2722201795e+02    1.3090463453e+02    1.5744265634e+02   -5.0520455048e+02    2.0539876192e+01    1.6200820000e+06    6.0806007294e+00    9.9350837828e-01
        73   -1.9631871949e+02    3.8544038965e+04   -3.2738432047e+02    1.3106560098e+02    1.5736922423e+02   -5.0538061658e+02    2.0627071880e+01    1.6181340000e+06    6.0554771153e+00    9.9349191858e-01
        74   -1.9632017595e+02    3.8544576391e+04   -3.2703554099e+02    1.3071536504e+02    1.5708714063e+02   -5.0461499694e+02    2.0492315315e+01    1.6156580000e+06    6.1038660356e+00    9.9351397922e-01
        75   -1.9631414344e+02    3.8542391100e+04   -3.2730429122e+02    1.3099014778e+02    1.5719928282e+02   -5.0509615240e+02    2.0592578354e+01    1.5962270000e+06    6.0819073555e+00    9.9349643622e-01
        76   -1.9632000868e+02    3.8544549696e+04   -3.2739013158e+02    1.3107012289e+02    1.5732206934e+02   -5.0529161639e+02    2.0579415481e+01    1.6169910000e+06    6.2111153011e+00    9.9348649677e-01
        77   -1.9631442927e+02    3.8542358563e+04   -3.2733428643e+02    1.3101985716e+02    1.5744759451e+02   -5.0527961581e+02    2.0497734867e+01    1.5989540000e+06    6.0235704281e+00    9.9346369488e-01
        78   -1.9631468420e+02    3.8542431252e+04   -3.2764508145e+02    1.3133039725e+02    1.5754703350e+02   -5.0585708389e+02    2.0664968934e+01    1.6066640000e+06    6.0333248291e+00    9.9350721006e-01
        79   -1.9631897257e+02    3.8544144783e+04   -3.2760851432e+02    1.3128954175e+02    1.5751490673e+02   -5.0579004988e+02    2.0666628824e+01    1.6485930000e+06    6.8191529608e+00    9.9347645312e-01
        80   -1.9632205677e+02    3.8545376421e+04   -3.2721308582e+02    1.3089102904e+02    1.5734001807e+02   -5.0516055082e+02    2.0607446931e+01    1.6509430000e+06    6.6858740882e+00    9.9351384102e-01
        81   -1.9632562975e+02    3.8546790096e+04   -3.2788198369e+02    1.3155635395e+02    1.5761206761e+02   -5.0605170627e+02    2.0557654964e+01    1.6253750000e+06    6.1368006254e+00    9.9347842533e-01
        82   -1.9631827464e+02    3.8543852217e+04   -3.2721157010e+02    1.3089329546e+02    1.5728859186e+02   -5.0501949244e+02    2.0519330475e+01    1.6134410000e+06    6.0540866132e+00    9.9349543376e-01
        83   -1.9631457220e+02    3.8542389269e+04   -3.2729577451e+02    1.3098120231e+02    1.5730644158e+02   -5.0515586195e+02    2.0553645861e+01    1.6165910000e+06    6.0248874065e+00    9.9350531748e-01
        84   -1.9631990187e+02    3.8544486436e+04   -3.2751312574e+02    1.3119322387e+02    1.5743793213e+02   -5.0545339739e+02    2.0502339521e+01    1.6267060000e+06    6.0101702684e+00    9.9352079952e-01
        85   -1.9632592531e+02    3.8546896678e+04   -3.2747879717e+02    1.3115287186e+02    1.5751067351e+02   -5.0549145619e+02    2.0501985514e+01    1.6199090000e+06    6.0988343337e+00    9.9348689840e-01
        86   -1.9632373956e+02    3.8546033944e+04   -3.2757234764e+02    1.3124860809e+02    1.5757939125e+02   -5.0564711364e+02    2.0495374745e+01    1.6265350000e+06    6.2364896049e+00    9.9346258016e-01
        87   -1.9631670678e+02    3.8543748371e+04   -3.2716406861e+02    1.3084736183e+02    1.5726328716e+02   -5.0487276147e+02    2.0445405698e+01    1.6285240000e+06    6.2207655085e+00    9.9350968804e-01
        88   -1.9632010338e+02    3.8544601092e+04   -3.2782873940e+02    1.3150863602e+02    1.5744312341e+02   -5.0584214934e+02    2.0570286529e+01    1.6209450000e+06    6.2925825149e+00    9.9348629342e-01
        89   -1.9631792152e+02    3.8543732028e+04   -3.2716937599e+02    1.3085145447e+02    1.5719753189e+02   -5.0490763307e+02    2.0540725190e+01    1.6421570000e+06    6.6563838632e+00    9.9347995560e-01
        90   -1.9633115906e+02    3.8548903048e+04   -3.2766239825e+02    1.3133123919e+02    1.5756337352e+02   -5.0588169187e+02    2.0655920111e+01    1.6443360000e+06    6.6190627131e+00    9.9348167875e-01
        91   -1.9632184198e+02    3.8545317498e+04   -3.2764052323e+02    1.3131868125e+02    1.5752864637e+02   -5.0587669468e+02    2.0707525078e+01    1.6825540000e+06    7.1324683123e+00    9.9347603111e-01
        92   -1.9632276769e+02    3.8545610840e+04   -3.2731456485e+02    1.3099179717e+02    1.5740155037e+02   -5.0527702443e+02    2.0560909206e+01    1.6643190000e+06    6.9742097098e+00    9.9349562219e-01
        93   -1.9631252444e+02    3.8541606407e+04   -3.2732414895e+02    1.3101162451e+02    1.5728314547e+02   -5.0519718704e+02    2.0589892617e+01    1.6534490000e+06    6.7368452966e+00    9.9349837020e-01
        94   -1.9632224012e+02    3.8545364473e+04   -3.2732505213e+02    1.3100281202e+02    1.5750604308e+02   -5.0539063901e+02    2.0559543792e+01    1.6216810000e+06    6.0581167564e+00    9.9351538905e-01
        95   -1.9632503018e+02    3.8546490691e+04   -3.2761310535e+02    1.3128807518e+02    1.5750423074e+02   -5.0574131454e+02    2.0623978448e+01    1.5991090000e+06    6.1170300744e+00    9.9350438354e-01
        96   -1.9631588327e+02    3.8542924944e+04   -3.2740301912e+02    1.3108713585e+02    1.5741740249e+02   -5.0536199894e+02    2.0541577332e+01    1.6179890000e+06    6.0246776864e+00    9.9348190322e-01
        97   -1.9631851620e+02    3.8543963447e+04   -3.2734334414e+02    1.3102482794e+02    1.5731360135e+02   -5.0516923922e+02    2.0512293739e+01    1.6188880000e+06    6.1468066308e+00    9.9350003928e-01
        98   -1.9631804303e+02    3.8543774870e+04   -3.2712815273e+02    1.3081010969e+02    1.5720960449e+02   -5.0490709778e+02    2.0569340571e+01    1.6521830000e+06    6.7752505604e+00    9.9350494602e-01
        99   -1.9632717350e+02    3.8547421747e+04   -3.2737741820e+02    1.3105024470e+02    1.5725639748e+02   -5.0517789090e+02    2.0544075215e+01    1.6477320000e+06    6.7936716257e+00    9.9348316057e-01
       100   -1.9631434157e+02    3.8542323760e+04   -3.2743640750e+02    1.3112206593e+02    1.5745739041e+02   -5.0548279219e+02    2.0588994283e+01    1.6219320000e+06    6.2590503898e+00    9.9351167996e-01
       101   -1.9632796266e+02    3.8547664822e+04   -3.2767102586e+02    1.3134306320e+02    1.5762151141e+02   -5.0583621776e+02    2.0543680494e+01    1.6183130000e+06    6.2640779805e+00    9.9346038429e-01
       102   -1.9631788060e+02    3.8543701549e+04   -3.2737477276e+02    1.3105689216e+02    1.5747604020e+02   -5.0539699331e+02    2.0546180359e+01    1.6154980000e+06    6.2824492892e+00    9.9349198522e-01
       103   -1.9632364006e+02    3.8545995088e+04   -3.2773704238e+02    1.3141340231e+02    1.5768168684e+02   -5.0599506188e+02    2.0576332666e+01    1.6261590000e+06    6.1985017459e+00    9.9350141964e-01
       104   -1.9632377916e+02    3.8546026972e+04   -3.2775225001e+02    1.3142847085e+02    1.5744478212e+02   -5.0577341230e+02    2.0576380164e+01    1.6225700000e+06    6.0588959823e+00    9.9347122327e-01
       105   -1.9632422454e+02    3.8546206020e+04   -3.2743275622e+02    1.3110853168e+02    1.5737075660e+02   -5.0531350389e+02    2.0509991075e+01    1.6191010000e+06    6.1757648529e+00    9.9348193253e-01
       106   -1.9632809535e+02    3.8547813419e+04   -3.2736704348e+02    1.3103894813e+02    1.5728548341e+02   -5.0519981313e+02    2.0547286240e+01    1.6205780000e+06    6.0511215415e+00    9.9349783977e-01
       107   -1.9631443957e+02    3.8542374750e+04   -3.2778579352e+02    1.3147135394e+02    1.5756414809e+02   -5.0585384577e+02    2.0503904161e+01    1.6226340000e+06    6.0451112078e+00    9.9345088590e-01
       108   -1.9631920239e+02    3.8544285358e+04   -3.2783067622e+02    1.3151147384e+02    1.5768510472e+02   -5.0613419978e+02    2.0618418847e+01    1.6192060000e+06    6.0272763525e+00    9.9351202564e-01
       109   -1.9631497087e+02    3.8542524471e+04   -3.2689425669e+02    1.3057928582e+02    1.5724350021e+02   -5.0466566157e+02    2.0527904677e+01    1.6303090000e+06    6.4693203568e+00    9.9354022634e-01
       110   -1.9631482871e+02    3.8542482828e+04   -3.2736248363e+02    1.3104765493e+02    1.5732483914e+02   -5.0527263754e+02    2.0585314771e+01    1.6441900000e+06    6.6351343968e+00    9.9352546366e-01
       111   -1.9631963750e+02    3.8544368879e+04   -3.2744923381e+02    1.3112959631e+02    1.5736213990e+02   -5.0545672950e+02    2.0645355790e+01    1.6345430000e+06    6.3938504832e+00    9.9347411580e-01
       112   -1.9632201793e+02    3.8545315882e+04   -3.2739352071e+02    1.3107150278e+02    1.5735230020e+02   -5.0529315326e+02    2.0547332348e+01    1.6225870000e+06    6.3811963922e+00    9.9349571052e-01
       113   -1.9632303271e+02    3.8545751016e+04   -3.2727978050e+02    1.3095674779e+02    1.5723232396e+02   -5.0504245800e+02    2.0530353540e+01    1.6291340000e+06    6.6982712497e+00    9.9350458628e-01
       114   -1.9631702201e+02    3.8543359146e+04   -3.2710059111e+02    1.3078356910e+02    1.5722233228e+02   -5.0480089779e+02    2.0477974403e+01    1.6197440000e+06    7.2884735742e+00    9.9351078905e-01
       115   -1.9632161451e+02    3.8545185262e+04   -3.2733103885e+02    1.3100942434e+02    1.5731208508e+02   -5.0523360263e+02    2.0590478714e+01    1.6243620000e+06    6.2120788612e+00    9.9349425414e-01
       116   -1.9632002744e+02    3.8544549288e+04   -3.2722385418e+02    1.3090382674e+02    1.5721260660e+02   -5.0500621038e+02    2.0569749601e+01    1.6231160000e+06    6.0750521293e+00    9.9349821956e-01
       117   -1.9632277627e+02    3.8545681740e+04   -3.2736202759e+02    1.3103925133e+02    1.5734254351e+02   -5.0524840759e+02    2.0543836489e+01    1.6335900000e+06    6.2356735647e+00    9.9349989110e-01
       118   -1.9632345043e+02    3.8545906414e+04   -3.2730798824e+02    1.3098453782e+02    1.5724730231e+02   -5.0513098942e+02    2.0575698864e+01    1.6573580000e+06    6.8958608157e+00    9.9351486453e-01
       119   -1.9631260433e+02    3.8541687662e+04   -3.2731052475e+02    1.3099792043e+02    1.5745430387e+02   -5.0538692352e+02    2.0622094896e+01    1.6503050000e+06    6.6585249929e+00    9.9350110135e-01
       120   -1.9632301605e+02    3.8545758731e+04   -3.2778501506e+02    1.3146199901e+02    1.5761499994e+02   -5.0604365657e+02    2.0643641573e+01    1.6372720000e+06    6.4180364292e+00    9.9345420748e-01
       121   -1.9632598380e+02    3.8546956995e+04   -3.2739416937e+02    1.3106818557e+02    1.5729330989e+02   -5.0527558413e+02    2.0588104874e+01    1.6415020000e+06    6.4990324501e+00    9.9351239014e-01
       122   -1.9631928274e+02    3.8544225476e+04   -3.2745619680e+02    1.3113691406e+02    1.5730840020e+02   -5.0539548133e+02    2.0630884327e+01    1.6553660000e+06    6.8890524406e+00    9.9348192355e-01
       123   -1.9631472990e+02    3.8542570157e+04   -3.2708529016e+02    1.3077056027e+02    1.5719334821e+02   -5.0489156559e+02    2.0612927212e+01    1.6545950000e+06    6.9437574483e+00    9.9347496121e-01
       124   -1.9631719760e+02    3.8543455422e+04   -3.2695030478e+02    1.3063310718e+02    1.5727790147e+02   -5.0476154700e+02    2.0533340746e+01    1.6402090000e+06    6.5464814962e+00    9.9351162992e-01
       125   -1.9632335551e+02    3.8545906362e+04   -3.2738551606e+02    1.3106216056e+02    1.5744184546e+02   -5.0549660683e+02    2.0669245299e+01    1.6296560000e+06    6.3590482520e+00    9.9350167461e-01
       126   -1.9632199407e+02    3.8545426409e+04   -3.2684952238e+02    1.3052752831e+02    1.5728188677e+02   -5.0470315712e+02    2.0571747962e+01    1.6534190000e+06    6.8995589893e+00    9.9351523933e-01
       127   -1.9632098055e+02    3.8544984155e+04   -3.2698100105e+02    1.3066002050e+02    1.5727116643e+02   -5.0488900973e+02    2.0636842256e+01    1.6446950000e+06    6.7233155654e+00    9.9350312449e-01
       128   -1.9632016787e+02    3.8544592242e+04   -3.2711503801e+02    1.3079487014e+02    1.5736043539e+02   -5.0500628644e+02    2.0530813038e+01    1.6241940000e+06    6.1962397487e+00    9.9352938130e-01
       129   -1.9632878264e+02    3.8548010015e+04   -3.2771413082e+02    1.3138534818e+02    1.5762547220e+02   -5.0595139525e+02    2.0611792231e+01    1.6187400000e+06    6.1426779984e+00    9.9349412280e-01
       130   -1.9631820449e+02    3.8543852758e+04   -3.2795444190e+02    1.3163623741e+02    1.5768702541e+02   -5.0624917585e+02    2.0607708538e+01    1.6199600000e+06    6.1921295051e+00    9.9345197474e-01
       131   -1.9632188660e+02    3.8545302696e+04   -3.2726823927e+02    1.3094635267e+02    1.5733059749e+02   -5.0512998850e+02    2.0531151736e+01    1.6137610000e+06    6.3005866902e+00    9.9348395820e-01
       132   -1.9631519897e+02    3.8542700636e+04   -3.2742899411e+02    1.3111379514e+02    1.5742150931e+02   -5.0538768489e+02    2.0537181474e+01    1.6121040000e+06    6.0910284179e+00    9.9350163695e-01
       133   -1.9632263642e+02    3.8545602489e+04   -3.2720819959e+02    1.3088556317e+02    1.5730245231e+02   -5.0496524901e+02    2.0454597110e+01    1.6228450000e+06    6.1590591252e+00    9.9349995574e-01
       134   -1.9631374433e+02    3.8542062743e+04   -3.2759861351e+02    1.3128486918e+02    1.5758097655e+02   -5.0579803364e+02    2.0618443587e+01    1.6246760000e+06    6.1267605450e+00    9.9351690377e-01
       135   -1.9632033823e+02    3.8544684955e+04   -3.2728875474e+02    1.3096841651e+02    1.5716792670e+02   -5.0504793438e+02    2.0591252937e+01    1.6449980000e+06    6.6662792908e+00    9.9346368775e-01
       136   -1.9632045772e+02    3.8544701462e+04   -3.2731905108e+02    1.3099859336e+02    1.5715394013e+02   -5.0491941598e+02    2.0446424768e+01    1.6539010000e+06    6.8669680846e+00    9.9350879883e-01
       137   -1.9631804782e+02    3.8543785822e+04   -3.2703740230e+02    1.3071935448e+02    1.5703786461e+02   -5.0463704828e+02    2.0561781363e+01    1.6279480000e+06    6.1898653852e+00    9.9352661663e-01
       138   -1.9632339747e+02    3.8545888941e+04   -3.2689203119e+02    1.3056863372e+02    1.5693805202e+02   -5.0430737515e+02    2.0477291937e+01    1.6277110000e+06    6.3228707968e+00    9.9352028475e-01
       139   -1.9632047785e+02    3.8544799777e+04   -3.2781789355e+02    1.3149741571e+02    1.5750301479e+02   -5.0588840516e+02    2.0567496820e+01    1.6284670000e+06    6.2069113539e+00    9.9347019388e-01
       140   -1.9632208435e+02    3.8545306951e+04   -3.2764042024e+02    1.3131833590e+02    1.5762935554e+02   -5.0583130499e+02    2.0561529210e+01    1.6297660000e+06    6.1858185600e+00    9.9351244096e-01
       141   -1.9632357102e+02    3.8545981605e+04   -3.2765898977e+02    1.3133541875e+02    1.5730910650e+02   -5.0559617306e+02    2.0628076785e+01    1.6231940000e+06    6.1462118009e+00    9.9349953647e-01
       142   -1.9632233095e+02    3.8545452201e+04   -3.2733595604e+02    1.3101362510e+02    1.5740419038e+02   -5.0521245677e+02    2.0472310347e+01    1.6461200000e+06    6.7741061999e+00    9.9349533233e-01
       143   -1.9631541356e+02    3.8542695727e+04   -3.2762607324e+02    1.3131065968e+02    1.5754322964e+02   -5.0565008993e+02    2.0480787056e+01    1.6539160000e+06    6.9419964042e+00    9.9347592722e-01
       144   -1.9631950300e+02    3.8544383768e+04   -3.2728804203e+02    1.3096853903e+02    1.5741221385e+02   -5.0526976729e+02    2.0569511406e+01    1.6338360000e+06    6.2394647447e+00    9.9346027332e-01
       145   -1.9632470601e+02    3.8546547594e+04   -3.2722429567e+02    1.3089958966e+02    1.5724751270e+02   -5.0492162339e+02    2.0449815025e+01    1.6285920000e+06    6.1950427131e+00    9.9346696530e-01
       146   -1.9632677941e+02    3.8547192673e+04   -3.2741917011e+02    1.3109239070e+02    1.5739863259e+02   -5.0547221321e+02    2.0654410506e+01    1.6348180000e+06    6.3662886091e+00    9.9348089863e-01
       147   -1.9631752288e+02    3.8543543424e+04   -3.2710062015e+02    1.3078309727e+02    1.5726555212e+02   -5.0491793206e+02    2.0551759799e+01    1.6356570000e+06    6.5049024923e+00    9.9352586980e-01
       148   -1.9632196856e+02    3.8545282704e+04   -3.2722152746e+02    1.3089955890e+02    1.5745279361e+02   -5.0520069133e+02    2.0526370262e+01    1.6179770000e+06    6.1339614671e+00    9.9352190643e-01
       149   -1.9632060323e+02    3.8544760652e+04   -3.2751227027e+02    1.3119166704e+02    1.5747413391e+02   -5.0549895329e+02    2.0512549105e+01    1.6401620000e+06    6.5889802161e+00    9.9347390735e-01
       150   -1.9632046814e+02    3.8544700536e+04   -3.2758772087e+02    1.3126725272e+02    1.5741042835e+02   -5.0561268075e+02    2.0614531526e+01    1.6235870000e+06    6.2570209014e+00    9.9349718739e-01
       151   -1.9632032663e+02    3.8544646705e+04   -3.2734346664e+02    1.3102314001e+02    1.5757513553e+02   -5.0553202673e+02    2.0613424567e+01    1.6430910000e+06    6.5688114220e+00    9.9347928024e-01
       152   -1.9631882782e+02    3.8544186936e+04   -3.2769146692e+02    1.3137263910e+02    1.5767117087e+02   -5.0591715960e+02    2.0554521805e+01    1.6415820000e+06    6.4879956648e+00    9.9347912063e-01
       153   -1.9632050774e+02    3.8544767633e+04   -3.2743423846e+02    1.3111373072e+02    1.5750202849e+02   -5.0551256407e+02    2.0576297126e+01    1.6472430000e+06    6.9522056656e+00    9.9351211497e-01
       154   -1.9632216786e+02    3.8545422001e+04   -3.2776981583e+02    1.3144764797e+02    1.5764398406e+02   -5.0593765309e+02    2.0523853197e+01    1.6503590000e+06    6.9419282621e+00    9.9349781469e-01
       155   -1.9632385033e+02    3.8546100492e+04   -3.2778265234e+02    1.3145880201e+02    1.5760359363e+02   -5.0600090189e+02    2.0614655922e+01    1.6210380000e+06    6.2051936944e+00    9.9346533546e-01
       156   -1.9631942977e+02    3.8544307809e+04   -3.2751765872e+02    1.3119822896e+02    1.5748851481e+02   -5.0549880908e+02    2.0492635552e+01    1.6410300000e+06    6.5979768531e+00    9.9349550509e-01
       157   -1.9630898296e+02    3.8540192938e+04   -3.2756470108e+02    1.3125571812e+02    1.5732720580e+02   -5.0542801411e+02    2.0536107226e+01    1.6358670000e+06    6.3759709140e+00    9.9350131062e-01
       158   -1.9631956031e+02    3.8544335118e+04   -3.2740390754e+02    1.3108434724e+02    1.5734612513e+02   -5.0529187227e+02    2.0541839591e+01    1.6445790000e+06    6.7102952946e+00    9.9350584675e-01
       159   -1.9631904005e+02    3.8544160312e+04   -3.2707940769e+02    1.3076036765e+02    1.5725378400e+02   -5.0491683686e+02    2.0583645159e+01    1.6434010000e+06    6.6111196964e+00    9.9348887241e-01
       160   -1.9631925785e+02    3.8544284214e+04   -3.2753985309e+02    1.3122059524e+02    1.5738980416e+02   -5.0548397180e+02    2.0554314543e+01    1.6528620000e+06    7.4294573038e+00    9.9346701981e-01
       161   -1.9632299950e+02    3.8545713110e+04   -3.2723911947e+02    1.3091611997e+02    1.5731949234e+02   -5.0516925899e+02    2.0610647179e+01    1.6524590000e+06    7.3209137481e+00    9.9351049542e-01
       162   -1.9631905692e+02    3.8544287316e+04   -3.2811769749e+02    1.3179864057e+02    1.5776840306e+02   -5.0646430415e+02    2.0578203596e+01    1.6577630000e+06    6.9264972715e+00    9.9347325421e-01
       163   -1.9632316197e+02    3.8545810773e+04   -3.2727738869e+02    1.3095422672e+02    1.5731329193e+02   -5.0520198678e+02    2.0611306148e+01    1.6625380000e+06    6.8370916715e+00    9.9348731490e-01
       164   -1.9632016844e+02    3.8544600534e+04   -3.2731416709e+02    1.3099399865e+02    1.5724297653e+02   -5.0526497705e+02    2.0707833430e+01    1.6248810000e+06    6.1217169685e+00    9.9352087151e-01
       165   -1.9631798846e+02    3.8543810444e+04   -3.2732031999e+02    1.3100233152e+02    1.5729408039e+02   -5.0517136698e+02    2.0556966605e+01    1.6382770000e+06    6.5858649837e+00    9.9349702716e-01
       166   -1.9631476936e+02    3.8542501155e+04   -3.2748428476e+02    1.3116951540e+02    1.5739331335e+02   -5.0543680410e+02    2.0559205993e+01    1.6232190000e+06    6.0394239298e+00    9.9349463115e-01
       167   -1.9631845069e+02    3.8544012302e+04   -3.2743802638e+02    1.3111957569e+02    1.5739762263e+02   -5.0541095880e+02    2.0575309787e+01    1.6386880000e+06    6.4179203089e+00    9.9346312860e-01
       168   -1.9631958538e+02    3.8544360039e+04   -3.2757765619e+02    1.3125807081e+02    1.5744918960e+02   -5.0555675530e+02    2.0529909512e+01    1.6582890000e+06    6.9683542759e+00    9.9348619432e-01
       169   -1.9631666593e+02    3.8543205457e+04   -3.2713541845e+02    1.3081875252e+02    1.5732457041e+02   -5.0494170754e+02    2.0481718685e+01    1.6478920000e+06    6.8051227245e+00    9.9348946863e-01
       170   -1.9632240621e+02    3.8545405753e+04   -3.2721164981e+02    1.3088924360e+02    1.5747179748e+02   -5.0521458191e+02    2.0531134629e+01    1.6347450000e+06    6.3299211692e+00    9.9351761538e-01
       171   -1.9631771007e+02    3.8543609250e+04   -3.2759246835e+02    1.3127475828e+02    1.5769496453e+02   -5.0584978159e+02    2.0562348705e+01    1.6224190000e+06    6.1853743533e+00    9.9348337325e-01
       172   -1.9632354394e+02    3.8545931544e+04   -3.2743313775e+02    1.3110959381e+02    1.5726474386e+02   -5.0529175337e+02    2.0593871762e+01    1.6193610000e+06    6.1650662431e+00    9.9349654160e-01
       173   -1.9632457985e+02    3.8546288909e+04   -3.2738423907e+02    1.3105965922e+02    1.5734804268e+02   -5.0534845137e+02    2.0616169622e+01    1.6302600000e+06    6.0272366349e+00    9.9348411603e-01
       174   -1.9631644977e+02    3.8543149394e+04   -3.2757261903e+02    1.3125616926e+02    1.5748485173e+02   -5.0577757555e+02    2.0720104792e+01    1.6445610000e+06    6.5199830278e+00    9.9349954573e-01
       175   -1.9631531091e+02    3.8542715418e+04   -3.2762772650e+02    1.3131241559e+02    1.5748106484e+02   -5.0579234859e+02    2.0683557254e+01    1.6307510000e+06    6.2782726637e+00    9.9347859435e-01
       176   -1.9632149473e+02    3.8545059036e+04   -3.2727123863e+02    1.3094974390e+02    1.5750151363e+02   -5.0527709985e+02    2.0504347585e+01    1.6083190000e+06    6.1823510723e+00    9.9350350460e-01
       177   -1.9633063182e+02    3.8548682135e+04   -3.2741461013e+02    1.3108397831e+02    1.5760735580e+02   -5.0556514839e+02    2.0543182458e+01    1.6170490000e+06    6.2915125098e+00    9.9353335628e-01
       178   -1.9632113668e+02    3.8544971430e+04   -3.2778758587e+02    1.3146644918e+02    1.5772949631e+02   -5.0605209581e+02    2.0535013634e+01    1.6137970000e+06    6.2093161414e+00    9.9346279769e-01
       179   -1.9633325330e+02    3.8549762972e+04   -3.2758754117e+02    1.3125428787e+02    1.5773990978e+02   -5.0586178115e+02    2.0534330198e+01    1.6296010000e+06    6.3807358325e+00    9.9346073387e-01
       180   -1.9633183191e+02    3.8549235947e+04   -3.2799735005e+02    1.3166551814e+02    1.5783161436e+02   -5.0643404525e+02    2.0605080849e+01    1.6570930000e+06    6.9128282012e+00    9.9342677171e-01
       181   -1.9631988525e+02    3.8544505221e+04   -3.2725796257e+02    1.3093807732e+02    1.5748819713e+02   -5.0528762371e+02    2.0541464006e+01    1.6557010000e+06    6.9459702407e+00    9.9349993778e-01
       182   -1.9631812373e+02    3.8543789404e+04   -3.2706975572e+02    1.3075163199e+02    1.5739942578e+02   -5.0490954338e+02    2.0440361880e+01    1.6431670000e+06    6.6620966715e+00    9.9351990715e-01
       183   -1.9632584261e+02    3.8547256579e+04   -3.2723628429e+02    1.3091044168e+02    1.5744617518e+02   -5.0516679561e+02    2.0484336145e+01    1.6214320000e+06    6.2435561575e+00    9.9349071780e-01
       184   -1.9631965888e+02    3.8544530195e+04   -3.2735295118e+02    1.3103329230e+02    1.5744205319e+02   -5.0543880064e+02    2.0643796269e+01    1.6388750000e+06    6.4143135475e+00    9.9349881025e-01
       185   -1.9631523409e+02    3.8542675566e+04   -3.2751697916e+02    1.3120174507e+02    1.5753674495e+02   -5.0556242584e+02    2.0508701728e+01    1.6544420000e+06    6.8997659772e+00    9.9348362661e-01
       186   -1.9632326390e+02    3.8545796402e+04   -3.2761447033e+02    1.3129120644e+02    1.5743396584e+02   -5.0554796812e+02    2.0499531949e+01    1.6209020000e+06    6.0286947351e+00    9.9348331320e-01
       187   -1.9632053047e+02    3.8544758432e+04   -3.2754323109e+02    1.3122270062e+02    1.5749759817e+02   -5.0558942598e+02    2.0548596725e+01    1.6278430000e+06    6.2546470494e+00    9.9349393162e-01
       188   -1.9631501509e+02    3.8542612899e+04   -3.2743602616e+02    1.3112101107e+02    1.5741204169e+02   -5.0537223152e+02    2.0524163667e+01    1.6539010000e+06    6.8693636633e+00    9.9349059655e-01
       189   -1.9632186850e+02    3.8545303975e+04   -3.2772749959e+02    1.3140563109e+02    1.5752843950e+02   -5.0594313450e+02    2.0687195408e+01    1.6603930000e+06    7.0921520370e+00    9.9347831608e-01
       190   -1.9632116469e+02    3.8545076292e+04   -3.2735565402e+02    1.3103448933e+02    1.5723452002e+02   -5.0506522683e+02    2.0475052792e+01    1.6385580000e+06    6.7472483059e+00    9.9347503676e-01
       191   -1.9632389275e+02    3.8546062645e+04   -3.2704905070e+02    1.3072515794e+02    1.5717562852e+02   -5.0462294818e+02    2.0398268965e+01    1.6384890000e+06    6.3751805976e+00    9.9349792686e-01
       192   -1.9632030068e+02    3.8544640521e+04   -3.2749967573e+02    1.3117937506e+02    1.5735665334e+02   -5.0546334893e+02    2.0607019856e+01    1.6721170000e+06    7.1567091839e+00    9.9350060803e-01
       193   -1.9631999983e+02    3.8544578876e+04   -3.2781522110e+02    1.3149522127e+02    1.5763628999e+02   -5.0604634895e+02    2.0594837864e+01    1.6537060000e+06    6.8841275345e+00    9.9347001967e-01
       194   -1.9631680507e+02    3.8543287767e+04   -3.2722558412e+02    1.3090877905e+02    1.5735597896e+02   -5.0509994060e+02    2.0518377518e+01    1.6335140000e+06    6.5205109131e+00    9.9353509179e-01
       195   -1.9632296045e+02    3.8545691919e+04   -3.2759827573e+02    1.3127531528e+02    1.5740103527e+02   -5.0563435621e+02    2.0635045208e+01    1.6307190000e+06    6.2764040928e+00    9.9346268707e-01
       196   -1.9632812132e+02    3.8547791899e+04   -3.2749430726e+02    1.3116618594e+02    1.5740324639e+02   -5.0533691134e+02    2.0439357688e+01    1.6262470000e+06    6.2547133344e+00    9.9349670018e-01
       197   -1.9631988042e+02    3.8544466254e+04   -3.2759103413e+02    1.3127115371e+02    1.5747727991e+02   -5.0567758607e+02    2.0609272032e+01    1.6551800000e+06    6.8283551487e+00    9.9344346442e-01
       198   -1.9631791901e+02    3.8543720479e+04   -3.2758101051e+02    1.3126309151e+02    1.5748264521e+02   -5.0579045462e+02    2.0726798893e+01    1.6361330000e+06    6.4087081782e+00    9.9348503967e-01
       199   -1.9631462928e+02    3.8542544480e+04   -3.2744819712e+02    1.3113356784e+02    1.5731958019e+02   -5.0536435373e+02    2.0596576418e+01    1.6461670000e+06    6.6628934494e+00    9.9349757248e-01
       200   -1.9631990639e+02    3.8544479895e+04   -3.2739904857e+02    1.3107914218e+02    1.5732992583e+02   -5.0532926408e+02    2.0600289676e+01    1.6228980000e+06    6.0500652848e+00    9.9351251497e-01
       201   -1.9632284511e+02    3.8545643389e+04   -3.2676015550e+02    1.3043731039e+02    1.5737314915e+02   -5.0469729798e+02    2.0563993332e+01    1.6229440000e+06    6.1198620307e+00    9.9352948964e-01
       202   -1.9630537740e+02    3.8538845793e+04   -3.2758622769e+02    1.3128085029e+02    1.5755609567e+02   -5.0568818227e+02    2.0545858905e+01    1.6192510000e+06    6.1844539207e+00    9.9347512773e-01
       203   -1.9632182160e+02    3.8545388948e+04   -3.2708860596e+02    1.3076678436e+02    1.5726362991e+02   -5.0479403055e+02    2.0441794680e+01    1.6129210000e+06    6.1335882696e+00    9.9349475645e-01
       204   -1.9632344337e+02    3.8545858997e+04   -3.2726156574e+02    1.3093812237e+02    1.5727404293e+02   -5.0498207448e+02    2.0446465805e+01    1.6383140000e+06    6.5919219998e+00    9.9350232031e-01
       205   -1.9631104727e+02    3.8540996642e+04   -3.2751244434e+02    1.3120139707e+02    1.5732778702e+02   -5.0550815990e+02    2.0667928539e+01    1.6458640000e+06    6.8317965821e+00    9.9348114374e-01
       206   -1.9632077475e+02    3.8544826205e+04   -3.2754960406e+02    1.3122882931e+02    1.5734023750e+02   -5.0544106276e+02    2.0551221188e+01    1.6494670000e+06    6.9155771993e+00    9.9348586146e-01
       207   -1.9631686241e+02    3.8543305992e+04   -3.2748392395e+02    1.3116706154e+02    1.5741111962e+02   -5.0551412115e+02    2.0619077577e+01    1.6471430000e+06    7.8484604433e+00    9.9350081331e-01
       208   -1.9631733694e+02    3.8543496918e+04   -3.2727587347e+02    1.3095853654e+02    1.5715579450e+02   -5.0499069699e+02    2.0559029020e+01    1.6601100000e+06    6.9581953692e+00    9.9351672487e-01
       209   -1.9632191557e+02    3.8545322870e+04   -3.2723794340e+02    1.3091602784e+02    1.5723645145e+02   -5.0507146250e+02    2.0597067639e+01    1.6587490000e+06    6.9914455288e+00    9.9349514776e-01
       210   -1.9632458191e+02    3.8546448796e+04   -3.2721536379e+02    1.3089078188e+02    1.5734329666e+02   -5.0523086615e+02    2.0672205698e+01    1.6597750000e+06    6.9824736586e+00    9.9348573421e-01
       211   -1.9632230347e+02    3.8545677109e+04   -3.2758034731e+02    1.3125804384e+02    1.5754352946e+02   -5.0580241361e+02    2.0678536833e+01    1.6510350000e+06    6.7072007288e+00    9.9350634420e-01
       212   -1.9632727847e+02    3.8547411465e+04   -3.2783012984e+02    1.3150285137e+02    1.5768247986e+02   -5.0607445526e+02    2.0561845564e+01    1.6597690000e+06    6.9697690664e+00    9.9348126298e-01
       213   -1.9631894648e+02    3.8544168510e+04   -3.2808070040e+02    1.3176175393e+02    1.5774635611e+02   -5.0642950378e+02    2.0602447267e+01    1.6130790000e+06    6.2262884686e+00    9.9345965699e-01
       214   -1.9631749239e+02    3.8543573167e+04   -3.2726412624e+02    1.3094663385e+02    1.5741923943e+02   -5.0517229891e+02    2.0488933229e+01    1.6363190000e+06    6.3459149213e+00    9.9347377147e-01
       215   -1.9632603733e+02    3.8546929526e+04   -3.2713900430e+02    1.3081296697e+02    1.5718636716e+02   -5.0492218074e+02    2.0596809272e+01    1.6476990000e+06    6.8425600640e+00    9.9348092348e-01
       216   -1.9632131628e+02    3.8545086631e+04   -3.2717782047e+02    1.3085650418e+02    1.5729062475e+02   -5.0495013076e+02    2.0481685548e+01    1.6194300000e+06    6.2115462497e+00    9.9350172891e-01
       217   -1.9631840508e+02    3.8543891073e+04   -3.2750281214e+02    1.3118440706e+02    1.5752248249e+02   -5.0559768422e+02    2.0572389586e+01    1.6156630000e+06    6.1260047839e+00    9.9349366669e-01
       218   -1.9631824472e+02    3.8544101300e+04   -3.2728846964e+02    1.3097022492e+02    1.5749467827e+02   -5.0531953555e+02    2.0536387645e+01    1.6396100000e+06    6.5504075408e+00    9.9349506669e-01
       219   -1.9632549320e+02    3.8546712021e+04   -3.2789447285e+02    1.3156897965e+02    1.5769581193e+02   -5.0610307098e+02    2.0512786194e+01    1.6543670000e+06    6.7960925943e+00    9.9347575069e-01
       220   -1.9632082105e+02    3.8544889952e+04   -3.2730621863e+02    1.3098539758e+02    1.5735980512e+02   -5.0535156137e+02    2.0685537624e+01    1.6561170000e+06    6.8849841300e+00    9.9349411880e-01
       221   -1.9631812916e+02    3.8543840954e+04   -3.2719408250e+02    1.3087595334e+02    1.5737209022e+02   -5.0512011519e+02    2.0553942471e+01    1.6438480000e+06    6.6101181947e+00    9.9351690422e-01
       222   -1.9632300952e+02    3.8545714839e+04   -3.2723170211e+02    1.3090869259e+02    1.5729303698e+02   -5.0512767960e+02    2.0602940511e+01    1.6299940000e+06    6.3285399692e+00    9.9348920791e-01
       223   -1.9631977759e+02    3.8544443009e+04   -3.2727592055e+02    1.3095614296e+02    1.5739650013e+02   -5.0524378854e+02    2.0571367860e+01    1.6274550000e+06    6.4187583602e+00    9.9347216719e-01
       224   -1.9631646489e+02    3.8543166989e+04   -3.2731833370e+02    1.3100186881e+02    1.5720699550e+02   -5.0494322311e+02    2.0417893918e+01    1.6531710000e+06    6.8585754891e+00    9.9349740475e-01
       225   -1.9632304543e+02    3.8545772809e+04   -3.2672188674e+02    1.3039884131e+02    1.5686566180e+02   -5.0397846095e+02    2.0390912408e+01    1.6443100000e+06    6.6695631084e+00    9.9351994691e-01
       226   -1.9632348238e+02    3.8545961694e+04   -3.2732167743e+02    1.3099819506e+02    1.5726937797e+02   -5.0523686555e+02    2.0645810146e+01    1.6475310000e+06    6.8200427995e+00    9.9351392378e-01
       227   -1.9632618677e+02    3.8546973491e+04   -3.2740869298e+02    1.3108250621e+02    1.5727134677e+02   -5.0531102549e+02    2.0630985738e+01    1.6371040000e+06    6.5031887048e+00    9.9349892569e-01
       228   -1.9632072151e+02    3.8544811603e+04   -3.2754677995e+02    1.3122605845e+02    1.5716391402e+02   -5.0531520528e+02    2.0604511309e+01    1.6541790000e+06    6.7983914274e+00    9.9347767602e-01
       229   -1.9632127079e+02    3.8545124148e+04   -3.2774069653e+02    1.3141942574e+02    1.5741715682e+02   -5.0587143476e+02    2.0713581411e+01    1.6504210000e+06    6.7792582556e+00    9.9345908847e-01
       230   -1.9632785504e+02    3.8547696085e+04   -3.2740405838e+02    1.3107620335e+02    1.5718321444e+02   -5.0525654757e+02    2.0669274746e+01    1.6436430000e+06    6.5915400081e+00    9.9351056973e-01
       231   -1.9632174830e+02    3.8545230188e+04   -3.2714572703e+02    1.3082397873e+02    1.5700047779e+02   -5.0473307900e+02    2.0586874177e+01    1.6357170000e+06    6.3063885970e+00    9.9352633953e-01
       232   -1.9632013286e+02    3.8544626191e+04   -3.2719000214e+02    1.3086986928e+02    1.5711889707e+02   -5.0488086224e+02    2.0571963032e+01    1.6414120000e+06    6.5512179900e+00    9.9348458996e-01
       233   -1.9632111483e+02    3.8544952673e+04   -3.2750497377e+02    1.3118385894e+02    1.5728497506e+02   -5.0527096755e+02    2.0481018720e+01    1.6442580000e+06    6.5677740469e+00    9.9349973386e-01
       234   -1.9632841693e+02    3.8547867789e+04   -3.2718925745e+02    1.3086084051e+02    1.5708976799e+02   -5.0486305258e+02    2.0584027141e+01    1.6456170000e+06    6.6184216845e+00    9.9351186469e-01
       235   -1.9631622135e+02    3.8543055769e+04   -3.2704571703e+02    1.3072949568e+02    1.5715264928e+02   -5.0470362999e+02    2.0505263683e+01    1.6566050000e+06    6.8925415310e+00    9.9352793497e-01
       236   -1.9631930982e+02    3.8544272174e+04   -3.2708750645e+02    1.3076819663e+02    1.5710517065e+02   -5.0474820888e+02    2.0555531778e+01    1.6546560000e+06    6.9096258923e+00    9.9353390281e-01
       237   -1.9632335931e+02    3.8545860773e+04   -3.2705636064e+02    1.3073300133e+02    1.5718332449e+02   -5.0481506841e+02    2.0575383287e+01    1.6474940000e+06    6.7257830098e+00    9.9347749439e-01
       238   -1.9631859224e+02    3.8544015135e+04   -3.2721863881e+02    1.3090004658e+02    1.5704465130e+02   -5.0480761394e+02    2.0544323821e+01    1.6620140000e+06    6.9524453126e+00    9.9348531722e-01
       239   -1.9632153752e+02    3.8545142561e+04   -3.2702208084e+02    1.3070054332e+02    1.5707229092e+02   -5.0467991125e+02    2.0585539486e+01    1.6278360000e+06    6.2065260294e+00    9.9350162924e-01
       240   -1.9632917145e+02    3.8548130699e+04   -3.2728180601e+02    1.3095263457e+02    1.5720683770e+02   -5.0497136740e+02    2.0482723697e+01    1.6170460000e+06    6.1829927298e+00    9.9348533655e-01
       241   -1.9632443390e+02    3.8546273863e+04   -3.2710807254e+02    1.3078363864e+02    1.5706476932e+02   -5.0476640877e+02    2.0593566910e+01    1.6381080000e+06    6.5041160202e+00    9.9350453498e-01
       242   -1.9631978393e+02    3.8544429597e+04   -3.2752882970e+02    1.3120904578e+02    1.5741297841e+02   -5.0565865149e+02    2.0716843387e+01    1.6390760000e+06    6.3451369251e+00    9.9348641336e-01
       243   -1.9632006093e+02    3.8544580836e+04   -3.2727607488e+02    1.3095601395e+02    1.5727914176e+02   -5.0507060968e+02    2.0515393039e+01    1.6444970000e+06    6.6343154781e+00    9.9350605557e-01
       244   -1.9631948629e+02    3.8544354139e+04   -3.2679078368e+02    1.3047129740e+02    1.5691975742e+02   -5.0435441078e+02    2.0643869676e+01    1.6331260000e+06    6.3851315037e+00    9.9350865657e-01
       245   -1.9631436510e+02    3.8542361081e+04   -3.2746739210e+02    1.3115302700e+02    1.5717441805e+02   -5.0526911416e+02    2.0627304014e+01    1.6268810000e+06    6.0883798909e+00    9.9346451691e-01
       246   -1.9632471229e+02    3.8546364360e+04   -3.2707369660e+02    1.3074898431e+02    1.5725839531e+02   -5.0489029529e+02    2.0558203382e+01    1.6198200000e+06    6.2355991481e+00    9.9351977637e-01
       247   -1.9632017902e+02    3.8544705010e+04   -3.2713328875e+02    1.3081310974e+02    1.5702955888e+02   -5.0479306739e+02    2.0630219756e+01    1.6510500000e+06    6.6082717038e+00    9.9350501102e-01
       248   -1.9632227047e+02    3.8545456181e+04   -3.2707232360e+02    1.3075005312e+02    1.5696180706e+02   -5.0454378561e+02    2.0509654951e+01    1.6090870000e+06    6.1155107620e+00    9.9349613308e-01
       249   -1.9632210449e+02    3.8545348549e+04   -3.2731358934e+02    1.3099148486e+02    1.5732320494e+02   -5.0530103784e+02    2.0664243559e+01    1.6311190000e+06    6.3909848905e+00    9.9351618927e-01
       250   -1.9632112674e+02    3.8544951522e+04   -3.2739798362e+02    1.3107685688e+02    1.5723883676e+02   -5.0516454321e+02    2.0527722835e+01    1.6348030000e+06    6.2305707957e+00    9.9349565638e-01
       251   -1.9631714590e+02    3.8543448008e+04   -3.2780418928e+02    1.3148704337e+02    1.5760466646e+02   -5.0600734084e+02    2.0598485102e+01    1.6370210000e+06    6.5549627042e+00    9.9348096438e-01
       252   -1.9632003773e+02    3.8544644382e+04   -3.2758633915e+02    1.3126630142e+02    1.5735341387e+02   -5.0559371050e+02    2.0653957487e+01    1.6346600000e+06    7.0268002958e+00    9.9349374986e-01
       253   -1.9632755598e+02    3.8547559555e+04   -3.2751390113e+02    1.3118634515e+02    1.5742674227e+02   -5.0548040830e+02    2.0539764904e+01    1.6303900000e+06    7.5865827594e+00    9.9347943524e-01
       254   -1.9631899241e+02    3.8544161767e+04   -3.2685156076e+02    1.3053256835e+02    1.5709577503e+02   -5.0451775978e+02    2.0570423992e+01    1.6436450000e+06    6.5748866650e+00    9.9353848608e-01
       255   -1.9631986278e+02    3.8544465860e+04   -3.2732110477e+02    1.3100124199e+02    1.5740371757e+02   -5.0528922745e+02    2.0564405113e+01    1.6370000000e+06    6.4368089919e+00    9.9354074223e-01
       256   -1.9632033218e+02    3.8544711564e+04   -3.2724428675e+02    1.3092395457e+02    1.5727667025e+02   -5.0498520961e+02    2.0464252605e+01    1.6366230000e+06    6.5726366232e+00    9.9349884542e-01
       257   -1.9632498270e+02    3.8546445797e+04   -3.2767529222e+02    1.3135030951e+02    1.5754812420e+02   -5.0580041770e+02    2.0577001277e+01    1.6397370000e+06    6.4995971208e+00    9.9347596876e-01
       258   -1.9631843633e+02    3.8543901355e+04   -3.2745528009e+02    1.3113684375e+02    1.5750959667e+02   -5.0557895175e+02    2.0614074994e+01    1.6305760000e+06    6.3744641233e+00    9.9349066400e-01
       259   -1.9632375709e+02    3.8546016349e+04   -3.2767802594e+02    1.3135426885e+02    1.5740586580e+02   -5.0555895425e+02    2.0475062514e+01    1.6222330000e+06    6.1628905132e+00    9.9349657860e-01
       260   -1.9631505204e+02    3.8542622235e+04   -3.2753557357e+02    1.3122052153e+02    1.5745630726e+02   -5.0558607668e+02    2.0594195846e+01    1.6497080000e+06    6.8611532175e+00    9.9348556471e-01
       261   -1.9631690706e+02    3.8543440738e+04   -3.2729995269e+02    1.3098304563e+02    1.5741226489e+02   -5.0534705533e+02    2.0634837752e+01    1.6177320000e+06    6.0292855981e+00    9.9351332352e-01
       262   -1.9631707030e+02    3.8543370257e+04   -3.2732426704e+02    1.3100719674e+02    1.5734534897e+02   -5.0525972690e+02    2.0590110894e+01    1.5986070000e+06    6.0941145164e+00    9.9350326135e-01
       263   -1.9632972683e+02    3.8548419163e+04   -3.2786188805e+02    1.3153216122e+02    1.5748454668e+02   -5.0602823273e+02    2.0681798001e+01    1.6482130000e+06    6.7651361225e+00    9.9344155846e-01
       264   -1.9631798489e+02    3.8543907433e+04   -3.2760958583e+02    1.3129160094e+02    1.5755991773e+02   -5.0576218220e+02    2.0592678641e+01    1.6536080000e+06    6.8264723145e+00    9.9349301272e-01
       265   -1.9632934198e+02    3.8548259338e+04   -3.2757572007e+02    1.3124637810e+02    1.5742160323e+02   -5.0552281601e+02    2.0525492703e+01    1.6611770000e+06    6.9902318076e+00    9.9351149240e-01
       266   -1.9632293387e+02    3.8545670085e+04   -3.2705731547e+02    1.3073438160e+02    1.5710812392e+02   -5.0474410269e+02    2.0578663304e+01    1.6509520000e+06    6.7032010967e+00    9.9353300545e-01
       267   -1.9632077560e+02    3.8544811082e+04   -3.2718861210e+02    1.3086783650e+02    1.5708004911e+02   -5.0481104495e+02    2.0542383738e+01    1.6383560000e+06    6.3668384096e+00    9.9352657932e-01
       268   -1.9632094342e+02    3.8544956066e+04   -3.2770917774e+02    1.3138823432e+02    1.5746083569e+02   -5.0578256748e+02    2.0612554042e+01    1.6457170000e+06    6.7365813314e+00    9.9345985664e-01
       269   -1.9632085638e+02    3.8544927532e+04   -3.2755416949e+02    1.3123331311e+02    1.5743110346e+02   -5.0562430903e+02    2.0639036082e+01    1.6561830000e+06    6.9080450851e+00    9.9343778697e-01
       270   -1.9631932756e+02    3.8544321167e+04   -3.2763662076e+02    1.3131729321e+02    1.5756526754e+02   -5.0581747063e+02    2.0615582326e+01    1.6402270000e+06    6.5144209662e+00    9.9347629679e-01
       271   -1.9632342606e+02    3.8545964482e+04   -3.2735273573e+02    1.3102930967e+02    1.5733264461e+02   -5.0533410450e+02    2.0648724152e+01    1.6392230000e+06    6.4462378270e+00    9.9349614600e-01
       272   -1.9631616767e+02    3.8543008737e+04   -3.2727590308e+02    1.3095973541e+02    1.5729727270e+02   -5.0511507871e+02    2.0541902933e+01    1.6343990000e+06    6.5407615693e+00    9.9350070901e-01
       273   -1.9632543413e+02    3.8546704320e+04   -3.2749474540e+02    1.3116931127e+02    1.5731631578e+02   -5.0543784718e+02    2.0626785999e+01    1.6274180000e+06    6.2290496626e+00    9.9349175328e-01
       274   -1.9632233665e+02    3.8545434238e+04   -3.2745758162e+02    1.3113524497e+02    1.5737276845e+02   -5.0529182917e+02    2.0461479101e+01    1.6234980000e+06    6.1755457616e+00    9.9349922384e-01
       275   -1.9631664098e+02    3.8543214093e+04   -3.2693336143e+02    1.3061672045e+02    1.5723234036e+02   -5.0462152668e+02    2.0455824892e+01    1.5968170000e+06    5.9797033598e+00    9.9351674997e-01
       276   -1.9632804110e+02    3.8547703555e+04   -3.2689895085e+02    1.3057090975e+02    1.5714319485e+02   -5.0446218588e+02    2.0420040191e+01    1.6282130000e+06    6.0627133069e+00    9.9352557783e-01
       277   -1.9632998885e+02    3.8548449276e+04   -3.2731691006e+02    1.3098692121e+02    1.5727638786e+02   -5.0510322628e+02    2.0509928350e+01    1.6230210000e+06    6.2411119682e+00    9.9348346409e-01
       278   -1.9632401641e+02    3.8546160713e+04   -3.2742450527e+02    1.3110048887e+02    1.5726485337e+02   -5.0526396077e+02    2.0574602121e+01    1.6292710000e+06    6.1301950782e+00    9.9350441860e-01
       279   -1.9631835360e+02    3.8543850340e+04   -3.2739651530e+02    1.3107816170e+02    1.5734111388e+02   -5.0526277844e+02    2.0525149259e+01    1.6466030000e+06    6.6682879620e+00    9.9348060124e-01
       280   -1.9632180604e+02    3.8545315090e+04   -3.2718199343e+02    1.3086018739e+02    1.5719199988e+02   -5.0474551076e+02    2.0371517449e+01    1.6506730000e+06    6.7854725006e+00    9.9350976879e-01
       281   -1.9632166409e+02    3.8545216698e+04   -3.2710064568e+02    1.3077898158e+02    1.5716961586e+02   -5.0478932841e+02    2.0519066879e+01    1.6144830000e+06    5.9957701878e+00    9.9349950282e-01
       282   -1.9631734224e+02    3.8543485836e+04   -3.2754431881e+02    1.3122697656e+02    1.5744614591e+02   -5.0564530329e+02    2.0654838578e+01    1.6425120000e+06    6.6020471952e+00    9.9347595752e-01
       283   -1.9631741309e+02    3.8543524389e+04   -3.2730470595e+02    1.3098729286e+02    1.5746882478e+02   -5.0530916230e+02    2.0535631567e+01    1.6685710000e+06    7.0008567926e+00    9.9347603487e-01
       284   -1.9632201511e+02    3.8545360149e+04   -3.2792278603e+02    1.3160077092e+02    1.5777577598e+02   -5.0627313090e+02    2.0574568885e+01    1.6289470000e+06    6.2490588229e+00    9.9347413955e-01
