#   index    LocalEnergy         LocalEnergy_sq      LocalPotential      Kinetic             ElecElec            LocalECP            NonLocalECP         BlockWeight         BlockCPU            AcceptRatio         
         0   -7.1381942126e+01    5.0964489379e+03   -1.0639373821e+02    3.5011796087e+01    4.9612646953e+01   -1.6762018228e+02    1.1613797112e+01    8.1917900000e+05    2.7127106283e+00    9.9537385859e-01
         1   -7.1384307076e+01    5.0967478960e+03   -1.0643608409e+02    3.5051777010e+01    4.9620248010e+01   -1.6764660911e+02    1.1590277016e+01    8.2134600000e+05    2.6786527885e+00    9.9535947954e-01
         2   -7.1380995444e+01    5.0962893533e+03   -1.0650278842e+02    3.5121792975e+01    4.9634788837e+01   -1.6778606407e+02    1.1648486818e+01    8.1856600000e+05    2.6958825719e+00    9.9540423817e-01
         3   -7.1379185566e+01    5.0960342484e+03   -1.0666276479e+02    3.5283579225e+01    4.9682710203e+01   -1.6792709585e+02    1.1581620856e+01    8.1686800000e+05    2.7056492013e+00    9.9533631076e-01
         4   -7.1384390358e+01    5.0968115180e+03   -1.0637854094e+02    3.4994150585e+01    4.9533636722e+01   -1.6753078760e+02    1.1618609934e+01    8.1272100000e+05    2.6869480908e+00    9.9538029223e-01
         5   -7.1383245197e+01    5.0966174256e+03   -1.0642503679e+02    3.5041791592e+01    4.9568306143e+01   -1.6768493485e+02    1.1691591915e+01    8.0959400000e+05    2.7122558826e+00    9.9533098091e-01
         6   -7.1380482451e+01    5.0962528273e+03   -1.0649248779e+02    3.5112005341e+01    4.9640413340e+01   -1.6779166993e+02    1.1658768797e+01    8.1061700000e+05    2.6784993359e+00    9.9533193401e-01
         7   -7.1383822418e+01    5.0967501319e+03   -1.0653340045e+02    3.5149578034e+01    4.9597314922e+01   -1.6776067557e+02    1.1629960195e+01    8.2316000000e+05    2.8565354878e+00    9.9535514765e-01
         8   -7.1382223756e+01    5.0964803837e+03   -1.0649175324e+02    3.5109529486e+01    4.9534276842e+01   -1.6769659268e+02    1.1670562598e+01    8.2842800000e+05    2.9616753869e+00    9.9533650316e-01
         9   -7.1384373387e+01    5.0967815817e+03   -1.0630685151e+02    3.4922478125e+01    4.9504280465e+01   -1.6738569006e+02    1.1574558087e+01    8.1653200000e+05    2.6879428446e+00    9.9536020602e-01
        10   -7.1385822035e+01    5.0969779114e+03   -1.0635435056e+02    3.4968528523e+01    4.9509104884e+01   -1.6733726128e+02    1.1473805838e+01    8.2069400000e+05    2.7386829390e+00    9.9537337587e-01
        11   -7.1374125243e+01    5.0953181284e+03   -1.0643696651e+02    3.5062841269e+01    4.9595515626e+01   -1.6755279199e+02    1.1520309856e+01    8.2269700000e+05    2.7789768069e+00    9.9536438510e-01
        12   -7.1386468108e+01    5.0970808164e+03   -1.0625616620e+02    3.4869698092e+01    4.9522917704e+01   -1.6732504911e+02    1.1545965211e+01    8.2335500000e+05    2.7877544260e+00    9.9540105042e-01
        13   -7.1382724613e+01    5.0965429568e+03   -1.0651983476e+02    3.5137110148e+01    4.9594502457e+01   -1.6777462387e+02    1.1660286652e+01    8.1486700000e+05    2.7199231698e+00    9.9534107668e-01
        14   -7.1382259285e+01    5.0964607504e+03   -1.0633290473e+02    3.4950645440e+01    4.9523565127e+01   -1.6741457127e+02    1.1558101413e+01    8.0594100000e+05    2.7177271836e+00    9.9538932369e-01
        15   -7.1384460456e+01    5.0967974592e+03   -1.0620362932e+02    3.4819168859e+01    4.9461704436e+01   -1.6730266315e+02    1.1637329396e+01    8.1566900000e+05    2.6788520350e+00    9.9537585940e-01
        16   -7.1388435507e+01    5.0973743939e+03   -1.0630307607e+02    3.4914640559e+01    4.9428143833e+01   -1.6737803826e+02    1.1646818361e+01    8.2880800000e+05    2.6107834589e+00    9.9535956470e-01
        17   -7.1386947476e+01    5.0971726926e+03   -1.0626784604e+02    3.4880898561e+01    4.9429776519e+01   -1.6724956131e+02    1.1551938752e+01    8.3088800000e+05    2.6309882463e+00    9.9537538901e-01
        18   -7.1385347048e+01    5.0969376942e+03   -1.0639398569e+02    3.5008638644e+01    4.9489622652e+01   -1.6751388317e+02    1.1630274820e+01    8.2947800000e+05    2.6206231348e+00    9.9534636460e-01
        19   -7.1385702942e+01    5.0969771337e+03   -1.0639598348e+02    3.5010280541e+01    4.9487121969e+01   -1.6741447402e+02    1.1531368568e+01    8.2089900000e+05    2.6196184428e+00    9.9537051522e-01
        20   -7.1387759343e+01    5.0973135579e+03   -1.0635435723e+02    3.4966597891e+01    4.9512357346e+01   -1.6746313780e+02    1.1596423215e+01    8.1946300000e+05    2.6219873857e+00    9.9535423569e-01
        21   -7.1389484026e+01    5.0974995723e+03   -1.0635822568e+02    3.4968741658e+01    4.9486592603e+01   -1.6745766102e+02    1.1612842737e+01    8.1420200000e+05    2.5886196946e+00    9.9535282266e-01
        22   -7.1386129408e+01    5.0970459020e+03   -1.0647632453e+02    3.5090195117e+01    4.9529667495e+01   -1.6765154538e+02    1.1645553355e+01    8.2083500000e+05    2.6069328366e+00    9.9532013328e-01
        23   -7.1383572764e+01    5.0966890559e+03   -1.0633197253e+02    3.4948399762e+01    4.9422430481e+01   -1.6722862637e+02    1.1474223366e+01    8.1250300000e+05    2.6129515767e+00    9.9539355240e-01
        24   -7.1384599317e+01    5.0968265486e+03   -1.0640617558e+02    3.5021576261e+01    4.9517877646e+01   -1.6748955725e+02    1.1565504026e+01    8.2635300000e+05    2.6249011774e+00    9.9533561570e-01
        25   -7.1386272641e+01    5.0970742986e+03   -1.0641769561e+02    3.5031422970e+01    4.9570074118e+01   -1.6760619856e+02    1.1618428828e+01    8.3483500000e+05    2.6280651316e+00    9.9536423254e-01
        26   -7.1391289527e+01    5.0977977678e+03   -1.0639520263e+02    3.5003913100e+01    4.9580577014e+01   -1.6757245257e+02    1.1596672932e+01    8.3706600000e+05    3.0433406841e+00    9.9537293833e-01
        27   -7.1381787654e+01    5.0964686461e+03   -1.0646497575e+02    3.5083188092e+01    4.9601064453e+01   -1.6780152233e+02    1.1735482131e+01    8.1049500000e+05    2.7271044282e+00    9.9534898436e-01
        28   -7.1382662254e+01    5.0965150596e+03   -1.0638970741e+02    3.5007045158e+01    4.9574819512e+01   -1.6755574923e+02    1.1591222307e+01    8.0952300000e+05    2.6619026717e+00    9.9534091268e-01
        29   -7.1389957038e+01    5.0976138273e+03   -1.0639126992e+02    3.5001312877e+01    4.9577202623e+01   -1.6752887475e+02    1.1560402210e+01    8.0768400000e+05    2.6346902940e+00    9.9537616444e-01
        30   -7.1384156580e+01    5.0967581593e+03   -1.0637913075e+02    3.4994974175e+01    4.9532249714e+01   -1.6759194293e+02    1.1680562459e+01    8.0780300000e+05    2.6211032236e+00    9.9535092874e-01
        31   -7.1378162563e+01    5.0959089848e+03   -1.0642915347e+02    3.5050990908e+01    4.9547155244e+01   -1.6755965287e+02    1.1583344155e+01    8.1021300000e+05    2.5570574920e+00    9.9536205175e-01
        32   -7.1387488235e+01    5.0972447726e+03   -1.0645607630e+02    3.5068588060e+01    4.9529388414e+01   -1.6760723875e+02    1.1621774045e+01    8.1561800000e+05    2.5800133329e+00    9.9536023826e-01
        33   -7.1384732268e+01    5.0968708828e+03   -1.0635930751e+02    3.4974575242e+01    4.9509143735e+01   -1.6754151766e+02    1.1673066415e+01    8.2257600000e+05    2.6993915546e+00    9.9532790940e-01
        34   -7.1391057446e+01    5.0977385978e+03   -1.0645758628e+02    3.5066528835e+01    4.9611266793e+01   -1.6766393437e+02    1.1595081296e+01    8.2045300000e+05    2.6396050025e+00    9.9534934344e-01
        35   -7.1378822880e+01    5.0959831483e+03   -1.0640291304e+02    3.5024090160e+01    4.9639607626e+01   -1.6767978573e+02    1.1637265068e+01    8.2001500000e+05    2.7006592222e+00    9.9536733666e-01
        36   -7.1383945914e+01    5.0967576860e+03   -1.0628529071e+02    3.4901344799e+01    4.9564794931e+01   -1.6742365287e+02    1.1573567230e+01    8.2145000000e+05    2.6760853389e+00    9.9532862774e-01
        37   -7.1391514808e+01    5.0978510794e+03   -1.0631016054e+02    3.4918645736e+01    4.9518370659e+01   -1.6748142653e+02    1.1652895323e+01    8.2470400000e+05    2.7158319773e+00    9.9536841815e-01
        38   -7.1386453514e+01    5.0970743808e+03   -1.0633659288e+02    3.4950139365e+01    4.9533941930e+01   -1.6753805596e+02    1.1667521150e+01    8.2038400000e+05    2.5367362760e+00    9.9534466533e-01
        39   -7.1387344513e+01    5.0972454625e+03   -1.0649794857e+02    3.5110604057e+01    4.9655390068e+01   -1.6778486794e+02    1.1631529306e+01    8.1549700000e+05    2.4532205912e+00    9.9534185147e-01
        40   -7.1386847666e+01    5.0971389395e+03   -1.0636234721e+02    3.4975499545e+01    4.9554586773e+01   -1.6740114348e+02    1.1484209495e+01    8.1854700000e+05    2.5333778113e+00    9.9536975378e-01
        41   -7.1390452857e+01    5.0976577075e+03   -1.0639180888e+02    3.5001356027e+01    4.9600186755e+01   -1.6763825949e+02    1.1646263852e+01    8.1926200000e+05    2.3531354517e+00    9.9531710124e-01
        42   -7.1386671772e+01    5.0971288424e+03   -1.0656927383e+02    3.5182602055e+01    4.9685189849e+01   -1.6781336227e+02    1.1558898590e+01    8.1109000000e+05    2.2940212614e+00    9.9537454836e-01
        43   -7.1385129443e+01    5.0968966181e+03   -1.0668948763e+02    3.5304358190e+01    4.9676240850e+01   -1.6797098867e+02    1.1605260191e+01    8.0796800000e+05    2.5234329482e+00    9.9531545054e-01
        44   -7.1379791540e+01    5.0961580133e+03   -1.0642741646e+02    3.5047624921e+01    4.9629124905e+01   -1.6767937827e+02    1.1622836905e+01    8.2124500000e+05    2.5919512382e+00    9.9533010653e-01
        45   -7.1384385118e+01    5.0967991441e+03   -1.0628631065e+02    3.4901925534e+01    4.9562135292e+01   -1.6740023962e+02    1.1551793675e+01    8.1315500000e+05    2.4774971099e+00    9.9536854790e-01
        46   -7.1385032627e+01    5.0969064657e+03   -1.0640556693e+02    3.5020534304e+01    4.9576979770e+01   -1.6750219948e+02    1.1519652783e+01    8.1723300000e+05    2.5015807408e+00    9.9539902870e-01
        47   -7.1385027032e+01    5.0968932670e+03   -1.0634449222e+02    3.4959465187e+01    4.9511943645e+01   -1.6737937130e+02    1.1522935441e+01    8.2143000000e+05    2.5509703630e+00    9.9537175100e-01
        48   -7.1384324412e+01    5.0968749962e+03   -1.0648587056e+02    3.5101546147e+01    4.9514640186e+01   -1.6764214692e+02    1.1641636173e+01    8.2639400000e+05    2.6984899344e+00    9.9533123368e-01
        49   -7.1387220771e+01    5.0971974347e+03   -1.0651445855e+02    3.5127237778e+01    4.9539320430e+01   -1.6769168160e+02    1.1637902623e+01    8.1425100000e+05    2.4772230433e+00    9.9535429737e-01
        50   -7.1383503581e+01    5.0966484669e+03   -1.0630302699e+02    3.4919523412e+01    4.9400909201e+01   -1.6722094537e+02    1.1517009178e+01    8.0862000000e+05    2.4342751291e+00    9.9534504345e-01
        51   -7.1377364186e+01    5.0958076820e+03   -1.0629145423e+02    3.4914090046e+01    4.9386992432e+01   -1.6727500751e+02    1.1596560846e+01    8.0774700000e+05    2.3868438916e+00    9.9533794892e-01
        52   -7.1388274502e+01    5.0973251552e+03   -1.0628055249e+02    3.4892277989e+01    4.9467831084e+01   -1.6728114614e+02    1.1532762567e+01    8.2153700000e+05    2.6513899136e+00    9.9535184481e-01
        53   -7.1380140101e+01    5.0961762529e+03   -1.0638550491e+02    3.5005364814e+01    4.9511046868e+01   -1.6748798912e+02    1.1591437340e+01    8.1315900000e+05    2.4574263711e+00    9.9541623639e-01
        54   -7.1382543712e+01    5.0965226044e+03   -1.0631479181e+02    3.4932248101e+01    4.9541657585e+01   -1.6741830864e+02    1.1561859239e+01    8.0847700000e+05    2.4259840888e+00    9.9538009206e-01
        55   -7.1388726198e+01    5.0974104660e+03   -1.0634268811e+02    3.4953961909e+01    4.9514876368e+01   -1.6741651305e+02    1.1558948578e+01    8.1774300000e+05    2.4288898532e+00    9.9537614810e-01
        56   -7.1394631696e+01    5.0982540320e+03   -1.0643991410e+02    3.5045282407e+01    4.9521176459e+01   -1.6746310521e+02    1.1502014650e+01    8.1863200000e+05    2.5541441892e+00    9.9538587765e-01
        57   -7.1385779482e+01    5.0970064067e+03   -1.0644540366e+02    3.5059624180e+01    4.9530025060e+01   -1.6747817939e+02    1.1502750673e+01    8.2043700000e+05    2.6179929317e+00    9.9534638440e-01
        58   -7.1385135390e+01    5.0969178321e+03   -1.0644522216e+02    3.5060086775e+01    4.9617787351e+01   -1.6759675374e+02    1.1533744224e+01    8.2392500000e+05    2.7684298924e+00    9.9534888639e-01
        59   -7.1383395694e+01    5.0966494990e+03   -1.0629773560e+02    3.4914339901e+01    4.9579817661e+01   -1.6746240159e+02    1.1584848334e+01    8.0552800000e+05    2.4634504940e+00    9.9535632902e-01
        60   -7.1379204257e+01    5.0960553862e+03   -1.0637553131e+02    3.4996327051e+01    4.9604032666e+01   -1.6757994170e+02    1.1600377729e+01    8.1057100000e+05    2.4822753309e+00    9.9532554943e-01
        61   -7.1377564057e+01    5.0957962842e+03   -1.0652413908e+02    3.5146575027e+01    4.9659163502e+01   -1.6778787188e+02    1.1604569295e+01    8.1827300000e+05    2.5388456048e+00    9.9537103701e-01
        62   -7.1388927592e+01    5.0974137295e+03   -1.0650029329e+02    3.5111365694e+01    4.9629394880e+01   -1.6777080555e+02    1.1641117387e+01    8.2047200000e+05    2.6187624515e+00    9.9534492277e-01
        63   -7.1378568791e+01    5.0959681742e+03   -1.0634581966e+02    3.4967250870e+01    4.9531348694e+01   -1.6749234463e+02    1.1615176271e+01    8.1028500000e+05    2.4388707147e+00    9.9538243485e-01
        64   -7.1376309905e+01    5.0956779032e+03   -1.0633238858e+02    3.4956078679e+01    4.9571004720e+01   -1.6749049092e+02    1.1587097611e+01    8.0580300000e+05    2.4374530970e+00    9.9540144491e-01
        65   -7.1382183131e+01    5.0964751863e+03   -1.0642460148e+02    3.5042418349e+01    4.9566975996e+01   -1.6762980828e+02    1.1638230806e+01    8.0540000000e+05    2.4242748078e+00    9.9529935997e-01
        66   -7.1379951438e+01    5.0961859460e+03   -1.0645264108e+02    3.5072689645e+01    4.9601819933e+01   -1.6772412345e+02    1.1669662434e+01    8.0764300000e+05    2.4530269860e+00    9.9534349881e-01
        67   -7.1381746887e+01    5.0964515247e+03   -1.0648771838e+02    3.5105971491e+01    4.9598261771e+01   -1.6762796800e+02    1.1541987848e+01    8.0497300000e+05    2.4862960861e+00    9.9534286630e-01
        68   -7.1386730305e+01    5.0971018177e+03   -1.0638934085e+02    3.5002610548e+01    4.9479483808e+01   -1.6741077053e+02    1.1541945870e+01    8.1060100000e+05    2.5112688667e+00    9.9538393136e-01
        69   -7.1382206980e+01    5.0965192655e+03   -1.0652556045e+02    3.5143353475e+01    4.9574442796e+01   -1.6769011091e+02    1.1590107658e+01    8.1679500000e+05    2.5050182205e+00    9.9537047610e-01
        70   -7.1387405188e+01    5.0972520013e+03   -1.0649248064e+02    3.5105075450e+01    4.9588566710e+01   -1.6773723397e+02    1.1656186618e+01    8.1911100000e+05    2.5018195836e+00    9.9535561120e-01
        71   -7.1380088264e+01    5.0961739246e+03   -1.0653680311e+02    3.5156714845e+01    4.9596510663e+01   -1.6780074903e+02    1.1667435257e+01    8.1667900000e+05    2.5042317591e+00    9.9533442800e-01
        72   -7.1389469369e+01    5.0975051180e+03   -1.0640456419e+02    3.5015094819e+01    4.9569524125e+01   -1.6761012343e+02    1.1636035113e+01    8.0810400000e+05    2.4633753470e+00    9.9535743598e-01
        73   -7.1390142821e+01    5.0976631305e+03   -1.0639572450e+02    3.5005581682e+01    4.9560075356e+01   -1.6756041548e+02    1.1604615618e+01    8.1609700000e+05    2.2131670509e+00    9.9535476654e-01
        74   -7.1385470799e+01    5.0969489044e+03   -1.0660323617e+02    3.5217765369e+01    4.9625367497e+01   -1.6784944458e+02    1.1620840912e+01    8.2257800000e+05    2.1630283026e+00    9.9530695422e-01
        75   -7.1388413993e+01    5.0973605991e+03   -1.0650845257e+02    3.5120038574e+01    4.9587921840e+01   -1.6773338686e+02    1.1637012454e+01    8.1607300000e+05    1.9246138576e+00    9.9534599766e-01
        76   -7.1381418567e+01    5.0963785983e+03   -1.0665101475e+02    3.5269596186e+01    4.9707986643e+01   -1.6804696137e+02    1.1687959974e+01    8.1119900000e+05    1.8281323449e+00    9.9532867648e-01
        77   -7.1381354087e+01    5.0963952626e+03   -1.0660334123e+02    3.5221987140e+01    4.9658206332e+01   -1.6784067714e+02    1.1579129585e+01    8.1011400000e+05    1.8369075251e+00    9.9534645415e-01
        78   -7.1386872601e+01    5.0971641912e+03   -1.0654470504e+02    3.5157832441e+01    4.9647624291e+01   -1.6773689778e+02    1.1544568444e+01    8.1475900000e+05    1.8579741702e+00    9.9530923752e-01
        79   -7.1387146760e+01    5.0972023296e+03   -1.0659338382e+02    3.5206237057e+01    4.9641980889e+01   -1.6782549811e+02    1.1590133405e+01    8.1508400000e+05    1.8333563169e+00    9.9528266024e-01
        80   -7.1387710451e+01    5.0972756039e+03   -1.0644737297e+02    3.5059662521e+01    4.9540683322e+01   -1.6766578904e+02    1.1677732741e+01    8.1771800000e+05    1.8849140187e+00    9.9534810687e-01
        81   -7.1384176897e+01    5.0967395002e+03   -1.0633426568e+02    3.4950088785e+01    4.9507828114e+01   -1.6737918725e+02    1.1537093454e+01    8.1484200000e+05    1.8852064612e+00    9.9536953502e-01
        82   -7.1386598795e+01    5.0970810862e+03   -1.0645973158e+02    3.5073132782e+01    4.9589927992e+01   -1.6770806425e+02    1.1658404684e+01    8.1661900000e+05    1.8952511842e+00    9.9533166610e-01
        83   -7.1380774650e+01    5.0962561437e+03   -1.0638799627e+02    3.5007221621e+01    4.9525550006e+01   -1.6754128604e+02    1.1627739763e+01    8.0913400000e+05    1.8506514030e+00    9.9537883674e-01
        84   -7.1388958629e+01    5.0974746268e+03   -1.0653584867e+02    3.5146890042e+01    4.9654698882e+01   -1.6787399351e+02    1.1683445955e+01    8.0973900000e+05    1.8187098750e+00    9.9533715106e-01
        85   -7.1388928179e+01    5.0974553415e+03   -1.0638549569e+02    3.4996567511e+01    4.9644517432e+01   -1.6772943134e+02    1.1699418217e+01    8.1124800000e+05    1.8785451360e+00    9.9533249038e-01
        86   -7.1381964983e+01    5.0964516478e+03   -1.0642880648e+02    3.5046841497e+01    4.9554822137e+01   -1.6753887275e+02    1.1555244137e+01    8.1330700000e+05    1.8248329412e+00    9.9535505701e-01
        87   -7.1388895880e+01    5.0974131311e+03   -1.0658690692e+02    3.5198011043e+01    4.9620189995e+01   -1.6777552598e+02    1.1568429064e+01    8.1993400000e+05    2.0329912582e+00    9.9531808424e-01
        88   -7.1386960234e+01    5.0971400011e+03   -1.0655494378e+02    3.5167983543e+01    4.9657718959e+01   -1.6776117057e+02    1.1548507835e+01    8.1578200000e+05    1.9457607027e+00    9.9534478238e-01
        89   -7.1385791094e+01    5.0970284457e+03   -1.0641334137e+02    3.5027550278e+01    4.9555680377e+01   -1.6753853928e+02    1.1569517534e+01    8.0928600000e+05    1.8223760969e+00    9.9534576147e-01
        90   -7.1389454986e+01    5.0975180056e+03   -1.0639944767e+02    3.5009992687e+01    4.9563053152e+01   -1.6765074214e+02    1.1688241318e+01    8.2221100000e+05    2.1206009102e+00    9.9537024672e-01
        91   -7.1387057587e+01    5.0971493732e+03   -1.0644858023e+02    3.5061522644e+01    4.9569805895e+01   -1.6754654459e+02    1.1528158467e+01    8.2009400000e+05    2.1726075895e+00    9.9538227011e-01
        92   -7.1384073633e+01    5.0967791862e+03   -1.0657786238e+02    3.5193788744e+01    4.9641788347e+01   -1.6786167048e+02    1.1642019756e+01    8.1804100000e+05    2.0519990600e+00    9.9531338018e-01
        93   -7.1385836885e+01    5.0970265593e+03   -1.0650802263e+02    3.5122185749e+01    4.9625004786e+01   -1.6779588106e+02    1.1662853642e+01    8.1421100000e+05    1.8458085149e+00    9.9533062633e-01
        94   -7.1384884193e+01    5.0968700571e+03   -1.0656520495e+02    3.5180320762e+01    4.9742681932e+01   -1.6791982164e+02    1.1611934758e+01    8.0510600000e+05    1.8279596311e+00    9.9536222990e-01
        95   -7.1384696340e+01    5.0968222180e+03   -1.0664079521e+02    3.5256098866e+01    4.9687393541e+01   -1.6792943839e+02    1.1601249639e+01    8.0386600000e+05    1.8280517329e+00    9.9532715454e-01
        96   -7.1389797284e+01    5.0975948108e+03   -1.0637504887e+02    3.4985251582e+01    4.9629604090e+01   -1.6761119569e+02    1.1606542739e+01    8.1105600000e+05    1.8316187875e+00    9.9534082563e-01
        97   -7.1390762232e+01    5.0977303523e+03   -1.0647902774e+02    3.5088265507e+01    4.9662029984e+01   -1.6772308121e+02    1.1582023489e+01    8.2195900000e+05    2.1460283219e+00    9.9531969689e-01
        98   -7.1385437286e+01    5.0969352194e+03   -1.0643053120e+02    3.5045093910e+01    4.9574075360e+01   -1.6752793327e+02    1.1523326718e+01    8.1743500000e+05    2.0004359053e+00    9.9537997232e-01
        99   -7.1388399326e+01    5.0973628269e+03   -1.0640054305e+02    3.5012143725e+01    4.9560531564e+01   -1.6761387940e+02    1.1652804788e+01    8.2279200000e+05    2.1933979171e+00    9.9531989448e-01
       100   -7.1384308286e+01    5.0967887658e+03   -1.0651700575e+02    3.5132697466e+01    4.9625624444e+01   -1.6775277668e+02    1.1610146482e+01    8.2136200000e+05    2.0570606056e+00    9.9534495976e-01
       101   -7.1385317808e+01    5.0969123676e+03   -1.0667097409e+02    3.5285656281e+01    4.9718822145e+01   -1.6805783350e+02    1.1668037261e+01    8.1716700000e+05    1.9964768717e+00    9.9535041111e-01
       102   -7.1384896539e+01    5.0968849185e+03   -1.0637843689e+02    3.4993540356e+01    4.9566878157e+01   -1.6757183324e+02    1.1626518188e+01    8.1911700000e+05    1.9775737210e+00    9.9535572733e-01
       103   -7.1383734189e+01    5.0967287919e+03   -1.0647423499e+02    3.5090500797e+01    4.9593751319e+01   -1.6766371859e+02    1.1595732287e+01    8.2254800000e+05    2.1145634665e+00    9.9531108896e-01
       104   -7.1386034988e+01    5.0970278389e+03   -1.0660871332e+02    3.5222678336e+01    4.9661392052e+01   -1.6789077965e+02    1.1620674271e+01    8.1634300000e+05    2.2588525319e+00    9.9533633359e-01
       105   -7.1385291600e+01    5.0969780762e+03   -1.0654968138e+02    3.5164389784e+01    4.9641260913e+01   -1.6776189547e+02    1.1570953175e+01    8.1952100000e+05    2.7134864719e+00    9.9533597481e-01
       106   -7.1384562606e+01    5.0968059059e+03   -1.0656530400e+02    3.5180741395e+01    4.9631576192e+01   -1.6777789791e+02    1.1581017715e+01    8.1425100000e+05    2.3347942636e+00    9.9533425883e-01
       107   -7.1386860030e+01    5.0971386098e+03   -1.0652483158e+02    3.5137971548e+01    4.9598911632e+01   -1.6766933419e+02    1.1545590976e+01    8.1640300000e+05    1.9147876727e+00    9.9527375694e-01
       108   -7.1395656959e+01    5.0984403028e+03   -1.0661341166e+02    3.5217754698e+01    4.9622183572e+01   -1.6790947297e+02    1.1673877744e+01    8.2987600000e+05    2.1789168164e+00    9.9529123763e-01
       109   -7.1385623128e+01    5.0969811143e+03   -1.0647120603e+02    3.5085582901e+01    4.9574237873e+01   -1.6766426549e+02    1.1618821589e+01    8.1892700000e+05    1.9591731995e+00    9.9535841674e-01
       110   -7.1390293303e+01    5.0975958886e+03   -1.0628656001e+02    3.4896266703e+01    4.9426057696e+01   -1.6726560974e+02    1.1552992039e+01    8.2006500000e+05    2.2808037726e+00    9.9536390463e-01
       111   -7.1391742444e+01    5.0978304040e+03   -1.0649108715e+02    3.5099344711e+01    4.9566356059e+01   -1.6770754822e+02    1.1650105005e+01    8.2461700000e+05    2.3658228891e+00    9.9529454281e-01
       112   -7.1386450643e+01    5.0970919052e+03   -1.0642683349e+02    3.5040382843e+01    4.9564259707e+01   -1.6753635546e+02    1.1545262265e+01    8.2926800000e+05    2.2717980929e+00    9.9537729844e-01
       113   -7.1388164238e+01    5.0973417093e+03   -1.0632981509e+02    3.4941650848e+01    4.9500956492e+01   -1.6743600746e+02    1.1605235880e+01    8.3085800000e+05    2.1883956350e+00    9.9535860540e-01
       114   -7.1387834808e+01    5.0974481900e+03   -1.0634258169e+02    3.4954746879e+01    4.9492134724e+01   -1.6740200674e+02    1.1567290333e+01    8.2297500000e+05    2.1019622129e+00    9.9538048099e-01
       115   -7.1381292159e+01    5.0963295064e+03   -1.0628060985e+02    3.4899317687e+01    4.9486201403e+01   -1.6738481679e+02    1.1618005545e+01    8.2219100000e+05    2.1140506917e+00    9.9539916239e-01
       116   -7.1382193044e+01    5.0965132987e+03   -1.0631769946e+02    3.4935506420e+01    4.9517679420e+01   -1.6739418341e+02    1.1558804522e+01    8.2267800000e+05    2.1196548424e+00    9.9535847894e-01
       117   -7.1380901324e+01    5.0963317962e+03   -1.0642933456e+02    3.5048433234e+01    4.9561726149e+01   -1.6771728709e+02    1.1726226379e+01    8.1358900000e+05    1.8284077272e+00    9.9534304279e-01
       118   -7.1392710453e+01    5.0979774041e+03   -1.0650983421e+02    3.5117123756e+01    4.9575909163e+01   -1.6767527209e+02    1.1589528721e+01    8.1953800000e+05    2.0365611089e+00    9.9534989491e-01
       119   -7.1393938151e+01    5.0981810490e+03   -1.0666656143e+02    3.5272623281e+01    4.9742680489e+01   -1.6803482663e+02    1.1625584706e+01    8.2808800000e+05    2.2445099123e+00    9.9530729182e-01
       120   -7.1383148590e+01    5.0969380322e+03   -1.0642050819e+02    3.5037359604e+01    4.9610166161e+01   -1.6760264422e+02    1.1571969869e+01    8.2318300000e+05    2.2562774881e+00    9.9530995121e-01
       121   -7.1389077983e+01    5.0974842023e+03   -1.0645703721e+02    3.5067959229e+01    4.9497853600e+01   -1.6746229745e+02    1.1507406638e+01    8.2398100000e+05    2.2369725900e+00    9.9536362886e-01
       122   -7.1380296915e+01    5.0962308921e+03   -1.0652649762e+02    3.5146200709e+01    4.9574153627e+01   -1.6763546240e+02    1.1534811152e+01    8.1872300000e+05    1.9644059383e+00    9.9538156168e-01
       123   -7.1389518956e+01    5.0975339600e+03   -1.0642547270e+02    3.5035953748e+01    4.9551735052e+01   -1.6753789936e+02    1.1560691606e+01    8.1423800000e+05    1.8311608413e+00    9.9532207948e-01
       124   -7.1381720421e+01    5.0964072393e+03   -1.0645609380e+02    3.5074373378e+01    4.9630240423e+01   -1.6771438008e+02    1.1628045859e+01    8.2165800000e+05    2.0510958524e+00    9.9533834768e-01
       125   -7.1386094603e+01    5.0970064701e+03   -1.0641409489e+02    3.5028000284e+01    4.9602807786e+01   -1.6758507807e+02    1.1568175402e+01    8.2392500000e+05    2.2159248642e+00    9.9538009786e-01
       126   -7.1386089407e+01    5.0970162039e+03   -1.0663160677e+02    3.5245517361e+01    4.9608348345e+01   -1.6774777770e+02    1.1507822590e+01    8.1993700000e+05    2.0981800216e+00    9.9532142615e-01
       127   -7.1379930258e+01    5.0961626437e+03   -1.0646629704e+02    3.5086366777e+01    4.9617727590e+01   -1.6761937995e+02    1.1535355328e+01    8.0920500000e+05    1.8871555680e+00    9.9537222358e-01
       128   -7.1380934621e+01    5.0963641553e+03   -1.0651907297e+02    3.5138138345e+01    4.9663448325e+01   -1.6772576105e+02    1.1543239760e+01    8.1402400000e+05    2.0075427208e+00    9.9531525743e-01
       129   -7.1387775030e+01    5.0972456107e+03   -1.0659571676e+02    3.5207941730e+01    4.9690691159e+01   -1.6787045240e+02    1.1584044486e+01    8.1974800000e+05    2.1184815548e+00    9.9530527118e-01
       130   -7.1390217813e+01    5.0976133421e+03   -1.0646959478e+02    3.5079376969e+01    4.9575915562e+01   -1.6774411961e+02    1.1698609267e+01    8.2391400000e+05    2.1366992595e+00    9.9531406326e-01
       131   -7.1382944704e+01    5.0966060714e+03   -1.0657043229e+02    3.5187487588e+01    4.9670658728e+01   -1.6795923448e+02    1.1718143463e+01    8.2705900000e+05    2.1475342317e+00    9.9527361224e-01
       132   -7.1388273807e+01    5.0973450597e+03   -1.0660436127e+02    3.5216087465e+01    4.9732109763e+01   -1.6794202526e+02    1.1605554226e+01    8.2296900000e+05    2.2065035801e+00    9.9535607983e-01
       133   -7.1386746039e+01    5.0971761263e+03   -1.0682272250e+02    3.5435976459e+01    4.9867475440e+01   -1.6845029850e+02    1.1760100560e+01    8.0966400000e+05    1.9173900913e+00    9.9534412470e-01
       134   -7.1381751250e+01    5.0964168229e+03   -1.0663779064e+02    3.5256039389e+01    4.9709804032e+01   -1.6791660570e+02    1.1569011025e+01    8.0463700000e+05    1.8737938490e+00    9.9533393454e-01
       135   -7.1380419189e+01    5.0962208915e+03   -1.0657851468e+02    3.5198095488e+01    4.9681795089e+01   -1.6790503460e+02    1.1644724838e+01    8.1063400000e+05    1.9153470346e+00    9.9536512547e-01
       136   -7.1390729436e+01    5.0976989593e+03   -1.0647028689e+02    3.5079557451e+01    4.9631403127e+01   -1.6774101782e+02    1.1639327804e+01    8.1841500000e+05    2.0232109388e+00    9.9534938143e-01
       137   -7.1388173745e+01    5.0973117312e+03   -1.0641667440e+02    3.5028500657e+01    4.9552219592e+01   -1.6767644294e+02    1.1707548942e+01    8.2174400000e+05    2.0818893914e+00    9.9535273047e-01
       138   -7.1383815754e+01    5.0967257820e+03   -1.0630953927e+02    3.4925723515e+01    4.9501397521e+01   -1.6733997006e+02    1.1529033268e+01    8.1853000000e+05    1.9299968199e+00    9.9539884159e-01
       139   -7.1384137301e+01    5.0967377892e+03   -1.0639904362e+02    3.5014906314e+01    4.9510910686e+01   -1.6759051142e+02    1.1680557116e+01    8.1683600000e+05    1.8530629883e+00    9.9535259143e-01
       140   -7.1386361676e+01    5.0970662307e+03   -1.0620983135e+02    3.4823469679e+01    4.9488568031e+01   -1.6729670213e+02    1.1598302744e+01    8.1603700000e+05    1.8884182011e+00    9.9538207456e-01
       141   -7.1380097785e+01    5.0961763414e+03   -1.0642517012e+02    3.5045072333e+01    4.9568446396e+01   -1.6761034252e+02    1.1616726003e+01    8.1595300000e+05    1.8810561912e+00    9.9533861889e-01
       142   -7.1384962962e+01    5.0968694437e+03   -1.0638684585e+02    3.5001882884e+01    4.9541717620e+01   -1.6744853020e+02    1.1519966734e+01    8.1536500000e+05    1.8258923241e+00    9.9539387319e-01
       143   -7.1391070430e+01    5.0977785335e+03   -1.0643471900e+02    3.5043648569e+01    4.9605230358e+01   -1.6765703938e+02    1.1617090021e+01    8.1655900000e+05    1.9559925345e+00    9.9534542166e-01
       144   -7.1383901445e+01    5.0967389763e+03   -1.0660789566e+02    3.5223994215e+01    4.9720935038e+01   -1.6794096338e+02    1.1612132680e+01    8.1982800000e+05    2.1207063973e+00    9.9533961972e-01
       145   -7.1379363619e+01    5.0961153848e+03   -1.0632987540e+02    3.4950511780e+01    4.9552484577e+01   -1.6749097360e+02    1.1608613622e+01    8.1741500000e+05    2.0112186098e+00    9.9533647306e-01
       146   -7.1384191041e+01    5.0967601694e+03   -1.0648282544e+02    3.5098634396e+01    4.9560805679e+01   -1.6760127177e+02    1.1557640654e+01    8.0962800000e+05    1.8497441493e+00    9.9534702085e-01
       147   -7.1391943008e+01    5.0979203124e+03   -1.0633508833e+02    3.4943145325e+01    4.9495254137e+01   -1.6729196820e+02    1.1461625727e+01    8.1533900000e+05    1.8516921464e+00    9.9538061552e-01
       148   -7.1390270944e+01    5.0976376219e+03   -1.0643670711e+02    3.5046436163e+01    4.9585759652e+01   -1.6764400290e+02    1.1621536146e+01    8.2111900000e+05    2.0587329096e+00    9.9534452058e-01
       149   -7.1389727673e+01    5.0975400591e+03   -1.0638448819e+02    3.4994760513e+01    4.9544708186e+01   -1.6752818074e+02    1.1598984370e+01    8.2093200000e+05    2.0763298683e+00    9.9536021667e-01
       150   -7.1385930587e+01    5.0970051919e+03   -1.0662424271e+02    3.5238312125e+01    4.9649461884e+01   -1.6794541625e+02    1.1671711651e+01    8.1694300000e+05    1.9129244385e+00    9.9531461052e-01
       151   -7.1386950229e+01    5.0971343845e+03   -1.0651721770e+02    3.5130267471e+01    4.9573450741e+01   -1.6762301294e+02    1.1532344499e+01    8.1028500000e+05    1.9270478671e+00    9.9532647974e-01
       152   -7.1385370588e+01    5.0969702699e+03   -1.0638415411e+02    3.4998783523e+01    4.9540786921e+01   -1.6753699116e+02    1.1612050123e+01    8.1702700000e+05    1.9299117597e+00    9.9537609471e-01
       153   -7.1388260524e+01    5.0973547198e+03   -1.0638915369e+02    3.5000893163e+01    4.9565482431e+01   -1.6753268428e+02    1.1578048165e+01    8.2159100000e+05    2.0729993626e+00    9.9535932615e-01
       154   -7.1379942029e+01    5.0961622563e+03   -1.0631694927e+02    3.4937007244e+01    4.9522199740e+01   -1.6738701714e+02    1.1547868122e+01    8.2400800000e+05    2.0853980465e+00    9.9533832916e-01
       155   -7.1386889882e+01    5.0971513072e+03   -1.0626175607e+02    3.4874866189e+01    4.9482103844e+01   -1.6738571300e+02    1.1641853082e+01    8.0796400000e+05    1.8424377623e+00    9.9537932131e-01
       156   -7.1383741059e+01    5.0966993285e+03   -1.0637875066e+02    3.4995009603e+01    4.9515363486e+01   -1.6741743931e+02    1.1523325161e+01    8.1278800000e+05    1.8283122168e+00    9.9536854507e-01
       157   -7.1384402649e+01    5.0968232471e+03   -1.0659108718e+02    3.5206684536e+01    4.9582875858e+01   -1.6780262878e+02    1.1628665739e+01    8.1659700000e+05    1.8494706531e+00    9.9528728794e-01
       158   -7.1388269871e+01    5.0973529874e+03   -1.0638666594e+02    3.4998396072e+01    4.9573381664e+01   -1.6753194830e+02    1.1571900691e+01    8.1452800000e+05    1.8536522426e+00    9.9533773726e-01
       159   -7.1389816435e+01    5.0976187345e+03   -1.0658375155e+02    3.5193935115e+01    4.9572337845e+01   -1.6778834240e+02    1.1632253008e+01    8.2502900000e+05    2.2342898156e+00    9.9531895844e-01
       160   -7.1392718872e+01    5.0980389701e+03   -1.0651979414e+02    3.5127075264e+01    4.9617397013e+01   -1.6788194367e+02    1.1744752525e+01    8.2533200000e+05    2.2016720304e+00    9.9530575934e-01
       161   -7.1383244901e+01    5.0966766590e+03   -1.0632600597e+02    3.4942761064e+01    4.9531479065e+01   -1.6748308719e+02    1.1625602163e+01    8.1817300000e+05    1.9981731013e+00    9.9535270165e-01
       162   -7.1388939940e+01    5.0974202076e+03   -1.0644702835e+02    3.5058088414e+01    4.9620167280e+01   -1.6758900837e+02    1.1521812735e+01    8.1663900000e+05    1.9608310042e+00    9.9533959041e-01
       163   -7.1377563598e+01    5.0958207144e+03   -1.0650831629e+02    3.5130752691e+01    4.9581288639e+01   -1.6769412013e+02    1.1604515197e+01    8.1287600000e+05    1.9355925648e+00    9.9533643407e-01
       164   -7.1389076896e+01    5.0974624395e+03   -1.0636116690e+02    3.4972090001e+01    4.9440028139e+01   -1.6737078106e+02    1.1569586021e+01    8.0014700000e+05    1.8711433443e+00    9.9538504596e-01
       165   -7.1383635479e+01    5.0966798366e+03   -1.0642870494e+02    3.5045069458e+01    4.9564894632e+01   -1.6754188807e+02    1.1548288505e+01    8.0177200000e+05    1.8452163306e+00    9.9528543842e-01
       166   -7.1383090766e+01    5.0966123010e+03   -1.0650277594e+02    3.5119685178e+01    4.9649861429e+01   -1.6776638267e+02    1.1613745296e+01    8.1919200000e+05    2.0167973607e+00    9.9538622158e-01
       167   -7.1385807150e+01    5.0969868685e+03   -1.0641546740e+02    3.5029660246e+01    4.9612297515e+01   -1.6769372600e+02    1.1665961084e+01    8.1532900000e+05    1.9461801650e+00    9.9536833882e-01
       168   -7.1377128483e+01    5.0957333647e+03   -1.0646091097e+02    3.5083782487e+01    4.9570754750e+01   -1.6763865995e+02    1.1606994231e+01    8.1643600000e+05    1.8905849403e+00    9.9538920445e-01
       169   -7.1383811576e+01    5.0967767696e+03   -1.0647727885e+02    3.5093467270e+01    4.9650533893e+01   -1.6769442887e+02    1.1566616130e+01    8.0234000000e+05    1.8983771829e+00    9.9536025238e-01
       170   -7.1389042210e+01    5.0975029745e+03   -1.0647867043e+02    3.5089628220e+01    4.9548680856e+01   -1.6768081829e+02    1.1653467002e+01    8.1069200000e+05    1.9162364951e+00    9.9533183594e-01
       171   -7.1383898386e+01    5.0967099573e+03   -1.0641516554e+02    3.5031267155e+01    4.9485346691e+01   -1.6746555701e+02    1.1565044781e+01    8.2348200000e+05    2.1091661409e+00    9.9531585629e-01
       172   -7.1387279398e+01    5.0971851671e+03   -1.0622115668e+02    3.4833877278e+01    4.9425024712e+01   -1.6727136259e+02    1.1625181200e+01    8.1993700000e+05    2.0113415811e+00    9.9538932561e-01
       173   -7.1385803802e+01    5.0969642467e+03   -1.0639773374e+02    3.5011929938e+01    4.9545129837e+01   -1.6740680316e+02    1.1463939581e+01    8.1259200000e+05    1.8179014469e+00    9.9539567985e-01
       174   -7.1387984719e+01    5.0973044276e+03   -1.0638783141e+02    3.4999846693e+01    4.9607518138e+01   -1.6757349377e+02    1.1578144216e+01    8.1469200000e+05    1.8838143433e+00    9.9533477656e-01
       175   -7.1388018199e+01    5.0973431660e+03   -1.0665455157e+02    3.5266533368e+01    4.9719199537e+01   -1.6807601661e+02    1.1702265506e+01    8.2667700000e+05    2.1816233399e+00    9.9530319559e-01
       176   -7.1384541188e+01    5.0967784627e+03   -1.0640473837e+02    3.5020197185e+01    4.9635899883e+01   -1.6755851751e+02    1.1517879252e+01    8.2449200000e+05    2.2944801862e+00    9.9540105115e-01
       177   -7.1387753828e+01    5.0972653844e+03   -1.0636609343e+02    3.4978339606e+01    4.9572548046e+01   -1.6752930541e+02    1.1590663928e+01    8.2121900000e+05    2.5341357559e+00    9.9537072309e-01
       178   -7.1386088760e+01    5.0970674214e+03   -1.0642025051e+02    3.5034161755e+01    4.9647252391e+01   -1.6769717876e+02    1.1629675852e+01    8.2546500000e+05    2.5430794316e+00    9.9536370909e-01
       179   -7.1384801993e+01    5.0968459939e+03   -1.0641014474e+02    3.5025342743e+01    4.9614274644e+01   -1.6757143158e+02    1.1547012197e+01    8.1992300000e+05    2.4467640461e+00    9.9534418575e-01
       180   -7.1378072700e+01    5.0959270862e+03   -1.0645822615e+02    3.5080153454e+01    4.9622253478e+01   -1.6773621287e+02    1.1655733235e+01    8.2162700000e+05    2.5179588757e+00    9.9530981660e-01
       181   -7.1385234153e+01    5.0968984182e+03   -1.0657904404e+02    3.5193809891e+01    4.9679082731e+01   -1.6789558018e+02    1.1637453407e+01    8.1868500000e+05    2.4456093004e+00    9.9536158745e-01
       182   -7.1385134898e+01    5.0969121571e+03   -1.0652796755e+02    3.5142832657e+01    4.9635108864e+01   -1.6784860750e+02    1.1685531081e+01    8.1774000000e+05    2.4773610504e+00    9.9534042402e-01
       183   -7.1387000721e+01    5.0971765904e+03   -1.0660509234e+02    3.5218091617e+01    4.9699053028e+01   -1.6797428553e+02    1.1670140166e+01    8.1626700000e+05    2.4973206031e+00    9.9533053039e-01
       184   -7.1383258537e+01    5.0966299234e+03   -1.0654593633e+02    3.5162677791e+01    4.9607793109e+01   -1.6763047904e+02    1.1476749602e+01    8.0935900000e+05    2.4811250318e+00    9.9532100183e-01
       185   -7.1382138148e+01    5.0964860130e+03   -1.0633170336e+02    3.4949565209e+01    4.9541148773e+01   -1.6743227838e+02    1.1559426252e+01    8.1351500000e+05    2.5043210569e+00    9.9534754650e-01
       186   -7.1380236200e+01    5.0962017545e+03   -1.0647941500e+02    3.5099178804e+01    4.9592622726e+01   -1.6777774257e+02    1.1705704839e+01    8.1357500000e+05    2.4130790397e+00    9.9532640620e-01
       187   -7.1385240151e+01    5.0969110837e+03   -1.0640145364e+02    3.5016213486e+01    4.9501250366e+01   -1.6744095371e+02    1.1538249702e+01    8.0922000000e+05    2.3926608723e+00    9.9535088626e-01
       188   -7.1387793190e+01    5.0972670477e+03   -1.0626033892e+02    3.4872545728e+01    4.9488479913e+01   -1.6737021094e+02    1.1621392112e+01    8.1432100000e+05    2.5322741186e+00    9.9534364450e-01
       189   -7.1382743719e+01    5.0965458361e+03   -1.0634352561e+02    3.4960781887e+01    4.9509744457e+01   -1.6750014357e+02    1.1646873507e+01    8.2060800000e+05    2.5273994312e+00    9.9534339192e-01
       190   -7.1382940456e+01    5.0965885637e+03   -1.0642136114e+02    3.5038420684e+01    4.9572197110e+01   -1.6757513655e+02    1.1581578302e+01    8.1393100000e+05    1.9161750092e+00    9.9530131165e-01
       191   -7.1389428405e+01    5.0975620213e+03   -1.0647443648e+02    3.5085008079e+01    4.9527963426e+01   -1.6754492426e+02    1.1542524345e+01    8.2129900000e+05    2.0771138431e+00    9.9535287956e-01
       192   -7.1387688541e+01    5.0972648263e+03   -1.0650346018e+02    3.5115771644e+01    4.9520238033e+01   -1.6763689932e+02    1.1613201100e+01    8.2367900000e+05    2.1277369945e+00    9.9533355364e-01
       193   -7.1383225430e+01    5.0965844860e+03   -1.0645355943e+02    3.5070333996e+01    4.9536855516e+01   -1.6754252149e+02    1.1552106552e+01    8.1340500000e+05    1.9265170016e+00    9.9539511920e-01
       194   -7.1386177020e+01    5.0970735993e+03   -1.0653881657e+02    3.5152639546e+01    4.9637255618e+01   -1.6782304935e+02    1.1646977164e+01    8.1279600000e+05    2.1642443347e+00    9.9529873460e-01
       195   -7.1387737076e+01    5.0973084774e+03   -1.0638128236e+02    3.4993545282e+01    4.9548027082e+01   -1.6762870738e+02    1.1699397943e+01    8.1648600000e+05    2.0665049131e+00    9.9531550557e-01
       196   -7.1382515959e+01    5.0965234338e+03   -1.0650613172e+02    3.5123615765e+01    4.9628848447e+01   -1.6774084452e+02    1.1605864353e+01    8.0918800000e+05    2.4594775634e+00    9.9536731217e-01
       197   -7.1384639084e+01    5.0968333617e+03   -1.0635542370e+02    3.4970784612e+01    4.9533498985e+01   -1.6748884082e+02    1.1599918138e+01    8.1226300000e+05    2.4791350637e+00    9.9534902435e-01
       198   -7.1384405663e+01    5.0968040171e+03   -1.0633550697e+02    3.4951101306e+01    4.9491430891e+01   -1.6745094948e+02    1.1624011623e+01    8.1133700000e+05    2.3067831392e+00    9.9538997264e-01
       199   -7.1389952092e+01    5.0976256868e+03   -1.0659292428e+02    3.5202972188e+01    4.9625022113e+01   -1.6786087142e+02    1.1642925025e+01    8.1510200000e+05    1.8477800880e+00    9.9534495272e-01
       200   -7.1384222551e+01    5.0968282013e+03   -1.0636585653e+02    3.4981633975e+01    4.9620263041e+01   -1.6757297980e+02    1.1586860230e+01    8.1966900000e+05    1.9821834317e+00    9.9535550716e-01
       201   -7.1385886764e+01    5.0969966610e+03   -1.0647119294e+02    3.5085306175e+01    4.9640072686e+01   -1.6772936767e+02    1.1618102049e+01    8.1573000000e+05    1.8701370182e+00    9.9527839451e-01
       202   -7.1387062870e+01    5.0971689915e+03   -1.0660582342e+02    3.5218760550e+01    4.9511664512e+01   -1.6762456570e+02    1.1507077771e+01    8.0881300000e+05    1.8234328362e+00    9.9540063978e-01
       203   -7.1390027268e+01    5.0975957785e+03   -1.0625677048e+02    3.4866743216e+01    4.9489696412e+01   -1.6730213044e+02    1.1555663540e+01    8.0243000000e+05    1.8635812888e+00    9.9536288670e-01
       204   -7.1383023560e+01    5.0965746072e+03   -1.0642545766e+02    3.5042434100e+01    4.9539894987e+01   -1.6755770586e+02    1.1592353209e+01    8.1436300000e+05    1.8727680114e+00    9.9539512889e-01
       205   -7.1383841938e+01    5.0967396986e+03   -1.0654401225e+02    3.5160170316e+01    4.9598821024e+01   -1.6768230758e+02    1.1539474304e+01    8.1815800000e+05    1.9442823369e+00    9.9532684943e-01
       206   -7.1381281410e+01    5.0963376141e+03   -1.0641118620e+02    3.5029904788e+01    4.9520652520e+01   -1.6751928971e+02    1.1587450990e+01    8.0975400000e+05    1.8165975125e+00    9.9533443686e-01
       207   -7.1378717171e+01    5.0960076305e+03   -1.0649648799e+02    3.5117770816e+01    4.9545554783e+01   -1.6768442039e+02    1.1642377618e+01    8.1201000000e+05    1.8288805119e+00    9.9534204029e-01
       208   -7.1388448541e+01    5.0973660334e+03   -1.0645799377e+02    3.5069545226e+01    4.9512704168e+01   -1.6743793936e+02    1.1467241424e+01    8.1010400000e+05    1.8600721951e+00    9.9536475181e-01
       209   -7.1384622682e+01    5.0968088103e+03   -1.0656661650e+02    3.5181993820e+01    4.9578192124e+01   -1.6769024204e+02    1.1545433412e+01    8.2130000000e+05    2.0358226646e+00    9.9531706598e-01
       210   -7.1384939806e+01    5.0969174331e+03   -1.0629189400e+02    3.4906954193e+01    4.9497483879e+01   -1.6731662411e+02    1.1527246231e+01    8.1396000000e+05    1.8666067848e+00    9.9536522378e-01
       211   -7.1381428819e+01    5.0963495923e+03   -1.0641135356e+02    3.5029924736e+01    4.9528887435e+01   -1.6763848199e+02    1.1698241002e+01    8.1383600000e+05    1.8363023424e+00    9.9535399838e-01
       212   -7.1387454972e+01    5.0972524490e+03   -1.0644093413e+02    3.5053479153e+01    4.9598150840e+01   -1.6763237747e+02    1.1593292507e+01    8.1306100000e+05    2.1650517986e+00    9.9534470014e-01
       213   -7.1382513499e+01    5.0965422256e+03   -1.0650250285e+02    3.5119989348e+01    4.9540699646e+01   -1.6759716104e+02    1.1553958549e+01    8.1696200000e+05    1.9166174191e+00    9.9537672768e-01
       214   -7.1387663868e+01    5.0972413334e+03   -1.0648096190e+02    3.5093298028e+01    4.9561251627e+01   -1.6758582882e+02    1.1543615293e+01    8.2671800000e+05    2.1740840927e+00    9.9537174102e-01
       215   -7.1381424804e+01    5.0963477945e+03   -1.0639425321e+02    3.5012828402e+01    4.9550236767e+01   -1.6758613948e+02    1.1641649504e+01    8.1746000000e+05    1.9229752470e+00    9.9534578885e-01
       216   -7.1388862833e+01    5.0974164839e+03   -1.0647646494e+02    3.5087602108e+01    4.9606182248e+01   -1.6770072163e+02    1.1618074439e+01    8.1557000000e+05    1.8276375365e+00    9.9534443259e-01
       217   -7.1383023028e+01    5.0966435467e+03   -1.0652889670e+02    3.5145873672e+01    4.9611055832e+01   -1.6775280439e+02    1.1612851858e+01    8.2732000000e+05    2.1566435283e+00    9.9530648907e-01
       218   -7.1387690471e+01    5.0973184247e+03   -1.0658352448e+02    3.5195834005e+01    4.9638166977e+01   -1.6778880746e+02    1.1567116002e+01    8.2397900000e+05    2.1472727349e+00    9.9536098821e-01
       219   -7.1385109665e+01    5.0970007752e+03   -1.0651091102e+02    3.5125801351e+01    4.9633661797e+01   -1.6775191302e+02    1.1607340205e+01    8.2605100000e+05    2.1790062177e+00    9.9534935780e-01
       220   -7.1392467627e+01    5.0979518294e+03   -1.0656065830e+02    3.5168190678e+01    4.9558690292e+01   -1.6774292688e+02    1.1623578281e+01    8.2916600000e+05    2.1873805518e+00    9.9536808535e-01
       221   -7.1388222142e+01    5.0973162362e+03   -1.0646090035e+02    3.5072678211e+01    4.9539089099e+01   -1.6751755762e+02    1.1517568164e+01    8.2710600000e+05    2.1820458809e+00    9.9537473564e-01
       222   -7.1381934905e+01    5.0964494033e+03   -1.0635853686e+02    3.4976601960e+01    4.9530209006e+01   -1.6749404726e+02    1.1605301390e+01    8.1217800000e+05    1.9219295688e+00    9.9535846696e-01
       223   -7.1380472466e+01    5.0962308688e+03   -1.0629313510e+02    3.4912662634e+01    4.9530748660e+01   -1.6733347298e+02    1.1509589221e+01    8.0951700000e+05    1.8464733260e+00    9.9536754658e-01
       224   -7.1386324626e+01    5.0970934052e+03   -1.0644118738e+02    3.5054862749e+01    4.9551042304e+01   -1.6756360518e+02    1.1571375503e+01    8.1403300000e+05    2.1208617205e+00    9.9530841326e-01
       225   -7.1385370525e+01    5.0969241912e+03   -1.0650895151e+02    3.5123580989e+01    4.9635286531e+01   -1.6776910396e+02    1.1624865918e+01    8.1901900000e+05    2.4605459627e+00    9.9533084925e-01
       226   -7.1384209734e+01    5.0967517154e+03   -1.0636566605e+02    3.4981456317e+01    4.9557563311e+01   -1.6744547719e+02    1.1522247826e+01    8.2268300000e+05    2.4773869549e+00    9.9537038560e-01
       227   -7.1379276648e+01    5.0960755387e+03   -1.0638399734e+02    3.5004720690e+01    4.9625107863e+01   -1.6766805597e+02    1.1658950773e+01    8.2291000000e+05    2.5239424293e+00    9.9535813404e-01
       228   -7.1383268885e+01    5.0966009804e+03   -1.0635504034e+02    3.4971771460e+01    4.9624896736e+01   -1.6751770683e+02    1.1537769755e+01    8.1683500000e+05    2.4506965843e+00    9.9538171288e-01
       229   -7.1378516971e+01    5.0959497038e+03   -1.0661184618e+02    3.5233329205e+01    4.9752824990e+01   -1.6794072727e+02    1.1576056099e+01    8.1632800000e+05    2.3497774689e+00    9.9537065124e-01
       230   -7.1396555846e+01    5.0985629650e+03   -1.0658521125e+02    3.5188655407e+01    4.9660562014e+01   -1.6781084280e+02    1.1565069539e+01    8.2092100000e+05    2.3730307978e+00    9.9532381162e-01
       231   -7.1381778172e+01    5.0964011566e+03   -1.0637839023e+02    3.4996612054e+01    4.9573833960e+01   -1.6746952730e+02    1.1517303112e+01    8.2353200000e+05    2.3996293172e+00    9.9533316226e-01
       232   -7.1387031804e+01    5.0971754921e+03   -1.0649538939e+02    3.5108357588e+01    4.9682439706e+01   -1.6776939483e+02    1.1591565738e+01    8.2883700000e+05    2.4167968372e+00    9.9534439862e-01
       233   -7.1386591074e+01    5.0971565973e+03   -1.0636992703e+02    3.4983335958e+01    4.9541116388e+01   -1.6756684965e+02    1.1655806225e+01    8.1992600000e+05    2.3291555913e+00    9.9536937480e-01
       234   -7.1387958588e+01    5.0972937532e+03   -1.0635625582e+02    3.4968297227e+01    4.9556163658e+01   -1.6745718876e+02    1.1544769286e+01    8.1693800000e+05    2.3137938092e+00    9.9533242484e-01
       235   -7.1383464824e+01    5.0966821255e+03   -1.0675833724e+02    3.5374872417e+01    4.9696209976e+01   -1.6812260619e+02    1.1668058970e+01    8.2359000000e+05    2.6200834017e+00    9.9533653877e-01
       236   -7.1395299814e+01    5.0983344281e+03   -1.0652191905e+02    3.5126619238e+01    4.9561199510e+01   -1.6770627179e+02    1.1623153227e+01    8.2926600000e+05    2.6251740335e+00    9.9535710478e-01
       237   -7.1387429324e+01    5.0972419467e+03   -1.0645282516e+02    3.5065395835e+01    4.9630501140e+01   -1.6775559888e+02    1.1672272585e+01    8.2774400000e+05    2.6581279698e+00    9.9530471938e-01
       238   -7.1381791395e+01    5.0964473537e+03   -1.0639073228e+02    3.5008940884e+01    4.9601261493e+01   -1.6753911858e+02    1.1547124813e+01    8.2732600000e+05    2.6590448183e+00    9.9536459477e-01
       239   -7.1383326413e+01    5.0966091990e+03   -1.0656815676e+02    3.5184830348e+01    4.9648993436e+01   -1.6781076240e+02    1.1593612201e+01    8.2447400000e+05    2.6841267142e+00    9.9534368034e-01
       240   -7.1377796608e+01    5.0958397469e+03   -1.0653490895e+02    3.5157112343e+01    4.9719573553e+01   -1.6789232368e+02    1.1637841172e+01    8.2226300000e+05    2.6325226694e+00    9.9537693306e-01
       241   -7.1378827442e+01    5.0959946946e+03   -1.0643204924e+02    3.5053221793e+01    4.9638787505e+01   -1.6769152245e+02    1.1620685714e+01    8.1375000000e+05    2.6541411730e+00    9.9538317763e-01
       242   -7.1382446061e+01    5.0965168121e+03   -1.0655437303e+02    3.5171926967e+01    4.9647714476e+01   -1.6782072668e+02    1.1618639172e+01    8.1249600000e+05    2.6484152768e+00    9.9529610777e-01
       243   -7.1387174125e+01    5.0972026409e+03   -1.0670066550e+02    3.5313491378e+01    4.9720633869e+01   -1.6800575778e+02    1.1584458412e+01    8.1887000000e+05    2.6517215986e+00    9.9526619499e-01
       244   -7.1386510676e+01    5.0970945218e+03   -1.0646218358e+02    3.5075672904e+01    4.9600930724e+01   -1.6777151653e+02    1.1708402231e+01    8.2843000000e+05    2.6577051026e+00    9.9532228244e-01
       245   -7.1384885635e+01    5.0968733054e+03   -1.0628734042e+02    3.4902454785e+01    4.9521047086e+01   -1.6739967630e+02    1.1591288797e+01    8.2973100000e+05    2.6695594697e+00    9.9534163891e-01
       246   -7.1385706358e+01    5.0969808902e+03   -1.0653087653e+02    3.5145170177e+01    4.9613741501e+01   -1.6774999588e+02    1.1605377843e+01    8.3051200000e+05    2.7701295461e+00    9.9527592101e-01
       247   -7.1389313990e+01    5.0975072358e+03   -1.0648699299e+02    3.5097679002e+01    4.9670026057e+01   -1.6781762171e+02    1.1660602663e+01    8.2234700000e+05    2.7419303928e+00    9.9533457267e-01
       248   -7.1385684087e+01    5.0969931286e+03   -1.0655743407e+02    3.5171749979e+01    4.9673332595e+01   -1.6781351590e+02    1.1582749241e+01    8.1998400000e+05    2.6811737111e+00    9.9533054755e-01
       249   -7.1386115238e+01    5.0970436418e+03   -1.0647579245e+02    3.5089677216e+01    4.9616096591e+01   -1.6768391958e+02    1.1592030535e+01    8.0640100000e+05    2.6612898144e+00    9.9534139251e-01
       250   -7.1388093075e+01    5.0973449121e+03   -1.0646850737e+02    3.5080414290e+01    4.9673339444e+01   -1.6775870727e+02    1.1616860464e+01    8.0964300000e+05    2.6458460195e+00    9.9533169749e-01
       251   -7.1388815238e+01    5.0974161955e+03   -1.0674653649e+02    3.5357721255e+01    4.9801640315e+01   -1.6817713628e+02    1.1628959471e+01    8.1737000000e+05    2.6370121900e+00    9.9533256517e-01
       252   -7.1380407952e+01    5.0962195180e+03   -1.0643836413e+02    3.5057956177e+01    4.9638961710e+01   -1.6763473481e+02    1.1557408970e+01    8.2650100000e+05    2.5484820905e+00    9.9538355309e-01
       253   -7.1388565451e+01    5.0973848180e+03   -1.0643252178e+02    3.5043956327e+01    4.9635592519e+01   -1.6752751673e+02    1.1459402435e+01    8.2217000000e+05    2.4188675988e+00    9.9532896447e-01
       254   -7.1386682035e+01    5.0971129914e+03   -1.0635070132e+02    3.4964019284e+01    4.9651983577e+01   -1.6759377540e+02    1.1591090503e+01    8.1948600000e+05    2.5111315975e+00    9.9540957859e-01
       255   -7.1380200742e+01    5.0962011695e+03   -1.0663913907e+02    3.5258938327e+01    4.9731369119e+01   -1.6803936127e+02    1.1668853078e+01    8.0812600000e+05    2.5050470161e+00    9.9533348403e-01
       256   -7.1379457876e+01    5.0960693719e+03   -1.0638231439e+02    3.5002856509e+01    4.9618248438e+01   -1.6755245273e+02    1.1551889909e+01    8.0252100000e+05    2.4864636436e+00    9.9535582685e-01
       257   -7.1386657457e+01    5.0971080300e+03   -1.0636839626e+02    3.4981738807e+01    4.9598624015e+01   -1.6753468385e+02    1.1567663569e+01    8.0458500000e+05    2.3958858394e+00    9.9533809540e-01
       258   -7.1383791107e+01    5.0967193347e+03   -1.0655808807e+02    3.5174296964e+01    4.9679748619e+01   -1.6786234678e+02    1.1624510090e+01    8.0393600000e+05    2.5264352784e+00    9.9530225039e-01
       259   -7.1382092857e+01    5.0964529782e+03   -1.0654094705e+02    3.5158854196e+01    4.9671616701e+01   -1.6787059452e+02    1.1658030767e+01    8.0555600000e+05    2.4982762786e+00    9.9535649719e-01
       260   -7.1384755293e+01    5.0969124484e+03   -1.0651649520e+02    3.5131739905e+01    4.9723036317e+01   -1.6782915180e+02    1.1589620287e+01    8.1371500000e+05    2.5308028932e+00    9.9537345533e-01
       261   -7.1385735821e+01    5.0969768243e+03   -1.0650970512e+02    3.5123969301e+01    4.9675913492e+01   -1.6776744458e+02    1.1581825965e+01    8.0972800000e+05    2.5181093893e+00    9.9530870717e-01
       262   -7.1385330361e+01    5.0969610071e+03   -1.0641599636e+02    3.5030666000e+01    4.9638623130e+01   -1.6760046306e+02    1.1545843573e+01    8.0765300000e+05    2.5192496849e+00    9.9535869915e-01
       263   -7.1387236768e+01    5.0971785439e+03   -1.0634305714e+02    3.4955820369e+01    4.9565435072e+01   -1.6746818141e+02    1.1559689206e+01    8.1575200000e+05    2.5993534238e+00    9.9537102249e-01
       264   -7.1383721754e+01    5.0967450888e+03   -1.0654104853e+02    3.5157326781e+01    4.9713261163e+01   -1.6796418261e+02    1.1709872913e+01    8.2191600000e+05    2.6092064809e+00    9.9531740888e-01
       265   -7.1378039105e+01    5.0958428348e+03   -1.0629282844e+02    3.4914789332e+01    4.9580378512e+01   -1.6738434306e+02    1.1511136110e+01    8.1104800000e+05    2.5998656116e+00    9.9538745592e-01
       266   -7.1376693325e+01    5.0957453074e+03   -1.0651199995e+02    3.5135306625e+01    4.9670230232e+01   -1.6774853472e+02    1.1566304539e+01    8.1398100000e+05    2.5605314460e+00    9.9529864176e-01
       267   -7.1380511542e+01    5.0962078216e+03   -1.0645097984e+02    3.5070468296e+01    4.9674272388e+01   -1.6773786810e+02    1.1612615876e+01    8.0639700000e+05    2.5774479569e+00    9.9532730625e-01
       268   -7.1384868612e+01    5.0968711559e+03   -1.0662067421e+02    3.5235805594e+01    4.9685307595e+01   -1.6789889443e+02    1.1592912634e+01    8.1770700000e+05    2.6239653949e+00    9.9531062129e-01
       269   -7.1388602519e+01    5.0974159193e+03   -1.0656296761e+02    3.5174365087e+01    4.9696746076e+01   -1.6784635577e+02    1.1586642093e+01    8.2299600000e+05    2.5836516058e+00    9.9539582667e-01
       270   -7.1386994811e+01    5.0971766193e+03   -1.0642440267e+02    3.5037407857e+01    4.9619090652e+01   -1.6760541459e+02    1.1561921274e+01    8.1966500000e+05    2.5665642042e+00    9.9540941084e-01
       271   -7.1385460098e+01    5.0969305567e+03   -1.0630025950e+02    3.4914799399e+01    4.9477063401e+01   -1.6727192919e+02    1.1494606290e+01    8.1305700000e+05    2.5726618238e+00    9.9540608862e-01
       272   -7.1384406324e+01    5.0967935752e+03   -1.0631302659e+02    3.4928620266e+01    4.9498621845e+01   -1.6744650666e+02    1.1634858227e+01    8.1678300000e+05    2.5478665084e+00    9.9533277021e-01
       273   -7.1384531490e+01    5.0968547997e+03   -1.0641557890e+02    3.5031047408e+01    4.9605741534e+01   -1.6768389930e+02    1.1662578868e+01    8.1735700000e+05    2.6449385430e+00    9.9536760329e-01
       274   -7.1383686711e+01    5.0967126853e+03   -1.0654978407e+02    3.5166097354e+01    4.9678799926e+01   -1.6783688972e+02    1.1608305726e+01    8.2251700000e+05    2.6079075758e+00    9.9540536569e-01
       275   -7.1390248525e+01    5.0976421148e+03   -1.0654464350e+02    3.5154394977e+01    4.9628011615e+01   -1.6783620560e+02    1.1663550482e+01    8.2522700000e+05    2.6646869008e+00    9.9532013778e-01
       276   -7.1376714024e+01    5.0956940324e+03   -1.0632815443e+02    3.4951440406e+01    4.9550218016e+01   -1.6745898522e+02    1.1580612773e+01    8.1294600000e+05    2.6495246834e+00    9.9540442840e-01
       277   -7.1380852915e+01    5.0962914453e+03   -1.0624741966e+02    3.4866566740e+01    4.9469131337e+01   -1.6734164342e+02    1.1625092431e+01    8.0960700000e+05    2.5993044707e+00    9.9537821314e-01
       278   -7.1384962905e+01    5.0968328611e+03   -1.0620992564e+02    3.4824962735e+01    4.9490994827e+01   -1.6730415657e+02    1.1603236108e+01    8.1672100000e+05    2.5387748510e+00    9.9538383155e-01
       279   -7.1383743630e+01    5.0966917397e+03   -1.0648531506e+02    3.5101571433e+01    4.9600142265e+01   -1.6771823950e+02    1.1632782177e+01    8.2011500000e+05    2.6988846457e+00    9.9530169187e-01
       280   -7.1381791197e+01    5.0964241443e+03   -1.0637192717e+02    3.4990135975e+01    4.9552299541e+01   -1.6750958784e+02    1.1585361127e+01    8.1306800000e+05    2.7233344433e+00    9.9532530474e-01
       281   -7.1387429503e+01    5.0972681375e+03   -1.0622081881e+02    3.4833389309e+01    4.9547124176e+01   -1.6731935561e+02    1.1551412619e+01    8.1694500000e+05    2.7086507622e+00    9.9539293850e-01
       282   -7.1381471884e+01    5.0963581226e+03   -1.0631847124e+02    3.4936999359e+01    4.9574322012e+01   -1.6741392505e+02    1.1521131799e+01    8.0779800000e+05    2.7283939123e+00    9.9537524581e-01
       283   -7.1387951657e+01    5.0973003799e+03   -1.0650569597e+02    3.5117744316e+01    4.9610670918e+01   -1.6768913252e+02    1.1572765629e+01    8.1852500000e+05    2.7059762424e+00    9.9532109150e-01
       284   -7.1383137216e+01    5.0966201621e+03   -1.0638385309e+02    3.5000715878e+01    4.9628799021e+01   -1.6752495377e+02    1.1512301655e+01    8.1363400000e+05    2.7284070721e+00    9.9537237512e-01
       285   -7.1385266020e+01    5.0969199594e+03   -1.0645558041e+02    3.5070314393e+01    4.9698860366e+01   -1.6786644740e+02    1.1712006625e+01    8.1753400000e+05    2.7312268834e+00    9.9535240219e-01
       286   -7.1388868247e+01    5.0974416106e+03   -1.0652101546e+02    3.5132147218e+01    4.9712984393e+01   -1.6781603699e+02    1.1582037130e+01    8.2222500000e+05    2.7079458889e+00    9.9534343602e-01
       287   -7.1382104421e+01    5.0965128651e+03   -1.0650572327e+02    3.5123618847e+01    4.9642349873e+01   -1.6782830098e+02    1.1680227840e+01    8.2692400000e+05    2.7094869143e+00    9.9530805527e-01
       288   -7.1387358342e+01    5.0971943441e+03   -1.0645835728e+02    3.5070998939e+01    4.9578253073e+01   -1.6760900608e+02    1.1572395722e+01    8.2494900000e+05    2.6875306745e+00    9.9533696267e-01
       289   -7.1387450633e+01    5.0972466550e+03   -1.0637049659e+02    3.4983045957e+01    4.9555275632e+01   -1.6751177868e+02    1.1586006461e+01    8.2020000000e+05    2.7184886597e+00    9.9533979341e-01
       290   -7.1384780384e+01    5.0968357077e+03   -1.0635426551e+02    3.4969485124e+01    4.9554834675e+01   -1.6756246562e+02    1.1653365436e+01    8.1460800000e+05    2.7707507787e+00    9.9537417231e-01
       291   -7.1388990687e+01    5.0974458810e+03   -1.0647945597e+02    3.5090465287e+01    4.9602751369e+01   -1.6767465637e+02    1.1592449023e+01    8.2126900000e+05    2.7178636407e+00    9.9532856346e-01
       292   -7.1379779908e+01    5.0961670599e+03   -1.0668343734e+02    3.5303657433e+01    4.9688023471e+01   -1.6799885445e+02    1.1627393639e+01    8.2302600000e+05    2.7290754861e+00    9.9533354910e-01
       293   -7.1388714769e+01    5.0974097275e+03   -1.0648127034e+02    3.5092555566e+01    4.9598185149e+01   -1.6774925939e+02    1.1669803903e+01    8.2489700000e+05    2.7337089917e+00    9.9533062181e-01
       294   -7.1385567835e+01    5.0969549400e+03   -1.0647785279e+02    3.5092284959e+01    4.9605919455e+01   -1.6776215578e+02    1.1678383536e+01    8.2104400000e+05    2.7042290191e+00    9.9536073531e-01
       295   -7.1380406721e+01    5.0962543612e+03   -1.0657901758e+02    3.5198610858e+01    4.9642738737e+01   -1.6783589703e+02    1.1614140709e+01    8.0990300000e+05    2.7123607474e+00    9.9534276087e-01
       296   -7.1386231811e+01    5.0970406706e+03   -1.0636598299e+02    3.4979751176e+01    4.9601673554e+01   -1.6753588616e+02    1.1568229619e+01    8.0710200000e+05    2.6823884721e+00    9.9534682620e-01
       297   -7.1387608236e+01    5.0972454182e+03   -1.0626899223e+02    3.4881383998e+01    4.9471082478e+01   -1.6737741023e+02    1.1637335522e+01    8.1446000000e+05    2.6632315197e+00    9.9537505251e-01
       298   -7.1387960693e+01    5.0972771087e+03   -1.0628177530e+02    3.4893814606e+01    4.9464000340e+01   -1.6727885293e+02    1.1533077292e+01    8.1369100000e+05    2.6562477862e+00    9.9534909259e-01
       299   -7.1390043544e+01    5.0976140654e+03   -1.0650871381e+02    3.5118670264e+01    4.9531480200e+01   -1.6755887890e+02    1.1518684887e+01    8.1397000000e+05    2.6949093081e+00    9.9535911899e-01
