#   index    LocalEnergy         LocalEnergy_sq      LocalPotential      Kinetic             ElecElec            LocalECP            NonLocalECP         BlockWeight         BlockCPU            AcceptRatio         
         0   -1.0375280243e+02    1.0769757699e+04   -1.6068322123e+02    5.6930418802e+01    7.5712688216e+01   -2.5115557013e+02    1.4759660680e+01    2.0480000000e+03    3.6184586656e+00    4.8762261285e-01
         1   -1.0382108946e+02    1.0782396203e+04   -1.6202826663e+02    5.8207177165e+01    7.5912789437e+01   -2.5210437899e+02    1.4163322929e+01    2.0480000000e+03    3.7211398104e+00    4.8736653646e-01
         2   -1.0380651763e+02    1.0780197971e+04   -1.6185458282e+02    5.8048065193e+01    7.6166987273e+01   -2.5274851886e+02    1.4726948765e+01    2.0480000000e+03    3.7077867563e+00    4.8783962674e-01
         3   -1.0382449143e+02    1.0782936850e+04   -1.6147809236e+02    5.7653600928e+01    7.5870315849e+01   -2.5201210675e+02    1.4663698537e+01    2.0480000000e+03    3.7115023450e+00    4.8831054687e-01
         4   -1.0378897021e+02    1.0776066096e+04   -1.6202224388e+02    5.8233273667e+01    7.5813112350e+01   -2.5221782300e+02    1.4382466778e+01    2.0480000000e+03    3.7079948081e+00    4.8744683160e-01
         5   -1.0365669386e+02    1.0751871955e+04   -1.6137121992e+02    5.7714526064e+01    7.5753660709e+01   -2.5067572391e+02    1.3550843281e+01    2.0480000000e+03    3.7086129721e+00    4.8760633681e-01
         6   -1.0373115360e+02    1.0765454376e+04   -1.6123972641e+02    5.7508572818e+01    7.6094102832e+01   -2.5194204653e+02    1.4608217284e+01    2.0480000000e+03    3.7015274881e+00    4.8843098958e-01
         7   -1.0373278889e+02    1.0768066350e+04   -1.6240529402e+02    5.8672505135e+01    7.6176332808e+01   -2.5290472681e+02    1.4323099977e+01    2.0480000000e+03    3.7052059956e+00    4.8784830729e-01
         8   -1.0377055159e+02    1.0774459222e+04   -1.6302308059e+02    5.9252528998e+01    7.6164300754e+01   -2.5323110002e+02    1.4043718672e+01    2.0480000000e+03    3.7062711647e+00    4.8741210938e-01
         9   -1.0374667187e+02    1.0767368079e+04   -1.6116108536e+02    5.7414413486e+01    7.5796047565e+01   -2.5096529151e+02    1.4008158590e+01    2.0480000000e+03    3.7099281681e+00    4.8820855035e-01
        10   -1.0387075823e+02    1.0793634651e+04   -1.6120159938e+02    5.7330841151e+01    7.5782717792e+01   -2.5158441365e+02    1.4600096476e+01    2.0480000000e+03    3.7036199102e+00    4.8768771701e-01
        11   -1.0376954367e+02    1.0773938976e+04   -1.6110375614e+02    5.7334212471e+01    7.5678300494e+01   -2.5055671456e+02    1.3774657928e+01    2.0480000000e+03    3.7089527255e+00    4.8779296875e-01
        12   -1.0380190800e+02    1.0779132491e+04   -1.6199327016e+02    5.8191362159e+01    7.5778004242e+01   -2.5226468837e+02    1.4493413966e+01    2.0480000000e+03    3.7033115298e+00    4.8637803819e-01
        13   -1.0374789339e+02    1.0768409870e+04   -1.6183197322e+02    5.8084079823e+01    7.5956062026e+01   -2.5161425666e+02    1.3826221421e+01    2.0480000000e+03    3.7021693144e+00    4.8681857639e-01
        14   -1.0379268201e+02    1.0777540448e+04   -1.6122538502e+02    5.7432703007e+01    7.5880019333e+01   -2.5168964416e+02    1.4584239810e+01    2.0480000000e+03    3.7133640046e+00    4.8769639757e-01
        15   -1.0384716676e+02    1.0788220061e+04   -1.6135159166e+02    5.7504424894e+01    7.5818260420e+01   -2.5217511042e+02    1.5005258339e+01    2.0480000000e+03    3.7063002664e+00    4.8870442708e-01
        16   -1.0374729960e+02    1.0768332866e+04   -1.6140400327e+02    5.7656703669e+01    7.5806812205e+01   -2.5097062678e+02    1.3759811306e+01    2.0480000000e+03    3.7042613435e+00    4.8799262153e-01
        17   -1.0384188726e+02    1.0787663201e+04   -1.6150458738e+02    5.7662700127e+01    7.5811570722e+01   -2.5111051059e+02    1.3794352483e+01    2.0480000000e+03    3.7106271797e+00    4.8801215278e-01
        18   -1.0384488855e+02    1.0789413772e+04   -1.6187975732e+02    5.8034868773e+01    7.5764492436e+01   -2.5195425976e+02    1.4310010005e+01    2.0480000000e+03    3.7031420950e+00    4.8795464410e-01
        19   -1.0372703466e+02    1.0764890472e+04   -1.6118165366e+02    5.7454619005e+01    7.5782420752e+01   -2.5166655076e+02    1.4702476343e+01    2.0480000000e+03    3.7063054501e+00    4.8833224826e-01
        20   -1.0384593896e+02    1.0788235921e+04   -1.6159116925e+02    5.7745230285e+01    7.5821633377e+01   -2.5181823251e+02    1.4405429883e+01    2.0480000000e+03    3.7042805941e+00    4.8829861111e-01
        21   -1.0386396415e+02    1.0791672340e+04   -1.6117245841e+02    5.7308494265e+01    7.5632749632e+01   -2.5111739568e+02    1.4312187635e+01    2.0480000000e+03    3.7060220165e+00    4.8847439236e-01
        22   -1.0371647599e+02    1.0764430218e+04   -1.6080533063e+02    5.7088854644e+01    7.5815755519e+01   -2.5083685932e+02    1.4215773169e+01    2.0480000000e+03    3.7030767415e+00    4.8672526042e-01
        23   -1.0382719641e+02    1.0784403783e+04   -1.6181527492e+02    5.7988078504e+01    7.6070513966e+01   -2.5228678736e+02    1.4400998481e+01    2.0480000000e+03    3.7092936422e+00    4.8783094618e-01
        24   -1.0379539753e+02    1.0778272203e+04   -1.6187087083e+02    5.8075473299e+01    7.5663993050e+01   -2.5145744060e+02    1.3922576717e+01    2.0480000000e+03    3.7113673963e+00    4.8740342882e-01
        25   -1.0390749847e+02    1.0800918346e+04   -1.6161456868e+02    5.7707070211e+01    7.5866559602e+01   -2.5128474060e+02    1.3803612319e+01    2.0480000000e+03    3.7047435363e+00    4.8725043403e-01
        26   -1.0376966423e+02    1.0772714315e+04   -1.6147982184e+02    5.7710157609e+01    7.6013539785e+01   -2.5226950622e+02    1.4776144599e+01    2.0480000000e+03    3.6954970615e+00    4.8708116319e-01
        27   -1.0376712157e+02    1.0773552201e+04   -1.6123463937e+02    5.7467517792e+01    7.5949094544e+01   -2.5151209841e+02    1.4328364500e+01    2.0480000000e+03    3.7031818655e+00    4.8822048611e-01
        28   -1.0382874413e+02    1.0784877905e+04   -1.6117970596e+02    5.7350961829e+01    7.5772783181e+01   -2.5183236117e+02    1.4879872023e+01    2.0480000000e+03    3.7013933639e+00    4.8891384549e-01
        29   -1.0381007655e+02    1.0781421689e+04   -1.6166644376e+02    5.7856367206e+01    7.6007056282e+01   -2.5170395491e+02    1.4030454868e+01    2.0480000000e+03    3.7001089002e+00    4.8811197917e-01
        30   -1.0381618740e+02    1.0781843250e+04   -1.6241976108e+02    5.8603573684e+01    7.6241474362e+01   -2.5269886031e+02    1.4037624864e+01    2.0480000000e+03    3.7029115979e+00    4.8738064236e-01
        31   -1.0387289651e+02    1.0795405330e+04   -1.6117295343e+02    5.7300056921e+01    7.5767986934e+01   -2.5098293394e+02    1.4041993577e+01    2.0480000000e+03    3.7075329340e+00    4.8735894097e-01
        32   -1.0386270447e+02    1.0791339775e+04   -1.6141038715e+02    5.7547682682e+01    7.5647853905e+01   -2.5148920536e+02    1.4430964298e+01    2.0480000000e+03    3.7005807472e+00    4.8759006076e-01
        33   -1.0375396369e+02    1.0769578998e+04   -1.6180848040e+02    5.8054516710e+01    7.5879941598e+01   -2.5181930782e+02    1.4130885820e+01    2.0480000000e+03    3.6991166818e+00    4.8914930556e-01
        34   -1.0376827626e+02    1.0771502409e+04   -1.6180885851e+02    5.8040582246e+01    7.6074954047e+01   -2.5214426825e+02    1.4260455696e+01    2.0480000000e+03    3.7041500371e+00    4.8773220486e-01
        35   -1.0382707273e+02    1.0785391349e+04   -1.6222068499e+02    5.8393612262e+01    7.6030178694e+01   -2.5246137239e+02    1.4210508712e+01    2.0480000000e+03    3.7094640478e+00    4.8887478299e-01
        36   -1.0378808463e+02    1.0780752008e+04   -1.6171280524e+02    5.7924720613e+01    7.5989040235e+01   -2.5193039385e+02    1.4228548375e+01    2.0480000000e+03    3.7089552919e+00    4.8757269965e-01
        37   -1.0372038043e+02    1.0763991665e+04   -1.6205079994e+02    5.8330419515e+01    7.6283010802e+01   -2.5305155660e+02    1.4717745853e+01    2.0480000000e+03    3.7082009093e+00    4.8801323785e-01
        38   -1.0384233672e+02    1.0788227884e+04   -1.6172007761e+02    5.7877740894e+01    7.5995164393e+01   -2.5280428161e+02    1.5089039602e+01    2.0480000000e+03    3.7068711469e+00    4.8765950521e-01
        39   -1.0382390818e+02    1.0783855046e+04   -1.6214615524e+02    5.8322247062e+01    7.6081767667e+01   -2.5240807065e+02    1.4180147740e+01    2.0480000000e+03    3.7002796099e+00    4.8701171875e-01
        40   -1.0379157383e+02    1.0777412658e+04   -1.6243845353e+02    5.8646879700e+01    7.6073116413e+01   -2.5286365377e+02    1.4352083824e+01    2.0480000000e+03    3.7092046876e+00    4.8710286458e-01
        41   -1.0389698978e+02    1.0797902289e+04   -1.6264240175e+02    5.8745411970e+01    7.5942240345e+01   -2.5236296964e+02    1.3778327549e+01    2.0480000000e+03    3.7075946878e+00    4.8807725694e-01
        42   -1.0387279255e+02    1.0793505540e+04   -1.6174036685e+02    5.7867574293e+01    7.5912251485e+01   -2.5197706272e+02    1.4324444390e+01    2.0480000000e+03    3.7011234635e+00    4.8783637153e-01
        43   -1.0371176616e+02    1.0766741065e+04   -1.6176009406e+02    5.8048327898e+01    7.5795311482e+01   -2.5218144355e+02    1.4626038005e+01    2.0480000000e+03    3.6963280124e+00    4.8802842882e-01
        44   -1.0367248915e+02    1.0755252647e+04   -1.6114667510e+02    5.7474185941e+01    7.5939498962e+01   -2.5198897174e+02    1.4902797684e+01    2.0480000000e+03    3.7150300586e+00    4.8927083333e-01
        45   -1.0372603436e+02    1.0765823712e+04   -1.6263918427e+02    5.8913149901e+01    7.5994130404e+01   -2.5234862280e+02    1.3715308128e+01    2.0480000000e+03    3.7066010357e+00    4.8787977431e-01
        46   -1.0380373427e+02    1.0781101240e+04   -1.6135398134e+02    5.7550247072e+01    7.6028745874e+01   -2.5165889724e+02    1.4276170028e+01    2.0480000000e+03    3.7100829816e+00    4.8839735243e-01
        47   -1.0375098583e+02    1.0777448582e+04   -1.6160953554e+02    5.7858549706e+01    7.6269614019e+01   -2.5199995686e+02    1.4120807306e+01    2.0480000000e+03    3.7025601589e+00    4.8770833333e-01
        48   -1.0375235798e+02    1.0769077240e+04   -1.6189268818e+02    5.8140330194e+01    7.6151020486e+01   -2.5213392586e+02    1.4090217193e+01    2.0480000000e+03    3.7051803718e+00    4.8671766493e-01
        49   -1.0380112965e+02    1.0779397304e+04   -1.6192688735e+02    5.8125757692e+01    7.5911408273e+01   -2.5225045183e+02    1.4412156216e+01    2.0480000000e+03    3.7044795883e+00    4.8834635417e-01
        50   -1.0382823388e+02    1.0797104674e+04   -1.6198798310e+02    5.8159749212e+01    7.5829272284e+01   -2.5159103871e+02    1.3773783327e+01    2.0480000000e+03    3.7051266886e+00    4.8774197049e-01
        51   -1.0383082150e+02    1.0784993502e+04   -1.6192527272e+02    5.8094451216e+01    7.5837072386e+01   -2.5178463308e+02    1.4022287975e+01    2.0480000000e+03    3.7028414123e+00    4.8766059028e-01
        52   -1.0384256498e+02    1.0787328586e+04   -1.6127624274e+02    5.7433677757e+01    7.5649017285e+01   -2.5073609725e+02    1.3810837227e+01    2.0480000000e+03    3.7010494332e+00    4.8803819444e-01
        53   -1.0374368271e+02    1.0768040438e+04   -1.6071882516e+02    5.6975142450e+01    7.5867644023e+01   -2.5115887142e+02    1.4572402238e+01    2.0480000000e+03    3.7103645368e+00    4.8805989583e-01
        54   -1.0383127948e+02    1.0786412483e+04   -1.6203314451e+02    5.8201865030e+01    7.5856728582e+01   -2.5232807162e+02    1.4438198526e+01    2.0480000000e+03    3.7082495064e+00    4.8792534722e-01
        55   -1.0386573471e+02    1.0791433541e+04   -1.6195584413e+02    5.8090109424e+01    7.5994853823e+01   -2.5167375279e+02    1.3723054836e+01    2.0480000000e+03    3.7047863269e+00    4.8761284722e-01
        56   -1.0381558481e+02    1.0783098144e+04   -1.6237565433e+02    5.8560069522e+01    7.6062948551e+01   -2.5222433800e+02    1.3785735124e+01    2.0480000000e+03    3.7029687986e+00    4.8856553819e-01
        57   -1.0382663094e+02    1.0784423594e+04   -1.6140371399e+02    5.7577083056e+01    7.5717588818e+01   -2.5090920641e+02    1.3787903598e+01    2.0480000000e+03    3.7012870834e+00    4.8750000000e-01
        58   -1.0377487903e+02    1.0774126324e+04   -1.6177618432e+02    5.8001305288e+01    7.5952095366e+01   -2.5166128247e+02    1.3933002783e+01    2.0480000000e+03    3.7051456596e+00    4.8842664931e-01
        59   -1.0379526677e+02    1.0777752808e+04   -1.6188125132e+02    5.8085984549e+01    7.5692159730e+01   -2.5165422237e+02    1.4080811322e+01    2.0480000000e+03    3.7036958213e+00    4.8741319444e-01
        60   -1.0370661892e+02    1.0759385101e+04   -1.6159071996e+02    5.7884101037e+01    7.6006670544e+01   -2.5218744140e+02    1.4590050904e+01    2.0480000000e+03    3.7117601086e+00    4.8778971354e-01
        61   -1.0376666544e+02    1.0773301478e+04   -1.6179977002e+02    5.8033104580e+01    7.5947639798e+01   -2.5184300479e+02    1.4095594977e+01    2.0480000000e+03    3.7106940744e+00    4.8731662326e-01
        62   -1.0377040093e+02    1.0775539340e+04   -1.6182522763e+02    5.8054826700e+01    7.6102455754e+01   -2.5177067886e+02    1.3842995468e+01    2.0480000000e+03    3.7100172882e+00    4.8757486979e-01
        63   -1.0374586092e+02    1.0768065980e+04   -1.6155688049e+02    5.7811019575e+01    7.6055664498e+01   -2.5197557165e+02    1.4363026658e+01    2.0480000000e+03    3.7157695778e+00    4.8805555556e-01
        64   -1.0364972548e+02    1.0789301091e+04   -1.6140668740e+02    5.7756961918e+01    7.5911236422e+01   -2.5173115652e+02    1.4413232695e+01    2.0480000000e+03    3.7098317922e+00    4.8695638021e-01
        65   -1.0377577674e+02    1.0773954297e+04   -1.6254360209e+02    5.8767825349e+01    7.6109951276e+01   -2.5296657564e+02    1.4313022273e+01    2.0480000000e+03    3.7111369361e+00    4.8809027778e-01
        66   -1.0376696312e+02    1.0773717550e+04   -1.6132977649e+02    5.7562813368e+01    7.5761160157e+01   -2.5117064771e+02    1.4079711060e+01    2.0480000000e+03    3.7067840395e+00    4.8769314236e-01
        67   -1.0371059217e+02    1.0762291320e+04   -1.6177884867e+02    5.8068256501e+01    7.6060172243e+01   -2.5218551914e+02    1.4346498226e+01    2.0480000000e+03    3.7108316098e+00    4.8785915799e-01
        68   -1.0381964171e+02    1.0783466610e+04   -1.6181207973e+02    5.7992438022e+01    7.5999148630e+01   -2.5219019556e+02    1.4378967202e+01    2.0480000000e+03    3.7027573783e+00    4.8818033854e-01
        69   -1.0380274904e+02    1.0779458414e+04   -1.6186901607e+02    5.8066267028e+01    7.5900597631e+01   -2.5210424001e+02    1.4334626306e+01    2.0480000000e+03    3.7026501851e+00    4.8747721354e-01
        70   -1.0374352957e+02    1.0767189975e+04   -1.6221667077e+02    5.8473141208e+01    7.5940300936e+01   -2.5208273337e+02    1.3925761663e+01    2.0480000000e+03    3.7002404538e+00    4.8830729167e-01
        71   -1.0374957806e+02    1.0770795198e+04   -1.6162714297e+02    5.7877564912e+01    7.5921191984e+01   -2.5205366030e+02    1.4505325347e+01    2.0480000000e+03    3.7016318946e+00    4.8769531250e-01
        72   -1.0378240009e+02    1.0775198876e+04   -1.6153818704e+02    5.7755786945e+01    7.5827498168e+01   -2.5064318313e+02    1.3277497923e+01    2.0480000000e+03    3.7088665221e+00    4.8723632813e-01
        73   -1.0377369377e+02    1.0773559381e+04   -1.6216753906e+02    5.8393845284e+01    7.6023979411e+01   -2.5193870923e+02    1.3747190758e+01    2.0480000000e+03    3.7089158429e+00    4.8636284722e-01
        74   -1.0383639442e+02    1.0792781761e+04   -1.6076528941e+02    5.6928894989e+01    7.5775711275e+01   -2.5114426859e+02    1.4603267903e+01    2.0480000000e+03    3.7050369927e+00    4.8772460937e-01
        75   -1.0375310248e+02    1.0772818910e+04   -1.6162722199e+02    5.7874119516e+01    7.6134676396e+01   -2.5136490679e+02    1.3603008403e+01    2.0480000000e+03    3.7036034783e+00    4.8833007813e-01
        76   -1.0377173841e+02    1.0773560711e+04   -1.6144840240e+02    5.7676663991e+01    7.5795468861e+01   -2.5135205697e+02    1.4108185705e+01    2.0480000000e+03    3.7082427476e+00    4.8736219618e-01
        77   -1.0377350208e+02    1.0774214611e+04   -1.6063518182e+02    5.6861679737e+01    7.5707907679e+01   -2.5022027934e+02    1.3877189842e+01    2.0480000000e+03    3.7057195029e+00    4.8732964410e-01
        78   -1.0394921470e+02    1.0809364644e+04   -1.6108314508e+02    5.7133930378e+01    7.5735080278e+01   -2.5139442054e+02    1.4576195181e+01    2.0480000000e+03    3.7130242153e+00    4.8809244792e-01
        79   -1.0383900025e+02    1.0788184775e+04   -1.6173452907e+02    5.7895528821e+01    7.5940323194e+01   -2.5239538317e+02    1.4720530907e+01    2.0480000000e+03    3.7044833016e+00    4.8906575521e-01
        80   -1.0386085520e+02    1.0790979372e+04   -1.6240886263e+02    5.8548007430e+01    7.6031519939e+01   -2.5222044482e+02    1.3780062251e+01    2.0480000000e+03    3.7129028045e+00    4.8798828125e-01
        81   -1.0373670302e+02    1.0767032182e+04   -1.6149209133e+02    5.7755388307e+01    7.6167274549e+01   -2.5209839542e+02    1.4439029542e+01    2.0480000000e+03    3.7031462386e+00    4.8766601563e-01
        82   -1.0377288002e+02    1.0774619923e+04   -1.6200151487e+02    5.8228634853e+01    7.6222867494e+01   -2.5222160021e+02    1.3997217848e+01    2.0480000000e+03    3.7038323631e+00    4.8744140625e-01
        83   -1.0385587340e+02    1.0792736311e+04   -1.6233630378e+02    5.8480430373e+01    7.6041201854e+01   -2.5234092963e+02    1.3963424002e+01    2.0480000000e+03    3.7105741594e+00    4.8733506944e-01
        84   -1.0374619381e+02    1.0769326285e+04   -1.6179930320e+02    5.8053109391e+01    7.5927683477e+01   -2.5176648450e+02    1.4039497827e+01    2.0480000000e+03    3.7026503495e+00    4.8716362847e-01
        85   -1.0375214064e+02    1.0770395996e+04   -1.6159034913e+02    5.7838208491e+01    7.5759869824e+01   -2.5098369296e+02    1.3633473999e+01    2.0480000000e+03    3.7112183444e+00    4.8809136285e-01
        86   -1.0374920761e+02    1.0768327259e+04   -1.6158614834e+02    5.7836940727e+01    7.5760503573e+01   -2.5161581891e+02    1.4269166998e+01    2.0480000000e+03    3.7020241731e+00    4.8803602431e-01
        87   -1.0376407282e+02    1.0771692821e+04   -1.6233230962e+02    5.8568236791e+01    7.6037397941e+01   -2.5227155538e+02    1.3901847825e+01    2.0480000000e+03    3.7065951278e+00    4.8758789063e-01
        88   -1.0373551068e+02    1.0769554415e+04   -1.6169612452e+02    5.7960613838e+01    7.6044188860e+01   -2.5240764438e+02    1.4667331004e+01    2.0480000000e+03    3.7050266735e+00    4.8868489583e-01
        89   -1.0373811617e+02    1.0766208676e+04   -1.6116469405e+02    5.7426577885e+01    7.6105664744e+01   -2.5165181342e+02    1.4381454628e+01    2.0480000000e+03    3.7077685404e+00    4.8802408854e-01
        90   -1.0383089929e+02    1.0785163558e+04   -1.6161288130e+02    5.7781982004e+01    7.5713802234e+01   -2.5153117486e+02    1.4204491324e+01    2.0480000000e+03    3.6981506696e+00    4.8785047743e-01
        91   -1.0382136035e+02    1.0783345843e+04   -1.6192548862e+02    5.8104128266e+01    7.6178667866e+01   -2.5308116344e+02    1.4977006957e+01    2.0480000000e+03    3.7077189957e+00    4.8850911458e-01
        92   -1.0377330639e+02    1.0773002251e+04   -1.6144703422e+02    5.7673727825e+01    7.5550485158e+01   -2.5114540394e+02    1.4147884565e+01    2.0480000000e+03    3.6941808169e+00    4.8760091146e-01
        93   -1.0373088102e+02    1.0765645986e+04   -1.6201453896e+02    5.8283657934e+01    7.6189097152e+01   -2.5260283726e+02    1.4399201153e+01    2.0480000000e+03    3.7085548961e+00    4.8806966146e-01
        94   -1.0388127206e+02    1.0794990621e+04   -1.6157413558e+02    5.7692863527e+01    7.5835123661e+01   -2.5233660454e+02    1.4927345296e+01    2.0480000000e+03    3.7077191737e+00    4.8764865451e-01
        95   -1.0381163055e+02    1.0781556110e+04   -1.6148294296e+02    5.7671312408e+01    7.5649893499e+01   -2.5113196497e+02    1.3999128512e+01    2.0480000000e+03    3.6998744468e+00    4.8824869792e-01
        96   -1.0380423999e+02    1.0779773737e+04   -1.6107721770e+02    5.7272977710e+01    7.5927837998e+01   -2.5122502408e+02    1.4219968387e+01    2.0480000000e+03    3.7037211203e+00    4.8798068576e-01
        97   -1.0376517032e+02    1.0771412926e+04   -1.6166695405e+02    5.7901783734e+01    7.6066681441e+01   -2.5194955516e+02    1.4215919669e+01    2.0480000000e+03    3.7036121346e+00    4.8740993924e-01
        98   -1.0383442956e+02    1.0785545712e+04   -1.6269896922e+02    5.8864539654e+01    7.6098616930e+01   -2.5306039206e+02    1.4262805915e+01    2.0480000000e+03    3.7092181862e+00    4.8837239583e-01
        99   -1.0385975058e+02    1.0791556156e+04   -1.6186144435e+02    5.8001693775e+01    7.5931668743e+01   -2.5235459818e+02    1.4561485082e+01    2.0480000000e+03    3.6987400230e+00    4.8717990451e-01
       100   -1.0371030356e+02    1.0765283156e+04   -1.6162405325e+02    5.7913749689e+01    7.5874907895e+01   -2.5169497247e+02    1.4196011318e+01    2.0480000000e+03    3.7083628101e+00    4.8691514757e-01
       101   -1.0383395995e+02    1.0786916672e+04   -1.6120806633e+02    5.7374106378e+01    7.5899651695e+01   -2.5170710739e+02    1.4599389365e+01    2.0480000000e+03    3.7180068460e+00    4.8722547743e-01
       102   -1.0374736562e+02    1.0767801660e+04   -1.6131249714e+02    5.7565131522e+01    7.5686627199e+01   -2.5043836637e+02    1.3439242030e+01    2.0480000000e+03    3.7195562115e+00    4.8817599826e-01
       103   -1.0377878054e+02    1.0775523814e+04   -1.6151048903e+02    5.7731708485e+01    7.5440943061e+01   -2.5010755005e+02    1.3156117960e+01    2.0480000000e+03    3.7014224903e+00    4.8779622396e-01
       104   -1.0374797998e+02    1.0770040338e+04   -1.6118323761e+02    5.7435257628e+01    7.5911971290e+01   -2.5146955125e+02    1.4374342343e+01    2.0480000000e+03    3.7085686293e+00    4.8722981771e-01
       105   -1.0381210852e+02    1.0781541930e+04   -1.6220843434e+02    5.8396325814e+01    7.6005407912e+01   -2.5299650059e+02    1.4782658337e+01    2.0480000000e+03    3.7084450745e+00    4.8806966146e-01
       106   -1.0390006768e+02    1.0799914495e+04   -1.6137173534e+02    5.7471667663e+01    7.5740552235e+01   -2.5190598791e+02    1.4793700333e+01    2.0480000000e+03    3.7153074491e+00    4.8810438368e-01
       107   -1.0375899623e+02    1.0770903532e+04   -1.6132690246e+02    5.7567906229e+01    7.5745743704e+01   -2.5079972873e+02    1.3727082561e+01    2.0480000000e+03    3.7106357814e+00    4.8761718750e-01
       108   -1.0372617620e+02    1.0770834438e+04   -1.6138727374e+02    5.7661097536e+01    7.5847475838e+01   -2.5145048301e+02    1.4215733428e+01    2.0480000000e+03    3.7131781366e+00    4.8720811632e-01
       109   -1.0373923111e+02    1.0769455499e+04   -1.6107778452e+02    5.7338553408e+01    7.5724507654e+01   -2.5083276414e+02    1.4030471970e+01    2.0480000000e+03    3.7110814658e+00    4.8864149306e-01
       110   -1.0382840834e+02    1.0784609297e+04   -1.6191248309e+02    5.8084074757e+01    7.6026422756e+01   -2.5255533843e+02    1.4616432582e+01    2.0480000000e+03    3.7020777953e+00    4.8789279514e-01
       111   -1.0378516518e+02    1.0777449299e+04   -1.6136237759e+02    5.7577212410e+01    7.5789797676e+01   -2.5137927970e+02    1.4227104437e+01    2.0480000000e+03    3.7035425865e+00    4.8719184028e-01
       112   -1.0383674499e+02    1.0786765971e+04   -1.6156365160e+02    5.7726906616e+01    7.5545933299e+01   -2.5053747777e+02    1.3427892865e+01    2.0480000000e+03    3.7067352239e+00    4.8729166667e-01
       113   -1.0374623360e+02    1.0767947048e+04   -1.6141320168e+02    5.7666968081e+01    7.5852875028e+01   -2.5168040224e+02    1.4414325530e+01    2.0480000000e+03    3.7167491195e+00    4.8854166667e-01
       114   -1.0367089657e+02    1.0756941780e+04   -1.6186057686e+02    5.8189680292e+01    7.6086651988e+01   -2.5156547425e+02    1.3618245403e+01    2.0480000000e+03    3.7066576310e+00    4.8827799479e-01
       115   -1.0372264203e+02    1.0763252117e+04   -1.6137720126e+02    5.7654559228e+01    7.5829949214e+01   -2.5111268086e+02    1.3905530383e+01    2.0480000000e+03    3.7072629717e+00    4.8802300347e-01
       116   -1.0384301549e+02    1.0787448620e+04   -1.6180940904e+02    5.7966393553e+01    7.5974847204e+01   -2.5203896718e+02    1.4254710940e+01    2.0480000000e+03    3.7040887350e+00    4.8782118056e-01
       117   -1.0378705902e+02    1.0778406545e+04   -1.6144955788e+02    5.7662498858e+01    7.5780976137e+01   -2.5159845569e+02    1.4367921670e+01    2.0480000000e+03    3.6960312580e+00    4.8720269097e-01
       118   -1.0374666629e+02    1.0768604319e+04   -1.6100849119e+02    5.7261824902e+01    7.5857219633e+01   -2.5122563424e+02    1.4359923419e+01    2.0480000000e+03    3.7053961225e+00    4.8819010417e-01
       119   -1.0377645756e+02    1.0774278839e+04   -1.6178570968e+02    5.8009252116e+01    7.5791982695e+01   -2.5165945063e+02    1.4081758253e+01    2.0480000000e+03    3.7050761405e+00    4.8853624132e-01
       120   -1.0370035651e+02    1.0758819537e+04   -1.6152408815e+02    5.7823731638e+01    7.6034513546e+01   -2.5163213163e+02    1.4073529934e+01    2.0480000000e+03    3.7083655278e+00    4.8878689236e-01
       121   -1.0381905332e+02    1.0782548080e+04   -1.6101127902e+02    5.7192225693e+01    7.5602422028e+01   -2.5068713425e+02    1.4073433208e+01    2.0480000000e+03    3.7043886051e+00    4.8792317708e-01
       122   -1.0381640957e+02    1.0782255751e+04   -1.6222917375e+02    5.8412764173e+01    7.6026597091e+01   -2.5228145496e+02    1.4025684122e+01    2.0480000000e+03    3.7101598204e+00    4.8822808160e-01
       123   -1.0378625645e+02    1.0778299102e+04   -1.6227255545e+02    5.8486298994e+01    7.6134735898e+01   -2.5298657069e+02    1.4579279343e+01    2.0480000000e+03    3.7108832209e+00    4.8725694444e-01
       124   -1.0370410277e+02    1.0779439765e+04   -1.6193684698e+02    5.8232744213e+01    7.6312512648e+01   -2.5229215936e+02    1.4042799732e+01    2.0480000000e+03    3.7065137136e+00    4.8750651042e-01
       125   -1.0372334553e+02    1.0763390040e+04   -1.6147006232e+02    5.7746716790e+01    7.5900151743e+01   -2.5142157620e+02    1.4051362137e+01    2.0480000000e+03    3.7036841940e+00    4.8781467014e-01
       126   -1.0379554432e+02    1.0785230788e+04   -1.6065550646e+02    5.6859962135e+01    7.5662152562e+01   -2.5069534564e+02    1.4377686622e+01    2.0480000000e+03    3.7035025434e+00    4.8729492188e-01
       127   -1.0381997600e+02    1.0783213914e+04   -1.6159535204e+02    5.7775376039e+01    7.6125057034e+01   -2.5228855307e+02    1.4568143998e+01    2.0480000000e+03    3.7100796512e+00    4.8837999132e-01
       128   -1.0381083172e+02    1.0781041429e+04   -1.6067710584e+02    5.6866274118e+01    7.5605144916e+01   -2.5032906442e+02    1.4046813667e+01    2.0480000000e+03    3.6998175001e+00    4.8813585069e-01
       129   -1.0384024490e+02    1.0786950679e+04   -1.6186637784e+02    5.8026132941e+01    7.6163891068e+01   -2.5238429636e+02    1.4354027446e+01    2.0480000000e+03    3.7082384460e+00    4.8718207465e-01
       130   -1.0378369545e+02    1.0779586365e+04   -1.6152381505e+02    5.7740119601e+01    7.6037916510e+01   -2.5160557343e+02    1.4043841864e+01    2.0480000000e+03    3.7084633124e+00    4.8828016493e-01
       131   -1.0381434145e+02    1.0783148889e+04   -1.6178184337e+02    5.7967501917e+01    7.5734796108e+01   -2.5173679944e+02    1.4220159957e+01    2.0480000000e+03    3.7085841466e+00    4.8871093750e-01
       132   -1.0379110217e+02    1.0779921688e+04   -1.6178670525e+02    5.7995603076e+01    7.5733250493e+01   -2.5115340892e+02    1.3633453182e+01    2.0480000000e+03    3.6993994326e+00    4.8828776042e-01
       133   -1.0373554794e+02    1.0770034885e+04   -1.6070111214e+02    5.6965564207e+01    7.5997576433e+01   -2.5099913285e+02    1.4300444269e+01    2.0480000000e+03    3.7001328771e+00    4.8775716146e-01
       134   -1.0381416762e+02    1.0780913171e+04   -1.6194050059e+02    5.8126332969e+01    7.5898261303e+01   -2.5143391802e+02    1.3595156135e+01    2.0480000000e+03    3.7001796932e+00    4.8773980035e-01
       135   -1.0374263069e+02    1.0769200402e+04   -1.6181926689e+02    5.8076636201e+01    7.5974055273e+01   -2.5149583676e+02    1.3702514590e+01    2.0480000000e+03    3.7092915189e+00    4.8693684896e-01
       136   -1.0388537733e+02    1.0798739567e+04   -1.6171886451e+02    5.7833487186e+01    7.5818769397e+01   -2.5177660526e+02    1.4238971345e+01    2.0480000000e+03    3.7048231978e+00    4.8773654514e-01
       137   -1.0374006697e+02    1.0773079154e+04   -1.6183859850e+02    5.8098531529e+01    7.6191790369e+01   -2.5282125215e+02    1.4790863277e+01    2.0480000000e+03    3.7111989603e+00    4.8800564236e-01
       138   -1.0382339164e+02    1.0783655410e+04   -1.6110210752e+02    5.7278715874e+01    7.5827147161e+01   -2.5146393867e+02    1.4534683988e+01    2.0480000000e+03    3.7052029929e+00    4.8803168403e-01
       139   -1.0374449867e+02    1.0767785228e+04   -1.6177091153e+02    5.8026412862e+01    7.5926270654e+01   -2.5208219102e+02    1.4385008830e+01    2.0480000000e+03    3.6995874506e+00    4.8826714410e-01
       140   -1.0379692412e+02    1.0779108879e+04   -1.6101509568e+02    5.7218171560e+01    7.5630654456e+01   -2.5065797606e+02    1.4012225923e+01    2.0480000000e+03    3.7000041445e+00    4.8789605035e-01
       141   -1.0374774526e+02    1.0768678416e+04   -1.6190311577e+02    5.8155370509e+01    7.5992147209e+01   -2.5194176543e+02    1.4046502457e+01    2.0480000000e+03    3.7030213285e+00    4.8718315972e-01
       142   -1.0381321001e+02    1.0781394117e+04   -1.6166615147e+02    5.7852941451e+01    7.5742572512e+01   -2.5092896618e+02    1.3520242197e+01    2.0480000000e+03    3.7133167547e+00    4.8745768229e-01
       143   -1.0382293701e+02    1.0783560336e+04   -1.6152607613e+02    5.7703139125e+01    7.6001311838e+01   -2.5238461910e+02    1.4857231130e+01    2.0480000000e+03    3.7063940316e+00    4.8776909722e-01
       144   -1.0368871565e+02    1.0758817890e+04   -1.6195655819e+02    5.8267842539e+01    7.6188370410e+01   -2.5259282099e+02    1.4447892395e+01    2.0480000000e+03    3.7084386572e+00    4.8760850694e-01
       145   -1.0385785360e+02    1.0790906122e+04   -1.6253434301e+02    5.8676489406e+01    7.6004567523e+01   -2.5281407376e+02    1.4275163222e+01    2.0480000000e+03    3.7105539190e+00    4.8744791667e-01
       146   -1.0379081550e+02    1.0778305042e+04   -1.6124741255e+02    5.7456597044e+01    7.5989995863e+01   -2.5176914142e+02    1.4531733011e+01    2.0480000000e+03    3.7091738163e+00    4.8711697049e-01
       147   -1.0380191781e+02    1.0779548197e+04   -1.6177141112e+02    5.7969493305e+01    7.5860949780e+01   -2.5159936664e+02    1.3967005738e+01    2.0480000000e+03    3.7077956438e+00    4.8708984375e-01
       148   -1.0380590459e+02    1.0780341886e+04   -1.6124865134e+02    5.7442746759e+01    7.5751005281e+01   -2.5173478731e+02    1.4735130689e+01    2.0480000000e+03    3.7001932362e+00    4.8794704861e-01
       149   -1.0382437856e+02    1.0783492871e+04   -1.6164621426e+02    5.7821835704e+01    7.6069774819e+01   -2.5235682255e+02    1.4640833477e+01    2.0480000000e+03    3.7013379129e+00    4.8751302083e-01
       150   -1.0381658789e+02    1.0782803405e+04   -1.6140486815e+02    5.7588280252e+01    7.5860127098e+01   -2.5185374009e+02    1.4588744844e+01    2.0480000000e+03    3.7065890208e+00    4.8749348958e-01
       151   -1.0373387827e+02    1.0765953237e+04   -1.6229329297e+02    5.8559414704e+01    7.6180378798e+01   -2.5314988474e+02    1.4676212974e+01    2.0480000000e+03    3.7016555485e+00    4.8853298611e-01
       152   -1.0374500004e+02    1.0767966015e+04   -1.6169623115e+02    5.7951231102e+01    7.5930617894e+01   -2.5204874841e+02    1.4421899373e+01    2.0480000000e+03    3.7056987163e+00    4.8727539063e-01
       153   -1.0378494685e+02    1.0778600028e+04   -1.6200075717e+02    5.8215810320e+01    7.6050947700e+01   -2.5257872679e+02    1.4527021922e+01    2.0480000000e+03    3.6980120540e+00    4.8877495660e-01
       154   -1.0371768459e+02    1.0765479957e+04   -1.6117473928e+02    5.7457054690e+01    7.5661370136e+01   -2.5092897248e+02    1.4092863061e+01    2.0480000000e+03    3.6977099908e+00    4.8750217014e-01
       155   -1.0382359383e+02    1.0784956322e+04   -1.6085625687e+02    5.7032663045e+01    7.5575532516e+01   -2.5108542363e+02    1.4653634246e+01    2.0480000000e+03    3.6985493872e+00    4.8802083333e-01
       156   -1.0377659878e+02    1.0774489220e+04   -1.6161519541e+02    5.7838596635e+01    7.5755702913e+01   -2.5167943925e+02    1.4308540924e+01    2.0480000000e+03    3.7113723268e+00    4.8800564236e-01
       157   -1.0384149389e+02    1.0788213925e+04   -1.6178776760e+02    5.7946273709e+01    7.5718593274e+01   -2.5153725637e+02    1.4030895499e+01    2.0480000000e+03    3.7040657571e+00    4.8679361979e-01
       158   -1.0377274327e+02    1.0774818109e+04   -1.6148238063e+02    5.7709637363e+01    7.5936180681e+01   -2.5125186832e+02    1.3833307014e+01    2.0480000000e+03    3.7039697891e+00    4.8751844618e-01
       159   -1.0366955104e+02    1.0753659228e+04   -1.6140115320e+02    5.7731602154e+01    7.6020083467e+01   -2.5179398663e+02    1.4372749961e+01    2.0480000000e+03    3.6970096466e+00    4.8799153646e-01
       160   -1.0381087774e+02    1.0782138212e+04   -1.6163739203e+02    5.7826514291e+01    7.5791246162e+01   -2.5175646453e+02    1.4327826341e+01    2.0480000000e+03    3.7135446547e+00    4.8754665799e-01
       161   -1.0380423251e+02    1.0779845912e+04   -1.6200106685e+02    5.8196834345e+01    7.5915088752e+01   -2.5221210751e+02    1.4295951907e+01    2.0480000000e+03    3.7027103533e+00    4.8839192708e-01
       162   -1.0368222265e+02    1.0756871325e+04   -1.6159517268e+02    5.7912950031e+01    7.5926497433e+01   -2.5155316558e+02    1.4031495468e+01    2.0480000000e+03    3.7101345926e+00    4.8682942708e-01
       163   -1.0381423774e+02    1.0782143663e+04   -1.6108520569e+02    5.7270967952e+01    7.6036406456e+01   -2.5205202481e+02    1.4930412660e+01    2.0480000000e+03    3.7020883983e+00    4.8815104167e-01
       164   -1.0384628420e+02    1.0788110430e+04   -1.6132905602e+02    5.7482771819e+01    7.5760730418e+01   -2.5123549522e+02    1.4145708783e+01    2.0480000000e+03    3.7070717968e+00    4.8803819444e-01
       165   -1.0376597532e+02    1.0771759559e+04   -1.6184685269e+02    5.8080877368e+01    7.6030566240e+01   -2.5256144602e+02    1.4684027090e+01    2.0480000000e+03    3.7080332473e+00    4.8733398438e-01
       166   -1.0377056014e+02    1.0773689381e+04   -1.6186761906e+02    5.8097058921e+01    7.6103078599e+01   -2.5222228806e+02    1.4251590402e+01    2.0480000000e+03    3.7143545181e+00    4.8852539062e-01
       167   -1.0371586046e+02    1.0764206568e+04   -1.6129823346e+02    5.7582373004e+01    7.5962106425e+01   -2.5191201522e+02    1.4651675329e+01    2.0480000000e+03    3.7091856771e+00    4.8826388889e-01
       168   -1.0377800855e+02    1.0775730387e+04   -1.6133160268e+02    5.7553594129e+01    7.5839209304e+01   -2.5120924017e+02    1.4038428186e+01    2.0480000000e+03    3.6992997031e+00    4.8762803819e-01
       169   -1.0382809851e+02    1.0785022428e+04   -1.6123035485e+02    5.7402256340e+01    7.5915066513e+01   -2.5149312095e+02    1.4347699592e+01    2.0480000000e+03    3.7103108810e+00    4.8647569444e-01
       170   -1.0366835041e+02    1.0752419347e+04   -1.6094833254e+02    5.7279982129e+01    7.5909444877e+01   -2.5058179855e+02    1.3724021129e+01    2.0480000000e+03    3.7050230521e+00    4.8799804687e-01
       171   -1.0372379798e+02    1.0763018740e+04   -1.6183763765e+02    5.8113839668e+01    7.5994087123e+01   -2.5177331077e+02    1.3941586001e+01    2.0480000000e+03    3.7101430953e+00    4.8875976563e-01
       172   -1.0384585410e+02    1.0788516777e+04   -1.6207083960e+02    5.8224985503e+01    7.5783830713e+01   -2.5253865227e+02    1.4683981956e+01    2.0480000000e+03    3.6949499887e+00    4.8803819444e-01
       173   -1.0376240885e+02    1.0771680508e+04   -1.6268416502e+02    5.8921756163e+01    7.6244404840e+01   -2.5345903548e+02    1.4530465621e+01    2.0480000000e+03    3.6968646529e+00    4.8777343750e-01
       174   -1.0383828103e+02    1.0787036382e+04   -1.6269987048e+02    5.8861589456e+01    7.6006473964e+01   -2.5322484809e+02    1.4518503639e+01    2.0480000000e+03    3.6985919917e+00    4.8855034722e-01
       175   -1.0384645911e+02    1.0788016506e+04   -1.6086057294e+02    5.7014113832e+01    7.5647634590e+01   -2.5046827596e+02    1.3960068427e+01    2.0480000000e+03    3.6942432532e+00    4.8823784722e-01
       176   -1.0381341480e+02    1.0781352248e+04   -1.6161752653e+02    5.7804111728e+01    7.5740985223e+01   -2.5171171619e+02    1.4353204434e+01    2.0480000000e+03    3.6994596302e+00    4.8918619792e-01
       177   -1.0374394273e+02    1.0768728045e+04   -1.6211649900e+02    5.8372556267e+01    7.6008920677e+01   -2.5244685834e+02    1.4321438669e+01    2.0480000000e+03    3.7064662066e+00    4.8837565104e-01
       178   -1.0371921973e+02    1.0763619276e+04   -1.6241177984e+02    5.8692560111e+01    7.6096984635e+01   -2.5315825427e+02    1.4649489793e+01    2.0480000000e+03    3.6989558497e+00    4.8866210937e-01
       179   -1.0374111956e+02    1.0768842803e+04   -1.6063972915e+02    5.6898609587e+01    7.5978439143e+01   -2.5110781776e+02    1.4489649464e+01    2.0480000000e+03    3.7000591117e+00    4.8735026042e-01
       180   -1.0377855240e+02    1.0775613565e+04   -1.6031803639e+02    5.6539483986e+01    7.5625737464e+01   -2.5096578354e+02    1.5022009691e+01    2.0480000000e+03    3.6969836084e+00    4.8739149306e-01
       181   -1.0383805661e+02    1.0786841129e+04   -1.6102403036e+02    5.7185973745e+01    7.5751477200e+01   -2.5099952959e+02    1.4224022032e+01    2.0480000000e+03    3.6917824774e+00    4.8854275174e-01
       182   -1.0378757991e+02    1.0776617538e+04   -1.6078458658e+02    5.6997006677e+01    7.5765581148e+01   -2.5073302675e+02    1.4182859019e+01    2.0480000000e+03    3.6917523305e+00    4.8908745660e-01
       183   -1.0375665139e+02    1.0771052280e+04   -1.6097729385e+02    5.7220642459e+01    7.5844361729e+01   -2.5081814226e+02    1.3996486686e+01    2.0480000000e+03    3.6941750975e+00    4.8761393229e-01
       184   -1.0373509953e+02    1.0766189610e+04   -1.6185049890e+02    5.8115399377e+01    7.5843712149e+01   -2.5237804508e+02    1.4683834030e+01    2.0480000000e+03    3.6906129314e+00    4.8807291667e-01
       185   -1.0378543383e+02    1.0777860408e+04   -1.6269910514e+02    5.8913671306e+01    7.6200245131e+01   -2.5351935357e+02    1.4620003300e+01    2.0480000000e+03    3.6978232076e+00    4.8831922743e-01
       186   -1.0379736492e+02    1.0779053491e+04   -1.6132483969e+02    5.7527474764e+01    7.5804686821e+01   -2.5171687868e+02    1.4587352174e+01    2.0480000000e+03    3.6957339272e+00    4.8755642361e-01
       187   -1.0379704689e+02    1.0778048082e+04   -1.6113852883e+02    5.7341481944e+01    7.5865953197e+01   -2.5106834565e+02    1.4063863616e+01    2.0480000000e+03    3.6974401865e+00    4.8750217014e-01
       188   -1.0374724123e+02    1.0769256926e+04   -1.6163708504e+02    5.7889843805e+01    7.5952921023e+01   -2.5232233234e+02    1.4732326279e+01    2.0480000000e+03    3.6975493018e+00    4.8716471354e-01
       189   -1.0382798617e+02    1.0784899452e+04   -1.6111943487e+02    5.7291448691e+01    7.5848434526e+01   -2.5130216758e+02    1.4334298185e+01    2.0480000000e+03    3.6972620736e+00    4.8780273437e-01
       190   -1.0370765336e+02    1.0763232618e+04   -1.6107512468e+02    5.7367471326e+01    7.5884938225e+01   -2.5103767012e+02    1.4077607211e+01    2.0480000000e+03    3.6939826678e+00    4.8845160590e-01
       191   -1.0380848595e+02    1.0780486096e+04   -1.6144853245e+02    5.7640046495e+01    7.5700093340e+01   -2.5191507627e+02    1.4766450482e+01    2.0480000000e+03    3.6928842411e+00    4.8883789063e-01
       192   -1.0374873615e+02    1.0769502421e+04   -1.6092038060e+02    5.7171644454e+01    7.5552919816e+01   -2.5042488934e+02    1.3951588920e+01    2.0480000000e+03    3.6869965164e+00    4.8786349826e-01
       193   -1.0372673466e+02    1.0765358246e+04   -1.6204696614e+02    5.8320231482e+01    7.5874750922e+01   -2.5180011098e+02    1.3878393914e+01    2.0480000000e+03    3.6987541999e+00    4.8816840278e-01
       194   -1.0380386493e+02    1.0781065653e+04   -1.6113778795e+02    5.7333923019e+01    7.6009747974e+01   -2.5155160888e+02    1.4404072957e+01    2.0480000000e+03    3.6993475525e+00    4.8836154514e-01
       195   -1.0384698728e+02    1.0788217828e+04   -1.6145799892e+02    5.7611011641e+01    7.6000419789e+01   -2.5242023355e+02    1.4961814845e+01    2.0480000000e+03    3.7045423768e+00    4.8782986111e-01
       196   -1.0380799579e+02    1.0780702386e+04   -1.6138113911e+02    5.7573143320e+01    7.5621609431e+01   -2.5093051900e+02    1.3927770461e+01    2.0480000000e+03    3.6950105979e+00    4.8791883681e-01
       197   -1.0380466715e+02    1.0779328470e+04   -1.6216159888e+02    5.8356931739e+01    7.5922067642e+01   -2.5260723946e+02    1.4523572929e+01    2.0480000000e+03    3.6935062752e+00    4.8839409722e-01
       198   -1.0386664626e+02    1.0792233010e+04   -1.6077774507e+02    5.6911098804e+01    7.5569726353e+01   -2.5019496135e+02    1.3847489926e+01    2.0480000000e+03    3.6946828489e+00    4.8743489583e-01
       199   -1.0376734751e+02    1.0774550183e+04   -1.6111814345e+02    5.7350795931e+01    7.5580546313e+01   -2.5103299732e+02    1.4334307558e+01    2.0480000000e+03    3.6894084377e+00    4.8859049479e-01
