#   index    LocalEnergy         LocalEnergy_sq      LocalPotential      Kinetic             ElecElec            LocalECP            NonLocalECP         BlockWeight         BlockCPU            AcceptRatio         
         0   -8.6629547278e+01    7.5081239327e+03   -1.3400830432e+02    4.7378757038e+01    6.3680237819e+01   -2.1006244807e+02    1.2373905934e+01    8.1928000000e+04    1.7175622088e+02    9.9378478111e-01
         1   -8.6625988900e+01    7.5073801462e+03   -1.3377834880e+02    4.7152359899e+01    6.3642055725e+01   -2.0985856029e+02    1.2438155771e+01    8.2002000000e+04    1.7879020870e+02    9.9379741017e-01
         2   -8.6612297730e+01    7.5056622413e+03   -1.3355708273e+02    4.6944785002e+01    6.3554296181e+01   -2.0927184446e+02    1.2160465547e+01    8.2168000000e+04    1.9687818255e+02    9.9392894809e-01
         3   -8.6611606176e+01    7.5047224319e+03   -1.3344223039e+02    4.6830624214e+01    6.3514085478e+01   -2.0902396038e+02    1.2067644507e+01    8.1959000000e+04    1.7932244088e+02    9.9387837092e-01
         4   -8.6620669978e+01    7.5066213085e+03   -1.3350773164e+02    4.6887061667e+01    6.3613067548e+01   -2.0951581271e+02    1.2395013522e+01    8.1746000000e+04    1.5791667966e+02    9.9387885421e-01
         5   -8.6635130431e+01    7.5095608887e+03   -1.3359355192e+02    4.6958421491e+01    6.3589721587e+01   -2.0938497429e+02    1.2201700783e+01    8.2005000000e+04    1.8413550175e+02    9.9391567617e-01
         6   -8.6615434206e+01    7.5054623073e+03   -1.3328646714e+02    4.6671032932e+01    6.3556376019e+01   -2.0896716856e+02    1.2124325401e+01    8.1795000000e+04    1.6817453569e+02    9.9401981423e-01
         7   -8.6625711052e+01    7.5076577169e+03   -1.3336194679e+02    4.6736235739e+01    6.3473422630e+01   -2.0887334296e+02    1.2037973540e+01    8.1972000000e+04    1.6948970949e+02    9.9393781776e-01
         8   -8.6634018443e+01    7.5092518146e+03   -1.3356792858e+02    4.6933910133e+01    6.3524219557e+01   -2.0898255181e+02    1.1890403679e+01    8.2125000000e+04    2.0272091864e+02    9.9407546109e-01
         9   -8.6628084526e+01    7.5079073508e+03   -1.3330525946e+02    4.6677174936e+01    6.3574210892e+01   -2.0926611107e+02    1.2386640717e+01    8.2005000000e+04    1.8383191355e+02    9.9395871231e-01
        10   -8.6622701673e+01    7.5069439040e+03   -1.3331156188e+02    4.6688860207e+01    6.3559646053e+01   -2.0941131738e+02    1.2540109443e+01    8.2029000000e+04    1.8546971615e+02    9.9388801625e-01
        11   -8.6631692292e+01    7.5085687940e+03   -1.3351916818e+02    4.6887475887e+01    6.3636506063e+01   -2.0953263445e+02    1.2376960206e+01    8.2006000000e+04    1.7767353570e+02    9.9396439406e-01
        12   -8.6621199583e+01    7.5067989753e+03   -1.3359680183e+02    4.6975602247e+01    6.3652443033e+01   -2.0952597047e+02    1.2276725605e+01    8.2229000000e+04    2.0302026546e+02    9.9393859158e-01
        13   -8.6633686973e+01    7.5088820597e+03   -1.3341208466e+02    4.6778397690e+01    6.3560680171e+01   -2.0905085647e+02    1.2078091635e+01    8.1622000000e+04    1.6745624959e+02    9.9383164139e-01
        14   -8.6622122602e+01    7.5068133865e+03   -1.3334430939e+02    4.6722186793e+01    6.3555822176e+01   -2.0892554267e+02    1.2025411098e+01    8.1545000000e+04    1.7422075288e+02    9.9389486833e-01
        15   -8.6627830120e+01    7.5076444815e+03   -1.3313397154e+02    4.6506141417e+01    6.3496788197e+01   -2.0897047674e+02    1.2339717002e+01    8.2299000000e+04    2.0881441521e+02    9.9384632342e-01
        16   -8.6632722242e+01    7.5087647106e+03   -1.3322618660e+02    4.6593464353e+01    6.3440865170e+01   -2.0859827166e+02    1.1931219897e+01    8.2161000000e+04    1.9889268408e+02    9.9382655903e-01
        17   -8.6621112237e+01    7.5067556914e+03   -1.3318028002e+02    4.6559167785e+01    6.3546354929e+01   -2.0885877836e+02    1.2132143410e+01    8.2490000000e+04    2.0817160433e+02    9.9379937055e-01
        18   -8.6635034336e+01    7.5092415431e+03   -1.3333904990e+02    4.6704015569e+01    6.3677377401e+01   -2.0900561175e+02    1.1989184443e+01    8.2348000000e+04    2.0761720178e+02    9.9388698729e-01
        19   -8.6625004722e+01    7.5096477238e+03   -1.3351844129e+02    4.6893436563e+01    6.3739550926e+01   -2.0946310661e+02    1.2205114396e+01    8.2326000000e+04    2.0423693417e+02    9.9395512641e-01
        20   -8.6605125688e+01    7.5046419127e+03   -1.3382324858e+02    4.7218122891e+01    6.3794623651e+01   -2.0996850296e+02    1.2350630733e+01    8.2160000000e+04    2.0867911272e+02    9.9380144319e-01
        21   -8.6646617376e+01    7.5115413463e+03   -1.3373177269e+02    4.7085155313e+01    6.3842319996e+01   -2.0978896288e+02    1.2214870197e+01    8.2137000000e+04    1.8770620486e+02    9.9394903801e-01
        22   -8.6622860270e+01    7.5071416727e+03   -1.3412196920e+02    4.7499108934e+01    6.3969653489e+01   -2.1038900333e+02    1.2297380640e+01    8.2347000000e+04    2.0871445071e+02    9.9376964914e-01
        23   -8.6618036917e+01    7.5059685135e+03   -1.3422691212e+02    4.7608875201e+01    6.3935873321e+01   -2.1049066872e+02    1.2327883281e+01    8.1870000000e+04    1.7534827142e+02    9.9375097959e-01
        24   -8.6615438291e+01    7.5062099555e+03   -1.3362654798e+02    4.7011109694e+01    6.3896469271e+01   -2.1002625804e+02    1.2503240781e+01    8.1562000000e+04    1.5891185463e+02    9.9377513190e-01
        25   -8.6627988820e+01    7.5078719513e+03   -1.3391564671e+02    4.7287657887e+01    6.3932855530e+01   -2.1016229820e+02    1.2313795968e+01    8.1607000000e+04    1.6485645866e+02    9.9398354839e-01
        26   -8.6615886857e+01    7.5062355416e+03   -1.3369754986e+02    4.7081663001e+01    6.3818302137e+01   -2.0974356415e+02    1.2227712161e+01    8.1518000000e+04    1.6578068930e+02    9.9389669402e-01
        27   -8.6637069523e+01    7.5095599268e+03   -1.3353081336e+02    4.6893743833e+01    6.3761389123e+01   -2.0958660459e+02    1.2294402115e+01    8.1112000000e+04    1.6289564128e+02    9.9392686846e-01
        28   -8.6642568352e+01    7.5104948627e+03   -1.3357839826e+02    4.6935829907e+01    6.3635185885e+01   -2.0944306898e+02    1.2229484831e+01    8.1053000000e+04    1.5926088125e+02    9.9398844575e-01
        29   -8.6631443084e+01    7.5085238860e+03   -1.3370267314e+02    4.7071230055e+01    6.3678721006e+01   -2.0952443826e+02    1.2143044111e+01    8.1281000000e+04    1.6221947987e+02    9.9400916506e-01
        30   -8.6624901585e+01    7.5072101775e+03   -1.3365027570e+02    4.7025374110e+01    6.3590106593e+01   -2.0924545180e+02    1.2005069509e+01    8.1603000000e+04    1.6010374868e+02    9.9389306667e-01
        31   -8.6625020219e+01    7.5074484821e+03   -1.3327754977e+02    4.6652529549e+01    6.3515331611e+01   -2.0902979114e+02    1.2236909765e+01    8.1780000000e+04    1.6411115568e+02    9.9385462262e-01
        32   -8.6603833323e+01    7.5036709476e+03   -1.3332171791e+02    4.6717884589e+01    6.3500314704e+01   -2.0886377289e+02    1.2041740277e+01    8.1946000000e+04    1.7000939462e+02    9.9381182754e-01
        33   -8.6620175225e+01    7.5067243054e+03   -1.3330597982e+02    4.6685804599e+01    6.3459745367e+01   -2.0880840129e+02    1.2042676096e+01    8.1691000000e+04    1.5772247874e+02    9.9391798595e-01
        34   -8.6630055152e+01    7.5084711441e+03   -1.3337531815e+02    4.6745262994e+01    6.3466005816e+01   -2.0909327396e+02    1.2251950001e+01    8.1916000000e+04    1.7426552658e+02    9.9374333192e-01
        35   -8.6624656011e+01    7.5072579626e+03   -1.3367550642e+02    4.7050850413e+01    6.3561459803e+01   -2.0935841301e+02    1.2121446783e+01    8.1251000000e+04    1.5697202290e+02    9.9376049867e-01
        36   -8.6624431332e+01    7.5076584229e+03   -1.3351665413e+02    4.6892222800e+01    6.3635977615e+01   -2.0924276793e+02    1.2090136186e+01    8.1364000000e+04    1.5555041638e+02    9.9376951705e-01
        37   -8.6633508877e+01    7.5085701088e+03   -1.3363412263e+02    4.7000613755e+01    6.3672999677e+01   -2.0961731497e+02    1.2310192658e+01    8.2160000000e+04    1.9099073957e+02    9.9389673757e-01
        38   -8.6596655517e+01    7.5027626319e+03   -1.3366444853e+02    4.7067793013e+01    6.3740248112e+01   -2.0947351371e+02    1.2068817066e+01    8.2286000000e+04    2.0247814758e+02    9.9386326296e-01
        39   -8.6617823476e+01    7.5061288910e+03   -1.3372598409e+02    4.7108160614e+01    6.3723636643e+01   -2.0967343586e+02    1.2223815131e+01    8.2518000000e+04    2.0598761267e+02    9.9376697617e-01
        40   -8.6626995943e+01    7.5079728599e+03   -1.3376068836e+02    4.7133692422e+01    6.3854534389e+01   -2.1003662020e+02    1.2421397442e+01    8.2215000000e+04    1.9943529281e+02    9.9383107371e-01
        41   -8.6611446313e+01    7.5054191268e+03   -1.3377084998e+02    4.7159403672e+01    6.3809005416e+01   -2.0989691644e+02    1.2317061043e+01    8.2662000000e+04    2.0825138842e+02    9.9370591734e-01
        42   -8.6634552170e+01    7.5090427999e+03   -1.3354349406e+02    4.6908941894e+01    6.3733107697e+01   -2.0950621114e+02    1.2229609378e+01    8.2732000000e+04    2.1430498828e+02    9.9396081071e-01
        43   -8.6625084356e+01    7.5076709083e+03   -1.3359906870e+02    4.6973984343e+01    6.3652647416e+01   -2.0934272734e+02    1.2091011229e+01    8.2446000000e+04    2.1191716698e+02    9.9380012224e-01
        44   -8.6630801314e+01    7.5085229325e+03   -1.3329343397e+02    4.6662632654e+01    6.3608703225e+01   -2.0901329179e+02    1.2111154592e+01    8.2046000000e+04    1.8788203213e+02    9.9405979640e-01
        45   -8.6638928791e+01    7.5104344539e+03   -1.3319621087e+02    4.6557282082e+01    6.3505239995e+01   -2.0894378829e+02    1.2242337420e+01    8.1618000000e+04    1.5918676091e+02    9.9391706094e-01
        46   -8.6627383842e+01    7.5083405222e+03   -1.3327052257e+02    4.6643138730e+01    6.3512597561e+01   -2.0903738413e+02    1.2254263994e+01    8.2127000000e+04    1.9238719769e+02    9.9387444439e-01
        47   -8.6628505251e+01    7.5081291893e+03   -1.3361962151e+02    4.6991116257e+01    6.3664432134e+01   -2.0969918252e+02    1.2415128883e+01    8.2119000000e+04    1.8972772100e+02    9.9383403642e-01
        48   -8.6633454257e+01    7.5091144292e+03   -1.3371963282e+02    4.7086178564e+01    6.3702642439e+01   -2.0958304441e+02    1.2160769148e+01    8.2015000000e+04    1.7902217039e+02    9.9398539802e-01
        49   -8.6641406705e+01    7.5103363768e+03   -1.3334329155e+02    4.6701884849e+01    6.3663892577e+01   -2.0929404163e+02    1.2286857504e+01    8.2376000000e+04    2.0643255964e+02    9.9387181238e-01
        50   -8.6624718633e+01    7.5076016895e+03   -1.3365815904e+02    4.7033440404e+01    6.3741769723e+01   -2.0951646338e+02    1.2116534620e+01    8.2564000000e+04    2.0889798899e+02    9.9397136745e-01
        51   -8.6597653072e+01    7.5028336996e+03   -1.3371501888e+02    4.7117365810e+01    6.3861408326e+01   -2.0996712092e+02    1.2390693715e+01    8.2921000000e+04    2.0849414048e+02    9.9400357446e-01
        52   -8.6613225540e+01    7.5054992782e+03   -1.3354060830e+02    4.6927382765e+01    6.3848423721e+01   -2.0971980536e+02    1.2330773332e+01    8.3077000000e+04    2.1030543174e+02    9.9385402901e-01
        53   -8.6633348759e+01    7.5087705366e+03   -1.3376680233e+02    4.7133453573e+01    6.3904308404e+01   -2.0986268652e+02    1.2191575788e+01    8.2736000000e+04    2.0725075418e+02    9.9389622731e-01
        54   -8.6631457519e+01    7.5084902867e+03   -1.3370265956e+02    4.7071202037e+01    6.3941718833e+01   -2.0980268702e+02    1.2158308632e+01    8.2761000000e+04    2.0661789103e+02    9.9405384293e-01
        55   -8.6636792150e+01    7.5092389697e+03   -1.3373259935e+02    4.7095807200e+01    6.3921050258e+01   -2.1000009025e+02    1.2346440647e+01    8.2795000000e+04    2.1022636796e+02    9.9374532589e-01
        56   -8.6630306264e+01    7.5083244707e+03   -1.3382954218e+02    4.7199235912e+01    6.3952710831e+01   -2.1023355877e+02    1.2451305766e+01    8.2033000000e+04    1.8723554716e+02    9.9378346441e-01
        57   -8.6641082247e+01    7.5100618327e+03   -1.3422955572e+02    4.7588473477e+01    6.4027366482e+01   -2.1061375216e+02    1.2356829957e+01    8.2076000000e+04    1.9836687922e+02    9.9379434873e-01
        58   -8.6625046075e+01    7.5073191396e+03   -1.3383929548e+02    4.7214249406e+01    6.3921910772e+01   -2.1000245455e+02    1.2241248301e+01    8.2207000000e+04    1.9864368007e+02    9.9378842013e-01
        59   -8.6604139465e+01    7.5041424520e+03   -1.3374950078e+02    4.7145361314e+01    6.3921123140e+01   -2.1015097327e+02    1.2480349354e+01    8.2355000000e+04    2.0311901912e+02    9.9378080885e-01
        60   -8.6625481906e+01    7.5073843664e+03   -1.3391318191e+02    4.7287700006e+01    6.3896811945e+01   -2.1004490805e+02    1.2234914197e+01    8.2674000000e+04    2.1331236940e+02    9.9384162211e-01
        61   -8.6623523549e+01    7.5071641522e+03   -1.3402043622e+02    4.7396912670e+01    6.3971964855e+01   -2.1029089983e+02    1.2298498754e+01    8.2068000000e+04    1.8302543084e+02    9.9381997448e-01
        62   -8.6631988817e+01    7.5084595029e+03   -1.3403114759e+02    4.7399158773e+01    6.3935734597e+01   -2.1011761959e+02    1.2150737407e+01    8.2301000000e+04    2.0188171231e+02    9.9386648991e-01
        63   -8.6628056482e+01    7.5080723254e+03   -1.3402529105e+02    4.7397234568e+01    6.3871897579e+01   -2.0993827161e+02    1.2041082978e+01    8.2694000000e+04    2.0493801864e+02    9.9393922973e-01
        64   -8.6646527529e+01    7.5108436945e+03   -1.3378509608e+02    4.7138568553e+01    6.3794869296e+01   -2.0969562564e+02    1.2115660258e+01    8.3281000000e+04    2.0989553434e+02    9.9373060330e-01
        65   -8.6639492809e+01    7.5098134691e+03   -1.3391727708e+02    4.7277784269e+01    6.3798739308e+01   -2.0950803457e+02    1.1792018183e+01    8.3258000000e+04    2.1107332234e+02    9.9390686099e-01
        66   -8.6613005051e+01    7.5055684528e+03   -1.3373384079e+02    4.7120835738e+01    6.3839945266e+01   -2.0963095252e+02    1.2057166463e+01    8.2872000000e+04    2.0850437057e+02    9.9390439968e-01
        67   -8.6624667717e+01    7.5074762165e+03   -1.3380237091e+02    4.7177703196e+01    6.3834213080e+01   -2.0991709201e+02    1.2280508019e+01    8.2480000000e+04    2.0444292312e+02    9.9396331757e-01
        68   -8.6632880104e+01    7.5086346639e+03   -1.3376823598e+02    4.7135355872e+01    6.3864999714e+01   -2.1010972748e+02    1.2476491790e+01    8.2264000000e+04    2.0011726219e+02    9.9389658449e-01
        69   -8.6647570511e+01    7.5111270703e+03   -1.3348624717e+02    4.6838676663e+01    6.3679975751e+01   -2.0943334253e+02    1.2267119603e+01    8.2476000000e+04    2.0422694636e+02    9.9401043902e-01
        70   -8.6624282721e+01    7.5078125393e+03   -1.3355182817e+02    4.6927545447e+01    6.3746921161e+01   -2.0951661157e+02    1.2217862237e+01    8.2918000000e+04    2.1014011553e+02    9.9404187459e-01
        71   -8.6616837369e+01    7.5058752364e+03   -1.3335271690e+02    4.6735879536e+01    6.3692110559e+01   -2.0919011231e+02    1.2145284849e+01    8.3273000000e+04    2.1417612509e+02    9.9395296688e-01
        72   -8.6606146759e+01    7.5042593898e+03   -1.3334413200e+02    4.6737985239e+01    6.3701187709e+01   -2.0942291748e+02    1.2377597777e+01    8.2683000000e+04    2.1267823144e+02    9.9394134445e-01
        73   -8.6616223771e+01    7.5058412296e+03   -1.3345237437e+02    4.6836150598e+01    6.3704029831e+01   -2.0958794414e+02    1.2431539943e+01    8.2653000000e+04    2.1239832376e+02    9.9394248216e-01
        74   -8.6628391825e+01    7.5079345772e+03   -1.3364886802e+02    4.7020476198e+01    6.3681398499e+01   -2.0959410203e+02    1.2263835507e+01    8.2885000000e+04    2.1418017230e+02    9.9400839825e-01
        75   -8.6604676070e+01    7.5042659890e+03   -1.3335098337e+02    4.6746307298e+01    6.3703528617e+01   -2.0928197642e+02    1.2227464437e+01    8.2818000000e+04    2.1118906140e+02    9.9387615663e-01
        76   -8.6634507186e+01    7.5091724554e+03   -1.3364446880e+02    4.7009961613e+01    6.3684981031e+01   -2.0936777046e+02    1.2038320626e+01    8.2847000000e+04    2.0931208371e+02    9.9386091714e-01
        77   -8.6645597185e+01    7.5110202924e+03   -1.3362571654e+02    4.6980119350e+01    6.3614886740e+01   -2.0928123028e+02    1.2040627003e+01    8.2514000000e+04    2.1328310118e+02    9.9390169779e-01
        78   -8.6631497375e+01    7.5085713997e+03   -1.3354326279e+02    4.6911765419e+01    6.3655692732e+01   -2.0949140231e+02    1.2292446787e+01    8.2359000000e+04    2.1325852008e+02    9.9385937244e-01
        79   -8.6624155158e+01    7.5072077191e+03   -1.3323504980e+02    4.6610894645e+01    6.3544353801e+01   -2.0882709642e+02    1.2047692818e+01    8.2291000000e+04    2.1175063586e+02    9.9403166458e-01
        80   -8.6614466246e+01    7.5057751637e+03   -1.3293519552e+02    4.6320729273e+01    6.3486972543e+01   -2.0847342633e+02    1.2051258265e+01    8.2415000000e+04    2.0913262344e+02    9.9400124041e-01
        81   -8.6622090332e+01    7.5068483643e+03   -1.3333214183e+02    4.6710051498e+01    6.3502945749e+01   -2.0896555781e+02    1.2130470229e+01    8.2190000000e+04    2.0829310291e+02    9.9393747210e-01
        82   -8.6643637374e+01    7.5109225371e+03   -1.3356326221e+02    4.6919624834e+01    6.3626210314e+01   -2.0930076959e+02    1.2111297068e+01    8.2102000000e+04    1.8630032498e+02    9.9407528822e-01
        83   -8.6633744165e+01    7.5094108145e+03   -1.3366992179e+02    4.7036177627e+01    6.3662592098e+01   -2.0954108693e+02    1.2208573042e+01    8.2483000000e+04    2.0988913043e+02    9.9379018138e-01
        84   -8.6610412892e+01    7.5048860765e+03   -1.3363066216e+02    4.7020249273e+01    6.3641100849e+01   -2.0948533490e+02    1.2213571885e+01    8.1965000000e+04    1.8235405375e+02    9.9396728879e-01
        85   -8.6635553694e+01    7.5090136046e+03   -1.3341674587e+02    4.6781192176e+01    6.3501698583e+01   -2.0916737973e+02    1.2248935277e+01    8.2138000000e+04    1.9209365957e+02    9.9377123084e-01
        86   -8.6621532511e+01    7.5069338942e+03   -1.3333079369e+02    4.6709261179e+01    6.3498379433e+01   -2.0892683054e+02    1.2097657415e+01    8.2689000000e+04    2.0813810077e+02    9.9389410371e-01
        87   -8.6618531286e+01    7.5060302961e+03   -1.3366166668e+02    4.7043135399e+01    6.3673437028e+01   -2.0972615657e+02    1.2391052860e+01    8.2169000000e+04    1.9776299530e+02    9.9385762934e-01
        88   -8.6638421181e+01    7.5097368554e+03   -1.3360165334e+02    4.6963232162e+01    6.3663217285e+01   -2.0958024610e+02    1.2315375475e+01    8.2222000000e+04    2.0250939785e+02    9.9398959268e-01
        89   -8.6608991654e+01    7.5049914704e+03   -1.3345012054e+02    4.6841128885e+01    6.3636480366e+01   -2.0935550483e+02    1.2268903926e+01    8.2475000000e+04    2.0560487101e+02    9.9378329963e-01
        90   -8.6621043314e+01    7.5069333061e+03   -1.3340930034e+02    4.6788257025e+01    6.3577112820e+01   -2.0922650961e+02    1.2240096447e+01    8.1924000000e+04    1.8037032656e+02    9.9390024492e-01
        91   -8.6626387821e+01    7.5076622533e+03   -1.3354914706e+02    4.6922759243e+01    6.3583094298e+01   -2.0933772433e+02    1.2205482971e+01    8.1448000000e+04    1.5836180440e+02    9.9387876841e-01
        92   -8.6629331830e+01    7.5083703097e+03   -1.3350261710e+02    4.6873285270e+01    6.3744184588e+01   -2.0972664962e+02    1.2479847934e+01    8.1531000000e+04    1.5625345446e+02    9.9380607030e-01
        93   -8.6633173476e+01    7.5091798136e+03   -1.3372853088e+02    4.7095357401e+01    6.3664737057e+01   -2.0953181363e+02    1.2138545693e+01    8.1751000000e+04    1.5606779362e+02    9.9404083324e-01
        94   -8.6613093880e+01    7.5051107892e+03   -1.3364329377e+02    4.7030199895e+01    6.3694955269e+01   -2.0947429222e+02    1.2136043181e+01    8.1912000000e+04    1.6959683504e+02    9.9386801978e-01
        95   -8.6661894459e+01    7.5136126291e+03   -1.3379604013e+02    4.7134145669e+01    6.3686033706e+01   -2.0937254867e+02    1.1890474838e+01    8.1893000000e+04    1.7162631964e+02    9.9389910127e-01
        96   -8.6617621775e+01    7.5062832849e+03   -1.3379595244e+02    4.7178330668e+01    6.3709986559e+01   -2.0974043671e+02    1.2234497712e+01    8.1767000000e+04    1.6112621345e+02    9.9401299570e-01
        97   -8.6656288183e+01    7.5125495054e+03   -1.3377260845e+02    4.7116320270e+01    6.3630415012e+01   -2.0938891442e+02    1.1985890952e+01    8.1808000000e+04    1.7506659971e+02    9.9384839699e-01
        98   -8.6615248206e+01    7.5057468253e+03   -1.3381057204e+02    4.7195323829e+01    6.3749563340e+01   -2.0979196220e+02    1.2231826823e+01    8.1894000000e+04    1.7079061159e+02    9.9381211962e-01
        99   -8.6632954746e+01    7.5085279446e+03   -1.3385945841e+02    4.7226503668e+01    6.3726846175e+01   -2.0975519183e+02    1.2168887243e+01    8.1891000000e+04    1.7133922063e+02    9.9380904001e-01
       100   -8.6640203090e+01    7.5099310158e+03   -1.3368477479e+02    4.7044571704e+01    6.3616769354e+01   -2.0939489286e+02    1.2093348718e+01    8.1756000000e+04    1.6307945095e+02    9.9366604242e-01
       101   -8.6637791676e+01    7.5096844342e+03   -1.3357907518e+02    4.6941283505e+01    6.3652897057e+01   -2.0938105654e+02    1.2149084301e+01    8.1287000000e+04    1.5572015943e+02    9.9398436892e-01
       102   -8.6619563966e+01    7.5073210419e+03   -1.3356168213e+02    4.6942118165e+01    6.3688635601e+01   -2.0951668104e+02    1.2266363309e+01    8.1594000000e+04    1.5653380095e+02    9.9403946547e-01
       103   -8.6624913733e+01    7.5074329830e+03   -1.3369197976e+02    4.7067066030e+01    6.3689134978e+01   -2.0995618895e+02    1.2575074211e+01    8.1744000000e+04    1.6092069398e+02    9.9399592291e-01
       104   -8.6615411252e+01    7.5058869819e+03   -1.3388754791e+02    4.7272136663e+01    6.3822090589e+01   -2.1016273706e+02    1.2453098554e+01    8.2055000000e+04    1.9004507866e+02    9.9384118477e-01
       105   -8.6632871300e+01    7.5087233195e+03   -1.3382574526e+02    4.7192873964e+01    6.3717833616e+01   -2.0993304582e+02    1.2389466940e+01    8.1661000000e+04    1.5775858406e+02    9.9390504507e-01
       106   -8.6633917247e+01    7.5094040666e+03   -1.3381407342e+02    4.7180156178e+01    6.3770378980e+01   -2.0980436306e+02    1.2219910659e+01    8.1282000000e+04    1.5810596404e+02    9.9376211389e-01
       107   -8.6623102332e+01    7.5070055876e+03   -1.3405024377e+02    4.7427141439e+01    6.3817716267e+01   -2.1018258930e+02    1.2314629265e+01    8.0924000000e+04    1.5637976040e+02    9.9369920782e-01
       108   -8.6620902867e+01    7.5068752956e+03   -1.3377058582e+02    4.7149682952e+01    6.3734756156e+01   -2.0960209456e+02    1.2096752588e+01    8.1213000000e+04    1.5456509620e+02    9.9378973488e-01
       109   -8.6628132897e+01    7.5082369790e+03   -1.3395164470e+02    4.7323511807e+01    6.3774798691e+01   -2.1004351144e+02    1.2317068044e+01    8.1326000000e+04    1.5671082155e+02    9.9386359990e-01
       110   -8.6635574970e+01    7.5095347068e+03   -1.3390138615e+02    4.7265811184e+01    6.3701821319e+01   -2.0999347359e+02    1.2390266119e+01    8.1586000000e+04    1.6017260861e+02    9.9389647137e-01
       111   -8.6641837107e+01    7.5104250614e+03   -1.3389581348e+02    4.7253976370e+01    6.3697859922e+01   -2.0977696006e+02    1.2183286663e+01    8.2059000000e+04    1.8269148989e+02    9.9385129828e-01
       112   -8.6645296674e+01    7.5107432918e+03   -1.3367264643e+02    4.7027349754e+01    6.3628060990e+01   -2.0932683584e+02    1.2026128417e+01    8.1963000000e+04    1.7325828972e+02    9.9383075218e-01
       113   -8.6636749760e+01    7.5093798755e+03   -1.3350329800e+02    4.6866548244e+01    6.3531411254e+01   -2.0914738140e+02    1.2112672145e+01    8.1986000000e+04    1.8146396824e+02    9.9406911392e-01
       114   -8.6640084203e+01    7.5097699440e+03   -1.3354254226e+02    4.6902458054e+01    6.3563340181e+01   -2.0933938094e+02    1.2233498501e+01    8.2590000000e+04    2.1179300277e+02    9.9396951969e-01
       115   -8.6647756287e+01    7.5110895816e+03   -1.3373003947e+02    4.7082283180e+01    6.3615620295e+01   -2.0934522210e+02    1.1999562337e+01    8.2442000000e+04    2.1129712043e+02    9.9384166169e-01
       116   -8.6613859453e+01    7.5054197869e+03   -1.3366052324e+02    4.7046663786e+01    6.3586518331e+01   -2.0925023141e+02    1.2003189844e+01    8.2276000000e+04    2.0839501528e+02    9.9397684722e-01
       117   -8.6647632151e+01    7.5117359489e+03   -1.3344823439e+02    4.6800602236e+01    6.3488175579e+01   -2.0874736096e+02    1.1810950992e+01    8.2263000000e+04    2.0195771623e+02    9.9394545392e-01
       118   -8.6631719179e+01    7.5084764772e+03   -1.3355439196e+02    4.6922672780e+01    6.3697564911e+01   -2.0966006298e+02    1.2408106106e+01    8.2075000000e+04    1.9712389293e+02    9.9382102480e-01
       119   -8.6610017561e+01    7.5051153000e+03   -1.3370546436e+02    4.7095446799e+01    6.3790274951e+01   -2.0979642406e+02    1.2300684749e+01    8.2112000000e+04    1.8498196791e+02    9.9382223125e-01
       120   -8.6644878977e+01    7.5106386131e+03   -1.3369024305e+02    4.7045364069e+01    6.3673987280e+01   -2.0938856104e+02    1.2024330716e+01    8.2294000000e+04    2.1103159554e+02    9.9394865693e-01
       121   -8.6618270650e+01    7.5062817173e+03   -1.3362408351e+02    4.7005812859e+01    6.3702468721e+01   -2.0946992502e+02    1.2143372786e+01    8.2103000000e+04    1.8922338434e+02    9.9371648998e-01
       122   -8.6646163880e+01    7.5110419679e+03   -1.3389886947e+02    4.7252705586e+01    6.3732068713e+01   -2.0979152636e+02    1.2160588177e+01    8.1963000000e+04    1.7340069241e+02    9.9392059540e-01
       123   -8.6623566826e+01    7.5069182013e+03   -1.3369395969e+02    4.7070392863e+01    6.3711254701e+01   -2.0968060762e+02    1.2275393232e+01    8.1842000000e+04    1.6859818410e+02    9.9388518600e-01
       124   -8.6616254460e+01    7.5062353129e+03   -1.3363117797e+02    4.7014923514e+01    6.3758693627e+01   -2.0966926279e+02    1.2279391190e+01    8.2004000000e+04    1.7381749868e+02    9.9381243039e-01
       125   -8.6618480533e+01    7.5064027776e+03   -1.3350734952e+02    4.6888868987e+01    6.3707760852e+01   -2.0944497654e+02    1.2229866166e+01    8.2135000000e+04    1.9602997194e+02    9.9376421901e-01
       126   -8.6607107329e+01    7.5043485237e+03   -1.3351753959e+02    4.6910432258e+01    6.3745580439e+01   -2.0957973948e+02    1.2316619452e+01    8.1386000000e+04    1.5870408662e+02    9.9367621226e-01
       127   -8.6607514965e+01    7.5044292803e+03   -1.3373745509e+02    4.7129940126e+01    6.3716470199e+01   -2.0959555188e+02    1.2141626589e+01    8.1470000000e+04    1.5755847076e+02    9.9380173425e-01
       128   -8.6622725503e+01    7.5070556235e+03   -1.3387789229e+02    4.7255166788e+01    6.3718641139e+01   -2.0995368208e+02    1.2357148652e+01    8.1429000000e+04    1.5744391960e+02    9.9382947133e-01
       129   -8.6622348146e+01    7.5069484641e+03   -1.3375570472e+02    4.7133356576e+01    6.3657900522e+01   -2.0977830464e+02    1.2364699393e+01    8.1187000000e+04    1.5510181438e+02    9.9391899278e-01
       130   -8.6635107453e+01    7.5093347718e+03   -1.3399061540e+02    4.7355507952e+01    6.3653292247e+01   -2.0974845224e+02    1.2104544587e+01    8.1461000000e+04    1.5625665530e+02    9.9379968577e-01
       131   -8.6627646279e+01    7.5079605152e+03   -1.3371746637e+02    4.7089820094e+01    6.3607347430e+01   -2.0944090064e+02    1.2116086841e+01    8.1953000000e+04    1.6931496293e+02    9.9371678627e-01
       132   -8.6601593218e+01    7.5044600599e+03   -1.3329378948e+02    4.6692196262e+01    6.3556649412e+01   -2.0873823174e+02    1.1887792852e+01    8.2231000000e+04    2.1018520508e+02    9.9390906791e-01
       133   -8.6619234395e+01    7.5068487559e+03   -1.3342079825e+02    4.6801563857e+01    6.3442844169e+01   -2.0891234967e+02    1.2048707249e+01    8.2287000000e+04    1.9931903745e+02    9.9384939519e-01
       134   -8.6625419988e+01    7.5073366808e+03   -1.3351244779e+02    4.6887027801e+01    6.3501041061e+01   -2.0903492726e+02    1.2021438414e+01    8.2283000000e+04    2.0525692722e+02    9.9386455624e-01
       135   -8.6610823151e+01    7.5065269256e+03   -1.3356778777e+02    4.6956964622e+01    6.3543763833e+01   -2.0922857670e+02    1.2117025096e+01    8.2514000000e+04    2.1091655858e+02    9.9394063528e-01
       136   -8.6630400834e+01    7.5084391314e+03   -1.3401271424e+02    4.7382313409e+01    6.3641413390e+01   -2.0984093023e+02    1.2186802596e+01    8.2527000000e+04    2.0923000045e+02    9.9366424160e-01
       137   -8.6638364089e+01    7.5097141102e+03   -1.3403161531e+02    4.7393251217e+01    6.3691835948e+01   -2.1011761807e+02    1.2394166815e+01    8.2472000000e+04    2.0854034870e+02    9.9387002852e-01
       138   -8.6630055792e+01    7.5081853849e+03   -1.3337184118e+02    4.6741785388e+01    6.3611554923e+01   -2.0928675395e+02    1.2303357843e+01    8.2331000000e+04    2.0815098621e+02    9.9377134320e-01
       139   -8.6622778963e+01    7.5071424374e+03   -1.3337771212e+02    4.6754933154e+01    6.3648182736e+01   -2.0925973621e+02    1.2233841353e+01    8.2123000000e+04    1.9043698263e+02    9.9384670711e-01
       140   -8.6616879773e+01    7.5061969116e+03   -1.3350924681e+02    4.6892367041e+01    6.3683228739e+01   -2.0927707449e+02    1.2084598940e+01    8.2131000000e+04    1.9309493359e+02    9.9388799346e-01
       141   -8.6632627395e+01    7.5089353277e+03   -1.3342489105e+02    4.6792263657e+01    6.3664230395e+01   -2.0922958384e+02    1.2140462395e+01    8.1823000000e+04    1.6718690406e+02    9.9384691393e-01
       142   -8.6665975892e+01    7.5143964356e+03   -1.3372861109e+02    4.7062635199e+01    6.3624845931e+01   -2.0962482132e+02    1.2271364301e+01    8.1809000000e+04    1.6902955713e+02    9.9393836840e-01
       143   -8.6623203927e+01    7.5075414409e+03   -1.3361061537e+02    4.6987411442e+01    6.3650940699e+01   -2.0938426251e+02    1.2122706443e+01    8.2368000000e+04    2.0463001089e+02    9.9386304199e-01
       144   -8.6613122016e+01    7.5052625779e+03   -1.3355063531e+02    4.6937513297e+01    6.3700829818e+01   -2.0932763118e+02    1.2076166053e+01    8.2510000000e+04    2.0805441051e+02    9.9390373249e-01
       145   -8.6614735590e+01    7.5061978437e+03   -1.3366379597e+02    4.7049060377e+01    6.3800532838e+01   -2.0967909234e+02    1.2214763537e+01    8.2831000000e+04    2.0901484158e+02    9.9395029493e-01
       146   -8.6636426988e+01    7.5094711639e+03   -1.3391452668e+02    4.7278099687e+01    6.3760725941e+01   -2.1015055209e+02    1.2475299474e+01    8.2599000000e+04    2.0418979685e+02    9.9371046488e-01
       147   -8.6633029858e+01    7.5087234178e+03   -1.3385021362e+02    4.7217183762e+01    6.3802910946e+01   -2.0994921642e+02    1.2296091858e+01    8.2726000000e+04    2.0718174968e+02    9.9379864874e-01
       148   -8.6627446881e+01    7.5078481022e+03   -1.3401075204e+02    4.7383305159e+01    6.3858558267e+01   -2.1022696905e+02    1.2357658740e+01    8.3460000000e+04    2.0868206335e+02    9.9377082385e-01
       149   -8.6638865698e+01    7.5108550127e+03   -1.3393027637e+02    4.7291410673e+01    6.3883237828e+01   -2.1009278708e+02    1.2279272881e+01    8.3707000000e+04    2.0781605544e+02    9.9377186208e-01
       150   -8.6630686127e+01    7.5085025253e+03   -1.3373863757e+02    4.7107951448e+01    6.3810008450e+01   -2.0985510837e+02    1.2306462343e+01    8.3311000000e+04    2.0985722831e+02    9.9395180903e-01
       151   -8.6601696843e+01    7.5035214935e+03   -1.3330020811e+02    4.6698511272e+01    6.3657882065e+01   -2.0916084766e+02    1.2202757476e+01    8.2521000000e+04    2.1046749199e+02    9.9391130687e-01
       152   -8.6623265395e+01    7.5071712481e+03   -1.3325265797e+02    4.6629392574e+01    6.3547614725e+01   -2.0901301351e+02    1.2212740818e+01    8.2118000000e+04    2.0116799266e+02    9.9392180131e-01
       153   -8.6629177710e+01    7.5079940425e+03   -1.3369892051e+02    4.7069742804e+01    6.3618208669e+01   -2.0945970940e+02    1.2142580217e+01    8.2345000000e+04    2.0395829354e+02    9.9389109701e-01
       154   -8.6630000634e+01    7.5084866455e+03   -1.3395991554e+02    4.7329914906e+01    6.3805715467e+01   -2.1008045513e+02    1.2314824127e+01    8.2884000000e+04    2.0938348713e+02    9.9387294945e-01
       155   -8.6623032554e+01    7.5073677380e+03   -1.3385906503e+02    4.7236032480e+01    6.3736847896e+01   -2.0995901000e+02    1.2363097066e+01    8.2775000000e+04    2.0989633919e+02    9.9374296116e-01
       156   -8.6609160241e+01    7.5052336851e+03   -1.3356557514e+02    4.6956414901e+01    6.3672464265e+01   -2.0946373642e+02    1.2225697017e+01    8.3119000000e+04    2.1178664038e+02    9.9388646968e-01
       157   -8.6638155208e+01    7.5096254326e+03   -1.3361130801e+02    4.6973152806e+01    6.3677493272e+01   -2.0950689389e+02    1.2218092608e+01    8.3221000000e+04    2.1248111480e+02    9.9391953214e-01
       158   -8.6615822830e+01    7.5060412829e+03   -1.3342905651e+02    4.6813233681e+01    6.3743181436e+01   -2.0932727712e+02    1.2155039170e+01    8.3148000000e+04    2.0995055808e+02    9.9387424410e-01
       159   -8.6628900841e+01    7.5082168169e+03   -1.3345517053e+02    4.6826269692e+01    6.3714872039e+01   -2.0937772021e+02    1.2207677642e+01    8.2911000000e+04    2.0891874918e+02    9.9376758072e-01
