#   index    LocalEnergy         LocalEnergy_sq      LocalPotential      Kinetic             ElecElec            LocalECP            NonLocalECP         BlockWeight         BlockCPU            AcceptRatio         
         0   -5.8086024263e+01    3.3759805417e+03   -8.4167993544e+01    2.6081969281e+01    3.8807132694e+01   -1.3214759279e+02    9.1724665515e+00    8.1907000000e+04    8.7906734991e+01    9.9650724095e-01
         1   -5.8092422492e+01    3.3765468480e+03   -8.4173101229e+01    2.6080678737e+01    3.8769906370e+01   -1.3212216432e+02    9.1791567196e+00    8.1476000000e+04    7.7361792044e+01    9.9654384711e-01
         2   -5.8091950502e+01    3.3765471529e+03   -8.4193503050e+01    2.6101552548e+01    3.8842732484e+01   -1.3218201948e+02    9.1457839434e+00    8.1655000000e+04    7.6932055426e+01    9.9653183759e-01
         3   -5.8098419157e+01    3.3772198583e+03   -8.4260077617e+01    2.6161658460e+01    3.8833990860e+01   -1.3224735389e+02    9.1532854167e+00    8.1509000000e+04    7.4991974196e+01    9.9659948069e-01
         4   -5.8090846447e+01    3.3763013019e+03   -8.4434287680e+01    2.6343441233e+01    3.8838456208e+01   -1.3262836770e+02    9.3556238140e+00    8.1667000000e+04    7.5740051787e+01    9.9665164376e-01
         5   -5.8071083026e+01    3.3740252581e+03   -8.4411421477e+01    2.6340338451e+01    3.8917982607e+01   -1.3286926603e+02    9.5398619482e+00    8.1901000000e+04    8.9169498230e+01    9.9653627679e-01
         6   -5.8093117312e+01    3.3765240927e+03   -8.4558759118e+01    2.6465641806e+01    3.8946509575e+01   -1.3294743577e+02    9.4421670720e+00    8.2352000000e+04    1.2446685253e+02    9.9654327275e-01
         7   -5.8071882554e+01    3.3743071455e+03   -8.4645083217e+01    2.6573200663e+01    3.8966931795e+01   -1.3282698166e+02    9.2149666513e+00    8.2131000000e+04    1.1532632683e+02    9.9647113844e-01
         8   -5.8079646025e+01    3.3755196369e+03   -8.4575784331e+01    2.6496138305e+01    3.8992209016e+01   -1.3302966399e+02    9.4616706447e+00    8.2511000000e+04    1.2542343323e+02    9.9657482200e-01
         9   -5.8096616222e+01    3.3770617798e+03   -8.4613906592e+01    2.6517290370e+01    3.8945654847e+01   -1.3284120754e+02    9.2816461048e+00    8.2510000000e+04    1.2553181796e+02    9.9651743439e-01
        10   -5.8078806011e+01    3.3750920402e+03   -8.4596326752e+01    2.6517520741e+01    3.8925251895e+01   -1.3278816924e+02    9.2665905909e+00    8.2742000000e+04    1.2790939498e+02    9.9652907237e-01
        11   -5.8086521827e+01    3.3758240076e+03   -8.4369565597e+01    2.6283043770e+01    3.8926031185e+01   -1.3262336283e+02    9.3277660471e+00    8.1929000000e+04    1.0083523561e+02    9.9647856350e-01
        12   -5.8081961997e+01    3.3757929387e+03   -8.4451363193e+01    2.6369401196e+01    3.8943470859e+01   -1.3259960497e+02    9.2047709170e+00    8.1632000000e+04    8.8461161797e+01    9.9641110627e-01
        13   -5.8081469776e+01    3.3756271266e+03   -8.4422848048e+01    2.6341378272e+01    3.8940523395e+01   -1.3260676891e+02    9.2433974666e+00    8.1855000000e+04    9.2356817815e+01    9.9649588703e-01
        14   -5.8099774475e+01    3.3773185809e+03   -8.4458571804e+01    2.6358797329e+01    3.8904000870e+01   -1.3278563139e+02    9.4230587144e+00    8.2083000000e+04    1.0479675637e+02    9.9652139926e-01
        15   -5.8068572098e+01    3.3740702721e+03   -8.4563456248e+01    2.6494884150e+01    3.8951487778e+01   -1.3272131575e+02    9.2063717203e+00    8.2278000000e+04    1.2419162622e+02    9.9655332750e-01
        16   -5.8076330511e+01    3.3747623474e+03   -8.4482377524e+01    2.6406047014e+01    3.8981341960e+01   -1.3284564067e+02    9.3819211879e+00    8.2101000000e+04    1.0987792985e+02    9.9653217106e-01
        17   -5.8077896975e+01    3.3750393844e+03   -8.4597351017e+01    2.6519454042e+01    3.9024348936e+01   -1.3305603568e+02    9.4343357308e+00    8.2159000000e+04    1.1781283825e+02    9.9640849776e-01
        18   -5.8097299540e+01    3.3773642926e+03   -8.4547807804e+01    2.6450508264e+01    3.8962542434e+01   -1.3297287908e+02    9.4625288434e+00    8.2245000000e+04    1.2296689598e+02    9.9657642160e-01
        19   -5.8079560783e+01    3.3751707876e+03   -8.4606989215e+01    2.6527428432e+01    3.8955302130e+01   -1.3296342766e+02    9.4011363116e+00    8.2189000000e+04    1.1773342874e+02    9.9656335688e-01
        20   -5.8083339077e+01    3.3755247501e+03   -8.4738989881e+01    2.6655650804e+01    3.8951106551e+01   -1.3285312394e+02    9.1630275092e+00    8.2026000000e+04    1.0162505861e+02    9.9650814742e-01
        21   -5.8088003052e+01    3.3759770677e+03   -8.4527336317e+01    2.6439333265e+01    3.8932928565e+01   -1.3281681526e+02    9.3565503749e+00    8.1986000000e+04    9.9241668357e+01    9.9662392628e-01
        22   -5.8094690866e+01    3.3767965665e+03   -8.4543914876e+01    2.6449224011e+01    3.8906722097e+01   -1.3276162746e+02    9.3109904851e+00    8.2032000000e+04    1.0257137965e+02    9.9650907279e-01
        23   -5.8097066816e+01    3.3770982013e+03   -8.4626528440e+01    2.6529461625e+01    3.9006375034e+01   -1.3316875628e+02    9.5358528054e+00    8.2188000000e+04    1.1543672584e+02    9.9648383626e-01
        24   -5.8081234157e+01    3.3753934811e+03   -8.4555727044e+01    2.6474492887e+01    3.9037984926e+01   -1.3287266479e+02    9.2789528171e+00    8.2681000000e+04    1.2316191430e+02    9.9653121336e-01
        25   -5.8084365596e+01    3.3756744674e+03   -8.4545096237e+01    2.6460730641e+01    3.9009782149e+01   -1.3299735729e+02    9.4424789033e+00    8.2611000000e+04    1.2459521590e+02    9.9652015983e-01
        26   -5.8077727595e+01    3.3748674520e+03   -8.4504331396e+01    2.6426603801e+01    3.8981138992e+01   -1.3290559586e+02    9.4201254732e+00    8.2471000000e+04    1.2600454604e+02    9.9643719724e-01
        27   -5.8085027544e+01    3.3757766295e+03   -8.4627582347e+01    2.6542554802e+01    3.8986208657e+01   -1.3282629595e+02    9.2125049426e+00    8.2458000000e+04    1.2597381944e+02    9.9657341530e-01
        28   -5.8086477912e+01    3.3757749645e+03   -8.4586519589e+01    2.6500041677e+01    3.9000442847e+01   -1.3281735707e+02    9.2303946312e+00    8.2258000000e+04    1.1911300148e+02    9.9653251137e-01
        29   -5.8081529319e+01    3.3754067486e+03   -8.4436411257e+01    2.6354881938e+01    3.8965837321e+01   -1.3278511665e+02    9.3828680731e+00    8.1841000000e+04    8.8483131369e+01    9.9642251724e-01
        30   -5.8088516429e+01    3.3760190965e+03   -8.4503791855e+01    2.6415275426e+01    3.8934447135e+01   -1.3269798589e+02    9.2597468998e+00    8.1781000000e+04    7.8310876101e+01    9.9650951091e-01
        31   -5.8080409675e+01    3.3752652629e+03   -8.4580940251e+01    2.6500530576e+01    3.8927685973e+01   -1.3282740387e+02    9.3187776500e+00    8.2080000000e+04    1.0866504823e+02    9.9652076282e-01
        32   -5.8076800646e+01    3.3746708900e+03   -8.4445353339e+01    2.6368552692e+01    3.8928025967e+01   -1.3270742508e+02    9.3340457733e+00    8.1631000000e+04    8.3040851713e+01    9.9641140271e-01
        33   -5.8094934317e+01    3.3769698445e+03   -8.4766998736e+01    2.6672064419e+01    3.9066804975e+01   -1.3314166280e+02    9.3078590879e+00    8.1516000000e+04    7.5491316957e+01    9.9638433200e-01
        34   -5.8088738284e+01    3.3760816697e+03   -8.4658210062e+01    2.6569471778e+01    3.9012657356e+01   -1.3304375215e+02    9.3728847355e+00    8.1678000000e+04    7.5840215837e+01    9.9651754140e-01
        35   -5.8089304403e+01    3.3764974071e+03   -8.4628964919e+01    2.6539660516e+01    3.9007740319e+01   -1.3290746755e+02    9.2707623165e+00    8.1851000000e+04    8.0422931906e+01    9.9657959594e-01
        36   -5.8080805882e+01    3.3752666533e+03   -8.4568064533e+01    2.6487258652e+01    3.8979136505e+01   -1.3288487106e+02    9.3376700229e+00    8.1921000000e+04    8.3560706091e+01    9.9642479472e-01
        37   -5.8100031355e+01    3.3773790538e+03   -8.4419520298e+01    2.6319488943e+01    3.8916563092e+01   -1.3271517481e+02    9.3790914234e+00    8.1750000000e+04    8.3297467397e+01    9.9647529767e-01
        38   -5.8074164133e+01    3.3745344205e+03   -8.4424151237e+01    2.6349987104e+01    3.8915941636e+01   -1.3264549732e+02    9.3054044452e+00    8.1439000000e+04    7.7769105592e+01    9.9658085263e-01
        39   -5.8090594397e+01    3.3764747054e+03   -8.4590083055e+01    2.6499488658e+01    3.8940177152e+01   -1.3308948254e+02    9.5592223317e+00    8.1739000000e+04    7.6473256487e+01    9.9650184513e-01
        40   -5.8089168495e+01    3.3763308846e+03   -8.4542669592e+01    2.6453501097e+01    3.8894947294e+01   -1.3287478550e+02    9.4371686122e+00    8.2322000000e+04    1.2331260316e+02    9.9657474997e-01
        41   -5.8077434181e+01    3.3749994813e+03   -8.4432305133e+01    2.6354870952e+01    3.8944816582e+01   -1.3270831446e+02    9.3311927421e+00    8.2061000000e+04    1.0701012107e+02    9.9654828750e-01
        42   -5.8104122990e+01    3.3778105059e+03   -8.4523535011e+01    2.6419412020e+01    3.8895121098e+01   -1.3255753366e+02    9.1388775508e+00    8.2118000000e+04    1.1564724048e+02    9.9646663557e-01
        43   -5.8092636277e+01    3.3765858951e+03   -8.4394509508e+01    2.6301873231e+01    3.8813706325e+01   -1.3240691502e+02    9.1986991886e+00    8.2364000000e+04    1.2598935413e+02    9.9653472562e-01
        44   -5.8077994508e+01    3.3748463856e+03   -8.4384716258e+01    2.6306721749e+01    3.8886137817e+01   -1.3269573709e+02    9.4248830167e+00    8.2696000000e+04    1.2675256811e+02    9.9645269924e-01
        45   -5.8080291459e+01    3.3756354966e+03   -8.4473374434e+01    2.6393082975e+01    3.8960815459e+01   -1.3287024325e+02    9.4360533584e+00    8.2648000000e+04    1.2600115922e+02    9.9645277884e-01
        46   -5.8087853213e+01    3.3762407955e+03   -8.4502382976e+01    2.6414529763e+01    3.9022889213e+01   -1.3298661638e+02    9.4613441940e+00    8.3086000000e+04    1.2629137685e+02    9.9646650383e-01
        47   -5.8087710347e+01    3.3760009035e+03   -8.4683848989e+01    2.6596138642e+01    3.9023108057e+01   -1.3312601032e+02    9.4190532786e+00    8.3042000000e+04    1.2362977046e+02    9.9640648249e-01
        48   -5.8095166429e+01    3.3770554762e+03   -8.4677778572e+01    2.6582612143e+01    3.8990323092e+01   -1.3290403767e+02    9.2359360018e+00    8.3026000000e+04    1.2237472291e+02    9.9640769543e-01
        49   -5.8083776827e+01    3.3756102891e+03   -8.4538841350e+01    2.6455064523e+01    3.9011003998e+01   -1.3273900768e+02    9.1891623321e+00    8.3174000000e+04    1.2411571785e+02    9.9649893522e-01
        50   -5.8108553252e+01    3.3785474530e+03   -8.4509798427e+01    2.6401245175e+01    3.8989957494e+01   -1.3302535144e+02    9.5255955176e+00    8.3310000000e+04    1.2617165962e+02    9.9645472221e-01
        51   -5.8076730424e+01    3.3748127596e+03   -8.4525475212e+01    2.6448744788e+01    3.9036089202e+01   -1.3306274334e+02    9.5011789209e+00    8.3037000000e+04    1.2272294911e+02    9.9648784356e-01
        52   -5.8106723073e+01    3.3782825349e+03   -8.4496398799e+01    2.6389675727e+01    3.8922252698e+01   -1.3276859211e+02    9.3499406161e+00    8.2858000000e+04    1.2369782222e+02    9.9656424029e-01
        53   -5.8095577620e+01    3.3766870472e+03   -8.4446873455e+01    2.6351295835e+01    3.8883973459e+01   -1.3276538359e+02    9.4345366786e+00    8.2803000000e+04    1.2268547973e+02    9.9641645841e-01
        54   -5.8109324446e+01    3.3784323192e+03   -8.4356279215e+01    2.6246954769e+01    3.8831392299e+01   -1.3254142160e+02    9.3537500892e+00    8.2960000000e+04    1.2200889457e+02    9.9651030512e-01
        55   -5.8091971032e+01    3.3765565608e+03   -8.4300702049e+01    2.6208731017e+01    3.8858798695e+01   -1.3238886078e+02    9.2293600330e+00    8.2458000000e+04    1.2052910498e+02    9.9658534059e-01
        56   -5.8063814912e+01    3.3733641236e+03   -8.4285457587e+01    2.6221642675e+01    3.8839177390e+01   -1.3256880411e+02    9.4441691370e+00    8.1795000000e+04    9.2009196585e+01    9.9654340297e-01
        57   -5.8086413576e+01    3.3760798896e+03   -8.4464405956e+01    2.6377992380e+01    3.8873397574e+01   -1.3268882311e+02    9.3510195799e+00    8.1413000000e+04    7.4309598377e+01    9.9650278023e-01
        58   -5.8075730822e+01    3.3747410354e+03   -8.4387842455e+01    2.6312111633e+01    3.8899028682e+01   -1.3256106574e+02    9.2741946018e+00    8.1427000000e+04    7.5701879333e+01    9.9652571717e-01
        59   -5.8082971950e+01    3.3754224155e+03   -8.4352016706e+01    2.6269044757e+01    3.8896554904e+01   -1.3262025435e+02    9.3716827435e+00    8.1547000000e+04    7.3367299745e+01    9.9637142428e-01
        60   -5.8064305418e+01    3.3734904517e+03   -8.4325242856e+01    2.6260937439e+01    3.8967675353e+01   -1.3287066771e+02    9.5777495009e+00    8.1322000000e+04    7.4924299232e+01    9.9639648599e-01
        61   -5.8084908623e+01    3.3757181334e+03   -8.4548923318e+01    2.6464014695e+01    3.8956264157e+01   -1.3300258744e+02    9.4973999677e+00    8.1064000000e+04    7.4627772759e+01    9.9646736824e-01
        62   -5.8091877126e+01    3.3765721328e+03   -8.4594880074e+01    2.6503002948e+01    3.8981835955e+01   -1.3309527726e+02    9.5185612288e+00    8.1233000000e+04    7.6240643927e+01    9.9652846196e-01
        63   -5.8082971975e+01    3.3756168174e+03   -8.4636048159e+01    2.6553076185e+01    3.9015922177e+01   -1.3324225907e+02    9.5902887374e+00    8.1098000000e+04    7.3798177764e+01    9.9635909139e-01
        64   -5.8077854411e+01    3.3750284356e+03   -8.4673071644e+01    2.6595217233e+01    3.9039517976e+01   -1.3313076031e+02    9.4181706881e+00    8.1147000000e+04    7.6137248541e+01    9.9655020580e-01
        65   -5.8082025482e+01    3.3756996622e+03   -8.4754658692e+01    2.6672633210e+01    3.9063577297e+01   -1.3329706024e+02    9.4788242505e+00    8.1498000000e+04    7.5184417661e+01    9.9640159412e-01
        66   -5.8082988838e+01    3.3755552181e+03   -8.4697616361e+01    2.6614627523e+01    3.9021690531e+01   -1.3304383098e+02    9.3245240887e+00    8.1809000000e+04    7.7387549951e+01    9.9645578572e-01
        67   -5.8088611719e+01    3.3760998966e+03   -8.4703509255e+01    2.6614897536e+01    3.9039886892e+01   -1.3304842636e+02    9.3050302110e+00    8.1678000000e+04    7.5243332259e+01    9.9643120596e-01
        68   -5.8098407492e+01    3.3775339386e+03   -8.4391714138e+01    2.6293306646e+01    3.9002385828e+01   -1.3273271169e+02    9.3386117222e+00    8.1821000000e+04    7.6676075787e+01    9.9652793733e-01
        69   -5.8074876877e+01    3.3759946205e+03   -8.4449588183e+01    2.6374711306e+01    3.9040767326e+01   -1.3267893229e+02    9.1885767790e+00    8.1517000000e+04    7.5604533905e+01    9.9639416055e-01
        70   -5.8086105040e+01    3.3758230785e+03   -8.4495419728e+01    2.6409314689e+01    3.8971829478e+01   -1.3250277383e+02    9.0355246286e+00    8.1414000000e+04    7.5566488608e+01    9.9620454230e-01
        71   -5.8107802950e+01    3.3786598009e+03   -8.4337065951e+01    2.6229263001e+01    3.8881575646e+01   -1.3239088853e+02    9.1722469322e+00    8.1931000000e+04    9.6882535924e+01    9.9596924266e-01
        72   -5.8115818633e+01    3.3792110339e+03   -8.4366409562e+01    2.6250590930e+01    3.8900580543e+01   -1.3259392207e+02    9.3269319683e+00    8.1793000000e+04    8.3418972930e+01    9.9591653411e-01
        73   -5.8096519455e+01    3.3774037278e+03   -8.4403878364e+01    2.6307358909e+01    3.8969375287e+01   -1.3265786008e+02    9.2846064298e+00    8.2124000000e+04    1.0976280078e+02    9.9582582863e-01
        74   -5.8095663655e+01    3.3771411498e+03   -8.4380990684e+01    2.6285327029e+01    3.8936150867e+01   -1.3258724660e+02    9.2701050441e+00    8.2077000000e+04    1.0945226625e+02    9.9518906722e-01
        75   -5.8099890098e+01    3.3777586940e+03   -8.4324088776e+01    2.6224198678e+01    3.8937442960e+01   -1.3264305630e+02    9.3815245611e+00    8.2398000000e+04    1.1920285355e+02    9.9441659389e-01
        76   -5.8116580989e+01    3.3795722237e+03   -8.4255393743e+01    2.6138812754e+01    3.8919149431e+01   -1.3264860479e+02    9.4740616137e+00    8.2638000000e+04    1.2190646467e+02    9.9335959900e-01
        77   -5.8124165774e+01    3.3807323155e+03   -8.4270371471e+01    2.6146205697e+01    3.8897194370e+01   -1.3260897060e+02    9.4414047606e+00    8.2715000000e+04    1.2203578783e+02    9.9092153859e-01
        78   -5.8176993337e+01    3.3870189118e+03   -8.4348946862e+01    2.6171953525e+01    3.8965128462e+01   -1.3256322625e+02    9.2491509243e+00    8.3059000000e+04    1.2536445876e+02    9.8660835101e-01
        79   -5.8244371859e+01    3.3952943981e+03   -8.4233430716e+01    2.5989058857e+01    3.8922289821e+01   -1.3241347721e+02    9.2577566754e+00    8.3970000000e+04    1.2402031630e+02    9.7972007385e-01
        80   -5.8359142870e+01    3.4095766821e+03   -8.4091001954e+01    2.5731859085e+01    3.8860467711e+01   -1.3189861003e+02    8.9471403680e+00    8.5414000000e+04    1.2568821563e+02    9.6879986222e-01
        81   -5.8563256016e+01    3.4342938755e+03   -8.3698069407e+01    2.5134813392e+01    3.8855472130e+01   -1.3174165500e+02    9.1881134679e+00    8.8335000000e+04    1.2870079528e+02    9.4942906555e-01
        82   -5.8834045757e+01    3.4679104177e+03   -8.3407775982e+01    2.4573730225e+01    3.8828355113e+01   -1.3099607196e+02    8.7599408611e+00    9.2777000000e+04    1.2982231475e+02    9.1949784006e-01
        83   -5.9258843036e+01    3.5194274895e+03   -8.2971384997e+01    2.3712541961e+01    3.8765251257e+01   -1.3012288919e+02    8.3862529410e+00    1.0005000000e+05    1.3997579120e+02    8.7797229024e-01
        84   -5.9827778104e+01    3.5893083149e+03   -8.2219965179e+01    2.2392187075e+01    3.8648063334e+01   -1.2861177791e+02    7.7437493975e+00    1.1209500000e+05    1.4324411631e+02    8.1884797445e-01
        85   -6.0529660527e+01    3.6755336993e+03   -8.1248170297e+01    2.0718509770e+01    3.8510944286e+01   -1.2713782343e+02    7.3787088482e+00    1.3173800000e+05    1.4436280074e+02    7.4751169052e-01
        86   -6.1291804886e+01    3.7689549897e+03   -8.0402749998e+01    1.9110945112e+01    3.8371988797e+01   -1.2560469667e+02    6.8299578775e+00    1.6169300000e+05    1.6406565075e+02    6.7114095457e-01
        87   -6.1558882891e+01    3.8016438614e+03   -7.9782319960e+01    1.8223437069e+01    3.8346274008e+01   -1.2451000374e+02    6.3814097698e+00    1.7408000000e+05    1.9867887579e+02    6.3307626762e-01
        88   -6.1656368080e+01    3.8128596946e+03   -7.9365441083e+01    1.7709073003e+01    3.8336442794e+01   -1.2383518515e+02    6.1333012774e+00    1.7408000000e+05    1.9694941674e+02    6.1405723422e-01
        89   -6.1772841321e+01    3.8273911837e+03   -7.8910186779e+01    1.7137345458e+01    3.8308464853e+01   -1.2334419696e+02    6.1255453273e+00    1.7408000000e+05    1.9682850358e+02    5.9555281097e-01
        90   -6.1909965042e+01    3.8437186941e+03   -7.8581950585e+01    1.6671985543e+01    3.8207494478e+01   -1.2265080508e+02    5.8613600215e+00    1.7408000000e+05    1.9668114972e+02    5.7798808977e-01
        91   -6.1966653844e+01    3.8506215677e+03   -7.8271931402e+01    1.6305277558e+01    3.8176799283e+01   -1.2202879769e+02    5.5800670076e+00    1.7408000000e+05    1.9744527500e+02    5.6259622013e-01
        92   -6.2107576602e+01    3.8676490890e+03   -7.7957299183e+01    1.5849722581e+01    3.8109404791e+01   -1.2157285664e+02    5.5061526703e+00    1.7408000000e+05    1.9794820620e+02    5.4693435968e-01
        93   -6.2185860526e+01    3.8771549781e+03   -7.7721647206e+01    1.5535786679e+01    3.8122097526e+01   -1.2125645894e+02    5.4127142033e+00    1.7408000000e+05    1.9718001624e+02    5.3452866498e-01
        94   -6.2306369601e+01    3.8918391432e+03   -7.7529253920e+01    1.5222884319e+01    3.8057335662e+01   -1.2094775202e+02    5.3611624332e+00    1.7408000000e+05    1.9445656125e+02    5.2195398667e-01
        95   -6.2405158015e+01    3.9039331110e+03   -7.7383615891e+01    1.4978457876e+01    3.8001653689e+01   -1.2055842963e+02    5.1731600474e+00    1.7408000000e+05    1.9463052219e+02    5.1052437577e-01
        96   -6.2517258564e+01    3.9177740166e+03   -7.7142544642e+01    1.4625286078e+01    3.7961078356e+01   -1.2030660991e+02    5.2029869160e+00    1.7408000000e+05    1.9531208265e+02    4.9970272289e-01
        97   -6.2594944122e+01    3.9270442597e+03   -7.6970620993e+01    1.4375676871e+01    3.7920580653e+01   -1.1986155634e+02    4.9703546979e+00    1.7408000000e+05    1.9305507976e+02    4.9067191330e-01
        98   -6.2633096657e+01    3.9315812383e+03   -7.6913666388e+01    1.4280569730e+01    3.7906043008e+01   -1.1958174503e+02    4.7620356304e+00    1.7408000000e+05    1.9234757042e+02    4.8281920190e-01
        99   -6.2697260240e+01    3.9395914229e+03   -7.6727208264e+01    1.4029948024e+01    3.7898611721e+01   -1.1936574609e+02    4.7399261098e+00    1.7408000000e+05    1.9340604160e+02    4.7518238741e-01
       100   -6.2735941625e+01    3.9442632612e+03   -7.6630578598e+01    1.3894636973e+01    3.7911610944e+01   -1.1931437919e+02    4.7721896453e+00    1.7408000000e+05    1.9164231242e+02    4.6828948376e-01
       101   -6.2792123086e+01    3.9509918886e+03   -7.6537125317e+01    1.3745002232e+01    3.7875921086e+01   -1.1908650849e+02    4.6734620827e+00    1.7408000000e+05    1.9461864382e+02    4.6199735754e-01
       102   -6.2807892021e+01    3.9532799240e+03   -7.6423707736e+01    1.3615815714e+01    3.7868010230e+01   -1.1889515147e+02    4.6034335056e+00    1.7408000000e+05    1.9153905015e+02    4.5669806985e-01
       103   -6.2876533461e+01    3.9613510759e+03   -7.6313701686e+01    1.3437168225e+01    3.7828013342e+01   -1.1872181173e+02    4.5800966997e+00    1.7408000000e+05    1.8959638949e+02    4.5132984835e-01
       104   -6.2920421914e+01    3.9667288718e+03   -7.6159533112e+01    1.3239111198e+01    3.7795818521e+01   -1.1847364601e+02    4.5182943733e+00    1.7408000000e+05    1.9450390528e+02    4.4687117034e-01
       105   -6.2929449073e+01    3.9677178887e+03   -7.6081849762e+01    1.3152400689e+01    3.7792238325e+01   -1.1832978673e+02    4.4556986461e+00    1.7408000000e+05    1.9141331934e+02    4.4352165671e-01
       106   -6.2977330144e+01    3.9739315146e+03   -7.6069738313e+01    1.3092408169e+01    3.7765008004e+01   -1.1833688171e+02    4.5021353926e+00    1.7408000000e+05    1.9101875806e+02    4.3912473192e-01
       107   -6.3018416003e+01    3.9792486363e+03   -7.6056241094e+01    1.3037825092e+01    3.7770429621e+01   -1.1825961684e+02    4.4329461231e+00    1.7408000000e+05    1.8560778871e+02    4.3602079504e-01
       108   -6.3052628643e+01    3.9832375732e+03   -7.6002748501e+01    1.2950119858e+01    3.7748827162e+01   -1.1819711983e+02    4.4455441685e+00    1.7408000000e+05    1.8743362029e+02    4.3344343597e-01
       109   -6.3078108372e+01    3.9863286487e+03   -7.5954917898e+01    1.2876809526e+01    3.7728842948e+01   -1.1816388827e+02    4.4801274273e+00    1.7408000000e+05    1.9022801228e+02    4.3137302773e-01
       110   -6.3118125342e+01    3.9911395417e+03   -7.5863052554e+01    1.2744927212e+01    3.7692304951e+01   -1.1796738797e+02    4.4120304633e+00    1.7408000000e+05    1.8422785725e+02    4.2930597044e-01
       111   -6.3150573726e+01    3.9949505872e+03   -7.5855409918e+01    1.2704836191e+01    3.7658449533e+01   -1.1792491476e+02    4.4110553135e+00    1.7408000000e+05    1.8133879720e+02    4.2724992341e-01
       112   -6.3187155094e+01    3.9999232970e+03   -7.5831683503e+01    1.2644528409e+01    3.7638152551e+01   -1.1781192900e+02    4.3420929412e+00    1.7408000000e+05    1.8266188885e+02    4.2524031097e-01
       113   -6.3221728515e+01    4.0040159099e+03   -7.5770938212e+01    1.2549209697e+01    3.7610890960e+01   -1.1774162865e+02    4.3597994747e+00    1.7408000000e+05    1.8083767308e+02    4.2363903569e-01
       114   -6.3216140872e+01    4.0029633787e+03   -7.5704262258e+01    1.2488121386e+01    3.7593544474e+01   -1.1760826133e+02    4.3104545988e+00    1.7408000000e+05    1.7829755514e+02    4.2243460861e-01
       115   -6.3219706541e+01    4.0035421808e+03   -7.5683423675e+01    1.2463717134e+01    3.7570637043e+01   -1.1751890522e+02    4.2648445040e+00    1.7408000000e+05    1.8375548120e+02    4.2108465456e-01
       116   -6.3222281507e+01    4.0039363794e+03   -7.5572798091e+01    1.2350516583e+01    3.7561853384e+01   -1.1738094299e+02    4.2462915187e+00    1.7408000000e+05    1.8913713593e+02    4.2033116958e-01
       117   -6.3256539132e+01    4.0083420945e+03   -7.5563285777e+01    1.2306746645e+01    3.7543652851e+01   -1.1738224067e+02    4.2753020436e+00    1.7408000000e+05    1.8602545833e+02    4.1950683594e-01
       118   -6.3268818662e+01    4.0111017295e+03   -7.5592253462e+01    1.2323434799e+01    3.7526107711e+01   -1.1737420416e+02    4.2558429837e+00    1.7408000000e+05    1.7951117596e+02    4.1904536229e-01
       119   -6.3246745483e+01    4.0068473445e+03   -7.5596204500e+01    1.2349459018e+01    3.7506633020e+01   -1.1731114676e+02    4.2083092395e+00    1.7408000000e+05    1.7792690496e+02    4.1839288450e-01
       120   -6.3235650457e+01    4.0059867335e+03   -7.5601491216e+01    1.2365840759e+01    3.7503467215e+01   -1.1727923011e+02    4.1742716785e+00    1.7408000000e+05    1.7878958163e+02    4.1774662990e-01
       121   -6.3249593863e+01    4.0073758010e+03   -7.5503136493e+01    1.2253542631e+01    3.7486802752e+01   -1.1721998008e+02    4.2300408371e+00    1.7408000000e+05    1.7898744692e+02    4.1729999617e-01
       122   -6.3254009842e+01    4.0078096851e+03   -7.5409323611e+01    1.2155313769e+01    3.7466272818e+01   -1.1707502247e+02    4.1994260406e+00    1.7408000000e+05    1.7937914798e+02    4.1708266314e-01
       123   -6.3290506724e+01    4.0123195478e+03   -7.5495507392e+01    1.2205000668e+01    3.7458299098e+01   -1.1718720960e+02    4.2334031085e+00    1.7408000000e+05    1.7772620996e+02    4.1676288680e-01
       124   -6.3298394078e+01    4.0142366513e+03   -7.5481986889e+01    1.2183592811e+01    3.7455144203e+01   -1.1710519355e+02    4.1680624615e+00    1.7408000000e+05    1.7782112283e+02    4.1652736290e-01
       125   -6.3301658201e+01    4.0137462964e+03   -7.5415788091e+01    1.2114129890e+01    3.7451516534e+01   -1.1708744545e+02    4.2201408245e+00    1.7408000000e+05    1.7958060543e+02    4.1623965993e-01
       126   -6.3288212160e+01    4.0120459126e+03   -7.5414195197e+01    1.2125983037e+01    3.7435781341e+01   -1.1699631974e+02    4.1463432012e+00    1.7408000000e+05    1.7926329344e+02    4.1597876455e-01
       127   -6.3270219516e+01    4.0104098925e+03   -7.5340126078e+01    1.2069906562e+01    3.7431282813e+01   -1.1698036943e+02    4.2089605395e+00    1.7408000000e+05    1.7798166307e+02    4.1590456495e-01
       128   -6.3271843915e+01    4.0101540782e+03   -7.5320437586e+01    1.2048593671e+01    3.7427125637e+01   -1.1698079844e+02    4.2332352168e+00    1.7408000000e+05    1.7861081085e+02    4.1580882353e-01
       129   -6.3298495297e+01    4.0137721957e+03   -7.5343761254e+01    1.2045265957e+01    3.7403296853e+01   -1.1693938430e+02    4.1923261956e+00    1.7408000000e+05    1.7929340025e+02    4.1565515855e-01
       130   -6.3314253574e+01    4.0162441242e+03   -7.5351100946e+01    1.2036847372e+01    3.7383971727e+01   -1.1685825658e+02    4.1231839052e+00    1.7408000000e+05    1.7920033683e+02    4.1552495021e-01
       131   -6.3330363772e+01    4.0176362918e+03   -7.5376276862e+01    1.2045913090e+01    3.7378119556e+01   -1.1689405386e+02    4.1396574430e+00    1.7408000000e+05    1.7790647592e+02    4.1558766085e-01
       132   -6.3340437573e+01    4.0187955634e+03   -7.5368744612e+01    1.2028307040e+01    3.7355485388e+01   -1.1692565934e+02    4.2014293393e+00    1.7408000000e+05    1.7720280911e+02    4.1544835708e-01
       133   -6.3334972951e+01    4.0179305122e+03   -7.5412252912e+01    1.2077279962e+01    3.7335057218e+01   -1.1680887914e+02    4.0615690069e+00    1.7408000000e+05    1.7562730028e+02    4.1529564951e-01
       134   -6.3344456349e+01    4.0192799177e+03   -7.5361426402e+01    1.2016970053e+01    3.7315719076e+01   -1.1675762219e+02    4.0804767154e+00    1.7408000000e+05    1.7566326696e+02    4.1520469516e-01
       135   -6.3347458293e+01    4.0194910408e+03   -7.5374627211e+01    1.2027168918e+01    3.7318136220e+01   -1.1683230744e+02    4.1395440083e+00    1.7408000000e+05    1.7835010394e+02    4.1523964078e-01
       136   -6.3374082238e+01    4.0231262896e+03   -7.5383152690e+01    1.2009070452e+01    3.7309092470e+01   -1.1689208560e+02    4.1998404416e+00    1.7408000000e+05    1.7962465900e+02    4.1508166743e-01
       137   -6.3365816878e+01    4.0216330762e+03   -7.5311362657e+01    1.1945545779e+01    3.7283348818e+01   -1.1674770805e+02    4.1529965701e+00    1.7408000000e+05    1.7776323692e+02    4.1510799632e-01
       138   -6.3385950546e+01    4.0243402903e+03   -7.5294579825e+01    1.1908629279e+01    3.7260075846e+01   -1.1669025965e+02    4.1356039778e+00    1.7408000000e+05    1.7526794891e+02    4.1514006970e-01
       139   -6.3416010295e+01    4.0280655771e+03   -7.5334045347e+01    1.1918035052e+01    3.7226274329e+01   -1.1665202875e+02    4.0917090695e+00    1.7408000000e+05    1.7697645940e+02    4.1516304764e-01
       140   -6.3412205895e+01    4.0277768032e+03   -7.5330014601e+01    1.1917808707e+01    3.7212280564e+01   -1.1662278188e+02    4.0804867165e+00    1.7408000000e+05    1.7649171875e+02    4.1509363511e-01
       141   -6.3438976716e+01    4.0306991001e+03   -7.5257861096e+01    1.1818884380e+01    3.7147410478e+01   -1.1653422026e+02    4.1289486864e+00    1.7408000000e+05    1.7589373434e+02    4.1508597580e-01
       142   -6.3421762666e+01    4.0287583922e+03   -7.5154036171e+01    1.1732273504e+01    3.7137117269e+01   -1.1631947435e+02    4.0283209063e+00    1.7408000000e+05    1.7573172167e+02    4.1517214308e-01
       143   -6.3421871244e+01    4.0294444963e+03   -7.5212244685e+01    1.1790373441e+01    3.7157808762e+01   -1.1641593963e+02    4.0458861798e+00    1.7408000000e+05    1.7616723099e+02    4.1508980545e-01
       144   -6.3416098200e+01    4.0281919137e+03   -7.5213509056e+01    1.1797410856e+01    3.7172073338e+01   -1.1645676657e+02    4.0711841775e+00    1.7408000000e+05    1.7775196296e+02    4.1512235754e-01
       145   -6.3408178808e+01    4.0269248259e+03   -7.5152077633e+01    1.1743898825e+01    3.7142542463e+01   -1.1635174254e+02    4.0571224443e+00    1.7408000000e+05    1.8169388645e+02    4.1512235754e-01
       146   -6.3400014236e+01    4.0259602027e+03   -7.5110260283e+01    1.1710246046e+01    3.7128404462e+01   -1.1630619626e+02    4.0675315108e+00    1.7408000000e+05    1.7598583601e+02    4.1522575827e-01
       147   -6.3402390851e+01    4.0265271368e+03   -7.5025133686e+01    1.1622742834e+01    3.7133527464e+01   -1.1628703017e+02    4.1283690211e+00    1.7408000000e+05    1.7688184150e+02    4.1524634268e-01
       148   -6.3415693366e+01    4.0281117416e+03   -7.5062922768e+01    1.1647229402e+01    3.7110655944e+01   -1.1617466641e+02    4.0010877019e+00    1.7408000000e+05    1.7750083080e+02    4.1515107996e-01
       149   -6.3435788587e+01    4.0311107558e+03   -7.5082311943e+01    1.1646523356e+01    3.7111299401e+01   -1.1626732446e+02    4.0737131136e+00    1.7408000000e+05    1.7921418277e+02    4.1517932368e-01
       150   -6.3464572103e+01    4.0343366685e+03   -7.5096544920e+01    1.1631972817e+01    3.7106455055e+01   -1.1630287904e+02    4.0998790641e+00    1.7408000000e+05    1.7605325612e+02    4.1515347350e-01
       151   -6.3458659853e+01    4.0334177342e+03   -7.5082229745e+01    1.1623569891e+01    3.7097774187e+01   -1.1637603492e+02    4.1960309905e+00    1.7408000000e+05    1.7761250097e+02    4.1516927083e-01
       152   -6.3424997149e+01    4.0294591948e+03   -7.5034424104e+01    1.1609426955e+01    3.7089367716e+01   -1.1620685882e+02    4.0830669959e+00    1.7408000000e+05    1.7686589776e+02    4.1523628983e-01
       153   -6.3441959428e+01    4.0315152209e+03   -7.5003481772e+01    1.1561522344e+01    3.7072307340e+01   -1.1621021489e+02    4.1344257750e+00    1.7408000000e+05    1.7444708882e+02    4.1514868643e-01
       154   -6.3471688792e+01    4.0350436956e+03   -7.5071388061e+01    1.1599699269e+01    3.7076377713e+01   -1.1622335999e+02    4.0755942140e+00    1.7408000000e+05    1.7603291502e+02    4.1512044271e-01
       155   -6.3463099913e+01    4.0343131252e+03   -7.5029723501e+01    1.1566623588e+01    3.7068029422e+01   -1.1611171550e+02    4.0139625754e+00    1.7408000000e+05    1.7717151243e+02    4.1512187883e-01
       156   -6.3500197937e+01    4.0389850565e+03   -7.5058476681e+01    1.1558278744e+01    3.7043822498e+01   -1.1603431770e+02    3.9320185219e+00    1.7408000000e+05    1.7865289914e+02    4.1513049556e-01
       157   -6.3496619131e+01    4.0384906865e+03   -7.5060237960e+01    1.1563618829e+01    3.7048359338e+01   -1.1619276605e+02    4.0841687533e+00    1.7408000000e+05    1.7912957667e+02    4.1511757047e-01
       158   -6.3490290046e+01    4.0375241823e+03   -7.5021247842e+01    1.1530957796e+01    3.7026163314e+01   -1.1621169730e+02    4.1642861417e+00    1.7408000000e+05    1.7605404343e+02    4.1511661305e-01
       159   -6.3504260473e+01    4.0396362666e+03   -7.4994922484e+01    1.1490662011e+01    3.6998085240e+01   -1.1604530936e+02    4.0523016348e+00    1.7408000000e+05    1.7661622836e+02    4.1518458946e-01
