#   index    LocalEnergy         LocalEnergy_sq      LocalPotential      Kinetic             ElecElec            LocalECP            NonLocalECP         BlockWeight         BlockCPU            AcceptRatio         
         0   -5.7971624722e+01    3.3615902419e+03   -8.4409631396e+01    2.6438006674e+01    3.9341753319e+01   -1.3306733687e+02    9.3159521557e+00    1.0240000000e+03    1.1307295412e-02    6.2289767795e-01
         1   -5.8036620813e+01    3.3689074577e+03   -8.3923641073e+01    2.5887020259e+01    3.8999869155e+01   -1.3178302230e+02    8.8595120776e+00    1.0240000000e+03    1.1302785482e-02    6.2295464410e-01
         2   -5.8040234780e+01    3.3694144693e+03   -8.4521377844e+01    2.6481143064e+01    3.8810560594e+01   -1.3251811358e+02    9.1861751459e+00    1.0240000000e+03    1.1216713348e-02    6.2334526910e-01
         3   -5.8025464911e+01    3.3676135476e+03   -8.3932928860e+01    2.5907463949e+01    3.8888767503e+01   -1.3243406841e+02    9.6123720490e+00    1.0240000000e+03    1.1230894830e-02    6.2446831597e-01
         4   -5.8060357841e+01    3.3719525558e+03   -8.3850507115e+01    2.5790149274e+01    3.8870241271e+01   -1.3229511781e+02    9.5743694254e+00    1.0240000000e+03    1.1221458204e-02    6.2455512153e-01
         5   -5.8026543243e+01    3.3676549626e+03   -8.4617223122e+01    2.6590679879e+01    3.8895360341e+01   -1.3234699646e+02    8.8344129997e+00    1.0240000000e+03    1.1168621480e-02    6.2184787326e-01
         6   -5.8005704488e+01    3.3653130532e+03   -8.4287545633e+01    2.6281841144e+01    3.9166964506e+01   -1.3312451386e+02    9.6700037179e+00    1.0240000000e+03    1.1176869273e-02    6.2356770833e-01
         7   -5.7980934441e+01    3.3625982856e+03   -8.4003759941e+01    2.6022825500e+01    3.9062851697e+01   -1.3273520301e+02    9.6685913718e+00    1.0240000000e+03    1.1147990124e-02    6.2282714844e-01
         8   -5.8083567803e+01    3.3753518222e+03   -8.4221656078e+01    2.6138088275e+01    3.9066066251e+01   -1.3336460771e+02    1.0076885382e+01    1.0240000000e+03    1.1155521730e-02    6.2286241319e-01
         9   -5.8054061311e+01    3.3717747530e+03   -8.4612223211e+01    2.6558161900e+01    3.9253541035e+01   -1.3346294986e+02    9.5971856188e+00    1.0240000000e+03    1.1156811379e-02    6.2383083767e-01
        10   -5.8049416955e+01    3.3710151348e+03   -8.4323289299e+01    2.6273872344e+01    3.8995521659e+01   -1.3227789457e+02    8.9590836092e+00    1.0240000000e+03    1.1122179683e-02    6.2231445312e-01
        11   -5.8042207774e+01    3.3696690686e+03   -8.4292502019e+01    2.6250294245e+01    3.8798035716e+01   -1.3249095691e+02    9.4004191799e+00    1.0240000000e+03    1.1122233002e-02    6.2213541667e-01
        12   -5.8048982314e+01    3.3703441537e+03   -8.4035411982e+01    2.5986429669e+01    3.8853572408e+01   -1.3183190633e+02    8.9429219427e+00    1.0240000000e+03    1.1155847460e-02    6.2374131944e-01
        13   -5.7996658427e+01    3.3641961611e+03   -8.3971194139e+01    2.5974535713e+01    3.8802689448e+01   -1.3239872313e+02    9.6248395466e+00    1.0240000000e+03    1.1142483447e-02    6.2383626302e-01
        14   -5.8042799368e+01    3.3704448294e+03   -8.4490345569e+01    2.6447546200e+01    3.9040337169e+01   -1.3254801236e+02    9.0173296198e+00    1.0240000000e+03    1.1141117662e-02    6.2359212240e-01
        15   -5.8009135622e+01    3.3658155578e+03   -8.4385142967e+01    2.6376007345e+01    3.9186090467e+01   -1.3337850515e+02    9.8072717122e+00    1.0240000000e+03    1.1145325378e-02    6.2245551215e-01
        16   -5.8003863144e+01    3.3650602068e+03   -8.4081578432e+01    2.6077715288e+01    3.8831092698e+01   -1.3217164611e+02    9.2589749754e+00    1.0240000000e+03    1.1124161538e-02    6.2330457899e-01
        17   -5.7989443479e+01    3.3634937694e+03   -8.3690568966e+01    2.5701125487e+01    3.8889215309e+01   -1.3165200308e+02    9.0722188075e+00    1.0240000000e+03    1.1128116632e-02    6.2376302083e-01
        18   -5.8063714150e+01    3.3721286188e+03   -8.4168430578e+01    2.6104716427e+01    3.8912928015e+01   -1.3233661431e+02    9.2552557195e+00    1.0240000000e+03    1.1119992007e-02    6.2255045573e-01
        19   -5.8054898821e+01    3.3709269434e+03   -8.4099794055e+01    2.6044895234e+01    3.8736657230e+01   -1.3222660911e+02    9.3901578278e+00    1.0240000000e+03    1.1120511452e-02    6.2366265191e-01
        20   -5.8040611712e+01    3.3695783931e+03   -8.4218117056e+01    2.6177505344e+01    3.8998587039e+01   -1.3289812146e+02    9.6814173686e+00    1.0240000000e+03    1.1124321260e-02    6.2228461372e-01
        21   -5.8027941841e+01    3.3678952207e+03   -8.4506034885e+01    2.6478093044e+01    3.8981687628e+01   -1.3299011665e+02    9.5023941404e+00    1.0240000000e+03    1.1119853240e-02    6.2209472656e-01
        22   -5.8039817915e+01    3.3695632186e+03   -8.4780463335e+01    2.6740645420e+01    3.9229083482e+01   -1.3326197875e+02    9.2524319329e+00    1.0240000000e+03    1.1118336115e-02    6.2293836806e-01
        23   -5.8034471067e+01    3.3687859545e+03   -8.4480370974e+01    2.6445899908e+01    3.9021329131e+01   -1.3294035812e+02    9.4386580127e+00    1.0240000000e+03    1.1118884431e-02    6.2239040799e-01
        24   -5.8050965475e+01    3.3706396343e+03   -8.4290678020e+01    2.6239712546e+01    3.9122364451e+01   -1.3276245408e+02    9.3494116046e+00    1.0240000000e+03    1.1116599198e-02    6.2298177083e-01
        25   -5.7998264606e+01    3.3644377815e+03   -8.4046967944e+01    2.6048703337e+01    3.8925109788e+01   -1.3197182550e+02    8.9997477687e+00    1.0240000000e+03    1.1108037550e-02    6.2374131944e-01
        26   -5.8001435275e+01    3.3649954341e+03   -8.4345882468e+01    2.6344447193e+01    3.8926318756e+01   -1.3246463501e+02    9.1924337908e+00    1.0240000000e+03    1.1124513112e-02    6.2496744792e-01
        27   -5.8020500798e+01    3.3672377288e+03   -8.4434261741e+01    2.6413760943e+01    3.8950857466e+01   -1.3229015760e+02    8.9050383935e+00    1.0240000000e+03    1.1119423900e-02    6.2307671441e-01
        28   -5.8039242602e+01    3.3691629133e+03   -8.3266110366e+01    2.5226867764e+01    3.8653180521e+01   -1.3059912284e+02    8.6798319508e+00    1.0240000000e+03    1.1117185932e-02    6.2342122396e-01
        29   -5.8049229169e+01    3.3704156118e+03   -8.3945608612e+01    2.5896379443e+01    3.9093437900e+01   -1.3315805950e+02    1.0119012986e+01    1.0240000000e+03    1.1119819013e-02    6.2376573351e-01
        30   -5.8003498135e+01    3.3650901376e+03   -8.4153339092e+01    2.6149840957e+01    3.9024317541e+01   -1.3264611126e+02    9.4684546249e+00    1.0240000000e+03    1.1128475657e-02    6.2303602431e-01
        31   -5.8040614750e+01    3.3694628145e+03   -8.4233410902e+01    2.6192796153e+01    3.9055701739e+01   -1.3317876636e+02    9.8896537134e+00    1.0240000000e+03    1.1129644699e-02    6.2370334201e-01
        32   -5.7983964303e+01    3.3632936320e+03   -8.4476408859e+01    2.6492444556e+01    3.8914776778e+01   -1.3234266836e+02    8.9514827210e+00    1.0240000000e+03    1.1102813762e-02    6.2249891493e-01
        33   -5.8035424069e+01    3.3687599713e+03   -8.3892341822e+01    2.5856917752e+01    3.8906254932e+01   -1.3231936344e+02    9.5207666869e+00    1.0240000000e+03    1.1123325909e-02    6.2351888021e-01
        34   -5.8046865881e+01    3.3701629422e+03   -8.4437215036e+01    2.6390349154e+01    3.8853587731e+01   -1.3250413582e+02    9.2133330519e+00    1.0240000000e+03    1.1115633650e-02    6.2303602431e-01
        35   -5.7989893223e+01    3.3635131364e+03   -8.4262852351e+01    2.6272959128e+01    3.8954976438e+01   -1.3230344261e+02    9.0856138193e+00    1.0240000000e+03    1.1095771799e-02    6.2265896267e-01
        36   -5.8021233948e+01    3.3671243658e+03   -8.4758372818e+01    2.6737138870e+01    3.9180483889e+01   -1.3348504564e+02    9.5461889335e+00    1.0240000000e+03    1.1119801784e-02    6.2289496528e-01
        37   -5.8050589453e+01    3.3707078123e+03   -8.4638749417e+01    2.6588159964e+01    3.8992314303e+01   -1.3267450582e+02    9.0434421035e+00    1.0240000000e+03    1.1119237170e-02    6.2411566840e-01
        38   -5.8006049118e+01    3.3656237071e+03   -8.3989609380e+01    2.5983560263e+01    3.9022421104e+01   -1.3282191916e+02    9.8098886794e+00    1.0240000000e+03    1.1090149870e-02    6.2164984809e-01
        39   -5.8051479769e+01    3.3707222287e+03   -8.4667223335e+01    2.6615743566e+01    3.9183491490e+01   -1.3346866802e+02    9.6179531939e+00    1.0240000000e+03    1.1093338020e-02    6.2234971788e-01
        40   -5.8065371864e+01    3.3723682681e+03   -8.4229971206e+01    2.6164599342e+01    3.8967505030e+01   -1.3295277783e+02    9.7553015931e+00    1.0240000000e+03    1.1086757528e-02    6.2223578559e-01
        41   -5.8032305795e+01    3.3684201744e+03   -8.4362857346e+01    2.6330551551e+01    3.9086770277e+01   -1.3258042896e+02    9.1308013340e+00    1.0240000000e+03    1.1105787242e-02    6.2262098524e-01
        42   -5.8063309054e+01    3.3722416260e+03   -8.4318934778e+01    2.6255625724e+01    3.9261829773e+01   -1.3308255293e+02    9.5017883793e+00    1.0240000000e+03    1.1106864084e-02    6.2391764323e-01
        43   -5.7999582652e+01    3.3669108945e+03   -8.4430757489e+01    2.6431174837e+01    3.9034380273e+01   -1.3270960832e+02    9.2444705588e+00    1.0240000000e+03    1.1088110739e-02    6.2259657118e-01
        44   -5.8028068006e+01    3.3679762374e+03   -8.3979740653e+01    2.5951672647e+01    3.8732017463e+01   -1.3175637053e+02    9.0446124154e+00    1.0240000000e+03    1.1130685918e-02    6.2430013021e-01
        45   -5.8037234124e+01    3.3691544254e+03   -8.4204665927e+01    2.6167431803e+01    3.9038004334e+01   -1.3289922551e+02    9.6565552465e+00    1.0240000000e+03    1.1104570702e-02    6.2320692274e-01
        46   -5.8035873021e+01    3.3690136129e+03   -8.4387667560e+01    2.6351794539e+01    3.8943359440e+01   -1.3261201064e+02    9.2809836383e+00    1.0240000000e+03    1.1121870950e-02    6.2443033854e-01
        47   -5.7990750058e+01    3.3636997228e+03   -8.3703498458e+01    2.5712748400e+01    3.9003618908e+01   -1.3198315773e+02    9.2760403612e+00    1.0240000000e+03    1.1107612168e-02    6.2340766059e-01
        48   -5.8011907848e+01    3.3661800037e+03   -8.4199853673e+01    2.6187945825e+01    3.8752452457e+01   -1.3268903416e+02    9.7367280262e+00    1.0240000000e+03    1.1108372826e-02    6.2304144965e-01
        49   -5.8004250527e+01    3.3654740521e+03   -8.3945330182e+01    2.5941079655e+01    3.9194109711e+01   -1.3245404861e+02    9.3146087165e+00    1.0240000000e+03    1.1137432884e-02    6.2344835069e-01
        50   -5.8003101423e+01    3.3653110676e+03   -8.4291049503e+01    2.6287948079e+01    3.8876790419e+01   -1.3277686951e+02    9.6090295925e+00    1.0240000000e+03    1.1140704388e-02    6.2358398437e-01
        51   -5.7975187166e+01    3.3620211936e+03   -8.4252916810e+01    2.6277729643e+01    3.8982938248e+01   -1.3327927518e+02    1.0043420123e+01    1.0240000000e+03    1.1124656070e-02    6.2342664931e-01
        52   -5.8016433644e+01    3.3664547445e+03   -8.3714784929e+01    2.5698351285e+01    3.8752000700e+01   -1.3124572049e+02    8.7789348626e+00    1.0240000000e+03    1.1120520066e-02    6.2325846354e-01
        53   -5.8015740663e+01    3.3666323366e+03   -8.4294049402e+01    2.6278308739e+01    3.8960161467e+01   -1.3288630089e+02    9.6320900178e+00    1.0240000000e+03    1.1131614679e-02    6.2467176649e-01
        54   -5.7982765292e+01    3.3627333660e+03   -8.4129418420e+01    2.6146653127e+01    3.8865701081e+01   -1.3210963902e+02    9.1145195233e+00    1.0240000000e+03    1.1098132934e-02    6.2222764757e-01
        55   -5.7990416625e+01    3.3635422788e+03   -8.4693808300e+01    2.6703391675e+01    3.9055210963e+01   -1.3295980986e+02    9.2107905987e+00    1.0240000000e+03    1.1129265185e-02    6.2315266927e-01
        56   -5.8014657869e+01    3.3665906233e+03   -8.3425639500e+01    2.5410981631e+01    3.8722406944e+01   -1.3237767391e+02    1.0229627463e+01    1.0240000000e+03    1.1113548884e-02    6.2326388889e-01
        57   -5.8071285365e+01    3.3728820232e+03   -8.3688590058e+01    2.5617304693e+01    3.8789546695e+01   -1.3163803688e+02    9.1599001239e+00    1.0240000000e+03    1.1104888050e-02    6.2328287760e-01
        58   -5.7981988777e+01    3.3626906560e+03   -8.3875532746e+01    2.5893543969e+01    3.8947467138e+01   -1.3252865327e+02    9.7056533845e+00    1.0240000000e+03    1.1093684239e-02    6.2243381076e-01
        59   -5.8028755666e+01    3.3678440475e+03   -8.4650941903e+01    2.6622186236e+01    3.8718423465e+01   -1.3182088447e+02    8.4515191050e+00    1.0240000000e+03    1.1123199249e-02    6.2549641927e-01
        60   -5.8012518078e+01    3.3661797943e+03   -8.3678008189e+01    2.5665490111e+01    3.8600928743e+01   -1.3190434796e+02    9.6254110319e+00    1.0240000000e+03    1.1119339382e-02    6.2498643663e-01
        61   -5.7978732339e+01    3.3622501646e+03   -8.4200165250e+01    2.6221432911e+01    3.9047881372e+01   -1.3261273760e+02    9.3646909768e+00    1.0240000000e+03    1.1122160126e-02    6.2369520399e-01
        62   -5.8000259312e+01    3.3647057760e+03   -8.4258873938e+01    2.6258614626e+01    3.9016420680e+01   -1.3230648098e+02    9.0311863619e+00    1.0240000000e+03    1.1099820724e-02    6.2283799913e-01
        63   -5.8034164853e+01    3.3686195689e+03   -8.3890601905e+01    2.5856437051e+01    3.8963929382e+01   -1.3232939261e+02    9.4748613210e+00    1.0240000000e+03    1.1118710274e-02    6.2317708333e-01
        64   -5.8003207898e+01    3.3651458312e+03   -8.4176902130e+01    2.6173694231e+01    3.9139321216e+01   -1.3256454616e+02    9.2483228138e+00    1.0240000000e+03    1.1104662204e-02    6.2307671441e-01
        65   -5.8016569809e+01    3.3666838416e+03   -8.4459031473e+01    2.6442461664e+01    3.9279962286e+01   -1.3288068820e+02    9.1416944405e+00    1.0240000000e+03    1.1129513150e-02    6.2268337674e-01
        66   -5.8008148360e+01    3.3657804762e+03   -8.3520713640e+01    2.5512565280e+01    3.8910070677e+01   -1.3200608798e+02    9.5753036633e+00    1.0240000000e+03    1.1100884061e-02    6.2196994358e-01
        67   -5.8026852994e+01    3.3678942930e+03   -8.4009710418e+01    2.5982857424e+01    3.8841364183e+01   -1.3156829307e+02    8.7172184689e+00    1.0240000000e+03    1.1099424679e-02    6.2288682726e-01
        68   -5.7994542526e+01    3.3642882840e+03   -8.4386778230e+01    2.6392235704e+01    3.9241536302e+01   -1.3339562938e+02    9.7673148488e+00    1.0240000000e+03    1.1098718038e-02    6.2345106337e-01
        69   -5.8071072019e+01    3.3730009034e+03   -8.3906208075e+01    2.5835136056e+01    3.8982631561e+01   -1.3219646627e+02    9.3076266350e+00    1.0240000000e+03    1.1104973732e-02    6.2350531684e-01
        70   -5.7997961375e+01    3.3644319283e+03   -8.4388107430e+01    2.6390146055e+01    3.8855263196e+01   -1.3198019329e+02    8.7368226681e+00    1.0240000000e+03    1.1107964907e-02    6.2337510851e-01
        71   -5.8018597015e+01    3.3669250976e+03   -8.4250282564e+01    2.6231685549e+01    3.8861584815e+01   -1.3264814680e+02    9.5362794199e+00    1.0240000000e+03    1.1099332711e-02    6.2281901042e-01
        72   -5.7997787466e+01    3.3645303714e+03   -8.4366483906e+01    2.6368696440e+01    3.8874910623e+01   -1.3267233488e+02    9.4309403515e+00    1.0240000000e+03    1.1101780226e-02    6.2297092014e-01
        73   -5.8046135693e+01    3.3701018772e+03   -8.4445974905e+01    2.6399839212e+01    3.8950826604e+01   -1.3299580761e+02    9.5990061035e+00    1.0240000000e+03    1.1130286846e-02    6.2331271701e-01
        74   -5.8035474696e+01    3.3689681609e+03   -8.3563076045e+01    2.5527601350e+01    3.8784002734e+01   -1.3171882016e+02    9.3717413768e+00    1.0240000000e+03    1.1105020996e-02    6.2387152778e-01
        75   -5.8021888159e+01    3.3671970303e+03   -8.4326607720e+01    2.6304719561e+01    3.9096664875e+01   -1.3328306803e+02    9.8597954298e+00    1.0240000000e+03    1.1109168176e-02    6.2233072917e-01
        76   -5.7991073224e+01    3.3635839580e+03   -8.4191813869e+01    2.6200740645e+01    3.8815099183e+01   -1.3172385430e+02    8.7169412497e+00    1.0240000000e+03    1.1118494906e-02    6.2394476997e-01
        77   -5.8054163726e+01    3.3711132006e+03   -8.4351342458e+01    2.6297178732e+01    3.8910342856e+01   -1.3255405647e+02    9.2923711572e+00    1.0240000000e+03    1.1098430492e-02    6.2365722656e-01
        78   -5.7989674668e+01    3.3634454897e+03   -8.3971796902e+01    2.5982122234e+01    3.9044176683e+01   -1.3222126908e+02    9.2052955005e+00    1.0240000000e+03    1.1098130839e-02    6.2310384115e-01
        79   -5.7982529219e+01    3.3627847851e+03   -8.4013342937e+01    2.6030813719e+01    3.8963916912e+01   -1.3262344519e+02    9.6461853361e+00    1.0240000000e+03    1.1098563904e-02    6.2285698785e-01
        80   -5.8053737113e+01    3.3712441387e+03   -8.3652890576e+01    2.5599153464e+01    3.8910509403e+01   -1.3283278444e+02    1.0269384456e+01    1.0240000000e+03    1.1110263411e-02    6.2370876736e-01
        81   -5.7991212039e+01    3.3637093015e+03   -8.4428716418e+01    2.6437504380e+01    3.8845074199e+01   -1.3249425668e+02    9.2204660612e+00    1.0240000000e+03    1.1118971510e-02    6.2315538194e-01
        82   -5.8014216332e+01    3.3664854246e+03   -8.3998014926e+01    2.5983798594e+01    3.8925243857e+01   -1.3210770551e+02    9.1844467299e+00    1.0240000000e+03    1.1105847545e-02    6.2329915365e-01
        83   -5.8037042272e+01    3.3690909052e+03   -8.3564163703e+01    2.5527121430e+01    3.9118834705e+01   -1.3251528367e+02    9.8322852612e+00    1.0240000000e+03    1.1132589309e-02    6.2551812066e-01
        84   -5.7979609533e+01    3.3622047876e+03   -8.4293165759e+01    2.6313556226e+01    3.8932066156e+01   -1.3228058265e+02    9.0553507393e+00    1.0240000000e+03    1.1117150541e-02    6.2385796441e-01
        85   -5.8019180516e+01    3.3671207547e+03   -8.3913179067e+01    2.5893998552e+01    3.8910799537e+01   -1.3273931045e+02    9.9153318472e+00    1.0240000000e+03    1.1115217349e-02    6.2338595920e-01
        86   -5.8031872209e+01    3.3686754914e+03   -8.4531216504e+01    2.6499344294e+01    3.9129118237e+01   -1.3303924151e+02    9.3789067726e+00    1.0240000000e+03    1.1132462416e-02    6.2349175347e-01
        87   -5.8005967612e+01    3.3654004866e+03   -8.4127784882e+01    2.6121817270e+01    3.9020114724e+01   -1.3234988549e+02    9.2019858834e+00    1.0240000000e+03    1.1145471130e-02    6.2408311632e-01
        88   -5.8027623276e+01    3.3679290940e+03   -8.4040572509e+01    2.6012949233e+01    3.8757706838e+01   -1.3179145614e+02    8.9931767952e+00    1.0240000000e+03    1.1144857388e-02    6.2393391927e-01
        89   -5.8047040495e+01    3.3702352709e+03   -8.4487234481e+01    2.6440193986e+01    3.9079457385e+01   -1.3280517836e+02    9.2384864963e+00    1.0240000000e+03    1.1129517574e-02    6.2430013021e-01
        90   -5.8045510218e+01    3.3700691170e+03   -8.3513571846e+01    2.5468061629e+01    3.8745110165e+01   -1.3208909050e+02    9.8304084840e+00    1.0240000000e+03    1.1118085124e-02    6.2403971354e-01
        91   -5.8043895080e+01    3.3696286568e+03   -8.4069910367e+01    2.6026015287e+01    3.8893375549e+01   -1.3239026470e+02    9.4269787824e+00    1.0240000000e+03    1.1098433984e-02    6.2218153212e-01
        92   -5.8020114448e+01    3.3671073553e+03   -8.4116058196e+01    2.6095943748e+01    3.8838833835e+01   -1.3190030891e+02    8.9454168820e+00    1.0240000000e+03    1.1104125064e-02    6.2264811198e-01
        93   -5.8051170396e+01    3.3708047527e+03   -8.4418301703e+01    2.6367131308e+01    3.8915888472e+01   -1.3209035000e+02    8.7561598219e+00    1.0240000000e+03    1.1103969300e-02    6.2274848090e-01
        94   -5.8006040594e+01    3.3655120284e+03   -8.4083398034e+01    2.6077357440e+01    3.8862093309e+01   -1.3211274130e+02    9.1672499602e+00    1.0240000000e+03    1.1105563259e-02    6.2261284722e-01
        95   -5.8019551709e+01    3.3669855882e+03   -8.4683221144e+01    2.6663669435e+01    3.9102732403e+01   -1.3314564233e+02    9.3596887855e+00    1.0240000000e+03    1.1130059604e-02    6.2409125434e-01
        96   -5.8071912883e+01    3.3730836980e+03   -8.4002250863e+01    2.5930337980e+01    3.8856746002e+01   -1.3182144982e+02    8.9624529507e+00    1.0240000000e+03    1.1103569530e-02    6.2229817708e-01
        97   -5.8007357730e+01    3.3656136362e+03   -8.4572598604e+01    2.6565240874e+01    3.9233137308e+01   -1.3348746699e+02    9.6817310811e+00    1.0240000000e+03    1.1115081375e-02    6.2285427517e-01
        98   -5.8053177155e+01    3.3708907703e+03   -8.4688444675e+01    2.6635267520e+01    3.9190054353e+01   -1.3298047676e+02    9.1019777324e+00    1.0240000000e+03    1.1107650585e-02    6.2164713542e-01
        99   -5.8057006601e+01    3.3714294104e+03   -8.4876860709e+01    2.6819854107e+01    3.9159943514e+01   -1.3374060370e+02    9.7037994818e+00    1.0240000000e+03    1.1138875736e-02    6.2370334201e-01
       100   -5.8009199195e+01    3.3658030537e+03   -8.4688452852e+01    2.6679253657e+01    3.9187085618e+01   -1.3299811965e+02    9.1225811780e+00    1.0240000000e+03    1.1129711522e-02    6.2274305556e-01
       101   -5.8014404817e+01    3.3666010888e+03   -8.4721833875e+01    2.6707429057e+01    3.9060111707e+01   -1.3310170223e+02    9.3197566492e+00    1.0240000000e+03    1.1130387662e-02    6.2429741753e-01
       102   -5.7999699659e+01    3.3648070041e+03   -8.3827246834e+01    2.5827547175e+01    3.9006969317e+01   -1.3163687383e+02    8.8026576754e+00    1.0240000000e+03    1.1153937550e-02    6.2463921441e-01
       103   -5.8031369503e+01    3.3685698426e+03   -8.4920332060e+01    2.6888962556e+01    3.9276401755e+01   -1.3347486309e+02    9.2781292806e+00    1.0240000000e+03    1.1117845541e-02    6.2319878472e-01
       104   -5.7980427952e+01    3.3625869975e+03   -8.4877805833e+01    2.6897377881e+01    3.9278541775e+01   -1.3356103313e+02    9.4046855212e+00    1.0240000000e+03    1.1108911829e-02    6.2289767795e-01
       105   -5.8003083458e+01    3.3652777635e+03   -8.4378213062e+01    2.6375129604e+01    3.9081418011e+01   -1.3344361767e+02    9.9839865937e+00    1.0240000000e+03    1.1115514208e-02    6.2285970052e-01
       106   -5.8041610650e+01    3.3696623725e+03   -8.4455474380e+01    2.6413863730e+01    3.8913095689e+01   -1.3266138982e+02    9.2928197463e+00    1.0240000000e+03    1.1098843766e-02    6.2172309028e-01
       107   -5.8040646125e+01    3.3695625634e+03   -8.4766853602e+01    2.6726207477e+01    3.8803168761e+01   -1.3250883825e+02    8.9388158891e+00    1.0240000000e+03    1.1110862251e-02    6.2308485243e-01
       108   -5.8004356400e+01    3.3651696128e+03   -8.4939498150e+01    2.6935141750e+01    3.9154947199e+01   -1.3343495268e+02    9.3405073276e+00    1.0240000000e+03    1.1117977323e-02    6.2332356771e-01
       109   -5.8045093728e+01    3.3697913957e+03   -8.4443216826e+01    2.6398123098e+01    3.8926907637e+01   -1.3219842042e+02    8.8282959563e+00    1.0240000000e+03    1.1101603508e-02    6.2304687500e-01
       110   -5.8026335931e+01    3.3680638881e+03   -8.4295222048e+01    2.6268886117e+01    3.9101746174e+01   -1.3267315754e+02    9.2761893149e+00    1.0240000000e+03    1.1088756146e-02    6.2254774306e-01
       111   -5.8049457908e+01    3.3704973262e+03   -8.4262779664e+01    2.6213321756e+01    3.9024967159e+01   -1.3285513171e+02    9.5673848824e+00    1.0240000000e+03    1.1105267797e-02    6.2268066406e-01
       112   -5.8039746042e+01    3.3694167646e+03   -8.4718178767e+01    2.6678432725e+01    3.9009383508e+01   -1.3294844466e+02    9.2208823830e+00    1.0240000000e+03    1.1104657548e-02    6.2376030816e-01
       113   -5.7973135247e+01    3.3615274744e+03   -8.4121583746e+01    2.6148448499e+01    3.8684132260e+01   -1.3190989564e+02    9.1041796333e+00    1.0240000000e+03    1.1120504700e-02    6.2415635851e-01
       114   -5.8028932434e+01    3.3681430326e+03   -8.4524992885e+01    2.6496060450e+01    3.9157510511e+01   -1.3303577680e+02    9.3532734071e+00    1.0240000000e+03    1.1111847823e-02    6.2316623264e-01
       115   -5.7972130499e+01    3.3614992696e+03   -8.4648303500e+01    2.6676173001e+01    3.8881680884e+01   -1.3239871739e+02    8.8687330083e+00    1.0240000000e+03    1.1091005057e-02    6.2311469184e-01
       116   -5.7963459226e+01    3.3604247235e+03   -8.3781087342e+01    2.5817628116e+01    3.8923368649e+01   -1.3201952618e+02    9.3150701916e+00    1.0240000000e+03    1.1098897550e-02    6.2398003472e-01
       117   -5.8038725733e+01    3.3691928041e+03   -8.4669877161e+01    2.6631151428e+01    3.8993857306e+01   -1.3290237392e+02    9.2386394530e+00    1.0240000000e+03    1.1085546343e-02    6.2334255642e-01
       118   -5.8060624740e+01    3.3716454684e+03   -8.4220997072e+01    2.6160372332e+01    3.8891374973e+01   -1.3202147807e+02    8.9091060256e+00    1.0240000000e+03    1.1113888118e-02    6.2503255208e-01
       119   -5.8020935918e+01    3.3671657824e+03   -8.4059399060e+01    2.6038463142e+01    3.8924580467e+01   -1.3203581535e+02    9.0518358243e+00    1.0240000000e+03    1.1081509991e-02    6.2245279948e-01
       120   -5.8034262833e+01    3.3689601349e+03   -8.4214483069e+01    2.6180220235e+01    3.8935713478e+01   -1.3228389119e+02    9.1336946464e+00    1.0240000000e+03    1.1093199253e-02    6.2301432292e-01
       121   -5.8025450618e+01    3.3676172093e+03   -8.3889057831e+01    2.5863607214e+01    3.8997844576e+01   -1.3250613781e+02    9.6192354029e+00    1.0240000000e+03    1.1117214803e-02    6.2393391927e-01
       122   -5.8045588706e+01    3.3704598587e+03   -8.4109555190e+01    2.6063966484e+01    3.9071228895e+01   -1.3266372035e+02    9.4829362601e+00    1.0240000000e+03    1.1100718053e-02    6.2298719618e-01
       123   -5.7982971044e+01    3.3627933034e+03   -8.5246751710e+01    2.7263780665e+01    3.9328133618e+01   -1.3357655591e+02    9.0016705814e+00    1.0240000000e+03    1.1108592385e-02    6.2260199653e-01
       124   -5.8040607908e+01    3.3697413442e+03   -8.4378327019e+01    2.6337719112e+01    3.8891950086e+01   -1.3272991995e+02    9.4596428469e+00    1.0240000000e+03    1.1114486726e-02    6.2354871962e-01
       125   -5.8030686942e+01    3.3683973223e+03   -8.4303811745e+01    2.6273124802e+01    3.9087356936e+01   -1.3333665388e+02    9.9454851961e+00    1.0240000000e+03    1.1096884264e-02    6.2210828993e-01
       126   -5.8005652446e+01    3.3657041664e+03   -8.4109781958e+01    2.6104129512e+01    3.8745908600e+01   -1.3196934866e+02    9.1136581058e+00    1.0240000000e+03    1.1098535266e-02    6.2240125868e-01
       127   -5.8030295114e+01    3.3682940505e+03   -8.3388870004e+01    2.5358574890e+01    3.8748483066e+01   -1.3139127193e+02    9.2539188571e+00    1.0240000000e+03    1.1131457286e-02    6.2463650174e-01
       128   -5.8052261453e+01    3.3709437336e+03   -8.4438320827e+01    2.6386059375e+01    3.9203844404e+01   -1.3258265683e+02    8.9404916019e+00    1.0240000000e+03    1.1150722625e-02    6.2489420573e-01
       129   -5.8071312061e+01    3.3730377731e+03   -8.4540280924e+01    2.6468968862e+01    3.8974210286e+01   -1.3311951511e+02    9.6050238964e+00    1.0240000000e+03    1.1163039831e-02    6.2593315972e-01
       130   -5.7986624707e+01    3.3632256330e+03   -8.4335577888e+01    2.6348953181e+01    3.9095073991e+01   -1.3286393913e+02    9.4332872555e+00    1.0240000000e+03    1.1120823678e-02    6.2400444878e-01
       131   -5.7996008419e+01    3.3647932477e+03   -8.4510436033e+01    2.6514427614e+01    3.8989171082e+01   -1.3253829929e+02    9.0386921785e+00    1.0240000000e+03    1.1113078799e-02    6.2224663628e-01
       132   -5.8051665957e+01    3.3711640872e+03   -8.4483119393e+01    2.6431453436e+01    3.9120031077e+01   -1.3293574862e+02    9.3325981516e+00    1.0240000000e+03    1.1101734359e-02    6.2303602431e-01
       133   -5.8010429304e+01    3.3658687229e+03   -8.4371845476e+01    2.6361416172e+01    3.9084489060e+01   -1.3246889999e+02    9.0125654535e+00    1.0240000000e+03    1.1087790597e-02    6.2189941406e-01
       134   -5.8047682810e+01    3.3702969990e+03   -8.3722490296e+01    2.5674807486e+01    3.8871698793e+01   -1.3217635013e+02    9.5821610395e+00    1.0240000000e+03    1.1074609589e-02    6.2256673177e-01
       135   -5.8042728200e+01    3.3698266577e+03   -8.4500571966e+01    2.6457843766e+01    3.9202918115e+01   -1.3310210915e+02    9.3986190685e+00    1.0240000000e+03    1.1080922093e-02    6.2196180556e-01
       136   -5.8019936673e+01    3.3670447356e+03   -8.3780799602e+01    2.5760862930e+01    3.9074112758e+01   -1.3190006234e+02    9.0451499779e+00    1.0240000000e+03    1.1116773123e-02    6.2416720920e-01
       137   -5.7974829414e+01    3.3618455288e+03   -8.3809850427e+01    2.5835021013e+01    3.8720846002e+01   -1.3183461192e+02    9.3039154924e+00    1.0240000000e+03    1.1100260308e-02    6.2337239583e-01
       138   -5.8074424000e+01    3.3733000395e+03   -8.3975155277e+01    2.5900731277e+01    3.9008271403e+01   -1.3183560967e+02    8.8521829858e+00    1.0240000000e+03    1.1111826403e-02    6.2249891493e-01
       139   -5.8004578572e+01    3.3654459560e+03   -8.4351308843e+01    2.6346730271e+01    3.9229524614e+01   -1.3352435773e+02    9.9435242721e+00    1.0240000000e+03    1.1123499367e-02    6.2347819010e-01
       140   -5.7971894530e+01    3.3617881937e+03   -8.4635463218e+01    2.6663568687e+01    3.9069947040e+01   -1.3272817607e+02    9.0227658161e+00    1.0240000000e+03    1.1135853827e-02    6.2405870226e-01
       141   -5.7991370083e+01    3.3639545878e+03   -8.3496541988e+01    2.5505171904e+01    3.8944493620e+01   -1.3251830427e+02    1.0077268660e+01    1.0240000000e+03    1.1084106518e-02    6.2164171007e-01
       142   -5.7991455212e+01    3.3637189696e+03   -8.4187802835e+01    2.6196347623e+01    3.8954885201e+01   -1.3298911099e+02    9.8464229513e+00    1.0240000000e+03    1.1128035141e-02    6.2375488281e-01
       143   -5.8070433183e+01    3.3730932112e+03   -8.4039103751e+01    2.5968670568e+01    3.8940146598e+01   -1.3268708685e+02    9.7078364963e+00    1.0240000000e+03    1.1108848033e-02    6.2356499566e-01
       144   -5.8012598473e+01    3.3662189848e+03   -8.3707443890e+01    2.5694845417e+01    3.9093896118e+01   -1.3196651123e+02    9.1651712195e+00    1.0240000000e+03    1.1094017653e-02    6.2248263889e-01
       145   -5.8063696055e+01    3.3722395273e+03   -8.4351011306e+01    2.6287315251e+01    3.9175077400e+01   -1.3360212321e+02    1.0076034503e+01    1.0240000000e+03    1.1093606474e-02    6.2316351997e-01
       146   -5.8039360279e+01    3.3694127187e+03   -8.4190270162e+01    2.6150909884e+01    3.8967611002e+01   -1.3335108596e+02    1.0193204800e+01    1.0240000000e+03    1.1092030676e-02    6.2266981337e-01
       147   -5.7963177940e+01    3.3603816766e+03   -8.4394418048e+01    2.6431240108e+01    3.8882874133e+01   -1.3249486185e+02    9.2175696666e+00    1.0240000000e+03    1.1120568030e-02    6.2358669705e-01
       148   -5.8028502881e+01    3.3681548744e+03   -8.4469077477e+01    2.6440574596e+01    3.8941298951e+01   -1.3222032360e+02    8.8099471704e+00    1.0240000000e+03    1.1133751599e-02    6.2469889323e-01
       149   -5.7992491980e+01    3.3640578471e+03   -8.4155857286e+01    2.6163365307e+01    3.8959128816e+01   -1.3262805016e+02    9.5130640550e+00    1.0240000000e+03    1.1115973117e-02    6.2422688802e-01
       150   -5.7994432668e+01    3.3641043004e+03   -8.4075260374e+01    2.6080827705e+01    3.8957924560e+01   -1.3237016489e+02    9.3369799560e+00    1.0240000000e+03    1.1125169927e-02    6.2353244358e-01
       151   -5.7978678525e+01    3.3622579309e+03   -8.3615625971e+01    2.5636947446e+01    3.8985696594e+01   -1.3243499443e+02    9.8336718700e+00    1.0240000000e+03    1.1113450630e-02    6.2277832031e-01
       152   -5.8035439301e+01    3.3687517921e+03   -8.4358957974e+01    2.6323518673e+01    3.9247714706e+01   -1.3318864364e+02    9.5819709637e+00    1.0240000000e+03    1.1206638999e-02    6.2323676215e-01
       153   -5.7999951874e+01    3.3647049014e+03   -8.4307217239e+01    2.6307265365e+01    3.8919091636e+01   -1.3297409272e+02    9.7477838418e+00    1.0240000000e+03    1.1144639459e-02    6.2389051649e-01
       154   -5.8037996688e+01    3.3697735823e+03   -8.3474882285e+01    2.5436885597e+01    3.8805379725e+01   -1.3180700101e+02    9.5267390023e+00    1.0240000000e+03    1.1120541021e-02    6.2265625000e-01
       155   -5.8042780520e+01    3.3698220252e+03   -8.4540591292e+01    2.6497810772e+01    3.9046697401e+01   -1.3328031712e+02    9.6930284288e+00    1.0240000000e+03    1.1137689929e-02    6.2348632812e-01
       156   -5.7973152743e+01    3.3619739295e+03   -8.4056506076e+01    2.6083353332e+01    3.9173173734e+01   -1.3264880315e+02    9.4191233415e+00    1.0240000000e+03    1.1120350333e-02    6.2401801215e-01
       157   -5.8015617078e+01    3.3665034336e+03   -8.4377983990e+01    2.6362366912e+01    3.9002489496e+01   -1.3241064632e+02    9.0301728297e+00    1.0240000000e+03    1.1110501364e-02    6.2282714844e-01
       158   -5.8023940377e+01    3.3675072235e+03   -8.4286338735e+01    2.6262398358e+01    3.9214592269e+01   -1.3265834901e+02    9.1574180067e+00    1.0240000000e+03    1.1124746641e-02    6.2314724392e-01
       159   -5.8026282574e+01    3.3677298844e+03   -8.4867523429e+01    2.6841240856e+01    3.9116877404e+01   -1.3251524695e+02    8.5308461147e+00    1.0240000000e+03    1.1110434076e-02    6.2379286024e-01
       160   -5.8001951590e+01    3.3648361524e+03   -8.4814517389e+01    2.6812565799e+01    3.9185661143e+01   -1.3291636947e+02    8.9161909340e+00    1.0240000000e+03    1.1098225834e-02    6.2262369792e-01
       161   -5.8019938594e+01    3.3672102060e+03   -8.4021678797e+01    2.6001740203e+01    3.8799282947e+01   -1.3261283703e+02    9.7918752877e+00    1.0240000000e+03    1.1118983850e-02    6.2399088542e-01
       162   -5.7972304410e+01    3.3617272011e+03   -8.4054221654e+01    2.6081917243e+01    3.8888396433e+01   -1.3243486647e+02    9.4922483840e+00    1.0240000000e+03    1.1093300767e-02    6.2245551215e-01
       163   -5.7961775417e+01    3.3603839219e+03   -8.4596011055e+01    2.6634235638e+01    3.9127602185e+01   -1.3258390735e+02    8.8602941118e+00    1.0240000000e+03    1.1093899608e-02    6.2243923611e-01
       164   -5.8070132280e+01    3.3729044277e+03   -8.4249308383e+01    2.6179176103e+01    3.9495085502e+01   -1.3330142375e+02    9.5570298685e+00    1.0240000000e+03    1.1125088204e-02    6.2296820747e-01
       165   -5.7980305734e+01    3.3626709451e+03   -8.4102098982e+01    2.6121793248e+01    3.9155195833e+01   -1.3294421491e+02    9.6869200976e+00    1.0240000000e+03    1.1118262075e-02    6.2320692274e-01
       166   -5.8007269176e+01    3.3659541416e+03   -8.4222402406e+01    2.6215133230e+01    3.9078546025e+01   -1.3225187516e+02    8.9509267266e+00    1.0240000000e+03    1.1108052917e-02    6.2235514323e-01
       167   -5.8014169020e+01    3.3669765274e+03   -8.4398903491e+01    2.6384734471e+01    3.9229595999e+01   -1.3334657292e+02    9.7180734317e+00    1.0240000000e+03    1.1169855716e-02    6.2393934462e-01
       168   -5.8004848069e+01    3.3653631573e+03   -8.4354305398e+01    2.6349457329e+01    3.9241060092e+01   -1.3327604337e+02    9.6806778783e+00    1.0240000000e+03    1.1114419438e-02    6.2265625000e-01
       169   -5.8025397593e+01    3.3680218793e+03   -8.4403692836e+01    2.6378295244e+01    3.9104554244e+01   -1.3289744899e+02    9.3892019060e+00    1.0240000000e+03    1.1115643661e-02    6.2286783854e-01
       170   -5.7940998209e+01    3.3577955018e+03   -8.3732716721e+01    2.5791718512e+01    3.9000344755e+01   -1.3210647027e+02    9.3734087982e+00    1.0240000000e+03    1.1123657925e-02    6.2440321181e-01
       171   -5.8013111888e+01    3.3663215128e+03   -8.4772048290e+01    2.6758936401e+01    3.9025409278e+01   -1.3270232065e+02    8.9048630823e+00    1.0240000000e+03    1.1112895561e-02    6.2320692274e-01
       172   -5.8024640292e+01    3.3673691696e+03   -8.4103542614e+01    2.6078902322e+01    3.9035880768e+01   -1.3238497376e+02    9.2455503769e+00    1.0240000000e+03    1.1128814891e-02    6.2450900608e-01
       173   -5.7985484682e+01    3.3629823541e+03   -8.4236955738e+01    2.6251471056e+01    3.8947061803e+01   -1.3230059361e+02    9.1165760741e+00    1.0240000000e+03    1.1122201337e-02    6.2347819010e-01
       174   -5.8023768883e+01    3.3674277393e+03   -8.4710276357e+01    2.6686507474e+01    3.8930774081e+01   -1.3267641921e+02    9.0353687766e+00    1.0240000000e+03    1.1080847587e-02    6.2044813368e-01
       175   -5.8005286103e+01    3.3654594341e+03   -8.4197014831e+01    2.6191728728e+01    3.8964302240e+01   -1.3249429203e+02    9.3329749538e+00    1.0240000000e+03    1.1099110125e-02    6.2343478733e-01
       176   -5.8023220935e+01    3.3673694381e+03   -8.4146232769e+01    2.6123011834e+01    3.8950272769e+01   -1.3232388521e+02    9.2273796730e+00    1.0240000000e+03    1.1063388083e-02    6.2115071615e-01
       177   -5.7999052576e+01    3.3646306241e+03   -8.3820573918e+01    2.5821521342e+01    3.8766190281e+01   -1.3195095813e+02    9.3641939310e+00    1.0240000000e+03    1.1076055467e-02    6.2277018229e-01
       178   -5.7982529272e+01    3.3627944579e+03   -8.4373721460e+01    2.6391192187e+01    3.9008178527e+01   -1.3229721036e+02    8.9153103706e+00    1.0240000000e+03    1.1081737699e-02    6.2139485677e-01
       179   -5.8036104138e+01    3.3692614281e+03   -8.4311737086e+01    2.6275632948e+01    3.8981868996e+01   -1.3251883735e+02    9.2252312696e+00    1.0240000000e+03    1.1131898733e-02    6.2189398872e-01
       180   -5.8040084003e+01    3.3694119256e+03   -8.4400389471e+01    2.6360305468e+01    3.8844129440e+01   -1.3255329434e+02    9.3087754299e+00    1.0240000000e+03    1.1126978556e-02    6.2300347222e-01
       181   -5.7985397158e+01    3.3630326165e+03   -8.4363162598e+01    2.6377765439e+01    3.9006485616e+01   -1.3260566790e+02    9.2360196880e+00    1.0240000000e+03    1.1080286000e-02    6.2140570747e-01
       182   -5.8022028774e+01    3.3675452256e+03   -8.3788649729e+01    2.5766620955e+01    3.9098461378e+01   -1.3265607556e+02    9.7689644501e+00    1.0240000000e+03    1.1085944017e-02    6.2250434028e-01
       183   -5.8007906633e+01    3.3657073734e+03   -8.3975384289e+01    2.5967477656e+01    3.9099787862e+01   -1.3267499553e+02    9.5998233777e+00    1.0240000000e+03    1.1095599271e-02    6.2239854601e-01
       184   -5.8011221458e+01    3.3659106102e+03   -8.4568399456e+01    2.6557177998e+01    3.8990894436e+01   -1.3224321782e+02    8.6839239290e+00    1.0240000000e+03    1.1090568732e-02    6.2212727865e-01
       185   -5.8033577706e+01    3.3686925870e+03   -8.3940044895e+01    2.5906467189e+01    3.8992766810e+01   -1.3254953541e+02    9.6167237071e+00    1.0240000000e+03    1.1101070093e-02    6.2303602431e-01
       186   -5.8009071770e+01    3.3657663167e+03   -8.4825910765e+01    2.6816838995e+01    3.9164525685e+01   -1.3362880345e+02    9.6383669987e+00    1.0240000000e+03    1.1125121964e-02    6.2372233073e-01
       187   -5.8010757342e+01    3.3660311999e+03   -8.4175798022e+01    2.6165040680e+01    3.8674096850e+01   -1.3140035762e+02    8.5504627507e+00    1.0240000000e+03    1.1130622355e-02    6.2431098090e-01
       188   -5.7945812418e+01    3.3591056023e+03   -8.3685489142e+01    2.5739676724e+01    3.9067502541e+01   -1.3286545162e+02    1.0112459934e+01    1.0240000000e+03    1.1107282480e-02    6.2278103299e-01
       189   -5.8020598239e+01    3.3671304786e+03   -8.4481321221e+01    2.6460722983e+01    3.8920558998e+01   -1.3205554250e+02    8.6536622838e+00    1.0240000000e+03    1.1118654395e-02    6.2384168837e-01
       190   -5.8076139209e+01    3.3736535274e+03   -8.4036174992e+01    2.5960035784e+01    3.8856527068e+01   -1.3217709962e+02    9.2843975609e+00    1.0240000000e+03    1.1110630818e-02    6.2248535156e-01
       191   -5.8003959233e+01    3.3651310609e+03   -8.4603260180e+01    2.6599300948e+01    3.9012870258e+01   -1.3323187679e+02    9.6157463529e+00    1.0240000000e+03    1.1124054203e-02    6.2380099826e-01
       192   -5.8050252856e+01    3.3707384240e+03   -8.3866250321e+01    2.5815997465e+01    3.9163029875e+01   -1.3348261997e+02    1.0453339771e+01    1.0240000000e+03    1.1117319576e-02    6.2310112847e-01
       193   -5.8011248015e+01    3.3661250662e+03   -8.4439793766e+01    2.6428545751e+01    3.8972697799e+01   -1.3245528538e+02    9.0427938124e+00    1.0240000000e+03    1.1101959273e-02    6.2295735677e-01
       194   -5.8011505870e+01    3.3659214293e+03   -8.4258319829e+01    2.6246813959e+01    3.8946648059e+01   -1.3223773330e+02    9.0327654094e+00    1.0240000000e+03    1.1108100880e-02    6.2290039063e-01
       195   -5.8063796323e+01    3.3732527269e+03   -8.4336547472e+01    2.6272751150e+01    3.8946824589e+01   -1.3196363456e+02    8.6802625009e+00    1.0240000000e+03    1.1112773558e-02    6.2320692274e-01
       196   -5.7979063947e+01    3.3623769606e+03   -8.3863313564e+01    2.5884249617e+01    3.9037400428e+01   -1.3207285438e+02    9.1721403844e+00    1.0240000000e+03    1.1116141453e-02    6.2420247396e-01
       197   -5.8010096779e+01    3.3660038042e+03   -8.4576270863e+01    2.6566174085e+01    3.9191786750e+01   -1.3302222571e+02    9.2541681016e+00    1.0240000000e+03    1.1095875641e-02    6.2265896267e-01
       198   -5.8039695574e+01    3.3701757906e+03   -8.4464363258e+01    2.6424667684e+01    3.9030249830e+01   -1.3298716404e+02    9.4925509551e+00    1.0240000000e+03    1.1075500166e-02    6.2131076389e-01
       199   -5.8010912454e+01    3.3660471689e+03   -8.4269354121e+01    2.6258441667e+01    3.8785211904e+01   -1.3192530657e+02    8.8707405501e+00    1.0240000000e+03    1.1598480865e-02    6.2455512153e-01
