#   index    LocalEnergy         LocalEnergy_sq      LocalPotential      Kinetic             ElecElec            LocalECP            NonLocalECP         BlockWeight         BlockCPU            AcceptRatio         
         0   -1.2333093894e+02    1.5211863531e+04   -1.9610167452e+02    7.2770735580e+01    9.1735982996e+01   -3.0357210425e+02    1.5734446734e+01    2.1760000000e+03    6.0592424585e-01    5.0034466912e-01
         1   -1.2334929320e+02    1.5216640744e+04   -1.9700074930e+02    7.3651456102e+01    9.1896739685e+01   -3.0554701688e+02    1.6649527890e+01    2.1760000000e+03    6.2567021522e-01    4.9942555147e-01
         2   -1.2329970691e+02    1.5204290728e+04   -1.9605922957e+02    7.2759522652e+01    9.1664956605e+01   -3.0271810901e+02    1.4993922838e+01    2.1760000000e+03    6.2729900155e-01    5.0174632353e-01
         3   -1.2328623409e+02    1.5200855582e+04   -1.9613270372e+02    7.2846469629e+01    9.1692481326e+01   -3.0394356133e+02    1.6118376285e+01    2.1760000000e+03    6.2621209661e-01    4.9986787684e-01
         4   -1.2329660029e+02    1.5203452408e+04   -1.9533929592e+02    7.2042695624e+01    9.2121151608e+01   -3.0388434010e+02    1.6423892577e+01    2.1760000000e+03    6.2650245757e-01    4.9927045037e-01
         5   -1.2331156789e+02    1.5207203624e+04   -1.9529680867e+02    7.1985240783e+01    9.1678617380e+01   -3.0336766286e+02    1.6392236804e+01    2.1760000000e+03    6.2578603713e-01    5.0040785846e-01
         6   -1.2333475025e+02    1.5212555308e+04   -1.9607659287e+02    7.2741842620e+01    9.1869849342e+01   -3.0361635437e+02    1.5669912163e+01    2.1760000000e+03    6.2535128436e-01    4.9871323529e-01
         7   -1.2330792475e+02    1.5206047126e+04   -1.9593923248e+02    7.2631307733e+01    9.2020663190e+01   -3.0448591282e+02    1.6526017144e+01    2.1760000000e+03    6.2435658802e-01    5.0070657169e-01
         8   -1.2329132079e+02    1.5202575775e+04   -1.9639491885e+02    7.3103598060e+01    9.2040084910e+01   -3.0448520434e+02    1.6050200574e+01    2.1760000000e+03    6.2617310378e-01    4.9888556985e-01
         9   -1.2331377812e+02    1.5207509345e+04   -1.9562367485e+02    7.2309896723e+01    9.1856216924e+01   -3.0355431354e+02    1.6074421770e+01    2.1760000000e+03    6.2499248215e-01    4.9867302390e-01
        10   -1.2329419719e+02    1.5203014778e+04   -1.9486206087e+02    7.1567863686e+01    9.1883959262e+01   -3.0347635111e+02    1.6730330977e+01    2.1760000000e+03    6.2512968524e-01    5.0226332721e-01
        11   -1.2331038052e+02    1.5206545579e+04   -1.9520412195e+02    7.1893741424e+01    9.1947413150e+01   -3.0363943937e+02    1.6487904272e+01    2.1760000000e+03    6.2624332024e-01    4.9966107537e-01
        12   -1.2330326579e+02    1.5205196806e+04   -1.9478825613e+02    7.1484990331e+01    9.1871015440e+01   -3.0331364120e+02    1.6654369637e+01    2.1760000000e+03    6.2459969082e-01    5.0156824449e-01
        13   -1.2334531784e+02    1.5215555779e+04   -1.9589427292e+02    7.2548955080e+01    9.1806523803e+01   -3.0431333299e+02    1.6612536272e+01    2.1760000000e+03    6.2443297356e-01    4.9792049632e-01
        14   -1.2332164577e+02    1.5209444317e+04   -1.9550954862e+02    7.2187902850e+01    9.1477419578e+01   -3.0279809406e+02    1.5811125864e+01    2.1760000000e+03    6.2409510880e-01    5.0014361213e-01
        15   -1.2331742337e+02    1.5208628928e+04   -1.9422549989e+02    7.0908076514e+01    9.1254577535e+01   -3.0177854596e+02    1.6298468541e+01    2.1760000000e+03    6.2377505114e-01    5.0201056985e-01
        16   -1.2333310902e+02    1.5212563153e+04   -1.9496038930e+02    7.1627280273e+01    9.1091814517e+01   -3.0155517841e+02    1.5502974600e+01    2.1760000000e+03    6.2270689887e-01    5.0259650735e-01
        17   -1.2335208620e+02    1.5217298886e+04   -1.9528194194e+02    7.1929855745e+01    9.1498563404e+01   -3.0278603974e+02    1.6005534398e+01    2.1760000000e+03    6.2328893757e-01    5.0071231618e-01
        18   -1.2335585688e+02    1.5218803790e+04   -1.9589762541e+02    7.2541768530e+01    9.1849107562e+01   -3.0365528262e+02    1.5908549648e+01    2.1760000000e+03    6.2462499387e-01    5.0111443015e-01
        19   -1.2331521375e+02    1.5208058806e+04   -1.9584275411e+02    7.2527540366e+01    9.1985097463e+01   -3.0428373775e+02    1.6455886175e+01    2.1760000000e+03    6.2588061546e-01    4.9802389706e-01
        20   -1.2330070071e+02    1.5204451663e+04   -1.9697188996e+02    7.3671189251e+01    9.2027455574e+01   -3.0609491380e+02    1.7095568266e+01    2.1760000000e+03    6.2614944862e-01    4.9792624081e-01
        21   -1.2333155239e+02    1.5212129155e+04   -1.9697408649e+02    7.3642534108e+01    9.2238845453e+01   -3.0595563662e+02    1.6742704668e+01    2.1760000000e+03    6.2599004323e-01    4.9915556066e-01
        22   -1.2329781621e+02    1.5204095838e+04   -1.9611110231e+02    7.2813286092e+01    9.2003099464e+01   -3.0466240084e+02    1.6548199069e+01    2.1760000000e+03    6.2473565822e-01    5.0047679228e-01
        23   -1.2334318573e+02    1.5215096921e+04   -1.9586420501e+02    7.2521019285e+01    9.1759704716e+01   -3.0425489860e+02    1.6630988865e+01    2.1760000000e+03    6.2563706211e-01    4.9886259191e-01
        24   -1.2336414169e+02    1.5219961901e+04   -1.9396279212e+02    7.0598650436e+01    9.1615466844e+01   -3.0249513753e+02    1.6916878560e+01    2.1760000000e+03    6.2413276622e-01    4.9958065257e-01
        25   -1.2333323124e+02    1.5212440812e+04   -1.9541330449e+02    7.2080073253e+01    9.1535210160e+01   -3.0323669760e+02    1.6288182942e+01    2.1760000000e+03    6.2426042820e-01    4.9951746324e-01
        26   -1.2337550103e+02    1.5223593536e+04   -1.9611389368e+02    7.2738392654e+01    9.2251916208e+01   -3.0541396056e+02    1.7048150667e+01    2.1760000000e+03    6.2728274175e-01    5.0040785846e-01
        27   -1.2328734024e+02    1.5201283186e+04   -1.9657224905e+02    7.3284908804e+01    9.2141301301e+01   -3.0597872607e+02    1.7265175724e+01    2.1760000000e+03    6.2538227505e-01    4.9672564338e-01
        28   -1.2329363072e+02    1.5202766331e+04   -1.9685300455e+02    7.3559373831e+01    9.2006720451e+01   -3.0515723537e+02    1.6297510364e+01    2.1760000000e+03    6.2630333686e-01    4.9738051471e-01
        29   -1.2330881913e+02    1.5206727315e+04   -1.9735347742e+02    7.4044658287e+01    9.2371950755e+01   -3.0565094343e+02    1.5925515255e+01    2.1760000000e+03    6.2674032984e-01    4.9885684743e-01
        30   -1.2330924978e+02    1.5206981524e+04   -1.9572689682e+02    7.2417647036e+01    9.1805797010e+01   -3.0367982174e+02    1.6147127909e+01    2.1760000000e+03    6.2637592874e-01    4.9855813419e-01
        31   -1.2331898173e+02    1.5209255436e+04   -1.9488312098e+02    7.1564139250e+01    9.1502447030e+01   -3.0238478530e+02    1.5999217292e+01    2.1760000000e+03    6.2471239115e-01    4.9817899816e-01
        32   -1.2332563976e+02    1.5210665010e+04   -1.9649629783e+02    7.3170658071e+01    9.1582192314e+01   -3.0412202002e+02    1.6043529873e+01    2.1760000000e+03    6.2490978267e-01    4.9995978860e-01
        33   -1.2326844599e+02    1.5202171241e+04   -1.9631332647e+02    7.3044880479e+01    9.1519251413e+01   -3.0365674388e+02    1.5824166001e+01    2.1760000000e+03    6.2451303027e-01    4.9958065257e-01
        34   -1.2331398509e+02    1.5207698379e+04   -1.9643422865e+02    7.3120243558e+01    9.1753525178e+01   -3.0450170039e+02    1.6313946562e+01    2.1760000000e+03    6.2427121357e-01    5.0064338235e-01
        35   -1.2337060701e+02    1.5221831791e+04   -1.9551147951e+02    7.2140872498e+01    9.1834871518e+01   -3.0361076068e+02    1.6264409657e+01    2.1760000000e+03    6.2447188422e-01    4.9790326287e-01
        36   -1.2330303014e+02    1.5206234878e+04   -1.9499756885e+02    7.1694538710e+01    9.1507583334e+01   -3.0294672721e+02    1.6441575025e+01    2.1760000000e+03    6.2503674122e-01    4.9986213235e-01
        37   -1.2332744552e+02    1.5210941160e+04   -1.9571249712e+02    7.2385051598e+01    9.1474815627e+01   -3.0292700429e+02    1.5739691550e+01    2.1760000000e+03    6.2407347122e-01    4.9894875919e-01
        38   -1.2327811402e+02    1.5198778348e+04   -1.9563901423e+02    7.2360900216e+01    9.1550676886e+01   -3.0322371019e+02    1.6034019072e+01    2.1760000000e+03    6.2393037887e-01    5.0207375919e-01
        39   -1.2331372783e+02    1.5207537134e+04   -1.9514199227e+02    7.1828264433e+01    9.1737899059e+01   -3.0412137741e+02    1.7241486089e+01    2.1760000000e+03    6.2423599796e-01    5.0039636949e-01
