#   index    LocalEnergy         LocalEnergy_sq      LocalPotential      Kinetic             ElecElec            LocalECP            NonLocalECP         BlockWeight         BlockCPU            AcceptRatio         
         0   -5.8050106259e+01    3.3706905423e+03   -8.4215685354e+01    2.6165579095e+01    3.8965599529e+01   -1.3250474332e+02    9.3234584353e+00    1.6383400000e+06    3.5156936764e+00    9.9861906242e-01
         1   -5.8045555479e+01    3.3701503850e+03   -8.4432471972e+01    2.6386916493e+01    3.9060694413e+01   -1.3283774431e+02    9.3445779205e+00    1.6405510000e+06    3.6275997816e+00    9.9862731343e-01
         2   -5.8050390255e+01    3.3706957879e+03   -8.4362523731e+01    2.6312133477e+01    3.8965616226e+01   -1.3269363713e+02    9.3654971759e+00    1.6378130000e+06    3.6203518882e+00    9.9861369233e-01
         3   -5.8046734381e+01    3.3702664676e+03   -8.4220298946e+01    2.6173564565e+01    3.8877345827e+01   -1.3238186578e+02    9.2842210086e+00    1.6280000000e+06    3.3219897829e+00    9.9862074020e-01
         4   -5.8049861582e+01    3.3706558729e+03   -8.4327111329e+01    2.6277249747e+01    3.8943590138e+01   -1.3265156511e+02    9.3808636399e+00    1.6332700000e+06    3.3467481753e+00    9.9859507730e-01
         5   -5.8045530443e+01    3.3703072704e+03   -8.4256913353e+01    2.6211382910e+01    3.8932756459e+01   -1.3246795459e+02    9.2782847802e+00    1.6212190000e+06    3.3618380949e+00    9.9860334453e-01
         6   -5.8049529142e+01    3.3706045097e+03   -8.4290402471e+01    2.6240873329e+01    3.8959995901e+01   -1.3259784567e+02    9.3474473022e+00    1.6307620000e+06    3.4008364310e+00    9.9860380097e-01
         7   -5.8046646755e+01    3.3709826832e+03   -8.4310818193e+01    2.6264171438e+01    3.8986004666e+01   -1.3269291758e+02    9.3960947216e+00    1.6239130000e+06    3.3181560859e+00    9.9862207907e-01
         8   -5.8047402179e+01    3.3703132989e+03   -8.4306537778e+01    2.6259135598e+01    3.8915629645e+01   -1.3251922250e+02    9.2970550802e+00    1.6192120000e+06    3.3399941376e+00    9.9862071080e-01
         9   -5.8048809513e+01    3.3705325474e+03   -8.4257467798e+01    2.6208658284e+01    3.8917768917e+01   -1.3246166902e+02    9.2864323033e+00    1.6259400000e+06    3.3199735789e+00    9.9861639608e-01
        10   -5.8048183110e+01    3.3705109870e+03   -8.4391019618e+01    2.6342836509e+01    3.8991796039e+01   -1.3269901334e+02    9.3161976822e+00    1.6117150000e+06    3.3308471576e+00    9.9861709990e-01
        11   -5.8046728767e+01    3.3703066010e+03   -8.4278094945e+01    2.6231366178e+01    3.8966598004e+01   -1.3264304160e+02    9.3983486501e+00    1.6055460000e+06    3.3461757919e+00    9.9860299878e-01
        12   -5.8041872694e+01    3.3696957916e+03   -8.4303769218e+01    2.6261896524e+01    3.8974509308e+01   -1.3253033801e+02    9.2520594825e+00    1.6148560000e+06    3.2997244948e+00    9.9861770750e-01
        13   -5.8046525084e+01    3.3702509588e+03   -8.4271650188e+01    2.6225125103e+01    3.9038625466e+01   -1.3256714274e+02    9.2568670835e+00    1.6145490000e+06    3.3117486483e+00    9.9862628490e-01
        14   -5.8049453155e+01    3.3706507856e+03   -8.4301847352e+01    2.6252394197e+01    3.9035780918e+01   -1.3266529475e+02    9.3276664832e+00    1.6356540000e+06    3.5296190712e+00    9.9860796848e-01
        15   -5.8047737858e+01    3.3704013596e+03   -8.4232606053e+01    2.6184868195e+01    3.8982106597e+01   -1.3249870908e+02    9.2839964328e+00    1.6395330000e+06    3.6500810548e+00    9.9860680430e-01
        16   -5.8043079296e+01    3.3698541504e+03   -8.4192120961e+01    2.6149041665e+01    3.9011558999e+01   -1.3242614398e+02    9.2224640210e+00    1.6531830000e+06    3.9628135953e+00    9.9861013316e-01
        17   -5.8051764058e+01    3.3709390267e+03   -8.4407831137e+01    2.6356067079e+01    3.9105453937e+01   -1.3280074968e+02    9.2874646094e+00    1.6603270000e+06    3.9635648178e+00    9.9858977786e-01
        18   -5.8045739135e+01    3.3701670739e+03   -8.4344070932e+01    2.6298331797e+01    3.9046927678e+01   -1.3283286075e+02    9.4418621372e+00    1.6534300000e+06    3.8084456450e+00    9.9860753480e-01
        19   -5.8052872232e+01    3.3710082012e+03   -8.4286252810e+01    2.6233380579e+01    3.8919170234e+01   -1.3254279230e+02    9.3373692534e+00    1.6423530000e+06    3.7283411485e+00    9.9862584468e-01
        20   -5.8055116603e+01    3.3712706491e+03   -8.4228573510e+01    2.6173456906e+01    3.8945095703e+01   -1.3258598584e+02    9.4123166312e+00    1.6635430000e+06    3.9218127807e+00    9.9861587001e-01
        21   -5.8045541933e+01    3.3701784680e+03   -8.4205993068e+01    2.6160451135e+01    3.8940912605e+01   -1.3242442653e+02    9.2775208581e+00    1.6460810000e+06    3.7285543147e+00    9.9861598050e-01
        22   -5.8046580297e+01    3.3702876649e+03   -8.4190006577e+01    2.6143426280e+01    3.8900205967e+01   -1.3235323068e+02    9.2630181383e+00    1.6287630000e+06    3.3597574343e+00    9.9860628877e-01
        23   -5.8038577772e+01    3.3693803586e+03   -8.4297642979e+01    2.6259065207e+01    3.9009328664e+01   -1.3260913849e+02    9.3021668490e+00    1.6223100000e+06    3.3329239679e+00    9.9861134863e-01
        24   -5.8046081375e+01    3.3701820111e+03   -8.4391889653e+01    2.6345808278e+01    3.9013766277e+01   -1.3271203581e+02    9.3063798823e+00    1.6314470000e+06    3.3336385190e+00    9.9859772655e-01
        25   -5.8048994297e+01    3.3705631175e+03   -8.4445087032e+01    2.6396092734e+01    3.9026876249e+01   -1.3279004808e+02    9.3180848021e+00    1.6337040000e+06    3.5265490920e+00    9.9860527882e-01
        26   -5.8043447211e+01    3.3699044917e+03   -8.4318309357e+01    2.6274862146e+01    3.8983520528e+01   -1.3265974684e+02    9.3579169531e+00    1.6450500000e+06    3.9194387752e+00    9.9860801561e-01
        27   -5.8047588591e+01    3.3703828295e+03   -8.4282022220e+01    2.6234433629e+01    3.8925970226e+01   -1.3259983185e+02    9.3918394086e+00    1.6393780000e+06    3.5956743830e+00    9.9861481867e-01
        28   -5.8045307483e+01    3.3701243008e+03   -8.4388099421e+01    2.6342791939e+01    3.9042790143e+01   -1.3281791832e+02    9.3870287605e+00    1.6495600000e+06    3.9302290818e+00    9.9861263614e-01
        29   -5.8052379570e+01    3.3709561296e+03   -8.4303885283e+01    2.6251505713e+01    3.8982008001e+01   -1.3266766381e+02    9.3817705224e+00    1.6362570000e+06    3.5022680033e+00    9.9860080034e-01
        30   -5.8047936221e+01    3.3704296105e+03   -8.4331607421e+01    2.6283671200e+01    3.8975133596e+01   -1.3262522601e+02    9.3184849944e+00    1.6234880000e+06    3.3400019011e+00    9.9860825623e-01
        31   -5.8046930984e+01    3.3703180653e+03   -8.4219541826e+01    2.6172610842e+01    3.8895553605e+01   -1.3244466470e+02    9.3295692711e+00    1.6340200000e+06    3.5164538443e+00    9.9861478372e-01
        32   -5.8046853796e+01    3.3702883436e+03   -8.4319302315e+01    2.6272448520e+01    3.8979990313e+01   -1.3269407458e+02    9.3947819510e+00    1.6617590000e+06    4.0006427597e+00    9.9861087549e-01
        33   -5.8043205589e+01    3.3698820545e+03   -8.4340456878e+01    2.6297251289e+01    3.9014527040e+01   -1.3277131843e+02    9.4163345116e+00    1.6414010000e+06    3.7345680830e+00    9.9859653903e-01
        34   -5.8052799077e+01    3.3710037386e+03   -8.4246325134e+01    2.6193526057e+01    3.8983813421e+01   -1.3258750882e+02    9.3573702663e+00    1.6468890000e+06    3.8927410105e+00    9.9863518117e-01
        35   -5.8047906112e+01    3.3704150133e+03   -8.4204092999e+01    2.6156186887e+01    3.8947669136e+01   -1.3241674580e+02    9.2649836660e+00    1.6261660000e+06    3.4415207955e+00    9.9863157403e-01
        36   -5.8048177215e+01    3.3704610207e+03   -8.4269170172e+01    2.6220992957e+01    3.8964446391e+01   -1.3264995684e+02    9.4163402790e+00    1.6342230000e+06    3.4628430919e+00    9.9861020192e-01
        37   -5.8050911289e+01    3.3715696118e+03   -8.4434719620e+01    2.6383808331e+01    3.9037480823e+01   -1.3281025573e+02    9.3380552903e+00    1.6213230000e+06    3.3090561833e+00    9.9861639485e-01
        38   -5.8047229788e+01    3.3703544682e+03   -8.4467126518e+01    2.6419896730e+01    3.9004760047e+01   -1.3290002961e+02    9.4281430487e+00    1.6131470000e+06    3.3294744703e+00    9.9858991557e-01
        39   -5.8048784699e+01    3.3705194377e+03   -8.4390733040e+01    2.6341948341e+01    3.8971490210e+01   -1.3274576483e+02    9.3835415759e+00    1.6328550000e+06    3.5187307764e+00    9.9860299652e-01
        40   -5.8043889163e+01    3.3699728062e+03   -8.4351514288e+01    2.6307625125e+01    3.8973992437e+01   -1.3266389223e+02    9.3383855017e+00    1.6431950000e+06    3.7082801559e+00    9.9858997143e-01
        41   -5.8042782784e+01    3.3698575129e+03   -8.4303257788e+01    2.6260475004e+01    3.8956420468e+01   -1.3266677648e+02    9.4070982241e+00    1.6461710000e+06    3.8683499484e+00    9.9860727175e-01
        42   -5.8049780820e+01    3.3706801474e+03   -8.4321816749e+01    2.6272035929e+01    3.9002187698e+01   -1.3275178340e+02    9.4277789564e+00    1.6398420000e+06    3.6682877662e+00    9.9858840073e-01
        43   -5.8053747307e+01    3.3711102936e+03   -8.4220567092e+01    2.6166819786e+01    3.8869156619e+01   -1.3238520207e+02    9.2954783572e+00    1.6556250000e+06    3.9532344968e+00    9.9860055538e-01
        44   -5.8039204429e+01    3.3694659430e+03   -8.4223026332e+01    2.6183821903e+01    3.8947976623e+01   -1.3247325770e+02    9.3022547492e+00    1.6355120000e+06    3.9787822480e+00    9.9860177810e-01
        45   -5.8048306160e+01    3.3704748918e+03   -8.4299828369e+01    2.6251522209e+01    3.8965856695e+01   -1.3266083569e+02    9.3951506298e+00    1.6250700000e+06    4.6849718231e+00    9.9862011479e-01
        46   -5.8043854547e+01    3.3699462563e+03   -8.4388067919e+01    2.6344213372e+01    3.9021471898e+01   -1.3276890430e+02    9.3593644824e+00    1.6422640000e+06    4.9231822181e+00    9.9859498400e-01
        47   -5.8044239226e+01    3.3700037932e+03   -8.4341510972e+01    2.6297271745e+01    3.9004809538e+01   -1.3270382937e+02    9.3575088579e+00    1.6307800000e+06    4.8447391286e+00    9.9861752271e-01
        48   -5.8050092488e+01    3.3706955839e+03   -8.4312720056e+01    2.6262627567e+01    3.9037002665e+01   -1.3271802148e+02    9.3682987593e+00    1.6248740000e+06    4.7883980540e+00    9.9860684854e-01
        49   -5.8050263254e+01    3.3707274383e+03   -8.4327672635e+01    2.6277409381e+01    3.8969067424e+01   -1.3259779922e+02    9.3010591600e+00    1.6348260000e+06    4.7553183236e+00    9.9861804949e-01
        50   -5.8043387185e+01    3.3698929168e+03   -8.4253977299e+01    2.6210590113e+01    3.8946643999e+01   -1.3254126993e+02    9.3406486280e+00    1.6442010000e+06    4.8311593405e+00    9.9862421819e-01
        51   -5.8043600153e+01    3.3699347507e+03   -8.4343724974e+01    2.6300124821e+01    3.9052692533e+01   -1.3277611599e+02    9.3796984809e+00    1.6231540000e+06    4.8817975195e+00    9.9859507871e-01
        52   -5.8046320236e+01    3.3702668424e+03   -8.4349276600e+01    2.6302956364e+01    3.9006126857e+01   -1.3277363379e+02    9.4182303313e+00    1.6196220000e+06    4.8746960883e+00    9.9857676872e-01
        53   -5.8055788299e+01    3.3713406219e+03   -8.4259890347e+01    2.6204102048e+01    3.8951025836e+01   -1.3250639809e+02    9.2954819058e+00    1.6385490000e+06    4.7557231502e+00    9.9860661259e-01
        54   -5.8042061877e+01    3.3697716182e+03   -8.4320687483e+01    2.6278625606e+01    3.8993029466e+01   -1.3263309502e+02    9.3193780687e+00    1.6445240000e+06    4.8594751861e+00    9.9862048983e-01
        55   -5.8048940370e+01    3.3705568546e+03   -8.4253798504e+01    2.6204858134e+01    3.8956612572e+01   -1.3256516229e+02    9.3547512147e+00    1.6355590000e+06    4.7527225565e+00    9.9860578591e-01
        56   -5.8046570300e+01    3.3702706554e+03   -8.4240746158e+01    2.6194175857e+01    3.8973719598e+01   -1.3253309568e+02    9.3186299218e+00    1.6331460000e+06    4.7942959785e+00    9.9861516347e-01
        57   -5.8048542845e+01    3.3705185591e+03   -8.4295735578e+01    2.6247192733e+01    3.8991154449e+01   -1.3267173267e+02    9.3848426379e+00    1.6474070000e+06    4.7629648100e+00    9.9861567511e-01
        58   -5.8045906966e+01    3.3701846309e+03   -8.4367373737e+01    2.6321466770e+01    3.9021293235e+01   -1.3280958692e+02    9.4209199458e+00    1.6347450000e+06    4.7845318902e+00    9.9861535133e-01
        59   -5.8049526480e+01    3.3707139548e+03   -8.4340986834e+01    2.6291460354e+01    3.9021648089e+01   -1.3281247472e+02    9.4498398012e+00    1.6158610000e+06    4.8117072345e+00    9.9861263604e-01
        60   -5.8045754560e+01    3.3701751904e+03   -8.4362597414e+01    2.6316842854e+01    3.9056113217e+01   -1.3272991795e+02    9.3112073191e+00    1.6201160000e+06    4.7977843350e+00    9.9861947516e-01
        61   -5.8050844881e+01    3.3707811081e+03   -8.4263192289e+01    2.6212347408e+01    3.9028983950e+01   -1.3258564603e+02    9.2934697890e+00    1.6361010000e+06    4.7537743819e+00    9.9861276404e-01
        62   -5.8036271020e+01    3.3690730723e+03   -8.4337677455e+01    2.6301406435e+01    3.9048225513e+01   -1.3273591504e+02    9.3500120682e+00    1.6434590000e+06    4.7748466500e+00    9.9860520440e-01
        63   -5.8049198027e+01    3.3706103636e+03   -8.4437492532e+01    2.6388294505e+01    3.9100577798e+01   -1.3291744028e+02    9.3793699531e+00    1.6308620000e+06    4.7497825809e+00    9.9860738051e-01
        64   -5.8045321214e+01    3.3701125084e+03   -8.4266101707e+01    2.6220780493e+01    3.8984402253e+01   -1.3259843555e+02    9.3479315916e+00    1.6377930000e+06    4.7592464397e+00    9.9860067636e-01
        65   -5.8043349215e+01    3.3698764463e+03   -8.4150932284e+01    2.6107583069e+01    3.8925604805e+01   -1.3241650415e+02    9.3399670648e+00    1.6293970000e+06    4.7418155414e+00    9.9861230216e-01
        66   -5.8047103783e+01    3.3703330651e+03   -8.4238407758e+01    2.6191303976e+01    3.8940278346e+01   -1.3261250313e+02    9.4338170240e+00    1.6415650000e+06    4.8370802482e+00    9.9861568556e-01
        67   -5.8044447243e+01    3.3699833177e+03   -8.4305042217e+01    2.6260594974e+01    3.8948777662e+01   -1.3255167382e+02    9.2978539372e+00    1.6520690000e+06    4.8496274017e+00    9.9861097143e-01
        68   -5.8047966839e+01    3.3704455394e+03   -8.4344709534e+01    2.6296742696e+01    3.8973648634e+01   -1.3269130004e+02    9.3729418712e+00    1.6508070000e+06    4.7536541831e+00    9.9860135570e-01
        69   -5.8042191999e+01    3.3697504772e+03   -8.4279647123e+01    2.6237455124e+01    3.9022999850e+01   -1.3264281008e+02    9.3401631108e+00    1.6290140000e+06    4.8578624849e+00    9.9860619144e-01
        70   -5.8052249516e+01    3.3709493004e+03   -8.4319034137e+01    2.6266784621e+01    3.8970068515e+01   -1.3268209692e+02    9.3929942678e+00    1.6222200000e+06    4.9743937512e+00    9.9859205819e-01
        71   -5.8040472911e+01    3.3695663285e+03   -8.4392423860e+01    2.6351950948e+01    3.9010756145e+01   -1.3273625542e+02    9.3330754113e+00    1.6353140000e+06    4.9330105777e+00    9.9860747717e-01
        72   -5.8044281268e+01    3.3699727100e+03   -8.4216283965e+01    2.6172002697e+01    3.8929788053e+01   -1.3242051754e+02    9.2744455210e+00    1.6262670000e+06    4.9838633777e+00    9.9861383270e-01
        73   -5.8037794960e+01    3.3692242787e+03   -8.4245072086e+01    2.6207277126e+01    3.8947992440e+01   -1.3253276856e+02    9.3397040341e+00    1.6461010000e+06    4.9570362889e+00    9.9861082545e-01
        74   -5.8044819585e+01    3.3701260705e+03   -8.4203858891e+01    2.6159039306e+01    3.8894223712e+01   -1.3250620468e+02    9.4081220801e+00    1.6326680000e+06    4.9559550846e+00    9.9860345292e-01
        75   -5.8043621125e+01    3.3699466243e+03   -8.4421927188e+01    2.6378306063e+01    3.8990643646e+01   -1.3278519028e+02    9.3726194470e+00    1.6442940000e+06    4.8309201144e+00    9.9861105898e-01
        76   -5.8043949385e+01    3.3699757675e+03   -8.4232892484e+01    2.6188943099e+01    3.8909358500e+01   -1.3242687441e+02    9.2846234227e+00    1.6438840000e+06    4.8927628412e+00    9.9862702403e-01
        77   -5.8047247633e+01    3.3703595364e+03   -8.4339216321e+01    2.6291968688e+01    3.8982852957e+01   -1.3271520286e+02    9.3931335807e+00    1.6360060000e+06    4.8247837129e+00    9.9860129743e-01
        78   -5.8048290767e+01    3.3704521071e+03   -8.4298174537e+01    2.6249883771e+01    3.8976399888e+01   -1.3265333154e+02    9.3787571144e+00    1.6369740000e+06    4.8453045560e+00    9.9862088671e-01
        79   -5.8050181830e+01    3.3707087990e+03   -8.4306162179e+01    2.6255980349e+01    3.8984362781e+01   -1.3268220042e+02    9.3916754576e+00    1.6413370000e+06    4.8530207200e+00    9.9859921119e-01
        80   -5.8047630972e+01    3.3703821188e+03   -8.4243509983e+01    2.6195879011e+01    3.8947915465e+01   -1.3250021182e+02    9.3087863702e+00    1.6277520000e+06    4.8052875993e+00    9.9859954723e-01
        81   -5.8047596333e+01    3.3703828640e+03   -8.4171267990e+01    2.6123671657e+01    3.8909740260e+01   -1.3238534164e+02    9.3043333893e+00    1.6252630000e+06    4.8530311515e+00    9.9861688028e-01
        82   -5.8053342654e+01    3.3710549492e+03   -8.4282753704e+01    2.6229411050e+01    3.8986674276e+01   -1.3261856981e+02    9.3491418335e+00    1.6324300000e+06    4.8336077549e+00    9.9861241030e-01
        83   -5.8052052936e+01    3.3709261919e+03   -8.4344621624e+01    2.6292568687e+01    3.8998680333e+01   -1.3276680520e+02    9.4235032464e+00    1.6401300000e+06    4.8478418251e+00    9.9860507265e-01
        84   -5.8046193014e+01    3.3702271616e+03   -8.4270412053e+01    2.6224219040e+01    3.8973871540e+01   -1.3257348133e+02    9.3291977371e+00    1.6377720000e+06    4.8287597224e+00    9.9859029792e-01
        85   -5.8038404157e+01    3.3693168553e+03   -8.4208042382e+01    2.6169638224e+01    3.8927780277e+01   -1.3246277774e+02    9.3269550819e+00    1.6278880000e+06    4.8839928079e+00    9.9860064948e-01
        86   -5.8050429101e+01    3.3707241243e+03   -8.4333034408e+01    2.6282605308e+01    3.8950427113e+01   -1.3257920352e+02    9.2957420035e+00    1.6304590000e+06    4.8353633757e+00    9.9863186332e-01
        87   -5.8048552716e+01    3.3705149556e+03   -8.4237040136e+01    2.6188487421e+01    3.9021138228e+01   -1.3262929909e+02    9.3711207281e+00    1.6330790000e+06    4.8193888976e+00    9.9861375263e-01
        88   -5.8049042572e+01    3.3705614124e+03   -8.4369176054e+01    2.6320133482e+01    3.9033237677e+01   -1.3273365523e+02    9.3312414991e+00    1.6460460000e+06    4.8726439066e+00    9.9861170193e-01
        89   -5.8056025715e+01    3.3713782448e+03   -8.4271632282e+01    2.6215606567e+01    3.8996217761e+01   -1.3255417641e+02    9.2863263624e+00    1.6397350000e+06    4.8593980232e+00    9.9863103988e-01
        90   -5.8049875638e+01    3.3706622697e+03   -8.4336247830e+01    2.6286372193e+01    3.9010613194e+01   -1.3268162584e+02    9.3347648118e+00    1.6317690000e+06    4.9467502460e+00    9.9860447198e-01
        91   -5.8045201455e+01    3.3701170821e+03   -8.4349195282e+01    2.6303993827e+01    3.9064956325e+01   -1.3285974710e+02    9.4455954921e+00    1.6360550000e+06    4.9453486844e+00    9.9859617871e-01
        92   -5.8046013045e+01    3.3702078302e+03   -8.4327793279e+01    2.6281780234e+01    3.9020469859e+01   -1.3278012288e+02    9.4318597420e+00    1.6346960000e+06    4.9253659646e+00    9.9860110901e-01
        93   -5.8047921197e+01    3.3704264846e+03   -8.4209703929e+01    2.6161782732e+01    3.8913231815e+01   -1.3245885089e+02    9.3359151490e+00    1.6296000000e+06    4.9462806415e+00    9.9861499912e-01
        94   -5.8041468297e+01    3.3697059824e+03   -8.4329154722e+01    2.6287686425e+01    3.8994625369e+01   -1.3266821178e+02    9.3444316896e+00    1.6365040000e+06    4.9403570327e+00    9.9859770056e-01
        95   -5.8048666897e+01    3.3705021914e+03   -8.4312867502e+01    2.6264200605e+01    3.8964773790e+01   -1.3254068291e+02    9.2630416186e+00    1.6437330000e+06    4.9429915366e+00    9.9861913122e-01
        96   -5.8046946134e+01    3.3702984641e+03   -8.4442627309e+01    2.6395681175e+01    3.9063886098e+01   -1.3277486300e+02    9.2683495911e+00    1.6356720000e+06    5.0100431428e+00    9.9863121400e-01
        97   -5.8048918011e+01    3.3705521323e+03   -8.4422052452e+01    2.6373134441e+01    3.9028572225e+01   -1.3278161095e+02    9.3309862748e+00    1.6220060000e+06    5.0121427025e+00    9.9860407971e-01
        98   -5.8046842067e+01    3.3703408944e+03   -8.4475839458e+01    2.6428997391e+01    3.9065589233e+01   -1.3298260297e+02    9.4411742831e+00    1.6333500000e+06    4.9245563408e+00    9.9860359191e-01
        99   -5.8057556128e+01    3.3715976011e+03   -8.4460767534e+01    2.6403211406e+01    3.9059803682e+01   -1.3295084531e+02    9.4302740969e+00    1.6372430000e+06    4.9594433880e+00    9.9861112326e-01
       100   -5.8047646575e+01    3.3704192369e+03   -8.4435535643e+01    2.6387889068e+01    3.9053631493e+01   -1.3289563133e+02    9.4064641989e+00    1.6397660000e+06    4.9511828790e+00    9.9860670341e-01
       101   -5.8045557268e+01    3.3701639873e+03   -8.4338829322e+01    2.6293272054e+01    3.8986567873e+01   -1.3265634579e+02    9.3309485988e+00    1.6247390000e+06    4.9407238876e+00    9.9859983423e-01
       102   -5.8049890394e+01    3.3706526212e+03   -8.4340952387e+01    2.6291061993e+01    3.8969772582e+01   -1.3269053709e+02    9.3798121214e+00    1.6367570000e+06    4.8122919502e+00    9.9860631410e-01
       103   -5.8044603463e+01    3.3700673324e+03   -8.4338347308e+01    2.6293743845e+01    3.9015547847e+01   -1.3273008534e+02    9.3761901816e+00    1.6396130000e+06    4.7817221114e+00    9.9858006467e-01
       104   -5.8047280228e+01    3.3703826605e+03   -8.4298271269e+01    2.6250991040e+01    3.8945094366e+01   -1.3263801214e+02    9.3946465097e+00    1.6370530000e+06    4.7523370460e+00    9.9860887990e-01
       105   -5.8051216432e+01    3.3708201706e+03   -8.4376525631e+01    2.6325309199e+01    3.9047077621e+01   -1.3283196120e+02    9.4083579512e+00    1.6487730000e+06    4.7969191114e+00    9.9859974288e-01
       106   -5.8051065885e+01    3.3708071454e+03   -8.4230249205e+01    2.6179183320e+01    3.8904317311e+01   -1.3246367087e+02    9.3291043526e+00    1.6488230000e+06    4.6701453170e+00    9.9860800259e-01
       107   -5.8043118595e+01    3.3699023594e+03   -8.4222042710e+01    2.6178924115e+01    3.8961058959e+01   -1.3250242305e+02    9.3193213826e+00    1.6256240000e+06    4.5820559487e+00    9.9859750221e-01
       108   -5.8045822400e+01    3.3701840176e+03   -8.4288849546e+01    2.6243027145e+01    3.8972143122e+01   -1.3261717721e+02    9.3561845435e+00    1.6247370000e+06    4.5100705770e+00    9.9858824175e-01
       109   -5.8046800017e+01    3.3703022772e+03   -8.4310788490e+01    2.6263988473e+01    3.8942570641e+01   -1.3255873599e+02    9.3053768624e+00    1.6314640000e+06    4.4850792964e+00    9.9862788575e-01
       110   -5.8043730716e+01    3.3699335747e+03   -8.4312338761e+01    2.6268608045e+01    3.8949607711e+01   -1.3256373851e+02    9.3017920372e+00    1.6344340000e+06    4.4073601940e+00    9.9861549518e-01
       111   -5.8044600517e+01    3.3700186841e+03   -8.4272016435e+01    2.6227415918e+01    3.8998345817e+01   -1.3256377126e+02    9.2934090068e+00    1.6196680000e+06    4.3813940305e+00    9.9862054589e-01
       112   -5.8055520240e+01    3.3713108417e+03   -8.4233464066e+01    2.6177943826e+01    3.8894041120e+01   -1.3241247338e+02    9.2849681976e+00    1.6286620000e+06    4.6023692375e+00    9.9859301619e-01
       113   -5.8046137400e+01    3.3702379175e+03   -8.4335006420e+01    2.6288869020e+01    3.8953094838e+01   -1.3257711466e+02    9.2890133983e+00    1.6357660000e+06    4.6429060439e+00    9.9861643983e-01
       114   -5.8042217055e+01    3.3697781866e+03   -8.4391036658e+01    2.6348819603e+01    3.9003961884e+01   -1.3278170110e+02    9.3867025600e+00    1.6372770000e+06    4.8550285595e+00    9.9860081934e-01
       115   -5.8052215976e+01    3.3709528280e+03   -8.4360602808e+01    2.6308386831e+01    3.9015821131e+01   -1.3271536097e+02    9.3389370307e+00    1.6456050000e+06    4.8239226858e+00    9.9860348094e-01
       116   -5.8049216006e+01    3.3705863130e+03   -8.4319803808e+01    2.6270587801e+01    3.8932478833e+01   -1.3253257651e+02    9.2802938704e+00    1.6416610000e+06    4.6278174969e+00    9.9861425929e-01
       117   -5.8046268664e+01    3.3702021474e+03   -8.4307465428e+01    2.6261196764e+01    3.8931911135e+01   -1.3256167471e+02    9.3222981497e+00    1.6238090000e+06    4.4814565871e+00    9.9860824885e-01
       118   -5.8040941308e+01    3.3695867709e+03   -8.4077838378e+01    2.6036897070e+01    3.8855613118e+01   -1.3212668816e+02    9.1932366663e+00    1.6129870000e+06    4.3013047993e+00    9.9860402014e-01
       119   -5.8051776496e+01    3.3709112751e+03   -8.4282640639e+01    2.6230864143e+01    3.8963447245e+01   -1.3255369065e+02    9.3076027650e+00    1.6295070000e+06    3.5142312073e+00    9.9861608917e-01
       120   -5.8040604464e+01    3.3696259362e+03   -8.4289141561e+01    2.6248537097e+01    3.8989466212e+01   -1.3270127051e+02    9.4226627349e+00    1.6224650000e+06    3.3168996489e+00    9.9859785511e-01
       121   -5.8051076635e+01    3.3709158031e+03   -8.4302203845e+01    2.6251127210e+01    3.9028365867e+01   -1.3277821380e+02    9.4476440894e+00    1.6111960000e+06    3.4143961184e+00    9.9861098615e-01
       122   -5.8041329010e+01    3.3696665238e+03   -8.4100175895e+01    2.6058846885e+01    3.8906009079e+01   -1.3237863857e+02    9.3724535910e+00    1.6144220000e+06    3.3592375678e+00    9.9860896539e-01
       123   -5.8041831007e+01    3.3697103746e+03   -8.4207905485e+01    2.6166074478e+01    3.8880280644e+01   -1.3243488930e+02    9.3467031657e+00    1.6252690000e+06    4.0895775764e+00    9.9860726824e-01
       124   -5.8044049318e+01    3.3699663643e+03   -8.4365389836e+01    2.6321340518e+01    3.8999432695e+01   -1.3273915650e+02    9.3743339679e+00    1.6150450000e+06    3.6346771365e+00    9.9860719675e-01
       125   -5.8049470858e+01    3.3706164237e+03   -8.4290637258e+01    2.6241166400e+01    3.8917009068e+01   -1.3250389606e+02    9.2962497341e+00    1.6221050000e+06    3.4425364488e+00    9.9861529936e-01
       126   -5.8047748062e+01    3.3705498062e+03   -8.4323683250e+01    2.6275935188e+01    3.8921367798e+01   -1.3254392824e+02    9.2988771906e+00    1.6357330000e+06    3.5957723472e+00    9.9859698497e-01
       127   -5.8045475145e+01    3.3701398383e+03   -8.4223155099e+01    2.6177679955e+01    3.8935169827e+01   -1.3239176865e+02    9.2334437219e+00    1.6283020000e+06    3.3685313102e+00    9.9860728799e-01
       128   -5.8048188804e+01    3.3704529189e+03   -8.4452088706e+01    2.6403899902e+01    3.9026105152e+01   -1.3281461047e+02    9.3364166100e+00    1.6339800000e+06    3.4556066403e+00    9.9860912285e-01
       129   -5.8040797206e+01    3.3695750427e+03   -8.4209066813e+01    2.6168269606e+01    3.8922865226e+01   -1.3244873419e+02    9.3168021506e+00    1.6375770000e+06    3.5552945354e+00    9.9863419236e-01
       130   -5.8048696381e+01    3.3705012203e+03   -8.4258614105e+01    2.6209917723e+01    3.8946666615e+01   -1.3253337535e+02    9.3280946306e+00    1.6352730000e+06    4.5332710128e+00    9.9862380870e-01
       131   -5.8046530341e+01    3.3702426616e+03   -8.4150111871e+01    2.6103581530e+01    3.8876330820e+01   -1.3225452155e+02    9.2280788640e+00    1.6562300000e+06    4.7761755846e+00    9.9862397509e-01
       132   -5.8045383210e+01    3.3701410517e+03   -8.4241079895e+01    2.6195696685e+01    3.8960954280e+01   -1.3261304708e+02    9.4110129061e+00    1.6389530000e+06    4.6962502270e+00    9.9862476079e-01
       133   -5.8046670960e+01    3.3702793119e+03   -8.4267511239e+01    2.6220840279e+01    3.8942295594e+01   -1.3259129626e+02    9.3814894286e+00    1.6344540000e+06    4.7735812645e+00    9.9861727709e-01
       134   -5.8050877523e+01    3.3707351821e+03   -8.4336082466e+01    2.6285204943e+01    3.8962772115e+01   -1.3256630732e+02    9.2674527345e+00    1.6166860000e+06    4.9630243494e+00    9.9862448195e-01
       135   -5.8043714148e+01    3.3699452862e+03   -8.4343958487e+01    2.6300244339e+01    3.8992186087e+01   -1.3275226462e+02    9.4161200451e+00    1.6183690000e+06    4.8940038481e+00    9.9861905710e-01
       136   -5.8048947699e+01    3.3705379743e+03   -8.4316298114e+01    2.6267350416e+01    3.8982547758e+01   -1.3266709986e+02    9.3682539904e+00    1.6226670000e+06    4.8444929693e+00    9.9861011327e-01
       137   -5.8048276066e+01    3.3704722072e+03   -8.4185488610e+01    2.6137212544e+01    3.8888822095e+01   -1.3239447823e+02    9.3201675198e+00    1.6241340000e+06    4.2905396258e+00    9.9860430187e-01
       138   -5.8053151163e+01    3.3710481979e+03   -8.4333818629e+01    2.6280667467e+01    3.8940280035e+01   -1.3255955050e+02    9.2854518315e+00    1.6291160000e+06    3.5061381336e+00    9.9859150109e-01
       139   -5.8048721219e+01    3.3705130513e+03   -8.4345786402e+01    2.6297065183e+01    3.8937740013e+01   -1.3259997023e+02    9.3164438175e+00    1.6333570000e+06    3.5332420177e+00    9.9860536411e-01
       140   -5.8044998818e+01    3.3700842014e+03   -8.4392248329e+01    2.6347249511e+01    3.9052975055e+01   -1.3283887441e+02    9.3936510302e+00    1.6192290000e+06    3.9437973995e+00    9.9859173613e-01
       141   -5.8048893837e+01    3.3705535542e+03   -8.4412437034e+01    2.6363543197e+01    3.9032648347e+01   -1.3278184269e+02    9.3367573043e+00    1.6246800000e+06    3.3411184347e+00    9.9860957647e-01
       142   -5.8042640496e+01    3.3698127993e+03   -8.4407531905e+01    2.6364891408e+01    3.9042348240e+01   -1.3290170201e+02    9.4518218707e+00    1.6212390000e+06    3.3706521965e+00    9.9859798347e-01
       143   -5.8051323031e+01    3.3708228591e+03   -8.4336857856e+01    2.6285534825e+01    3.9003971801e+01   -1.3273737102e+02    9.3965413621e+00    1.6474020000e+06    3.8014922775e+00    9.9858891301e-01
       144   -5.8042911889e+01    3.3699599184e+03   -8.4309963710e+01    2.6267051821e+01    3.8985071827e+01   -1.3267159999e+02    9.3765644550e+00    1.6473930000e+06    3.7048562900e+00    9.9860308997e-01
       145   -5.8048710760e+01    3.3705534332e+03   -8.4345810988e+01    2.6297100228e+01    3.9007951009e+01   -1.3269236220e+02    9.3386002020e+00    1.6279070000e+06    4.1098127207e+00    9.9860948039e-01
       146   -5.8047755700e+01    3.3703973695e+03   -8.4233422451e+01    2.6185666751e+01    3.8955062878e+01   -1.3243734100e+02    9.2488556747e+00    1.6353740000e+06    4.7123635879e+00    9.9861831369e-01
       147   -5.8056887623e+01    3.3714920431e+03   -8.4362901353e+01    2.6306013731e+01    3.8993785009e+01   -1.3270132575e+02    9.3446393874e+00    1.6279580000e+06    4.8308352660e+00    9.9862893105e-01
       148   -5.8051294744e+01    3.3708155678e+03   -8.4332687714e+01    2.6281392970e+01    3.8984603758e+01   -1.3268740496e+02    9.3701134868e+00    1.6230260000e+06    4.7831673853e+00    9.9862629010e-01
       149   -5.8047499532e+01    3.3703744894e+03   -8.4289325775e+01    2.6241826243e+01    3.8951040719e+01   -1.3258147294e+02    9.3411064447e+00    1.6334560000e+06    4.8190002525e+00    9.9861025021e-01
       150   -5.8048544954e+01    3.3705010575e+03   -8.4230948102e+01    2.6182403147e+01    3.8920215964e+01   -1.3242935042e+02    9.2781863514e+00    1.6410390000e+06    5.0511154130e+00    9.9862048078e-01
       151   -5.8048273739e+01    3.3704478009e+03   -8.4251469472e+01    2.6203195732e+01    3.8952174709e+01   -1.3260565175e+02    9.4020075740e+00    1.6553920000e+06    5.3258617758e+00    9.9861107884e-01
       152   -5.8045417296e+01    3.3701538695e+03   -8.4180737330e+01    2.6135320034e+01    3.8939516424e+01   -1.3244598885e+02    9.3257350957e+00    1.6564500000e+06    5.3424777603e+00    9.9861298585e-01
       153   -5.8042444886e+01    3.3697962210e+03   -8.4382563009e+01    2.6340118123e+01    3.9027373330e+01   -1.3275000266e+02    9.3400663177e+00    1.6359270000e+06    4.9237249698e+00    9.9860697465e-01
       154   -5.8043703447e+01    3.3699144083e+03   -8.4314981716e+01    2.6271278268e+01    3.9001648006e+01   -1.3267835485e+02    9.3617251287e+00    1.6260530000e+06    4.9428804338e+00    9.9861478558e-01
       155   -5.8048011935e+01    3.3704433477e+03   -8.4570062705e+01    2.6522050770e+01    3.9140196530e+01   -1.3307074570e+02    9.3604864694e+00    1.6280720000e+06    4.9099380767e+00    9.9858807950e-01
       156   -5.8051042002e+01    3.3708223549e+03   -8.4339216646e+01    2.6288174644e+01    3.9051527562e+01   -1.3273796652e+02    9.3472223128e+00    1.6201870000e+06    4.9328422348e+00    9.9860845152e-01
       157   -5.8055636205e+01    3.3713386989e+03   -8.4303762597e+01    2.6248126392e+01    3.8974464070e+01   -1.3257019635e+02    9.2919696789e+00    1.6388090000e+06    5.0204513047e+00    9.9859991944e-01
       158   -5.8047896540e+01    3.3704174531e+03   -8.4377006716e+01    2.6329110175e+01    3.8994700401e+01   -1.3271478901e+02    9.3430818906e+00    1.6522280000e+06    5.2204426252e+00    9.9860492316e-01
       159   -5.8049851158e+01    3.3706582964e+03   -8.4260552539e+01    2.6210701380e+01    3.8989030472e+01   -1.3259862468e+02    9.3490416714e+00    1.6480610000e+06    5.1409341427e+00    9.9861229003e-01
       160   -5.8048127242e+01    3.3704604200e+03   -8.4366262124e+01    2.6318134883e+01    3.9025179197e+01   -1.3271609805e+02    9.3246567285e+00    1.6454270000e+06    5.0274272857e+00    9.9860119122e-01
       161   -5.8046967383e+01    3.3702873111e+03   -8.4338615164e+01    2.6291647781e+01    3.8990857503e+01   -1.3265984374e+02    9.3303710720e+00    1.6256570000e+06    4.8791401973e+00    9.9863070428e-01
       162   -5.8042905585e+01    3.3698463105e+03   -8.4341938016e+01    2.6299032432e+01    3.8984314020e+01   -1.3269268009e+02    9.3664280534e+00    1.6269980000e+06    4.8278039438e+00    9.9859077337e-01
       163   -5.8043418783e+01    3.3698954583e+03   -8.4389693248e+01    2.6346274466e+01    3.8995018527e+01   -1.3271418269e+02    9.3294709110e+00    1.6322490000e+06    4.8666141001e+00    9.9859904116e-01
       164   -5.8046123367e+01    3.3702718228e+03   -8.4393182533e+01    2.6347059166e+01    3.9002888622e+01   -1.3278408051e+02    9.3880093538e+00    1.6415330000e+06    4.7139838429e+00    9.9860565055e-01
       165   -5.8043223024e+01    3.3698587395e+03   -8.4337504897e+01    2.6294281873e+01    3.8983405576e+01   -1.3263323908e+02    9.3123286079e+00    1.6446250000e+06    4.6286662142e+00    9.9861724480e-01
       166   -5.8050200998e+01    3.3707020024e+03   -8.4497477115e+01    2.6447276117e+01    3.8998679662e+01   -1.3277429058e+02    9.2781338081e+00    1.6281150000e+06    4.6491998511e+00    9.9859610785e-01
       167   -5.8045621804e+01    3.3701824357e+03   -8.4337166293e+01    2.6291544490e+01    3.8942402119e+01   -1.3270190233e+02    9.4223339227e+00    1.6390540000e+06    4.5543015853e+00    9.9859153996e-01
       168   -5.8046362375e+01    3.3702939319e+03   -8.4340326713e+01    2.6293964338e+01    3.8915627624e+01   -1.3255938495e+02    9.3034306087e+00    1.6320580000e+06    4.8141260522e+00    9.9859434637e-01
       169   -5.8042464478e+01    3.3697878003e+03   -8.4335444966e+01    2.6292980488e+01    3.8934023887e+01   -1.3248258967e+02    9.2131208192e+00    1.6255780000e+06    4.8697589629e+00    9.9862630649e-01
       170   -5.8049602103e+01    3.3706133448e+03   -8.4196950142e+01    2.6147348039e+01    3.8902786586e+01   -1.3245367035e+02    9.3539336267e+00    1.6313190000e+06    4.9243056718e+00    9.9861220182e-01
       171   -5.8039529853e+01    3.3694267150e+03   -8.4171734557e+01    2.6132204704e+01    3.8833111477e+01   -1.3236584885e+02    9.3610028204e+00    1.6319110000e+06    4.8618325256e+00    9.9861336569e-01
       172   -5.8044915664e+01    3.3700604121e+03   -8.4244992544e+01    2.6200076880e+01    3.8839898500e+01   -1.3240546738e+02    9.3205763388e+00    1.6308390000e+06    4.8381507811e+00    9.9861275699e-01
       173   -5.8047996198e+01    3.3704090656e+03   -8.4218952562e+01    2.6170956365e+01    3.8956595063e+01   -1.3252466967e+02    9.3491220445e+00    1.6335110000e+06    4.8857546931e+00    9.9861862356e-01
       174   -5.8043693165e+01    3.3699698479e+03   -8.4379680807e+01    2.6335987642e+01    3.9028986994e+01   -1.3277275239e+02    9.3640845849e+00    1.6265190000e+06    4.8843315984e+00    9.9859479300e-01
       175   -5.8044215118e+01    3.3700066540e+03   -8.4355156527e+01    2.6310941410e+01    3.9014026092e+01   -1.3279241109e+02    9.4232284671e+00    1.6256920000e+06    4.9638159119e+00    9.9860235191e-01
       176   -5.8048450495e+01    3.3705068932e+03   -8.4313520654e+01    2.6265070159e+01    3.9031313855e+01   -1.3271452814e+02    9.3696936290e+00    1.6217050000e+06    4.9007960882e+00    9.9860271448e-01
       177   -5.8044416454e+01    3.3700245075e+03   -8.4383778367e+01    2.6339361914e+01    3.9041851612e+01   -1.3277874271e+02    9.3531127311e+00    1.6311070000e+06    4.9322519109e+00    9.9858547540e-01
       178   -5.8047661955e+01    3.3703833172e+03   -8.4229065398e+01    2.6181403442e+01    3.8902161549e+01   -1.3244077272e+02    9.3095457684e+00    1.6295090000e+06    4.9584408680e+00    9.9861258854e-01
       179   -5.8046891936e+01    3.3703080648e+03   -8.4158539881e+01    2.6111647945e+01    3.8871301779e+01   -1.3234480916e+02    9.3149675025e+00    1.6225630000e+06    4.9135149848e+00    9.9861455723e-01
       180   -5.8042793874e+01    3.3698177593e+03   -8.4312636994e+01    2.6269843120e+01    3.8964274124e+01   -1.3265375080e+02    9.3768396784e+00    1.6282880000e+06    4.6310730383e+00    9.9861192326e-01
       181   -5.8051676417e+01    3.3708572153e+03   -8.4308213309e+01    2.6256536892e+01    3.8942781658e+01   -1.3253864538e+02    9.2876504134e+00    1.6352530000e+06    4.7999233140e+00    9.9859836333e-01
       182   -5.8047655569e+01    3.3704456165e+03   -8.4384277862e+01    2.6336622292e+01    3.9038371364e+01   -1.3275758476e+02    9.3349355340e+00    1.6376660000e+06    4.9049891920e+00    9.9859738045e-01
       183   -5.8051618368e+01    3.3708544828e+03   -8.4305781695e+01    2.6254163327e+01    3.9011313368e+01   -1.3263937523e+02    9.3222801677e+00    1.6351940000e+06    4.8653864104e+00    9.9858634897e-01
       184   -5.8043227118e+01    3.3698929586e+03   -8.4317506470e+01    2.6274279352e+01    3.9007844580e+01   -1.3264578359e+02    9.3204325435e+00    1.6354240000e+06    4.8549593540e+00    9.9859152492e-01
       185   -5.8055629574e+01    3.3713690971e+03   -8.4340283646e+01    2.6284654072e+01    3.8973908051e+01   -1.3269286258e+02    9.3786708836e+00    1.6339100000e+06    4.8713910964e+00    9.9861741189e-01
       186   -5.8050387348e+01    3.3706942463e+03   -8.4291568672e+01    2.6241181324e+01    3.8970516825e+01   -1.3266333162e+02    9.4012461254e+00    1.6531330000e+06    4.8643830635e+00    9.9860652038e-01
       187   -5.8047636462e+01    3.3704111570e+03   -8.4245612385e+01    2.6197975923e+01    3.8934062829e+01   -1.3248877184e+02    9.3090966229e+00    1.6595210000e+06    4.8358562903e+00    9.9859849174e-01
       188   -5.8050710460e+01    3.3707319316e+03   -8.4237590492e+01    2.6186880032e+01    3.8911476781e+01   -1.3248477409e+02    9.3357068135e+00    1.6382030000e+06    4.8978283836e+00    9.9862454017e-01
       189   -5.8047453792e+01    3.3703660834e+03   -8.4267555854e+01    2.6220102063e+01    3.8947615834e+01   -1.3253992628e+02    9.3247545897e+00    1.6235540000e+06    4.9076343479e+00    9.9861461172e-01
       190   -5.8044728547e+01    3.3700514727e+03   -8.4313016367e+01    2.6268287819e+01    3.8979691145e+01   -1.3266459747e+02    9.3718899596e+00    1.6235720000e+06    4.8612954840e+00    9.9862163421e-01
       191   -5.8050008428e+01    3.3706786614e+03   -8.4202920976e+01    2.6152912548e+01    3.8947895868e+01   -1.3236035151e+02    9.2095346647e+00    1.6183440000e+06    4.8647898494e+00    9.9861417078e-01
       192   -5.8049664594e+01    3.3706449408e+03   -8.4288350369e+01    2.6238685775e+01    3.8977623447e+01   -1.3256192720e+02    9.2959533797e+00    1.6287110000e+06    4.8152125883e+00    9.9862253699e-01
       193   -5.8046124045e+01    3.3702208694e+03   -8.4246379049e+01    2.6200255004e+01    3.8930725147e+01   -1.3252534468e+02    9.3482404869e+00    1.6506560000e+06    4.7640045045e+00    9.9860597068e-01
       194   -5.8052334762e+01    3.3709339059e+03   -8.4230290184e+01    2.6177955423e+01    3.8926274496e+01   -1.3247090732e+02    9.3143426376e+00    1.6355540000e+06    4.7557717771e+00    9.9862392957e-01
       195   -5.8047677956e+01    3.3703864317e+03   -8.4332828068e+01    2.6285150112e+01    3.8986104130e+01   -1.3264407012e+02    9.3251379210e+00    1.6279730000e+06    4.2618792087e+00    9.9859784032e-01
       196   -5.8049199456e+01    3.3705836507e+03   -8.4234935440e+01    2.6185735983e+01    3.8948708692e+01   -1.3247460585e+02    9.2909617222e+00    1.6154820000e+06    3.8962629654e+00    9.9863205128e-01
       197   -5.8052855248e+01    3.3711309101e+03   -8.4401300765e+01    2.6348445517e+01    3.9002976102e+01   -1.3279494081e+02    9.3906639408e+00    1.6332040000e+06    4.3670096896e+00    9.9860750200e-01
       198   -5.8047484211e+01    3.3703909903e+03   -8.4541638483e+01    2.6494154272e+01    3.9125331466e+01   -1.3295714500e+02    9.2901750503e+00    1.6429710000e+06    4.4040839893e+00    9.9859763464e-01
       199   -5.8046242184e+01    3.3702663569e+03   -8.4382817361e+01    2.6336575177e+01    3.9057774210e+01   -1.3282978410e+02    9.3891925334e+00    1.6240940000e+06    4.5843641176e+00    9.9862558384e-01
       200   -5.8042473900e+01    3.3697971490e+03   -8.4299872845e+01    2.6257398945e+01    3.9058538965e+01   -1.3266497944e+02    9.3065676325e+00    1.6197690000e+06    4.7488455591e+00    9.9862116964e-01
       201   -5.8048222122e+01    3.3704694351e+03   -8.4336296992e+01    2.6288074870e+01    3.9051591059e+01   -1.3269085038e+02    9.3029623269e+00    1.6413470000e+06    4.7085423828e+00    9.9859738869e-01
       202   -5.8042386927e+01    3.3697709689e+03   -8.4390176251e+01    2.6347789324e+01    3.9052791637e+01   -1.3278352111e+02    9.3405532233e+00    1.6465400000e+06    3.9407608199e+00    9.9860903890e-01
       203   -5.8046588622e+01    3.3702435836e+03   -8.4255121715e+01    2.6208533094e+01    3.8926347486e+01   -1.3243789387e+02    9.2564246646e+00    1.6302280000e+06    3.4137488822e+00    9.9860973747e-01
       204   -5.8048802403e+01    3.3705487319e+03   -8.4259223429e+01    2.6210421026e+01    3.8956708000e+01   -1.3262193725e+02    9.4060058225e+00    1.6168260000e+06    3.5326251213e+00    9.9862327513e-01
       205   -5.8052047582e+01    3.3708730817e+03   -8.4275162343e+01    2.6223114761e+01    3.8981848209e+01   -1.3254204586e+02    9.2850353059e+00    1.6285190000e+06    4.4160846833e+00    9.9860816813e-01
       206   -5.8048112147e+01    3.3704452695e+03   -8.4298919315e+01    2.6250807168e+01    3.8957070140e+01   -1.3256498990e+02    9.3090004461e+00    1.6208880000e+06    4.5349269004e+00    9.9860178865e-01
       207   -5.8048001291e+01    3.3704629942e+03   -8.4421268886e+01    2.6373267595e+01    3.8999533429e+01   -1.3283570042e+02    9.4148981039e+00    1.6206340000e+06    4.6059328755e+00    9.9859972988e-01
       208   -5.8053720950e+01    3.3711054091e+03   -8.4240275825e+01    2.6186554874e+01    3.8874492382e+01   -1.3239685649e+02    9.2820882867e+00    1.6409550000e+06    4.5156510593e+00    9.9862403312e-01
       209   -5.8042482447e+01    3.3697816590e+03   -8.4075472041e+01    2.6032989595e+01    3.8829622672e+01   -1.3213248220e+02    9.2273874901e+00    1.6248760000e+06    4.5008285569e+00    9.9862736834e-01
       210   -5.8050264793e+01    3.3707394445e+03   -8.4141926488e+01    2.6091661695e+01    3.8858069611e+01   -1.3225482239e+02    9.2548262910e+00    1.6358730000e+06    4.4909226759e+00    9.9861876322e-01
       211   -5.8047438066e+01    3.3703628971e+03   -8.4248813215e+01    2.6201375149e+01    3.8888536628e+01   -1.3243808167e+02    9.3007318229e+00    1.6246060000e+06    4.5260437387e+00    9.9860360832e-01
       212   -5.8044854373e+01    3.3700747907e+03   -8.4327165231e+01    2.6282310859e+01    3.8950680489e+01   -1.3254102848e+02    9.2631827605e+00    1.6212760000e+06    4.5406172241e+00    9.9861152319e-01
       213   -5.8049248332e+01    3.3705658572e+03   -8.4271023092e+01    2.6221774760e+01    3.8894802307e+01   -1.3248418806e+02    9.3183626636e+00    1.6453170000e+06    4.5492054194e+00    9.9862179388e-01
       214   -5.8052680136e+01    3.3709762733e+03   -8.4306870482e+01    2.6254190346e+01    3.8980458045e+01   -1.3258959829e+02    9.3022697640e+00    1.6426980000e+06    4.5988488824e+00    9.9861796497e-01
       215   -5.8046403959e+01    3.3702360726e+03   -8.4286379176e+01    2.6239975217e+01    3.8971377375e+01   -1.3262520308e+02    9.3674465281e+00    1.6301200000e+06    4.5839968601e+00    9.9860308831e-01
       216   -5.8047195707e+01    3.3703338662e+03   -8.4232665163e+01    2.6185469456e+01    3.8947244377e+01   -1.3256327174e+02    9.3833621967e+00    1.6337010000e+06    4.5637717317e+00    9.9859925754e-01
       217   -5.8045441595e+01    3.3701007320e+03   -8.4154753949e+01    2.6109312354e+01    3.8919826364e+01   -1.3241303068e+02    9.3384503681e+00    1.6366360000e+06    4.5340810164e+00    9.9860770197e-01
       218   -5.8042285835e+01    3.3697494218e+03   -8.4283575410e+01    2.6241289575e+01    3.8943306776e+01   -1.3255680289e+02    9.3299206994e+00    1.6359320000e+06    4.5717998417e+00    9.9861079997e-01
       219   -5.8046549395e+01    3.3704173756e+03   -8.4426504847e+01    2.6379955452e+01    3.9026876290e+01   -1.3284618519e+02    9.3928040566e+00    1.6271910000e+06    4.3743151494e+00    9.9858886807e-01
       220   -5.8043458650e+01    3.3699021200e+03   -8.4284611814e+01    2.6241153164e+01    3.8950768461e+01   -1.3249463415e+02    9.2592538786e+00    1.6282840000e+06    4.4051931852e+00    9.9861663134e-01
       221   -5.8046117834e+01    3.3702065161e+03   -8.4250161158e+01    2.6204043324e+01    3.8967841951e+01   -1.3249614225e+02    9.2781391441e+00    1.6272690000e+06    4.3692682951e+00    9.9862236792e-01
       222   -5.8043356855e+01    3.3699201540e+03   -8.4229872770e+01    2.6186515915e+01    3.8964709860e+01   -1.3249099512e+02    9.2964124936e+00    1.6231620000e+06    4.3616646312e+00    9.9860369343e-01
       223   -5.8044594682e+01    3.3700278902e+03   -8.4287965477e+01    2.6243370795e+01    3.8966881297e+01   -1.3257172262e+02    9.3168758446e+00    1.6166200000e+06    4.1883769503e+00    9.9862072238e-01
       224   -5.8044017575e+01    3.3699693638e+03   -8.4328655058e+01    2.6284637483e+01    3.9010842257e+01   -1.3260628582e+02    9.2667885033e+00    1.6230870000e+06    4.3584983179e+00    9.9863769943e-01
       225   -5.8047224741e+01    3.3703466042e+03   -8.4363410260e+01    2.6316185519e+01    3.8971633551e+01   -1.3266319774e+02    9.3281539267e+00    1.6205870000e+06    4.3753172643e+00    9.9860394286e-01
       226   -5.8044674950e+01    3.3700986092e+03   -8.4337503642e+01    2.6292828692e+01    3.9009433830e+01   -1.3274204795e+02    9.3951104774e+00    1.6268050000e+06    4.3949280998e+00    9.9860602241e-01
       227   -5.8049229969e+01    3.3705930485e+03   -8.4409356229e+01    2.6360126261e+01    3.9039177419e+01   -1.3285879051e+02    9.4102568652e+00    1.6369760000e+06    4.5574518899e+00    9.9861055314e-01
       228   -5.8050207901e+01    3.3708052734e+03   -8.4367609806e+01    2.6317401905e+01    3.9051009677e+01   -1.3272835655e+02    9.3097370669e+00    1.6401690000e+06    4.4137733555e+00    9.9859997128e-01
       229   -5.8043358316e+01    3.3698832274e+03   -8.4387314242e+01    2.6343955926e+01    3.8993125381e+01   -1.3267929034e+02    9.2988507149e+00    1.6382010000e+06    4.4834470942e+00    9.9861671165e-01
       230   -5.8047746629e+01    3.3704054209e+03   -8.4496965703e+01    2.6449219074e+01    3.9076716044e+01   -1.3298976797e+02    9.4160862189e+00    1.6391820000e+06    4.5474379288e+00    9.9860676056e-01
       231   -5.8047478605e+01    3.3703679218e+03   -8.4391172680e+01    2.6343694074e+01    3.9014226689e+01   -1.3279171630e+02    9.3863169356e+00    1.6324250000e+06    4.5945060579e+00    9.9861296294e-01
       232   -5.8043255977e+01    3.3698635179e+03   -8.4277340732e+01    2.6234084754e+01    3.8968230640e+01   -1.3251657623e+02    9.2710048589e+00    1.6386920000e+06    4.5520988237e+00    9.9861746151e-01
       233   -5.8044287416e+01    3.3699714135e+03   -8.4200210796e+01    2.6155923381e+01    3.8963422301e+01   -1.3237772377e+02    9.2140906738e+00    1.6404610000e+06    4.5571996723e+00    9.9860945373e-01
       234   -5.8045641774e+01    3.3701900313e+03   -8.4256016567e+01    2.6210374793e+01    3.8960305386e+01   -1.3246927249e+02    9.2529505344e+00    1.6378660000e+06    4.4269300518e+00    9.9861954271e-01
       235   -5.8047958184e+01    3.3704577638e+03   -8.4443420386e+01    2.6395462202e+01    3.9122482570e+01   -1.3302256114e+02    9.4566581835e+00    1.6373020000e+06    4.4480484133e+00    9.9860883361e-01
       236   -5.8046812889e+01    3.3703081157e+03   -8.4542984889e+01    2.6496172000e+01    3.9115463859e+01   -1.3302325751e+02    9.3648087587e+00    1.6587340000e+06    4.5052340783e+00    9.9858455841e-01
       237   -5.8037523599e+01    3.3692227643e+03   -8.4454343594e+01    2.6416819996e+01    3.9015298627e+01   -1.3290240476e+02    9.4327625422e+00    1.6295460000e+06    4.4418444524e+00    9.9861299202e-01
       238   -5.8041336540e+01    3.3696675528e+03   -8.4313911972e+01    2.6272575433e+01    3.8983194454e+01   -1.3259791720e+02    9.3008107782e+00    1.6188110000e+06    4.4866040195e+00    9.9860148354e-01
       239   -5.8052693573e+01    3.3709618094e+03   -8.4306623092e+01    2.6253929519e+01    3.8980087779e+01   -1.3261740164e+02    9.3306907715e+00    1.6125280000e+06    4.4893030836e+00    9.9859481341e-01
       240   -5.8046379495e+01    3.3702628466e+03   -8.4301083526e+01    2.6254704032e+01    3.8984320234e+01   -1.3264129239e+02    9.3558886281e+00    1.6264750000e+06    4.3893523254e+00    9.9859738267e-01
       241   -5.8042587472e+01    3.3697860683e+03   -8.4075409495e+01    2.6032822023e+01    3.8856496265e+01   -1.3219146895e+02    9.2595631894e+00    1.6373930000e+06    4.2847464264e+00    9.9862681799e-01
       242   -5.8049415362e+01    3.3706534322e+03   -8.4215632604e+01    2.6166217242e+01    3.8955676942e+01   -1.3250299619e+02    9.3316866486e+00    1.6252100000e+06    3.4231265557e+00    9.9860268672e-01
       243   -5.8044350292e+01    3.3700077101e+03   -8.4266939967e+01    2.6222589675e+01    3.8962347167e+01   -1.3257368080e+02    9.3443936676e+00    1.6191670000e+06    3.3212643701e+00    9.9860874502e-01
       244   -5.8043797271e+01    3.3699719453e+03   -8.4363390079e+01    2.6319592808e+01    3.9019302466e+01   -1.3280620665e+02    9.4235141042e+00    1.6049580000e+06    3.3295742248e+00    9.9860442992e-01
       245   -5.8042420248e+01    3.3698475084e+03   -8.4122637805e+01    2.6080217557e+01    3.8908219254e+01   -1.3233018027e+02    9.2993232100e+00    1.6212920000e+06    3.3236269578e+00    9.9861395287e-01
       246   -5.8044109352e+01    3.3699904802e+03   -8.4249699993e+01    2.6205590641e+01    3.8958363945e+01   -1.3258443056e+02    9.3763666233e+00    1.6221010000e+06    3.3151396101e+00    9.9860425983e-01
       247   -5.8048571175e+01    3.3705099075e+03   -8.4270843534e+01    2.6222272359e+01    3.8939422572e+01   -1.3254686114e+02    9.3365950316e+00    1.6284560000e+06    3.3381510759e+00    9.9860990769e-01
       248   -5.8048213217e+01    3.3704662099e+03   -8.4321735820e+01    2.6273522603e+01    3.9017909552e+01   -1.3262616474e+02    9.2865193651e+00    1.6356510000e+06    3.4122935939e+00    9.9863399945e-01
       249   -5.8053355039e+01    3.3710798338e+03   -8.4270074969e+01    2.6216719930e+01    3.8980761545e+01   -1.3261273794e+02    9.3619014293e+00    1.6365470000e+06    3.5815254834e+00    9.9862026866e-01
       250   -5.8047187545e+01    3.3703605259e+03   -8.4376537365e+01    2.6329349820e+01    3.9061328019e+01   -1.3279156136e+02    9.3536959755e+00    1.6336730000e+06    3.3982461090e+00    9.9858662375e-01
       251   -5.8039291512e+01    3.3694332634e+03   -8.4263660597e+01    2.6224369085e+01    3.8936949696e+01   -1.3253043012e+02    9.3298198312e+00    1.6278510000e+06    3.3211216375e+00    9.9860213955e-01
       252   -5.8052293552e+01    3.3709434213e+03   -8.4307070480e+01    2.6254776928e+01    3.8924988528e+01   -1.3258563101e+02    9.3535720007e+00    1.6288000000e+06    3.3617959556e+00    9.9860776272e-01
       253   -5.8045471991e+01    3.3701590151e+03   -8.4455270958e+01    2.6409798967e+01    3.9030800310e+01   -1.3281848825e+02    9.3324169864e+00    1.6238830000e+06    3.3467107471e+00    9.9860710886e-01
       254   -5.8046811575e+01    3.3702845583e+03   -8.4378151048e+01    2.6331339474e+01    3.9044234274e+01   -1.3272059936e+02    9.2982140334e+00    1.6363980000e+06    3.4970140832e+00    9.9858687398e-01
       255   -5.8043224639e+01    3.3699115151e+03   -8.4364941331e+01    2.6321716693e+01    3.9071146797e+01   -1.3285876939e+02    9.4226812579e+00    1.6322710000e+06    3.5124875645e+00    9.9858906402e-01
       256   -5.8040019971e+01    3.3694911812e+03   -8.4255350062e+01    2.6215330091e+01    3.8982002851e+01   -1.3251413746e+02    9.2767845456e+00    1.6202700000e+06    3.4330693723e+00    9.9861670811e-01
       257   -5.8046449079e+01    3.3702641681e+03   -8.4157216994e+01    2.6110767916e+01    3.8938285264e+01   -1.3237800836e+02    9.2825060996e+00    1.6204910000e+06    3.3315213176e+00    9.9861850696e-01
       258   -5.8051217754e+01    3.3707852114e+03   -8.4182617501e+01    2.6131399747e+01    3.8939952215e+01   -1.3242410354e+02    9.3015338212e+00    1.6242050000e+06    3.3337983771e+00    9.9862482973e-01
       259   -5.8046491220e+01    3.3702683160e+03   -8.4290848859e+01    2.6244357639e+01    3.8954976133e+01   -1.3260135411e+02    9.3555291164e+00    1.6376950000e+06    3.5821344089e+00    9.9861061554e-01
       260   -5.8050773545e+01    3.3707882069e+03   -8.4278676149e+01    2.6227902604e+01    3.8940422460e+01   -1.3262410761e+02    9.4050089987e+00    1.6541440000e+06    4.0100438113e+00    9.9861306906e-01
       261   -5.8048187686e+01    3.3704557039e+03   -8.4240771274e+01    2.6192583589e+01    3.8995604361e+01   -1.3248311351e+02    9.2467378706e+00    1.6558940000e+06    3.9934318052e+00    9.9862164191e-01
       262   -5.8048853668e+01    3.3706109271e+03   -8.4194986671e+01    2.6146133003e+01    3.8900911011e+01   -1.3246874244e+02    9.3728447585e+00    1.6397170000e+06    4.0698066149e+00    9.9861230846e-01
       263   -5.8042856208e+01    3.3698315639e+03   -8.4204832023e+01    2.6161975816e+01    3.8913772746e+01   -1.3249575705e+02    9.3771522759e+00    1.6220690000e+06    3.9549255739e+00    9.9860018663e-01
       264   -5.8050830531e+01    3.3707829260e+03   -8.4340648210e+01    2.6289817679e+01    3.8974911979e+01   -1.3266245126e+02    9.3468910690e+00    1.6246090000e+06    3.8621906906e+00    9.9859422570e-01
       265   -5.8055035419e+01    3.3712811889e+03   -8.4246206222e+01    2.6191170802e+01    3.8903222288e+01   -1.3257950544e+02    9.4300769356e+00    1.6484980000e+06    4.4228296250e+00    9.9859584281e-01
       266   -5.8050580142e+01    3.3707443727e+03   -8.4276395688e+01    2.6225815547e+01    3.8956687756e+01   -1.3257679905e+02    9.3437156064e+00    1.6521010000e+06    4.5157839337e+00    9.9860116414e-01
       267   -5.8042062725e+01    3.3697683776e+03   -8.4264846865e+01    2.6222784139e+01    3.8943533900e+01   -1.3250126687e+02    9.2928861080e+00    1.6457410000e+06    4.5654050689e+00    9.9861488304e-01
       268   -5.8052733017e+01    3.3709478532e+03   -8.4317971123e+01    2.6265238106e+01    3.8975263855e+01   -1.3268260894e+02    9.3893739644e+00    1.6425510000e+06    4.4571585169e+00    9.9860197081e-01
       269   -5.8044826638e+01    3.3701048112e+03   -8.4218588869e+01    2.6173762231e+01    3.8966726231e+01   -1.3254053440e+02    9.3552193010e+00    1.6374250000e+06    4.2320705515e+00    9.9859734163e-01
       270   -5.8041509951e+01    3.3696606984e+03   -8.4322525368e+01    2.6281015417e+01    3.8999635627e+01   -1.3268478250e+02    9.3626215007e+00    1.6213770000e+06    3.8388915935e+00    9.9861702115e-01
       271   -5.8040482380e+01    3.3695502777e+03   -8.4356075341e+01    2.6315592961e+01    3.9052310033e+01   -1.3285708438e+02    9.4486990112e+00    1.6213990000e+06    3.8207588422e+00    9.9859589598e-01
       272   -5.8052430383e+01    3.3709517674e+03   -8.4295453697e+01    2.6243023314e+01    3.8983054678e+01   -1.3269562648e+02    9.4171181006e+00    1.6327920000e+06    4.2260615858e+00    9.9858867655e-01
       273   -5.8042368499e+01    3.3697620338e+03   -8.4291546093e+01    2.6249177594e+01    3.8980137918e+01   -1.3257576522e+02    9.3040812139e+00    1.6262090000e+06    4.0634018346e+00    9.9862593368e-01
       274   -5.8046381560e+01    3.3702561383e+03   -8.4259708769e+01    2.6213327208e+01    3.8965279715e+01   -1.3257868687e+02    9.3536983842e+00    1.6294990000e+06    4.8563344220e+00    9.9861537567e-01
       275   -5.8046946280e+01    3.3703431414e+03   -8.4346728402e+01    2.6299782122e+01    3.8963968478e+01   -1.3271043834e+02    9.3997414555e+00    1.6282520000e+06    4.2438848147e+00    9.9857964010e-01
       276   -5.8047321717e+01    3.3703398496e+03   -8.4303059471e+01    2.6255737754e+01    3.8947178064e+01   -1.3255297571e+02    9.3027381729e+00    1.6218380000e+06    3.8698977691e+00    9.9861428083e-01
       277   -5.8046387931e+01    3.3702399326e+03   -8.4303591722e+01    2.6257203791e+01    3.8956276944e+01   -1.3258699693e+02    9.3271282618e+00    1.6396460000e+06    4.3530450568e+00    9.9859536750e-01
       278   -5.8049292137e+01    3.3705817882e+03   -8.4327977460e+01    2.6278685323e+01    3.9015732421e+01   -1.3268042125e+02    9.3367113676e+00    1.6461530000e+06    4.5916981057e+00    9.9860494020e-01
       279   -5.8045418054e+01    3.3701054447e+03   -8.4307001056e+01    2.6261583002e+01    3.9017497156e+01   -1.3265700812e+02    9.3325099057e+00    1.6202180000e+06    3.8563347450e+00    9.9861609171e-01
       280   -5.8048154500e+01    3.3704308316e+03   -8.4365700623e+01    2.6317546123e+01    3.9018882751e+01   -1.3272737975e+02    9.3427963710e+00    1.6345230000e+06    4.3415258352e+00    9.9861340233e-01
       281   -5.8047865631e+01    3.3703957280e+03   -8.4228782692e+01    2.6180917061e+01    3.8982297394e+01   -1.3257829022e+02    9.3672101304e+00    1.6396710000e+06    4.5102364728e+00    9.9862007344e-01
       282   -5.8048191440e+01    3.3704923762e+03   -8.4294442839e+01    2.6246251398e+01    3.9011592848e+01   -1.3264889068e+02    9.3428549931e+00    1.6316370000e+06    4.2728217931e+00    9.9862468797e-01
       283   -5.8051389269e+01    3.3708249372e+03   -8.4321864967e+01    2.6270475697e+01    3.9039856965e+01   -1.3263918169e+02    9.2774597590e+00    1.6221280000e+06    3.8423097180e+00    9.9860132785e-01
       284   -5.8044788218e+01    3.3700563355e+03   -8.4385709136e+01    2.6340920918e+01    3.9063095149e+01   -1.3271468129e+02    9.2658770013e+00    1.6290400000e+06    4.1199687407e+00    9.9861304441e-01
       285   -5.8044501957e+01    3.3700489075e+03   -8.4470301352e+01    2.6425799395e+01    3.9113458298e+01   -1.3300675405e+02    9.4229944043e+00    1.6233440000e+06    3.8837084421e+00    9.9858972219e-01
       286   -5.8040872920e+01    3.3696051553e+03   -8.4290722700e+01    2.6249849779e+01    3.8991544997e+01   -1.3263200229e+02    9.3497345889e+00    1.6241580000e+06    3.9984587757e+00    9.9860108155e-01
       287   -5.8049001496e+01    3.3705517045e+03   -8.4197244311e+01    2.6148242815e+01    3.8930578846e+01   -1.3236639573e+02    9.2385725769e+00    1.6212660000e+06    3.8700945063e+00    9.9861828588e-01
       288   -5.8052412484e+01    3.3709553673e+03   -8.4157132511e+01    2.6104720027e+01    3.8929559401e+01   -1.3244931633e+02    9.3626244174e+00    1.6259050000e+06    4.0343829603e+00    9.9860803723e-01
       289   -5.8052947890e+01    3.3709912027e+03   -8.4378918648e+01    2.6325970758e+01    3.8977450948e+01   -1.3264511785e+02    9.2887482568e+00    1.6394620000e+06    4.5159125805e+00    9.9861918870e-01
       290   -5.8045880883e+01    3.3701707087e+03   -8.4309661147e+01    2.6263780264e+01    3.8923593302e+01   -1.3254851660e+02    9.3152621496e+00    1.6351420000e+06    4.2832179347e+00    9.9861106859e-01
       291   -5.8043492644e+01    3.3699244135e+03   -8.4371198453e+01    2.6327705808e+01    3.8998040724e+01   -1.3271132794e+02    9.3420887607e+00    1.6395580000e+06    4.3570588634e+00    9.9858336124e-01
       292   -5.8047341148e+01    3.3704007229e+03   -8.4293684996e+01    2.6246343848e+01    3.9015605522e+01   -1.3269043093e+02    9.3811404102e+00    1.6388140000e+06    4.3295040275e+00    9.9861176321e-01
       293   -5.8052828275e+01    3.3709996943e+03   -8.4358952468e+01    2.6306124193e+01    3.9011401380e+01   -1.3281308795e+02    9.4427341061e+00    1.6325790000e+06    4.1802024676e+00    9.9858339076e-01
       294   -5.8045346127e+01    3.3701457959e+03   -8.4300708508e+01    2.6255362380e+01    3.8966193333e+01   -1.3263931887e+02    9.3724170250e+00    1.6425600000e+06    4.4582526798e+00    9.9862026548e-01
       295   -5.8052310286e+01    3.3709074194e+03   -8.4242102087e+01    2.6189791801e+01    3.8897269566e+01   -1.3247855395e+02    9.3391823001e+00    1.6564370000e+06    4.5856631664e+00    9.9863258452e-01
       296   -5.8045304660e+01    3.3700978047e+03   -8.4368735470e+01    2.6323430810e+01    3.8972282841e+01   -1.3276566540e+02    9.4246470904e+00    1.6648480000e+06    4.5703738239e+00    9.9859295666e-01
       297   -5.8046191388e+01    3.3702264344e+03   -8.4334524527e+01    2.6288333139e+01    3.8989411117e+01   -1.3263772890e+02    9.3137932534e+00    1.6440930000e+06    4.4945217513e+00    9.9859132231e-01
       298   -5.8043855497e+01    3.3699580131e+03   -8.4365674347e+01    2.6321818851e+01    3.9013337231e+01   -1.3273186539e+02    9.3528538148e+00    1.6183030000e+06    3.6993750702e+00    9.9861907928e-01
       299   -5.8043765902e+01    3.3699230318e+03   -8.4160050681e+01    2.6116284778e+01    3.8923771897e+01   -1.3240172325e+02    9.3179006706e+00    1.6362310000e+06    4.3340073326e+00    9.9861325969e-01
       300   -5.8048685493e+01    3.3705033761e+03   -8.4214171205e+01    2.6165485712e+01    3.8952230177e+01   -1.3251254722e+02    9.3461458334e+00    1.6336930000e+06    4.3134764214e+00    9.9860428008e-01
       301   -5.8050895423e+01    3.3707794933e+03   -8.4278448814e+01    2.6227553391e+01    3.8988325014e+01   -1.3266040006e+02    9.3936262319e+00    1.6198670000e+06    3.8508288809e+00    9.9859378217e-01
       302   -5.8039117737e+01    3.3693856000e+03   -8.4379127051e+01    2.6340009314e+01    3.9025181825e+01   -1.3265219143e+02    9.2478825559e+00    1.6043060000e+06    3.5846954561e+00    9.9861847357e-01
       303   -5.8039342867e+01    3.3694242133e+03   -8.4257751884e+01    2.6218409017e+01    3.8986119543e+01   -1.3255995862e+02    9.3160871877e+00    1.6086860000e+06    3.6534479435e+00    9.9861399804e-01
       304   -5.8046452825e+01    3.3702728027e+03   -8.4256013108e+01    2.6209560283e+01    3.8988612893e+01   -1.3258768283e+02    9.3430568345e+00    1.6308710000e+06    4.1868531189e+00    9.9861874614e-01
       305   -5.8043728836e+01    3.3699395061e+03   -8.4256856022e+01    2.6213127186e+01    3.9016459687e+01   -1.3260488941e+02    9.3315736992e+00    1.6371320000e+06    4.4888715483e+00    9.9862176453e-01
       306   -5.8042340924e+01    3.3697759484e+03   -8.4252118775e+01    2.6209777851e+01    3.8974598534e+01   -1.3262779540e+02    9.4010780915e+00    1.6312830000e+06    4.2086573141e+00    9.9860391396e-01
       307   -5.8047251340e+01    3.3703384121e+03   -8.4268341396e+01    2.6221090056e+01    3.8961716216e+01   -1.3259046594e+02    9.3604083303e+00    1.6233540000e+06    3.9180748397e+00    9.9860358679e-01
       308   -5.8047210850e+01    3.3703269342e+03   -8.4184281508e+01    2.6137070658e+01    3.8884900990e+01   -1.3230045067e+02    9.2312681686e+00    1.6373130000e+06    4.3468537943e+00    9.9860475044e-01
       309   -5.8045112835e+01    3.3700940428e+03   -8.4327726726e+01    2.6282613890e+01    3.8955623196e+01   -1.3272280491e+02    9.4394549895e+00    1.6384780000e+06    4.4220448942e+00    9.9860999121e-01
       310   -5.8051510588e+01    3.3708488570e+03   -8.4267400201e+01    2.6215889613e+01    3.8925425336e+01   -1.3248611204e+02    9.2932865011e+00    1.6369710000e+06    4.3787003646e+00    9.9861054681e-01
       311   -5.8047858137e+01    3.3704158637e+03   -8.4293500705e+01    2.6245642567e+01    3.8942254840e+01   -1.3257560563e+02    9.3398500838e+00    1.6368880000e+06    4.3149569475e+00    9.9861461406e-01
       312   -5.8046630630e+01    3.3702716159e+03   -8.4188234280e+01    2.6141603650e+01    3.8882848776e+01   -1.3236103081e+02    9.2899477492e+00    1.6401020000e+06    4.4001502406e+00    9.9859696845e-01
       313   -5.8044732145e+01    3.3700408881e+03   -8.4201347579e+01    2.6156615434e+01    3.8910363012e+01   -1.3244567176e+02    9.3339611727e+00    1.6460790000e+06    4.5951496938e+00    9.9862113674e-01
       314   -5.8047621926e+01    3.3704122422e+03   -8.4226781744e+01    2.6179159818e+01    3.8941249571e+01   -1.3256558275e+02    9.3975514375e+00    1.6480550000e+06    4.6135498842e+00    9.9858657361e-01
       315   -5.8047900983e+01    3.3704193413e+03   -8.4343023252e+01    2.6295122269e+01    3.9003920108e+01   -1.3267281397e+02    9.3258706122e+00    1.6326100000e+06    4.2463085172e+00    9.9860574034e-01
       316   -5.8043552606e+01    3.3699415179e+03   -8.4260983226e+01    2.6217430619e+01    3.8983933800e+01   -1.3251670230e+02    9.2717852789e+00    1.6358470000e+06    4.5405425408e+00    9.9860079129e-01
       317   -5.8050146767e+01    3.3707287227e+03   -8.4390811156e+01    2.6340664389e+01    3.9007483836e+01   -1.3278210513e+02    9.3838101358e+00    1.6532070000e+06    4.6909631302e+00    9.9861406767e-01
       318   -5.8046898470e+01    3.3702973518e+03   -8.4345631117e+01    2.6298732647e+01    3.9005203078e+01   -1.3273248464e+02    9.3816504453e+00    1.6428970000e+06    4.5633090388e+00    9.9859678327e-01
       319   -5.8051916571e+01    3.3708992888e+03   -8.4377119605e+01    2.6325203034e+01    3.9029505177e+01   -1.3286143997e+02    9.4548151924e+00    1.6605740000e+06    4.6088655093e+00    9.9861518204e-01
       320   -5.8049046511e+01    3.3705374718e+03   -8.4241934954e+01    2.6192888443e+01    3.8967823967e+01   -1.3260879365e+02    9.3990347302e+00    1.6423330000e+06    4.4454079263e+00    9.9861797950e-01
       321   -5.8050409932e+01    3.3706986738e+03   -8.4226567274e+01    2.6176157341e+01    3.8968710150e+01   -1.3244512417e+02    9.2498467436e+00    1.6455210000e+06    4.4891430673e+00    9.9863094485e-01
       322   -5.8051729284e+01    3.3708685653e+03   -8.4266228390e+01    2.6214499106e+01    3.8961471494e+01   -1.3252764110e+02    9.2999412157e+00    1.6436960000e+06    4.4555345343e+00    9.9861844927e-01
       323   -5.8041073459e+01    3.3696082549e+03   -8.4114367861e+01    2.6073294402e+01    3.8924836531e+01   -1.3228453342e+02    9.2453290302e+00    1.6224130000e+06    3.7735543554e+00    9.9862443626e-01
       324   -5.8048182805e+01    3.3704584604e+03   -8.4419265067e+01    2.6371082262e+01    3.9049405276e+01   -1.3279627384e+02    9.3276035002e+00    1.6292720000e+06    4.0629158420e+00    9.9859955342e-01
       325   -5.8050342275e+01    3.3707138422e+03   -8.4223204882e+01    2.6172862607e+01    3.8989204628e+01   -1.3252393897e+02    9.3115294646e+00    1.6395600000e+06    4.3842358051e+00    9.9863412171e-01
       326   -5.8047460687e+01    3.3703598750e+03   -8.4159589056e+01    2.6112128370e+01    3.8932084040e+01   -1.3228634284e+02    9.1946697419e+00    1.6187010000e+06    3.7186765161e+00    9.9861981493e-01
       327   -5.8040351876e+01    3.3695413430e+03   -8.4253349779e+01    2.6212997903e+01    3.8978702295e+01   -1.3257314398e+02    9.3410919039e+00    1.6076070000e+06    3.7213999906e+00    9.9862061280e-01
       328   -5.8041190140e+01    3.3696662425e+03   -8.4067884691e+01    2.6026694551e+01    3.8906284996e+01   -1.3224624829e+02    9.2720786060e+00    1.6115900000e+06    3.6250482542e+00    9.9861681040e-01
       329   -5.8044089661e+01    3.3699585648e+03   -8.4239688665e+01    2.6195599004e+01    3.8966176309e+01   -1.3249590871e+02    9.2900437338e+00    1.6279340000e+06    3.9801577185e+00    9.9863625344e-01
       330   -5.8045088082e+01    3.3700762232e+03   -8.4248632654e+01    2.6203544572e+01    3.8927284474e+01   -1.3240486906e+02    9.2289519314e+00    1.6210240000e+06    3.9609319863e+00    9.9861976829e-01
       331   -5.8043453023e+01    3.3699147418e+03   -8.4200591220e+01    2.6157138197e+01    3.8964359311e+01   -1.3255277020e+02    9.3878196739e+00    1.6282480000e+06    4.1483092695e+00    9.9860893770e-01
       332   -5.8048634000e+01    3.3704976711e+03   -8.4343823427e+01    2.6295189427e+01    3.8977949507e+01   -1.3265467152e+02    9.3328985883e+00    1.6439360000e+06    4.3166757366e+00    9.9860940929e-01
       333   -5.8045593168e+01    3.3702188931e+03   -8.4465222740e+01    2.6419629571e+01    3.9059806426e+01   -1.3298689982e+02    9.4618706504e+00    1.6410720000e+06    4.4754055880e+00    9.9858719551e-01
       334   -5.8048515267e+01    3.3704683931e+03   -8.4259553237e+01    2.6211037970e+01    3.8949375218e+01   -1.3248356015e+02    9.2746316980e+00    1.6295080000e+06    4.4011271924e+00    9.9862175457e-01
       335   -5.8047909314e+01    3.3704287953e+03   -8.4332148618e+01    2.6284239304e+01    3.8977186421e+01   -1.3261699656e+02    9.3076615215e+00    1.6431730000e+06    4.6207543937e+00    9.9861470949e-01
       336   -5.8051785926e+01    3.3708688241e+03   -8.4327491978e+01    2.6275706052e+01    3.8996094683e+01   -1.3260688262e+02    9.2832959581e+00    1.6465690000e+06    4.6458216456e+00    9.9859155125e-01
       337   -5.8047585078e+01    3.3703849126e+03   -8.4342375988e+01    2.6294790911e+01    3.9030425631e+01   -1.3278539500e+02    9.4125933767e+00    1.6495000000e+06    4.4734156653e+00    9.9859013062e-01
       338   -5.8045782679e+01    3.3701967973e+03   -8.4333051370e+01    2.6287268691e+01    3.9031072783e+01   -1.3260727444e+02    9.2431502896e+00    1.6428890000e+06    4.4895638691e+00    9.9861896758e-01
       339   -5.8045317569e+01    3.3701376777e+03   -8.4258308560e+01    2.6212990991e+01    3.8979771539e+01   -1.3250541460e+02    9.2673345026e+00    1.6317870000e+06    4.1114937803e+00    9.9861359254e-01
       340   -5.8046439677e+01    3.3702569501e+03   -8.4344342083e+01    2.6297902405e+01    3.9010743155e+01   -1.3276114762e+02    9.4060623827e+00    1.6139710000e+06    3.6247691656e+00    9.9860928804e-01
       341   -5.8049456656e+01    3.3706072911e+03   -8.4343861697e+01    2.6294405041e+01    3.9011023953e+01   -1.3275802907e+02    9.4031434230e+00    1.6246020000e+06    3.8850644589e+00    9.9861305189e-01
       342   -5.8044581375e+01    3.3700424265e+03   -8.4260512434e+01    2.6215931059e+01    3.8967288705e+01   -1.3267725884e+02    9.4494577059e+00    1.6203450000e+06    3.7396926330e+00    9.9861275814e-01
       343   -5.8044375921e+01    3.3700403907e+03   -8.4341308564e+01    2.6296932643e+01    3.8998416566e+01   -1.3266204986e+02    9.3223247298e+00    1.6341080000e+06    4.1720737608e+00    9.9858963319e-01
       344   -5.8046613537e+01    3.3702982294e+03   -8.4357999304e+01    2.6311385767e+01    3.8953967299e+01   -1.3267146563e+02    9.3594990242e+00    1.6293770000e+06    4.2129609403e+00    9.9860665209e-01
       345   -5.8040382636e+01    3.3695616736e+03   -8.4255471657e+01    2.6215089021e+01    3.8943750372e+01   -1.3255241336e+02    9.3531913269e+00    1.6260080000e+06    4.4516780248e+00    9.9862256253e-01
       346   -5.8044665294e+01    3.3700502046e+03   -8.4177360115e+01    2.6132694821e+01    3.8925254052e+01   -1.3248363476e+02    9.3810205925e+00    1.6143490000e+06    4.6597213834e+00    9.9862486567e-01
       347   -5.8050793538e+01    3.3707614528e+03   -8.4244111270e+01    2.6193317732e+01    3.8940670059e+01   -1.3256630759e+02    9.3815262575e+00    1.6275430000e+06    3.3277148234e+00    9.9860087367e-01
       348   -5.8047702346e+01    3.3703886707e+03   -8.4299997680e+01    2.6252295334e+01    3.8899765668e+01   -1.3256355239e+02    9.3637890400e+00    1.6207720000e+06    3.3730713166e+00    9.9863794707e-01
       349   -5.8050826278e+01    3.3707437117e+03   -8.4214464314e+01    2.6163638036e+01    3.8867078046e+01   -1.3248509157e+02    9.4035492100e+00    1.6196710000e+06    3.3352756239e+00    9.9859574138e-01
