#   index    LocalEnergy         LocalEnergy_sq      LocalPotential      Kinetic             ElecElec            LocalECP            NonLocalECP         BlockWeight         BlockCPU            AcceptRatio         
         0   -1.6915529181e+02    2.8616485858e+04   -2.7604219188e+02    1.0688690006e+02    1.3126538399e+02   -4.2595744850e+02    1.8649872637e+01    1.0240000000e+03    4.8392359167e-03    4.2138671875e-01
         1   -1.6916316240e+02    2.8619212320e+04   -2.7624114656e+02    1.0707798416e+02    1.3099118030e+02   -4.2658871611e+02    1.9356389248e+01    1.0240000000e+03    4.9233736936e-03    4.2224392361e-01
         2   -1.6919307605e+02    2.8629487561e+04   -2.7507156835e+02    1.0587849230e+02    1.3047179195e+02   -4.2437478895e+02    1.8831428656e+01    1.0240000000e+03    4.8724412918e-03    4.2329644097e-01
         3   -1.6918694362e+02    2.8627836767e+04   -2.7750758804e+02    1.0832064443e+02    1.3123179787e+02   -4.2708680456e+02    1.8347418648e+01    1.0240000000e+03    4.8758466728e-03    4.2291666667e-01
         4   -1.6909539243e+02    2.8596036113e+04   -2.7577162111e+02    1.0667622868e+02    1.3056095022e+02   -4.2456029258e+02    1.8227721247e+01    1.0240000000e+03    4.8720873892e-03    4.2365451389e-01
         5   -1.6923064440e+02    2.8642622169e+04   -2.7577391607e+02    1.0654327167e+02    1.3061365315e+02   -4.2437613247e+02    1.7988563248e+01    1.0240000000e+03    4.8625781201e-03    4.2214626736e-01
         6   -1.6914166905e+02    2.8611798332e+04   -2.7417634547e+02    1.0503467642e+02    1.3081805834e+02   -4.2553366712e+02    2.0539263313e+01    1.0240000000e+03    4.8680210020e-03    4.2437065972e-01
         7   -1.6911764843e+02    2.8604081947e+04   -2.7691579754e+02    1.0779814911e+02    1.3103195373e+02   -4.2806240051e+02    2.0114649249e+01    1.0240000000e+03    4.8711374402e-03    4.2483723958e-01
         8   -1.6924125730e+02    2.8645730154e+04   -2.7711752691e+02    1.0787626961e+02    1.3108172373e+02   -4.2690558993e+02    1.8706339287e+01    1.0240000000e+03    4.8477258533e-03    4.2035590278e-01
         9   -1.6913715467e+02    2.8609953133e+04   -2.7653484458e+02    1.0739768991e+02    1.3118726588e+02   -4.2679812802e+02    1.9076017557e+01    1.0240000000e+03    4.8681274056e-03    4.2514105903e-01
        10   -1.6921798337e+02    2.8637417935e+04   -2.7790632221e+02    1.0868833884e+02    1.3096310200e+02   -4.2728865296e+02    1.8419228755e+01    1.0240000000e+03    4.8468182795e-03    4.2103949653e-01
        11   -1.6928231405e+02    2.8660327066e+04   -2.7996218657e+02    1.1067987252e+02    1.3195122395e+02   -4.3120313648e+02    1.9289725961e+01    1.0240000000e+03    4.8637185246e-03    4.2340494792e-01
        12   -1.6913822631e+02    2.8611289298e+04   -2.7688109074e+02    1.0774286443e+02    1.3125217778e+02   -4.2830515408e+02    2.0171885560e+01    1.0240000000e+03    4.8547931947e-03    4.2260199653e-01
        13   -1.6915861286e+02    2.8617588517e+04   -2.7740456145e+02    1.0824594860e+02    1.3100099699e+02   -4.2782738907e+02    1.9421830634e+01    1.0240000000e+03    4.8665301874e-03    4.2527126736e-01
        14   -1.6918147473e+02    2.8625444316e+04   -2.7514867850e+02    1.0596720377e+02    1.3052391609e+02   -4.2373003013e+02    1.8057435540e+01    1.0240000000e+03    4.8345788382e-03    4.2218967014e-01
        15   -1.6918671484e+02    2.8628021109e+04   -2.7573552620e+02    1.0654881136e+02    1.3096840161e+02   -4.2624581490e+02    1.9541887087e+01    1.0240000000e+03    4.8492806964e-03    4.2288411458e-01
        16   -1.6922744320e+02    2.8641363304e+04   -2.7582299980e+02    1.0659555659e+02    1.3054009742e+02   -4.2470515672e+02    1.8342059503e+01    1.0240000000e+03    4.8502744175e-03    4.2542317708e-01
        17   -1.6919318243e+02    2.8629577605e+04   -2.7695624135e+02    1.0776305892e+02    1.3119733773e+02   -4.2777149328e+02    1.9617914202e+01    1.0240000000e+03    4.8452047631e-03    4.2255859375e-01
        18   -1.6926295222e+02    2.8653553503e+04   -2.7731905684e+02    1.0805610462e+02    1.3125746229e+02   -4.2877573527e+02    2.0199216144e+01    1.0240000000e+03    4.8392473254e-03    4.2164713542e-01
        19   -1.6920210220e+02    2.8632262345e+04   -2.7671615930e+02    1.0751405710e+02    1.3146760448e+02   -4.2718225614e+02    1.8998492358e+01    1.0240000000e+03    4.8506371677e-03    4.2224392361e-01
        20   -1.6920899466e+02    2.8636309869e+04   -2.7582452309e+02    1.0661552843e+02    1.3130153831e+02   -4.2670110143e+02    1.9575040035e+01    1.0240000000e+03    4.8488434404e-03    4.2158203125e-01
        21   -1.6918530713e+02    2.8627333613e+04   -2.7791407927e+02    1.0872877214e+02    1.3130940387e+02   -4.2882329316e+02    1.9599810024e+01    1.0240000000e+03    4.8357618507e-03    4.2106119792e-01
        22   -1.6917935881e+02    2.8624725912e+04   -2.7842753412e+02    1.0924817531e+02    1.3154645809e+02   -4.2815995495e+02    1.8185962737e+01    1.0240000000e+03    4.8532101791e-03    4.2111545139e-01
        23   -1.6908999556e+02    2.8595013202e+04   -2.7719533396e+02    1.0810533839e+02    1.3134661976e+02   -4.2861364829e+02    2.0071694570e+01    1.0240000000e+03    4.8638668377e-03    4.2405598958e-01
        24   -1.6923601771e+02    2.8644624628e+04   -2.7571421837e+02    1.0647820065e+02    1.3086460914e+02   -4.2596724672e+02    1.9388419216e+01    1.0240000000e+03    4.8474317882e-03    4.2247178819e-01
        25   -1.6923574669e+02    2.8644300639e+04   -2.7451734873e+02    1.0528160204e+02    1.3069249042e+02   -4.2470539937e+02    1.9495560220e+01    1.0240000000e+03    4.8673453275e-03    4.2656250000e-01
        26   -1.6924890158e+02    2.8648716228e+04   -2.7522672646e+02    1.0597782488e+02    1.3031085266e+02   -4.2536172586e+02    1.9824146738e+01    1.0240000000e+03    4.8593732063e-03    4.2371961806e-01
        27   -1.6923960964e+02    2.8645658426e+04   -2.7642150612e+02    1.0718189647e+02    1.3071516316e+02   -4.2604472938e+02    1.8908060103e+01    1.0240000000e+03    4.8587694764e-03    4.2341579861e-01
        28   -1.6920215163e+02    2.8632542003e+04   -2.7650208278e+02    1.0729993115e+02    1.3084862621e+02   -4.2685193770e+02    1.9501228697e+01    1.0240000000e+03    4.8631818499e-03    4.2435980903e-01
        29   -1.6918878327e+02    2.8628183242e+04   -2.7816961656e+02    1.0898083330e+02    1.3130476968e+02   -4.2883386320e+02    1.9359476967e+01    1.0240000000e+03    4.8475945368e-03    4.2241753472e-01
        30   -1.6919875874e+02    2.8631213150e+04   -2.7712972936e+02    1.0793097062e+02    1.3034866719e+02   -4.2622395784e+02    1.8745561289e+01    1.0240000000e+03    4.8399411608e-03    4.2442491319e-01
        31   -1.6912351363e+02    2.8605961919e+04   -2.7583941274e+02    1.0671589912e+02    1.3049627485e+02   -4.2723275730e+02    2.0897069711e+01    1.0240000000e+03    4.8582355957e-03    4.2660590278e-01
        32   -1.6917162375e+02    2.8622101897e+04   -2.7577472752e+02    1.0660310378e+02    1.3057591814e+02   -4.2640889222e+02    2.0058246562e+01    1.0240000000e+03    4.8340072390e-03    4.2089843750e-01
        33   -1.6918047722e+02    2.8624742863e+04   -2.7409315115e+02    1.0491267393e+02    1.3063179949e+02   -4.2515050894e+02    2.0425558308e+01    1.0240000000e+03    4.8482881393e-03    4.2259114583e-01
        34   -1.6918404003e+02    2.8626937750e+04   -2.7714144534e+02    1.0795740531e+02    1.3114380031e+02   -4.2781031762e+02    1.9525071970e+01    1.0240000000e+03    4.8563054297e-03    4.2370876736e-01
        35   -1.6922425719e+02    2.8639552269e+04   -2.7576806506e+02    1.0654380787e+02    1.3075332203e+02   -4.2492587586e+02    1.8404488775e+01    1.0240000000e+03    4.8437835649e-03    4.2405598958e-01
        36   -1.6920808102e+02    2.8634556534e+04   -2.7576494537e+02    1.0655686435e+02    1.3120967938e+02   -4.2660214048e+02    1.9627515730e+01    1.0240000000e+03    4.8636696301e-03    4.2553168403e-01
        37   -1.6922125242e+02    2.8639711859e+04   -2.7880971760e+02    1.0958846518e+02    1.3140646199e+02   -4.2849405254e+02    1.8277872959e+01    1.0240000000e+03    4.8453640193e-03    4.2376302083e-01
        38   -1.6906476070e+02    2.8586161024e+04   -2.7532990404e+02    1.0626514334e+02    1.3117712716e+02   -4.2688825064e+02    2.0381219436e+01    1.0240000000e+03    4.8368852586e-03    4.2147352431e-01
        39   -1.6912994939e+02    2.8608500930e+04   -2.7448276786e+02    1.0535281847e+02    1.3094095045e+02   -4.2523103247e+02    1.9807314163e+01    1.0240000000e+03    4.8673297279e-03    4.2686631944e-01
        40   -1.6910236566e+02    2.8599233118e+04   -2.7530992163e+02    1.0620755597e+02    1.3104597845e+02   -4.2614802005e+02    1.9792119971e+01    1.0240000000e+03    4.8501659185e-03    4.2482638889e-01
        41   -1.6914749497e+02    2.8614298134e+04   -2.7665220366e+02    1.0750470869e+02    1.3107744892e+02   -4.2632356708e+02    1.8593914500e+01    1.0240000000e+03    4.8661625478e-03    4.2395833333e-01
        42   -1.6929733734e+02    2.8665184224e+04   -2.7840911691e+02    1.0911177957e+02    1.3146740247e+02   -4.2847794735e+02    1.8601427966e+01    1.0240000000e+03    4.8676244915e-03    4.2371961806e-01
        43   -1.6927020864e+02    2.8655545781e+04   -2.7617200230e+02    1.0690179365e+02    1.3145299447e+02   -4.2757803848e+02    1.9953041722e+01    1.0240000000e+03    4.8541494180e-03    4.2268880208e-01
        44   -1.6921905369e+02    2.8638343002e+04   -2.7607500499e+02    1.0685595130e+02    1.3105788369e+02   -4.2605403123e+02    1.8921142546e+01    1.0240000000e+03    4.8633799888e-03    4.2355685764e-01
        45   -1.6924376684e+02    2.8647121255e+04   -2.7677255593e+02    1.0752878909e+02    1.3152956173e+02   -4.2646957934e+02    1.8167461681e+01    1.0240000000e+03    4.8566691112e-03    4.2293836806e-01
        46   -1.6918548482e+02    2.8627621447e+04   -2.7791728046e+02    1.0873179563e+02    1.3168858405e+02   -4.2902187333e+02    1.9416008820e+01    1.0240000000e+03    4.8569778446e-03    4.2330729167e-01
        47   -1.6917801317e+02    2.8624377280e+04   -2.7715846053e+02    1.0798044736e+02    1.3149584148e+02   -4.2775097619e+02    1.9096674182e+01    1.0240000000e+03    4.8439137172e-03    4.2128906250e-01
        48   -1.6913183740e+02    2.8609297376e+04   -2.7785824318e+02    1.0872640578e+02    1.3145373863e+02   -4.2835741293e+02    1.9045431126e+01    1.0240000000e+03    4.8469346948e-03    4.2167968750e-01
        49   -1.6926704090e+02    2.8654385714e+04   -2.7774233024e+02    1.0847528934e+02    1.3140107885e+02   -4.2890696459e+02    1.9763555503e+01    1.0240000000e+03    4.8568984494e-03    4.2367621528e-01
        50   -1.6920603015e+02    2.8633884019e+04   -2.7797203787e+02    1.0876600772e+02    1.3117151471e+02   -4.2803058249e+02    1.8887029909e+01    1.0240000000e+03    4.8557890113e-03    4.2263454861e-01
        51   -1.6917611823e+02    2.8625195816e+04   -2.7590695506e+02    1.0673083683e+02    1.3075866086e+02   -4.2638751663e+02    1.9721900707e+01    1.0240000000e+03    4.8451272305e-03    4.2170138889e-01
        52   -1.6909951466e+02    2.8597680387e+04   -2.7811126367e+02    1.0901174901e+02    1.3157142956e+02   -4.2900816786e+02    1.9325474625e+01    1.0240000000e+03    4.8543962184e-03    4.2456597222e-01
        53   -1.6907852845e+02    2.8590919296e+04   -2.7764872517e+02    1.0857019672e+02    1.3123864328e+02   -4.2774232144e+02    1.8854952997e+01    1.0240000000e+03    4.8454862554e-03    4.2131076389e-01
        54   -1.6930225796e+02    2.8666711146e+04   -2.7575837378e+02    1.0645611582e+02    1.3092229297e+02   -4.2560004911e+02    1.8919382359e+01    1.0240000000e+03    4.8527438194e-03    4.2347005208e-01
        55   -1.6925249803e+02    2.8652598869e+04   -2.7637159860e+02    1.0711910058e+02    1.3149453620e+02   -4.2803345241e+02    2.0167317611e+01    1.0240000000e+03    4.8579548020e-03    4.2366536458e-01
        56   -1.6920300315e+02    2.8633435826e+04   -2.7910392506e+02    1.0990092191e+02    1.3147038344e+02   -4.3015310375e+02    1.9578795254e+01    1.0240000000e+03    4.8386633862e-03    4.2126736111e-01
        57   -1.6912262593e+02    2.8605529282e+04   -2.7856032186e+02    1.0943769593e+02    1.3114845374e+02   -4.2903606723e+02    1.9327291636e+01    1.0240000000e+03    4.8590551596e-03    4.2131076389e-01
        58   -1.6916159424e+02    2.8618770558e+04   -2.7746931544e+02    1.0830772120e+02    1.3130594891e+02   -4.2855348897e+02    1.9778224619e+01    1.0240000000e+03    4.8677991144e-03    4.2148437500e-01
        59   -1.6910901933e+02    2.8600769602e+04   -2.7781127132e+02    1.0870225199e+02    1.3099240990e+02   -4.2790319022e+02    1.9099509001e+01    1.0240000000e+03    4.8669590615e-03    4.2333984375e-01
        60   -1.6920628879e+02    2.8634627338e+04   -2.7786239001e+02    1.0865610122e+02    1.3101767658e+02   -4.2636636599e+02    1.7486299394e+01    1.0240000000e+03    4.8550772481e-03    4.2290581597e-01
        61   -1.6920485427e+02    2.8633561637e+04   -2.7768430884e+02    1.0847945457e+02    1.3112558096e+02   -4.2827548369e+02    1.9465593889e+01    1.0240000000e+03    4.8627676442e-03    4.2536892361e-01
        62   -1.6919073310e+02    2.8628917424e+04   -2.7609969936e+02    1.0690896627e+02    1.3114146485e+02   -4.2654349182e+02    1.9302327611e+01    1.0240000000e+03    4.8463533167e-03    4.2064887153e-01
        63   -1.6928168682e+02    2.8661312920e+04   -2.7718575765e+02    1.0790407083e+02    1.3113414178e+02   -4.2769385131e+02    1.9373951879e+01    1.0240000000e+03    4.8344500829e-03    4.1954210069e-01
        64   -1.6920512493e+02    2.8633778730e+04   -2.7506801859e+02    1.0586289365e+02    1.3053412381e+02   -4.2584787825e+02    2.0245735857e+01    1.0240000000e+03    4.8399246298e-03    4.2194010417e-01
        65   -1.6932198871e+02    2.8673085319e+04   -2.7580103883e+02    1.0647905011e+02    1.3097207197e+02   -4.2638208030e+02    1.9608969502e+01    1.0240000000e+03    4.8487491440e-03    4.2378472222e-01
        66   -1.6924958589e+02    2.8649749320e+04   -2.7619193226e+02    1.0694234636e+02    1.3093502545e+02   -4.2622642529e+02    1.9099467586e+01    1.0240000000e+03    4.8537834082e-03    4.2226562500e-01
        67   -1.6908592624e+02    2.8593500142e+04   -2.7811860030e+02    1.0903267407e+02    1.3090989754e+02   -4.2687741905e+02    1.7848921206e+01    1.0240000000e+03    4.8402757384e-03    4.2133246528e-01
        68   -1.6909804300e+02    2.8597704930e+04   -2.7541578848e+02    1.0631774548e+02    1.3032476940e+02   -4.2543196555e+02    1.9691407675e+01    1.0240000000e+03    4.8332521692e-03    4.2129991319e-01
        69   -1.6916486618e+02    2.8620719034e+04   -2.7413876831e+02    1.0497390213e+02    1.3031764974e+02   -4.2397116080e+02    1.9514742753e+01    1.0240000000e+03    4.8435549252e-03    4.2215711806e-01
        70   -1.6913345109e+02    2.8609276830e+04   -2.7607140574e+02    1.0693795465e+02    1.3051061396e+02   -4.2515111428e+02    1.8569094582e+01    1.0240000000e+03    4.8529142514e-03    4.2590060764e-01
        71   -1.6923730154e+02    2.8644712915e+04   -2.7633870458e+02    1.0710140304e+02    1.3091453324e+02   -4.2726076252e+02    2.0007524704e+01    1.0240000000e+03    4.8495989759e-03    4.2451171875e-01
        72   -1.6912810496e+02    2.8607825853e+04   -2.7408510010e+02    1.0495699514e+02    1.3062068837e+02   -4.2486044073e+02    2.0154652261e+01    1.0240000000e+03    4.8549938947e-03    4.2418619792e-01
        73   -1.6921509824e+02    2.8636847802e+04   -2.7677537537e+02    1.0756027712e+02    1.3098674007e+02   -4.2707583946e+02    1.9313724019e+01    1.0240000000e+03    4.8507836182e-03    4.2201605903e-01
        74   -1.6925440338e+02    2.8650207260e+04   -2.7757446793e+02    1.0832006455e+02    1.3113569113e+02   -4.2753244357e+02    1.8822284501e+01    1.0240000000e+03    4.8486287706e-03    4.2205946181e-01
        75   -1.6921860316e+02    2.8638485117e+04   -2.7627423982e+02    1.0705563665e+02    1.3102259119e+02   -4.2714854975e+02    1.9851718747e+01    1.0240000000e+03    4.8606579658e-03    4.2266710069e-01
        76   -1.6915839515e+02    2.8617694363e+04   -2.7813262563e+02    1.0897423048e+02    1.3151599829e+02   -4.2939875799e+02    1.9750134072e+01    1.0240000000e+03    4.8507712781e-03    4.2197265625e-01
        77   -1.6921527587e+02    2.8637020700e+04   -2.7625382517e+02    1.0703854930e+02    1.3080496761e+02   -4.2624399153e+02    1.9185198748e+01    1.0240000000e+03    4.8521200661e-03    4.2348090278e-01
        78   -1.6923306491e+02    2.8642786115e+04   -2.7651824782e+02    1.0728518291e+02    1.3121590557e+02   -4.2875655430e+02    2.1022400912e+01    1.0240000000e+03    4.8381166998e-03    4.1817491319e-01
        79   -1.6914037706e+02    2.8611705758e+04   -2.7732337461e+02    1.0818299755e+02    1.3166025129e+02   -4.2771183044e+02    1.8728204536e+01    1.0240000000e+03    4.8573534004e-03    4.2564019097e-01
        80   -1.6920234582e+02    2.8632600980e+04   -2.7637774693e+02    1.0717540111e+02    1.3167283755e+02   -4.2773191106e+02    1.9681326574e+01    1.0240000000e+03    4.8534350935e-03    4.2150607639e-01
        81   -1.6913664495e+02    2.8610701839e+04   -2.7661965056e+02    1.0748300560e+02    1.3130219274e+02   -4.2668970211e+02    1.8767858812e+01    1.0240000000e+03    4.8455900978e-03    4.2077907986e-01
        82   -1.6927400833e+02    2.8657254818e+04   -2.7645062623e+02    1.0717661790e+02    1.3115211502e+02   -4.2724212717e+02    1.9639385909e+01    1.0240000000e+03    4.8505335581e-03    4.2404513889e-01
        83   -1.6923982422e+02    2.8645421766e+04   -2.7554078600e+02    1.0630096178e+02    1.3123020778e+02   -4.2647037527e+02    1.9699381496e+01    1.0240000000e+03    4.8602449242e-03    4.2371961806e-01
        84   -1.6908426994e+02    2.8593011974e+04   -2.7664085245e+02    1.0755658251e+02    1.3105336132e+02   -4.2702163498e+02    1.9327421219e+01    1.0240000000e+03    4.8494993243e-03    4.2363281250e-01
        85   -1.6917904151e+02    2.8624551678e+04   -2.7823275717e+02    1.0905371566e+02    1.3101177899e+02   -4.2831147749e+02    1.9066941328e+01    1.0240000000e+03    4.8472448252e-03    4.2234157986e-01
        86   -1.6936241919e+02    2.8754657347e+04   -2.7570952561e+02    1.0634710641e+02    1.3117194849e+02   -4.2626429824e+02    1.9382824148e+01    1.0240000000e+03    4.8526914325e-03    4.2395833333e-01
        87   -1.6919705266e+02    2.8631379493e+04   -2.7649268513e+02    1.0729563247e+02    1.3147829146e+02   -4.2649056857e+02    1.8519591978e+01    1.0240000000e+03    4.8536341637e-03    4.2531467014e-01
        88   -1.6928252412e+02    2.8660004066e+04   -2.7787171646e+02    1.0858919234e+02    1.3156152781e+02   -4.2819268775e+02    1.8759443476e+01    1.0240000000e+03    4.8442301340e-03    4.2267795139e-01
        89   -1.6918577007e+02    2.8627198842e+04   -2.7589994538e+02    1.0671417531e+02    1.3116197568e+02   -4.2642153313e+02    1.9359612068e+01    1.0240000000e+03    4.8471211921e-03    4.2363281250e-01
        90   -1.6913616690e+02    2.8610178544e+04   -2.7519378580e+02    1.0605761890e+02    1.3152510909e+02   -4.2653201589e+02    1.9813120997e+01    1.0240000000e+03    4.8479908146e-03    4.2288411458e-01
        91   -1.6918164654e+02    2.8625322697e+04   -2.7405730322e+02    1.0487565668e+02    1.3079329294e+02   -4.2414534608e+02    1.9294749914e+01    1.0240000000e+03    4.8486609012e-03    4.2356770833e-01
        92   -1.6921950211e+02    2.8638691224e+04   -2.7642899768e+02    1.0720949556e+02    1.3113073154e+02   -4.2648804457e+02    1.8928315350e+01    1.0240000000e+03    4.8488820903e-03    4.2350260417e-01
        93   -1.6918519410e+02    2.8626511901e+04   -2.7651764542e+02    1.0733245132e+02    1.3075677179e+02   -4.2700906524e+02    1.9734648041e+01    1.0240000000e+03    4.8370501027e-03    4.1961805556e-01
        94   -1.6909208508e+02    2.8595931342e+04   -2.7612299684e+02    1.0703091176e+02    1.3078569362e+02   -4.2700375353e+02    2.0095063070e+01    1.0240000000e+03    4.8374326434e-03    4.2149522569e-01
        95   -1.6925349394e+02    2.8650004290e+04   -2.7576242572e+02    1.0650893178e+02    1.3033110685e+02   -4.2596985672e+02    1.9876324146e+01    1.0240000000e+03    4.8514420632e-03    4.2275390625e-01
        96   -1.6910332928e+02    2.8598990583e+04   -2.7576070063e+02    1.0665737135e+02    1.3082097165e+02   -4.2558915524e+02    1.9007482965e+01    1.0240000000e+03    4.8476178199e-03    4.2307942708e-01
        97   -1.6920904047e+02    2.8638606203e+04   -2.7513705268e+02    1.0592801222e+02    1.3043538363e+02   -4.2449194477e+02    1.8919508455e+01    1.0240000000e+03    4.8533922527e-03    4.2518446181e-01
        98   -1.6916612053e+02    2.8620204761e+04   -2.7567476209e+02    1.0650864156e+02    1.3078988800e+02   -4.2556439223e+02    1.9099742137e+01    1.0240000000e+03    4.8302332871e-03    4.2136501736e-01
        99   -1.6910008112e+02    2.8598208399e+04   -2.7639276260e+02    1.0729268148e+02    1.3100181324e+02   -4.2644472411e+02    1.9050148263e+01    1.0240000000e+03    4.8501023557e-03    4.2250434028e-01
       100   -1.6915808751e+02    2.8617854445e+04   -2.7774440668e+02    1.0858631917e+02    1.3091480603e+02   -4.2645370024e+02    1.7794487523e+01    1.0240000000e+03    4.8395760823e-03    4.2099609375e-01
       101   -1.6913095219e+02    2.8608612372e+04   -2.7748915893e+02    1.0835820674e+02    1.3108440603e+02   -4.2720749459e+02    1.8633929630e+01    1.0240000000e+03    4.8518788535e-03    4.2233072917e-01
       102   -1.6916588531e+02    2.8620641105e+04   -2.7710060267e+02    1.0793471737e+02    1.3095414685e+02   -4.2759155687e+02    1.9536807339e+01    1.0240000000e+03    4.8497165553e-03    4.2160373264e-01
       103   -1.6923970103e+02    2.8646357517e+04   -2.7884619749e+02    1.0960649646e+02    1.3158833664e+02   -4.2941859895e+02    1.8984064817e+01    1.0240000000e+03    4.8495023511e-03    4.2483723958e-01
       104   -1.6920074816e+02    2.8632512268e+04   -2.7717443033e+02    1.0797368218e+02    1.3107190783e+02   -4.2785169025e+02    1.9605352088e+01    1.0240000000e+03    4.8559224233e-03    4.2153862847e-01
       105   -1.6918003117e+02    2.8625119836e+04   -2.7642197615e+02    1.0724194498e+02    1.3062849551e+02   -4.2623044003e+02    1.9179968366e+01    1.0240000000e+03    4.8369965516e-03    4.2285156250e-01
       106   -1.6920116344e+02    2.8632142104e+04   -2.7714441838e+02    1.0794325494e+02    1.3145300168e+02   -4.2760220979e+02    1.9004789719e+01    1.0240000000e+03    4.8607636709e-03    4.2358940972e-01
       107   -1.6907716264e+02    2.8590245639e+04   -2.7742984400e+02    1.0835268137e+02    1.3207422429e+02   -4.2854863764e+02    1.9044569345e+01    1.0240000000e+03    4.8610009253e-03    4.2262369792e-01
       108   -1.6920482223e+02    2.8633742184e+04   -2.7717899658e+02    1.0797417435e+02    1.3162649362e+02   -4.2979838236e+02    2.0992892163e+01    1.0240000000e+03    4.8530993517e-03    4.2213541667e-01
       109   -1.6938236166e+02    2.8694172603e+04   -2.7549303619e+02    1.0611067452e+02    1.3136913355e+02   -4.2686273157e+02    2.0000561834e+01    1.0240000000e+03    4.8728054389e-03    4.2415364583e-01
       110   -1.6918472923e+02    2.8626550980e+04   -2.7574121545e+02    1.0655648622e+02    1.3093823083e+02   -4.2735381136e+02    2.0674365080e+01    1.0240000000e+03    4.8619380686e-03    4.2262369792e-01
       111   -1.6915737168e+02    2.8620022023e+04   -2.7650784475e+02    1.0735047307e+02    1.3122797308e+02   -4.2625499679e+02    1.8519178957e+01    1.0240000000e+03    4.8463642597e-03    4.1810980903e-01
       112   -1.6918038188e+02    2.8625156986e+04   -2.7666886048e+02    1.0748847860e+02    1.3136844418e+02   -4.2721668154e+02    1.9179376877e+01    1.0240000000e+03    4.8503144644e-03    4.2182074653e-01
       113   -1.6919129377e+02    2.8628938178e+04   -2.7610013997e+02    1.0690884620e+02    1.3105340046e+02   -4.2553157648e+02    1.8378036052e+01    1.0240000000e+03    4.8480683472e-03    4.1988932292e-01
       114   -1.6920135508e+02    2.8632651021e+04   -2.7669983983e+02    1.0749848475e+02    1.3082703564e+02   -4.2670853580e+02    1.9181660334e+01    1.0240000000e+03    4.8531715292e-03    4.2415364583e-01
       115   -1.6922358037e+02    2.8640249010e+04   -2.7622406280e+02    1.0700048244e+02    1.3103512797e+02   -4.2588558717e+02    1.8626396392e+01    1.0240000000e+03    4.8489966430e-03    4.2482638889e-01
       116   -1.6923104638e+02    2.8642244804e+04   -2.7727002534e+02    1.0803897895e+02    1.3101432244e+02   -4.2768453380e+02    1.9400186027e+01    1.0240000000e+03    4.8420962412e-03    4.2227647569e-01
       117   -1.6916620092e+02    2.8620184563e+04   -2.7572196459e+02    1.0655576367e+02    1.3098287669e+02   -4.2649558993e+02    1.9790748650e+01    1.0240000000e+03    4.8616430722e-03    4.2278645833e-01
       118   -1.6912271563e+02    2.8605452095e+04   -2.7750949411e+02    1.0838677848e+02    1.3121535538e+02   -4.2772597794e+02    1.9001128444e+01    1.0240000000e+03    4.8547754996e-03    4.2256944444e-01
       119   -1.6923780285e+02    2.8644289108e+04   -2.7693259944e+02    1.0769479659e+02    1.3106421932e+02   -4.2560446645e+02    1.7607647699e+01    1.0240000000e+03    4.8467947636e-03    4.2016059028e-01
       120   -1.6917673437e+02    2.8623474174e+04   -2.7496880899e+02    1.0579207462e+02    1.3028373120e+02   -4.2368403313e+02    1.8431492944e+01    1.0240000000e+03    4.8537817784e-03    4.2355685764e-01
       121   -1.6907058293e+02    2.8587959667e+04   -2.7679065927e+02    1.0772007634e+02    1.3106394204e+02   -4.2779848441e+02    1.9943883090e+01    1.0240000000e+03    4.8617962748e-03    4.2539062500e-01
       122   -1.6924972628e+02    2.8649403088e+04   -2.7717450971e+02    1.0792478343e+02    1.3116680180e+02   -4.2648181488e+02    1.8140503375e+01    1.0240000000e+03    4.8646165524e-03    4.2533637153e-01
       123   -1.6916663230e+02    2.8620664049e+04   -2.7637966385e+02    1.0721303156e+02    1.3168872173e+02   -4.2683522333e+02    1.8766837741e+01    1.0240000000e+03    4.8515221570e-03    4.2145182292e-01
       124   -1.6922824798e+02    2.8641551432e+04   -2.7473345723e+02    1.0550520925e+02    1.3079315030e+02   -4.2486690256e+02    1.9340295030e+01    1.0240000000e+03    4.8635241110e-03    4.2524956597e-01
       125   -1.6924750554e+02    2.8648339730e+04   -2.7708869149e+02    1.0784118595e+02    1.3136423362e+02   -4.2766903881e+02    1.9216113693e+01    1.0240000000e+03    4.8626672942e-03    4.2452256944e-01
       126   -1.6919555627e+02    2.8630690900e+04   -2.7720100122e+02    1.0800544494e+02    1.3076919303e+02   -4.2695865189e+02    1.8988457638e+01    1.0240000000e+03    4.8583669122e-03    4.2476128472e-01
       127   -1.6916036562e+02    2.8620285004e+04   -2.7640258757e+02    1.0724222195e+02    1.3117187963e+02   -4.2670612332e+02    1.9131656118e+01    1.0240000000e+03    4.8428308219e-03    4.2260199653e-01
       128   -1.6913755688e+02    2.8610345855e+04   -2.7548016360e+02    1.0634260672e+02    1.3042228367e+02   -4.2465886671e+02    1.8756419441e+01    1.0240000000e+03    4.8634316772e-03    4.2290581597e-01
       129   -1.6919445321e+02    2.8629701574e+04   -2.7468141619e+02    1.0548696299e+02    1.3018477914e+02   -4.2390097018e+02    1.9034774844e+01    1.0240000000e+03    4.8527338076e-03    4.2364366319e-01
       130   -1.6927348486e+02    2.8656859405e+04   -2.7470662553e+02    1.0543314068e+02    1.3035921328e+02   -4.2420755341e+02    1.9141714596e+01    1.0240000000e+03    4.8488688190e-03    4.2322048611e-01
       131   -1.6918072506e+02    2.8626002278e+04   -2.7749001627e+02    1.0830929121e+02    1.3097455377e+02   -4.2721527676e+02    1.8750706717e+01    1.0240000000e+03    4.8597587738e-03    4.2472873264e-01
       132   -1.6916000267e+02    2.8618593390e+04   -2.7759803556e+02    1.0843803289e+02    1.3096165700e+02   -4.2701116635e+02    1.8451473790e+01    1.0240000000e+03    4.8447020818e-03    4.2426215278e-01
       133   -1.6923398085e+02    2.8644195895e+04   -2.7735333490e+02    1.0811935405e+02    1.3102710892e+02   -4.2706407949e+02    1.8683635675e+01    1.0240000000e+03    4.8621750902e-03    4.2513020833e-01
       134   -1.6923718769e+02    2.8644746536e+04   -2.7486275122e+02    1.0562556353e+02    1.3112349732e+02   -4.2495716968e+02    1.8970921133e+01    1.0240000000e+03    4.8620828893e-03    4.2309027778e-01
       135   -1.6920185602e+02    2.8632677039e+04   -2.7546571487e+02    1.0626385885e+02    1.3090136094e+02   -4.2472933225e+02    1.8362256444e+01    1.0240000000e+03    4.8407970462e-03    4.2389322917e-01
       136   -1.6924017730e+02    2.8645981175e+04   -2.7618840513e+02    1.0694822783e+02    1.3081722256e+02   -4.2500722712e+02    1.8001599432e+01    1.0240000000e+03    4.8559566494e-03    4.2353515625e-01
       137   -1.6915426399e+02    2.8616307130e+04   -2.7617720244e+02    1.0702293845e+02    1.3176541763e+02   -4.2807736646e+02    2.0134746393e+01    1.0240000000e+03    4.8571797088e-03    4.2440321181e-01
       138   -1.6928108658e+02    2.8661279532e+04   -2.7608459093e+02    1.0680350435e+02    1.3099741111e+02   -4.2586671479e+02    1.8784712752e+01    1.0240000000e+03    4.8506162129e-03    4.2641059028e-01
       139   -1.6918632592e+02    2.8627755425e+04   -2.7759078202e+02    1.0840445610e+02    1.3084736045e+02   -4.2813596332e+02    1.9697820848e+01    1.0240000000e+03    4.8407800496e-03    4.2452256944e-01
       140   -1.6921291328e+02    2.8636919185e+04   -2.7791157537e+02    1.0869866209e+02    1.3154566642e+02   -4.2774608997e+02    1.8288848175e+01    1.0240000000e+03    4.8522641882e-03    4.2476128472e-01
       141   -1.6917255472e+02    2.8623619310e+04   -2.7717484931e+02    1.0800229459e+02    1.3131582383e+02   -4.2628116982e+02    1.7790496674e+01    1.0240000000e+03    4.8447570298e-03    4.2213541667e-01
       142   -1.6922097421e+02    2.8638727401e+04   -2.7547988872e+02    1.0625891451e+02    1.3096617716e+02   -4.2632634480e+02    1.9880278914e+01    1.0240000000e+03    4.8488066532e-03    4.2298177083e-01
       143   -1.6909086170e+02    2.8594940207e+04   -2.7621246159e+02    1.0712159989e+02    1.3108681405e+02   -4.2685857044e+02    1.9559294794e+01    1.0240000000e+03    4.8387928400e-03    4.2420789931e-01
       144   -1.6922634580e+02    2.8640715754e+04   -2.7770261828e+02    1.0847627248e+02    1.3175544568e+02   -4.2908036496e+02    1.9622301000e+01    1.0240000000e+03    4.8401884269e-03    4.2123480903e-01
       145   -1.6925592182e+02    2.8651152156e+04   -2.7661629342e+02    1.0736037160e+02    1.3112885588e+02   -4.2853063966e+02    2.0785490360e+01    1.0240000000e+03    4.8473719507e-03    4.2197265625e-01
       146   -1.6920930091e+02    2.8634990303e+04   -2.7672108320e+02    1.0751178229e+02    1.3078250005e+02   -4.2652343910e+02    1.9019855847e+01    1.0240000000e+03    4.8524290323e-03    4.2559678819e-01
       147   -1.6917707095e+02    2.8623913793e+04   -2.7429882018e+02    1.0512174923e+02    1.3053932347e+02   -4.2386587281e+02    1.9027729154e+01    1.0240000000e+03    4.8482210841e-03    4.2453342014e-01
       148   -1.6914746623e+02    2.8613763856e+04   -2.7547201651e+02    1.0632455028e+02    1.3108501783e+02   -4.2587941001e+02    1.9322375670e+01    1.0240000000e+03    4.8400736414e-03    4.2191840278e-01
       149   -1.6919036797e+02    2.8628724188e+04   -2.7810931276e+02    1.0891894479e+02    1.3118763304e+02   -4.2890749554e+02    1.9610549742e+01    1.0240000000e+03    4.8523119185e-03    4.2281901042e-01
       150   -1.6911874881e+02    2.8604136413e+04   -2.7728154527e+02    1.0816279646e+02    1.3125112373e+02   -4.2645066045e+02    1.7917991447e+01    1.0240000000e+03    4.8606337514e-03    4.2457682292e-01
       151   -1.6915328117e+02    2.8615984717e+04   -2.7760539403e+02    1.0845211286e+02    1.3149787925e+02   -4.2917375018e+02    2.0070476904e+01    1.0240000000e+03    4.8561843578e-03    4.2228732639e-01
       152   -1.6912543840e+02    2.8606656011e+04   -2.7769954314e+02    1.0857410475e+02    1.3141187055e+02   -4.2704351499e+02    1.7932101296e+01    1.0240000000e+03    4.8436194193e-03    4.1936848958e-01
       153   -1.6918709370e+02    2.8628094111e+04   -2.7738954086e+02    1.0820244716e+02    1.3183608996e+02   -4.2992229268e+02    2.0696661862e+01    1.0240000000e+03    4.8614742700e-03    4.1986762153e-01
       154   -1.6909408101e+02    2.8596339100e+04   -2.7633696888e+02    1.0724288787e+02    1.3112919154e+02   -4.2628368111e+02    1.8817520689e+01    1.0240000000e+03    4.8629511148e-03    4.2391493056e-01
       155   -1.6911555344e+02    2.8603728525e+04   -2.7591598667e+02    1.0680043323e+02    1.3066777002e+02   -4.2592617367e+02    1.9342416985e+01    1.0240000000e+03    4.8519873526e-03    4.2455512153e-01
       156   -1.6910233427e+02    2.8598563276e+04   -2.7625812304e+02    1.0715578877e+02    1.3121498108e+02   -4.2592722224e+02    1.8454118122e+01    1.0240000000e+03    4.8509454355e-03    4.2247178819e-01
       157   -1.6913746040e+02    2.8610842410e+04   -2.7583639065e+02    1.0669893025e+02    1.3085170039e+02   -4.2626760107e+02    1.9579510034e+01    1.0240000000e+03    4.8458497040e-03    4.2298177083e-01
       158   -1.6909461304e+02    2.8596386316e+04   -2.7479850366e+02    1.0570389062e+02    1.3016474047e+02   -4.2339588667e+02    1.8432642540e+01    1.0240000000e+03    4.8425449058e-03    4.2233072917e-01
       159   -1.6920503620e+02    2.8633533853e+04   -2.7548909382e+02    1.0628405762e+02    1.3063946168e+02   -4.2540779461e+02    1.9279239117e+01    1.0240000000e+03    4.8369923607e-03    4.2317708333e-01
       160   -1.6922671210e+02    2.8641110730e+04   -2.7640616544e+02    1.0717945334e+02    1.3115468132e+02   -4.2867290464e+02    2.1112057882e+01    1.0240000000e+03    4.8295948654e-03    4.2037760417e-01
       161   -1.6920707460e+02    2.8634714229e+04   -2.7704453300e+02    1.0783745840e+02    1.3087902501e+02   -4.2668741727e+02    1.8763859255e+01    1.0240000000e+03    4.8669506796e-03    4.2555338542e-01
       162   -1.6905485146e+02    2.8583417988e+04   -2.7670851708e+02    1.0765366562e+02    1.3082532233e+02   -4.2706096566e+02    1.9527126242e+01    1.0240000000e+03    4.8587832134e-03    4.2435980903e-01
       163   -1.6924084493e+02    2.8645601739e+04   -2.7583833264e+02    1.0659748771e+02    1.3041313939e+02   -4.2437967964e+02    1.8128207603e+01    1.0240000000e+03    4.8522194847e-03    4.2351345486e-01
       164   -1.6926865415e+02    2.8654988023e+04   -2.7602791868e+02    1.0675926453e+02    1.3044718601e+02   -4.2535374228e+02    1.8878637599e+01    1.0240000000e+03    4.8842306715e-03    4.2261284722e-01
       165   -1.6921277417e+02    2.8635964849e+04   -2.7544623800e+02    1.0623346384e+02    1.3020202908e+02   -4.2337519921e+02    1.7726932127e+01    1.0240000000e+03    4.8871173058e-03    4.2542317708e-01
       166   -1.6913531558e+02    2.8609649599e+04   -2.7603556202e+02    1.0690024644e+02    1.3023659431e+02   -4.2503600392e+02    1.8763847591e+01    1.0240000000e+03    4.8964500893e-03    4.2630208333e-01
       167   -1.6923044068e+02    2.8642090548e+04   -2.7718407198e+02    1.0795363130e+02    1.3093039842e+02   -4.2704062554e+02    1.8926155139e+01    1.0240000000e+03    4.8561010044e-03    4.2055121528e-01
       168   -1.6917704840e+02    2.8624755575e+04   -2.7674868622e+02    1.0757163782e+02    1.3099885436e+02   -4.2637361059e+02    1.8626070015e+01    1.0240000000e+03    4.8660789616e-03    4.2467447917e-01
       169   -1.6915180408e+02    2.8615658493e+04   -2.7490635133e+02    1.0575454725e+02    1.3048217129e+02   -4.2433990773e+02    1.8951385118e+01    1.0240000000e+03    4.8610412050e-03    4.2398003472e-01
       170   -1.6923627029e+02    2.8644066903e+04   -2.7666080066e+02    1.0742453038e+02    1.3040112486e+02   -4.2692600932e+02    1.9864083791e+01    1.0240000000e+03    4.8443684354e-03    4.1976996528e-01
       171   -1.6916707844e+02    2.8621121465e+04   -2.7669296352e+02    1.0752588508e+02    1.3087635504e+02   -4.2732697923e+02    1.9757660664e+01    1.0240000000e+03    4.8560069408e-03    4.2258029514e-01
       172   -1.6911565993e+02    2.8602964260e+04   -2.7654788140e+02    1.0743222147e+02    1.3069916713e+02   -4.2683203366e+02    1.9584985121e+01    1.0240000000e+03    4.8637373839e-03    4.2490234375e-01
       173   -1.6919940604e+02    2.8631650986e+04   -2.7784317585e+02    1.0864376981e+02    1.3073484621e+02   -4.2682581754e+02    1.8247795488e+01    1.0240000000e+03    4.8315303866e-03    4.1879340278e-01
       174   -1.6921684247e+02    2.8638387127e+04   -2.7605308010e+02    1.0683623762e+02    1.3086426972e+02   -4.2597180966e+02    1.9054459845e+01    1.0240000000e+03    4.8388331197e-03    4.2324218750e-01
       175   -1.6915751938e+02    2.8617765916e+04   -2.7799315668e+02    1.0883563731e+02    1.3108537613e+02   -4.2733642186e+02    1.8257889042e+01    1.0240000000e+03    4.8631990794e-03    4.2374131944e-01
       176   -1.6913149204e+02    2.8608662208e+04   -2.7846169236e+02    1.0933020033e+02    1.3099112048e+02   -4.2851052003e+02    1.9057707183e+01    1.0240000000e+03    4.8544893507e-03    4.2420789931e-01
       177   -1.6905193928e+02    2.8581794747e+04   -2.7563140637e+02    1.0657946709e+02    1.3145390598e+02   -4.2646534917e+02    1.9380036826e+01    1.0240000000e+03    4.8607646022e-03    4.2289496528e-01
       178   -1.6920150618e+02    2.8632128285e+04   -2.7650078772e+02    1.0729928154e+02    1.3111822493e+02   -4.2679180840e+02    1.9172795750e+01    1.0240000000e+03    4.8509610351e-03    4.2088758681e-01
       179   -1.6921032049e+02    2.8635375054e+04   -2.7679275368e+02    1.0758243320e+02    1.3105740686e+02   -4.2646296196e+02    1.8612801423e+01    1.0240000000e+03    4.8609389924e-03    4.2463107639e-01
       180   -1.6916802654e+02    2.8621030208e+04   -2.7757241873e+02    1.0840439218e+02    1.3095098425e+02   -4.2755844178e+02    1.9035038805e+01    1.0240000000e+03    4.8729982227e-03    4.2449001736e-01
       181   -1.6913107444e+02    2.8608368222e+04   -2.7623801047e+02    1.0710693604e+02    1.3105390421e+02   -4.2612585442e+02    1.8833939735e+01    1.0240000000e+03    4.8673632555e-03    4.2535807292e-01
       182   -1.6920162547e+02    2.8632041418e+04   -2.7817732862e+02    1.0897570315e+02    1.3154317351e+02   -4.2805334987e+02    1.8332847733e+01    1.0240000000e+03    4.8497179523e-03    4.1991102431e-01
       183   -1.6917552350e+02    2.8624105505e+04   -2.7685115441e+02    1.0767563091e+02    1.3156551127e+02   -4.2765044177e+02    1.9233776092e+01    1.0240000000e+03    4.8493931536e-03    4.2061631944e-01
       184   -1.6928869912e+02    2.8662118466e+04   -2.7837396285e+02    1.0908526374e+02    1.3107010816e+02   -4.2924261513e+02    1.9798544125e+01    1.0240000000e+03    4.8513426445e-03    4.2271050347e-01
       185   -1.6914639551e+02    2.8613920011e+04   -2.7732111748e+02    1.0817472198e+02    1.3108716547e+02   -4.2706978879e+02    1.8661505839e+01    1.0240000000e+03    4.8588763457e-03    4.2198350694e-01
       186   -1.6921988667e+02    2.8639125508e+04   -2.7544020938e+02    1.0622032271e+02    1.3075147580e+02   -4.2580202241e+02    1.9610337220e+01    1.0240000000e+03    4.8539808486e-03    4.2446831597e-01
       187   -1.6918018288e+02    2.8625099251e+04   -2.7639173626e+02    1.0721155338e+02    1.3124971231e+02   -4.2643723600e+02    1.8795787430e+01    1.0240000000e+03    4.8484783620e-03    4.2129991319e-01
       188   -1.6916938006e+02    2.8621795697e+04   -2.7804606481e+02    1.0887668475e+02    1.3125836620e+02   -4.2882448775e+02    1.9520056751e+01    1.0240000000e+03    4.8559636343e-03    4.2383897569e-01
       189   -1.6916862114e+02    2.8621426501e+04   -2.7819352184e+02    1.0902490070e+02    1.3170201354e+02   -4.2926443403e+02    1.9368898656e+01    1.0240000000e+03    4.8603410833e-03    4.2288411458e-01
       190   -1.6920207581e+02    2.8632391515e+04   -2.7667548130e+02    1.0747340549e+02    1.3192250935e+02   -4.2875920281e+02    2.0161212166e+01    1.0240000000e+03    4.8580742441e-03    4.2198350694e-01
       191   -1.6920971580e+02    2.8635064973e+04   -2.7723883036e+02    1.0802911456e+02    1.3176401899e+02   -4.2702899802e+02    1.8026148668e+01    1.0240000000e+03    4.8474958166e-03    4.2146267361e-01
       192   -1.6909161114e+02    2.8595932783e+04   -2.7890171990e+02    1.0981010875e+02    1.3179863871e+02   -4.3009480965e+02    1.9394451037e+01    1.0240000000e+03    4.8461938277e-03    4.2175564236e-01
       193   -1.6916260598e+02    2.8619848467e+04   -2.7699896205e+02    1.0783635607e+02    1.3157310245e+02   -4.2807013651e+02    1.9498072017e+01    1.0240000000e+03    4.8648379743e-03    4.2338324653e-01
       194   -1.6915029485e+02    2.8615686045e+04   -2.7737002151e+02    1.0821972666e+02    1.3139531219e+02   -4.2793868407e+02    1.9173350377e+01    1.0240000000e+03    4.8500662670e-03    4.2216796875e-01
       195   -1.6919697509e+02    2.8631649575e+04   -2.7774175207e+02    1.0854477698e+02    1.3147547519e+02   -4.2769502383e+02    1.8477796574e+01    1.0240000000e+03    4.8447684385e-03    4.1970486111e-01
       196   -1.6924723428e+02    2.8648210799e+04   -2.7768909540e+02    1.0844186112e+02    1.3122044148e+02   -4.2807203472e+02    1.9162497832e+01    1.0240000000e+03    4.8472175840e-03    4.2347005208e-01
       197   -1.6923177284e+02    2.8642701797e+04   -2.7816184121e+02    1.0893006837e+02    1.3127747456e+02   -4.2914459853e+02    1.9705282758e+01    1.0240000000e+03    4.8532246146e-03    4.2188585069e-01
       198   -1.6920813299e+02    2.8637490948e+04   -2.7501363718e+02    1.0580550418e+02    1.3119951904e+02   -4.2752285633e+02    2.1309700119e+01    1.0240000000e+03    4.8620102461e-03    4.2353515625e-01
       199   -1.6913978146e+02    2.8611905813e+04   -2.7648705570e+02    1.0734727425e+02    1.3096894060e+02   -4.2735021458e+02    1.9894218276e+01    1.0240000000e+03    4.9223878887e-03    4.2376302083e-01
