#   index    LocalEnergy         LocalEnergy_sq      LocalPotential      Kinetic             ElecElec            LocalECP            NonLocalECP         BlockWeight         BlockCPU            AcceptRatio         
         0   -1.0375252354e+02    1.0765942225e+04   -1.6128364610e+02    5.7531122564e+01    7.6045678380e+01   -2.5256200936e+02    1.5232684876e+01    1.0240000000e+03    3.9722044021e-03    4.8815104167e-01
         1   -1.0375488864e+02    1.0766660753e+04   -1.6214834550e+02    5.8393456858e+01    7.6456346104e+01   -2.5259442316e+02    1.3989731556e+01    1.0240000000e+03    4.0423502214e-03    4.8626302083e-01
         2   -1.0371402848e+02    1.0758125037e+04   -1.6240166687e+02    5.8687638393e+01    7.6378757679e+01   -2.5289255474e+02    1.4112130194e+01    1.0240000000e+03    3.9964355528e-03    4.8454427083e-01
         3   -1.0377804209e+02    1.0771626812e+04   -1.6192917489e+02    5.8151132797e+01    7.6161878709e+01   -2.5291028789e+02    1.4819234295e+01    1.0240000000e+03    3.9940176066e-03    4.8619791667e-01
         4   -1.0379071270e+02    1.0773958988e+04   -1.6083083149e+02    5.7040118794e+01    7.6026104696e+01   -2.5205732263e+02    1.5200386445e+01    1.0240000000e+03    3.9881989360e-03    4.8438802083e-01
         5   -1.0376269298e+02    1.0768341551e+04   -1.6195139709e+02    5.8188704109e+01    7.6230107433e+01   -2.5331716696e+02    1.5135662434e+01    1.0240000000e+03    3.9875253569e-03    4.8608072917e-01
         6   -1.0376448561e+02    1.0768432990e+04   -1.6155159961e+02    5.7787114001e+01    7.6003918899e+01   -2.5128410528e+02    1.3728586769e+01    1.0240000000e+03    3.9946415927e-03    4.8989583333e-01
         7   -1.0370693731e+02    1.0756397403e+04   -1.6230427020e+02    5.8597332894e+01    7.5847606296e+01   -2.5187357580e+02    1.3721699304e+01    1.0240000000e+03    3.9702896029e-03    4.8516927083e-01
         8   -1.0370859764e+02    1.0756862297e+04   -1.6220470267e+02    5.8496105026e+01    7.6165145412e+01   -2.5289327095e+02    1.4523422874e+01    1.0240000000e+03    3.9820808452e-03    4.8648437500e-01
         9   -1.0382550726e+02    1.0781202049e+04   -1.6335108935e+02    5.9525582085e+01    7.6301876880e+01   -2.5269020849e+02    1.3037242259e+01    1.0240000000e+03    3.9949433412e-03    4.8828125000e-01
        10   -1.0371758251e+02    1.0758927289e+04   -1.6157196491e+02    5.7854382393e+01    7.5834417090e+01   -2.5120382238e+02    1.3797440381e+01    1.0240000000e+03    3.9756305050e-03    4.8595052083e-01
        11   -1.0378985709e+02    1.0773600328e+04   -1.6208904271e+02    5.8299185619e+01    7.6119179145e+01   -2.5194403970e+02    1.3735817851e+01    1.0240000000e+03    3.9752342273e-03    4.8562500000e-01
        12   -1.0375139273e+02    1.0765985944e+04   -1.6198066108e+02    5.8229268353e+01    7.6076155248e+01   -2.5138383780e+02    1.3327021471e+01    1.0240000000e+03    3.9658776950e-03    4.8694010417e-01
        13   -1.0375839290e+02    1.0767349238e+04   -1.6186478230e+02    5.8106389407e+01    7.6159605196e+01   -2.5261682841e+02    1.4592440909e+01    1.0240000000e+03    3.9864294231e-03    4.8540364583e-01
        14   -1.0369719925e+02    1.0754617067e+04   -1.6199243123e+02    5.8295231976e+01    7.5926634790e+01   -2.5229386624e+02    1.4374800223e+01    1.0240000000e+03    3.9831134491e-03    4.8648437500e-01
        15   -1.0377278065e+02    1.0770278548e+04   -1.6187964365e+02    5.8106863005e+01    7.6151326675e+01   -2.5226167368e+02    1.4230703353e+01    1.0240000000e+03    3.9773783647e-03    4.8929687500e-01
        16   -1.0374385623e+02    1.0764381119e+04   -1.6103930292e+02    5.7295446693e+01    7.5649180011e+01   -2.5071969798e+02    1.4031215049e+01    1.0240000000e+03    3.9718074258e-03    4.8747395833e-01
        17   -1.0371386601e+02    1.0757969829e+04   -1.6041851434e+02    5.6704648329e+01    7.5830253180e+01   -2.5037625844e+02    1.4127490920e+01    1.0240000000e+03    3.9735694882e-03    4.8666666667e-01
        18   -1.0379540260e+02    1.0775083593e+04   -1.6181187986e+02    5.8016477268e+01    7.6226255243e+01   -2.5196857060e+02    1.3930435498e+01    1.0240000000e+03    3.9775562473e-03    4.8779947917e-01
        19   -1.0378519479e+02    1.0773173778e+04   -1.6165300738e+02    5.7867812589e+01    7.6394289333e+01   -2.5297160668e+02    1.4924309962e+01    1.0240000000e+03    3.9757937193e-03    4.8660156250e-01
        20   -1.0375275523e+02    1.0766058432e+04   -1.6114020899e+02    5.7387453760e+01    7.5934026967e+01   -2.5071468370e+02    1.3640447743e+01    1.0240000000e+03    3.9643729106e-03    4.8696614583e-01
        21   -1.0370148398e+02    1.0755258633e+04   -1.6099258402e+02    5.7291100041e+01    7.5973294765e+01   -2.5162697919e+02    1.4661100401e+01    1.0240000000e+03    3.9673473220e-03    4.8855468750e-01
        22   -1.0368619734e+02    1.0752296933e+04   -1.6239163776e+02    5.8705440412e+01    7.5909612023e+01   -2.5275952681e+02    1.4458277025e+01    1.0240000000e+03    3.9741853252e-03    4.8924479167e-01
        23   -1.0385252933e+02    1.0786754578e+04   -1.6106345406e+02    5.7210924728e+01    7.5799562726e+01   -2.5063274362e+02    1.3769726836e+01    1.0240000000e+03    3.9675915614e-03    4.8973958333e-01
        24   -1.0378033793e+02    1.0772075489e+04   -1.6237797252e+02    5.8597634594e+01    7.5783153074e+01   -2.5180921998e+02    1.3648094384e+01    1.0240000000e+03    3.9576431736e-03    4.8473958333e-01
        25   -1.0376340486e+02    1.0768220118e+04   -1.6173052348e+02    5.7967118624e+01    7.5934134410e+01   -2.5163213269e+02    1.3967474796e+01    1.0240000000e+03    3.9603314362e-03    4.8437500000e-01
        26   -1.0374622291e+02    1.0764899780e+04   -1.6292149005e+02    5.9175267143e+01    7.6119599646e+01   -2.5313260200e+02    1.4091512302e+01    1.0240000000e+03    3.9763951208e-03    4.8539062500e-01
        27   -1.0377187849e+02    1.0770096510e+04   -1.6286556338e+02    5.9093684886e+01    7.6321567170e+01   -2.5344541054e+02    1.4258279999e+01    1.0240000000e+03    3.9751881268e-03    4.8834635417e-01
        28   -1.0376330823e+02    1.0768357209e+04   -1.6174783862e+02    5.7984530394e+01    7.6302146442e+01   -2.5293227465e+02    1.4882289586e+01    1.0240000000e+03    3.9869388565e-03    4.8916666667e-01
        29   -1.0379325042e+02    1.0774447518e+04   -1.6241599547e+02    5.8622745049e+01    7.6172035324e+01   -2.5215336873e+02    1.3565337938e+01    1.0240000000e+03    3.9711950812e-03    4.8432291667e-01
        30   -1.0376728100e+02    1.0769337134e+04   -1.6241970398e+02    5.8652422975e+01    7.5968173903e+01   -2.5233157076e+02    1.3943692876e+01    1.0240000000e+03    3.9812922478e-03    4.8846354167e-01
        31   -1.0382087993e+02    1.0780228901e+04   -1.6148719699e+02    5.7666317062e+01    7.5981869564e+01   -2.5270772672e+02    1.5238660169e+01    1.0240000000e+03    3.9748454001e-03    4.8842447917e-01
        32   -1.0377603849e+02    1.0770975801e+04   -1.6171129965e+02    5.7935261161e+01    7.6237828039e+01   -2.5259638096e+02    1.4647253279e+01    1.0240000000e+03    3.9815669879e-03    4.9192708333e-01
        33   -1.0380378452e+02    1.0776539821e+04   -1.6235005625e+02    5.8546271725e+01    7.6199638964e+01   -2.5286969309e+02    1.4319997882e+01    1.0240000000e+03    3.9612054825e-03    4.8276041667e-01
        34   -1.0372776308e+02    1.0761026237e+04   -1.6252551912e+02    5.8797756041e+01    7.6006484765e+01   -2.5361863613e+02    1.5086632249e+01    1.0240000000e+03    3.9719403721e-03    4.8588541667e-01
        35   -1.0376746671e+02    1.0769280735e+04   -1.6098517447e+02    5.7217707769e+01    7.5883112307e+01   -2.5134465172e+02    1.4476364935e+01    1.0240000000e+03    3.9795495104e-03    4.8744791667e-01
        36   -1.0376417077e+02    1.0768320770e+04   -1.6205978566e+02    5.8295614896e+01    7.5924469521e+01   -2.5240849648e+02    1.4424241298e+01    1.0240000000e+03    3.9787294809e-03    4.8990885417e-01
        37   -1.0373842623e+02    1.0763133472e+04   -1.6254372456e+02    5.8805298329e+01    7.5723148557e+01   -2.5247449871e+02    1.4207625591e+01    1.0240000000e+03    3.9610823151e-03    4.8854166667e-01
        38   -1.0371078402e+02    1.0757630502e+04   -1.6137025258e+02    5.7659468558e+01    7.5677308434e+01   -2.5088362674e+02    1.3836065718e+01    1.0240000000e+03    3.9629796520e-03    4.8906250000e-01
        39   -1.0375925273e+02    1.0767484282e+04   -1.6142828306e+02    5.7669030329e+01    7.5771829677e+01   -2.5101700616e+02    1.3816893418e+01    1.0240000000e+03    3.9624059573e-03    4.8634114583e-01
        40   -1.0374299033e+02    1.0764310656e+04   -1.6218834515e+02    5.8445354822e+01    7.6082933767e+01   -2.5269307042e+02    1.4421791508e+01    1.0240000000e+03    3.9571968373e-03    4.8566406250e-01
        41   -1.0381181737e+02    1.0778309873e+04   -1.6090599300e+02    5.7094175632e+01    7.6107206383e+01   -2.5261058467e+02    1.5597385289e+01    1.0240000000e+03    3.9735303726e-03    4.8751302083e-01
        42   -1.0377389113e+02    1.0770448756e+04   -1.6079239041e+02    5.7018499275e+01    7.5854121070e+01   -2.5094552639e+02    1.4299014909e+01    1.0240000000e+03    3.9738037158e-03    4.8927083333e-01
        43   -1.0374439389e+02    1.0764238699e+04   -1.6154385919e+02    5.7799465300e+01    7.6027797436e+01   -2.5163515053e+02    1.4063493900e+01    1.0240000000e+03    3.9568720385e-03    4.8408854167e-01
        44   -1.0375532919e+02    1.0767052734e+04   -1.6242898694e+02    5.8673657753e+01    7.6008153611e+01   -2.5201445295e+02    1.3577312397e+01    1.0240000000e+03    3.9559069555e-03    4.8382812500e-01
        45   -1.0373899226e+02    1.0763528275e+04   -1.6118114413e+02    5.7442151873e+01    7.6031250596e+01   -2.5184877886e+02    1.4636384131e+01    1.0240000000e+03    3.9667955134e-03    4.8825520833e-01
        46   -1.0380835992e+02    1.0777580612e+04   -1.6099266107e+02    5.7184301151e+01    7.5525101170e+01   -2.5135001009e+02    1.4832247851e+01    1.0240000000e+03    3.9552412927e-03    4.8692708333e-01
        47   -1.0368974191e+02    1.0753211027e+04   -1.6189828878e+02    5.8208546870e+01    7.5971279937e+01   -2.5330566758e+02    1.5436098857e+01    1.0240000000e+03    3.9768095594e-03    4.8868489583e-01
        48   -1.0376066826e+02    1.0767750771e+04   -1.6236443190e+02    5.8603763645e+01    7.6211110626e+01   -2.5329835711e+02    1.4722814578e+01    1.0240000000e+03    3.9685179945e-03    4.8895833333e-01
        49   -1.0372437417e+02    1.0760157221e+04   -1.6390603110e+02    6.0181656927e+01    7.6704216555e+01   -2.5473573810e+02    1.4125490450e+01    1.0240000000e+03    3.9652069099e-03    4.8401041667e-01
        50   -1.0371489999e+02    1.0758603792e+04   -1.6249916637e+02    5.8784266382e+01    7.6301887455e+01   -2.5304249647e+02    1.4241442647e+01    1.0240000000e+03    3.9729550481e-03    4.8763020833e-01
        51   -1.0381443775e+02    1.0779035441e+04   -1.6258868074e+02    5.8774242994e+01    7.6111689696e+01   -2.5254754377e+02    1.3847173331e+01    1.0240000000e+03    3.9829472080e-03    4.8552083333e-01
        52   -1.0379115315e+02    1.0774276245e+04   -1.6249761389e+02    5.8706460740e+01    7.6275094829e+01   -2.5328069371e+02    1.4507984990e+01    1.0240000000e+03    3.9755001199e-03    4.8811197917e-01
        53   -1.0377876910e+02    1.0771541101e+04   -1.6164632851e+02    5.7867559413e+01    7.6175691037e+01   -2.5286464546e+02    1.5042625909e+01    1.0240000000e+03    3.9872925263e-03    4.8731770833e-01
        54   -1.0377173707e+02    1.0770554591e+04   -1.6260857046e+02    5.8836833392e+01    7.6360681513e+01   -2.5402348074e+02    1.5054228764e+01    1.0240000000e+03    3.9803807158e-03    4.8669270833e-01
        55   -1.0368880201e+02    1.0752644240e+04   -1.6158577137e+02    5.7896969358e+01    7.5994619471e+01   -2.5168489579e+02    1.4104504947e+01    1.0240000000e+03    3.9734947495e-03    4.8466145833e-01
        56   -1.0375292977e+02    1.0766197647e+04   -1.6226980070e+02    5.8516870930e+01    7.6195831478e+01   -2.5207758140e+02    1.3611949222e+01    1.0240000000e+03    3.9761115331e-03    4.8723958333e-01
        57   -1.0377331553e+02    1.0770413491e+04   -1.6187026709e+02    5.8096951558e+01    7.6039450984e+01   -2.5297416371e+02    1.5064445634e+01    1.0240000000e+03    3.9697850589e-03    4.8673177083e-01
        58   -1.0379264724e+02    1.0774611707e+04   -1.6193412907e+02    5.8141481827e+01    7.6202138715e+01   -2.5157910260e+02    1.3442834819e+01    1.0240000000e+03    3.9723992813e-03    4.8776041667e-01
        59   -1.0371664790e+02    1.0758716992e+04   -1.6243298454e+02    5.8716336637e+01    7.6293653210e+01   -2.5349694771e+02    1.4770309964e+01    1.0240000000e+03    3.9664802607e-03    4.8854166667e-01
        60   -1.0382048805e+02    1.0780284920e+04   -1.6348292206e+02    5.9662434017e+01    7.6277683185e+01   -2.5404838474e+02    1.4287779494e+01    1.0240000000e+03    3.9662041236e-03    4.8364583333e-01
        61   -1.0377684062e+02    1.0770996570e+04   -1.6191317010e+02    5.8136329476e+01    7.5824922740e+01   -2.5156047105e+02    1.3822378210e+01    1.0240000000e+03    3.9626283105e-03    4.8489583333e-01
        62   -1.0372628624e+02    1.0760447749e+04   -1.6188408305e+02    5.8157796813e+01    7.5741264697e+01   -2.5253204198e+02    1.4906694234e+01    1.0240000000e+03    3.9762181696e-03    4.8855468750e-01
        63   -1.0369845737e+02    1.0755089679e+04   -1.6151368349e+02    5.7815226127e+01    7.5839271026e+01   -2.5160787324e+02    1.4254918717e+01    1.0240000000e+03    3.9667231031e-03    4.8777343750e-01
        64   -1.0378358446e+02    1.0772865969e+04   -1.6196735197e+02    5.8183767511e+01    7.5919305683e+01   -2.5231185838e+02    1.4425200724e+01    1.0240000000e+03    3.9761329535e-03    4.8911458333e-01
        65   -1.0378168981e+02    1.0772128293e+04   -1.6172583911e+02    5.7944149300e+01    7.6422193687e+01   -2.5335711866e+02    1.5209085863e+01    1.0240000000e+03    3.9750770666e-03    4.8885416667e-01
        66   -1.0379926161e+02    1.0775845894e+04   -1.6184727254e+02    5.8048010928e+01    7.6321608749e+01   -2.5255147772e+02    1.4382596427e+01    1.0240000000e+03    3.9955733810e-03    4.8528645833e-01
        67   -1.0376906973e+02    1.0769322957e+04   -1.6144608593e+02    5.7677016198e+01    7.6053612304e+01   -2.5237424648e+02    1.4874548246e+01    1.0240000000e+03    3.9735825267e-03    4.8450520833e-01
        68   -1.0382049549e+02    1.0780769472e+04   -1.6294912997e+02    5.9128634482e+01    7.6423511330e+01   -2.5337175429e+02    1.3999112989e+01    1.0240000000e+03    3.9791902527e-03    4.8789062500e-01
        69   -1.0381986478e+02    1.0779811998e+04   -1.6135312255e+02    5.7533257767e+01    7.6276375146e+01   -2.5161512031e+02    1.3985622621e+01    1.0240000000e+03    3.9585651830e-03    4.8385416667e-01
        70   -1.0379973519e+02    1.0775653600e+04   -1.6249949497e+02    5.8699759776e+01    7.6302935502e+01   -2.5266238065e+02    1.3859950181e+01    1.0240000000e+03    3.9745317772e-03    4.8906250000e-01
        71   -1.0375313548e+02    1.0766164987e+04   -1.6251201406e+02    5.8758878576e+01    7.5883556847e+01   -2.5291635793e+02    1.4520787023e+01    1.0240000000e+03    3.9611021057e-03    4.8890625000e-01
        72   -1.0374127764e+02    1.0763677192e+04   -1.6178514467e+02    5.8043867025e+01    7.5960105727e+01   -2.5207680947e+02    1.4331559077e+01    1.0240000000e+03    3.9583479520e-03    4.8562500000e-01
        73   -1.0379150969e+02    1.0774393514e+04   -1.6121476473e+02    5.7423255042e+01    7.6015209198e+01   -2.5195287836e+02    1.4722904424e+01    1.0240000000e+03    3.9624897763e-03    4.8554687500e-01
        74   -1.0369567707e+02    1.0754199287e+04   -1.6195135537e+02    5.8255678300e+01    7.6035223679e+01   -2.5210331267e+02    1.4116733618e+01    1.0240000000e+03    3.9842494298e-03    4.8709635417e-01
        75   -1.0375264414e+02    1.0765880693e+04   -1.6157606437e+02    5.7823420223e+01    7.5761641652e+01   -2.5080589083e+02    1.3468184807e+01    1.0240000000e+03    3.9732274599e-03    4.8717447917e-01
        76   -1.0373104890e+02    1.0761888309e+04   -1.6228588279e+02    5.8554833892e+01    7.5922359158e+01   -2.5196338183e+02    1.3755139879e+01    1.0240000000e+03    3.9689771365e-03    4.8743489583e-01
        77   -1.0372784563e+02    1.0760972647e+04   -1.6178326094e+02    5.8055415309e+01    7.5528592394e+01   -2.5114496750e+02    1.3833114170e+01    1.0240000000e+03    3.9680306800e-03    4.8627604167e-01
        78   -1.0367753357e+02    1.0751730914e+04   -1.6156177222e+02    5.7884238647e+01    7.5656835315e+01   -2.5221546047e+02    1.4996852936e+01    1.0240000000e+03    3.9689349942e-03    4.8722656250e-01
        79   -1.0372050152e+02    1.0762523163e+04   -1.6115374074e+02    5.7433239219e+01    7.5665186505e+01   -2.5214586060e+02    1.5326933358e+01    1.0240000000e+03    3.9507222828e-03    4.8434895833e-01
        80   -1.0376898148e+02    1.0769806871e+04   -1.6125431979e+02    5.7485338304e+01    7.5759988254e+01   -2.5152590467e+02    1.4511596629e+01    1.0240000000e+03    3.9630199317e-03    4.8627604167e-01
        81   -1.0372882998e+02    1.0761348980e+04   -1.6232504385e+02    5.8596213871e+01    7.5906366458e+01   -2.5191211619e+02    1.3680705880e+01    1.0240000000e+03    3.9638816379e-03    4.8907552083e-01
        82   -1.0380269372e+02    1.0776281657e+04   -1.6156794074e+02    5.7765247027e+01    7.6054539899e+01   -2.5230474713e+02    1.4682266492e+01    1.0240000000e+03    3.9631011896e-03    4.8858072917e-01
        83   -1.0377476750e+02    1.0770909019e+04   -1.6133503923e+02    5.7560271731e+01    7.5892132748e+01   -2.5247870957e+02    1.5251537589e+01    1.0240000000e+03    3.9676036686e-03    4.8997395833e-01
        84   -1.0367715467e+02    1.0750830053e+04   -1.6206181346e+02    5.8384658788e+01    7.6537880434e+01   -2.5354639712e+02    1.4946703234e+01    1.0240000000e+03    3.9600480814e-03    4.8608072917e-01
        85   -1.0372457354e+02    1.0760363442e+04   -1.6232470415e+02    5.8600130610e+01    7.6197232907e+01   -2.5322073309e+02    1.4698796029e+01    1.0240000000e+03    3.9702276699e-03    4.8664062500e-01
        86   -1.0378454353e+02    1.0772807847e+04   -1.6261947324e+02    5.8834929704e+01    7.6056622805e+01   -2.5254892994e+02    1.3872833902e+01    1.0240000000e+03    3.9669701364e-03    4.8662760417e-01
        87   -1.0375134275e+02    1.0765732318e+04   -1.6173007253e+02    5.7978729776e+01    7.6212961993e+01   -2.5200985872e+02    1.4066824194e+01    1.0240000000e+03    3.9572855458e-03    4.8394531250e-01
        88   -1.0374175043e+02    1.0764047336e+04   -1.6056169347e+02    5.6819943039e+01    7.6020604578e+01   -2.5136599212e+02    1.4783694071e+01    1.0240000000e+03    3.9605563506e-03    4.8700520833e-01
        89   -1.0375374946e+02    1.0766248265e+04   -1.6099831472e+02    5.7244565258e+01    7.5858961199e+01   -2.5113125827e+02    1.4273982357e+01    1.0240000000e+03    3.9549423382e-03    4.8783854167e-01
        90   -1.0376094582e+02    1.0767843139e+04   -1.6191519209e+02    5.8154246270e+01    7.5944014664e+01   -2.5225419877e+02    1.4394992021e+01    1.0240000000e+03    3.9647985250e-03    4.8908854167e-01
        91   -1.0382242493e+02    1.0780996012e+04   -1.6215039466e+02    5.8327969731e+01    7.5827166698e+01   -2.5230642783e+02    1.4328866478e+01    1.0240000000e+03    3.9650348481e-03    4.8919270833e-01
        92   -1.0379459923e+02    1.0774767225e+04   -1.6188382066e+02    5.8089221430e+01    7.5457289266e+01   -2.5107485049e+02    1.3733740572e+01    1.0240000000e+03    3.9524382446e-03    4.8375000000e-01
        93   -1.0382244109e+02    1.0780784228e+04   -1.6087698697e+02    5.7054545882e+01    7.5786920010e+01   -2.5151591757e+02    1.4852010590e+01    1.0240000000e+03    3.9717820473e-03    4.8824218750e-01
        94   -1.0389087738e+02    1.0812754671e+04   -1.6314525632e+02    5.9254378939e+01    7.5905485848e+01   -2.5220904082e+02    1.3158298651e+01    1.0240000000e+03    3.9738568012e-03    4.8951822917e-01
        95   -1.0374686189e+02    1.0765403164e+04   -1.6087222934e+02    5.7125367447e+01    7.6010657210e+01   -2.5166797465e+02    1.4785088103e+01    1.0240000000e+03    3.9677869063e-03    4.8611979167e-01
        96   -1.0377123284e+02    1.0770088186e+04   -1.6184324020e+02    5.8072007359e+01    7.5805404998e+01   -2.5135829838e+02    1.3709653174e+01    1.0240000000e+03    3.9731187280e-03    4.8707031250e-01
        97   -1.0380540756e+02    1.0776762545e+04   -1.6253421906e+02    5.8728811496e+01    7.5922548489e+01   -2.5208218603e+02    1.3625418484e+01    1.0240000000e+03    3.9669941179e-03    4.8678385417e-01
        98   -1.0374609410e+02    1.0764648739e+04   -1.6201332438e+02    5.8267230284e+01    7.6024837409e+01   -2.5273773995e+02    1.4699578160e+01    1.0240000000e+03    3.9754300378e-03    4.8679687500e-01
        99   -1.0383813624e+02    1.0784073526e+04   -1.6271858135e+02    5.8880445113e+01    7.6377733900e+01   -2.5442352171e+02    1.5327206451e+01    1.0240000000e+03    3.9644164499e-03    4.8720052083e-01
       100   -1.0383838280e+02    1.0783775123e+04   -1.6214145396e+02    5.8303071158e+01    7.6037547810e+01   -2.5213625679e+02    1.3957255024e+01    1.0240000000e+03    3.9670174010e-03    4.8725260417e-01
       101   -1.0373737411e+02    1.0762737137e+04   -1.6170469350e+02    5.7967319388e+01    7.5823928589e+01   -2.5172407337e+02    1.4195451279e+01    1.0240000000e+03    3.9616005961e-03    4.8549479167e-01
       102   -1.0381069953e+02    1.0778178329e+04   -1.6181667128e+02    5.8005971751e+01    7.6252563121e+01   -2.5352057734e+02    1.5451342935e+01    1.0240000000e+03    3.9777799975e-03    4.8880208333e-01
       103   -1.0372483286e+02    1.0760253221e+04   -1.6260984059e+02    5.8885007722e+01    7.5782716036e+01   -2.5268298211e+02    1.4290425493e+01    1.0240000000e+03    3.9646974765e-03    4.8700520833e-01
       104   -1.0372310855e+02    1.0760652440e+04   -1.6220093348e+02    5.8477824929e+01    7.5918072220e+01   -2.5245716044e+02    1.4338154744e+01    1.0240000000e+03    3.9773969911e-03    4.8893229167e-01
       105   -1.0380992351e+02    1.0778010317e+04   -1.6172792763e+02    5.7918004122e+01    7.5836535709e+01   -2.5106916553e+02    1.3504702198e+01    1.0240000000e+03    3.9565791376e-03    4.8567708333e-01
       106   -1.0375142917e+02    1.0765839686e+04   -1.6099570346e+02    5.7244274286e+01    7.5952456426e+01   -2.5174343864e+02    1.4795278760e+01    1.0240000000e+03    3.9697294123e-03    4.8815104167e-01
       107   -1.0381119564e+02    1.0778399019e+04   -1.6191608785e+02    5.8104892211e+01    7.6279671044e+01   -2.5239447254e+02    1.4198713640e+01    1.0240000000e+03    3.9688595571e-03    4.8610677083e-01
       108   -1.0372040476e+02    1.0759404575e+04   -1.6204544216e+02    5.8325037398e+01    7.6135707014e+01   -2.5242681825e+02    1.4245669081e+01    1.0240000000e+03    3.9687105455e-03    4.8638020833e-01
       109   -1.0371222647e+02    1.0757561673e+04   -1.6175113483e+02    5.8038908360e+01    7.6226340975e+01   -2.5209630740e+02    1.4118831598e+01    1.0240000000e+03    3.9540196303e-03    4.8388020833e-01
       110   -1.0375011668e+02    1.0765787704e+04   -1.6294417776e+02    5.9194061076e+01    7.6526835732e+01   -2.5360252133e+02    1.4131507844e+01    1.0240000000e+03    3.9704069495e-03    4.8610677083e-01
       111   -1.0373049950e+02    1.0761442494e+04   -1.6345953810e+02    5.9729038601e+01    7.6509351626e+01   -2.5372346334e+02    1.3754573609e+01    1.0240000000e+03    3.9716984611e-03    4.8519531250e-01
       112   -1.0368986405e+02    1.0753300841e+04   -1.6202135486e+02    5.8331490812e+01    7.6391078527e+01   -2.5268034521e+02    1.4267911820e+01    1.0240000000e+03    3.9671338163e-03    4.8282552083e-01
       113   -1.0369663284e+02    1.0754477994e+04   -1.6127226139e+02    5.7575628549e+01    7.5988663604e+01   -2.5063545717e+02    1.3374532169e+01    1.0240000000e+03    3.9700907655e-03    4.8505208333e-01
       114   -1.0370617215e+02    1.0756420349e+04   -1.6215222523e+02    5.8446053086e+01    7.6097593826e+01   -2.5267011254e+02    1.4420293484e+01    1.0240000000e+03    3.9691382553e-03    4.8438802083e-01
       115   -1.0365571805e+02    1.0745748320e+04   -1.6225955803e+02    5.8603839976e+01    7.6149148598e+01   -2.5246412242e+02    1.4055415793e+01    1.0240000000e+03    3.9673140272e-03    4.8812500000e-01
       116   -1.0376834154e+02    1.0769378749e+04   -1.6261862598e+02    5.8850284444e+01    7.6485036739e+01   -2.5278581398e+02    1.3682151256e+01    1.0240000000e+03    3.9729021955e-03    4.8574218750e-01
       117   -1.0372107513e+02    1.0759400221e+04   -1.6140660921e+02    5.7685534086e+01    7.5973779890e+01   -2.5141904572e+02    1.4038656616e+01    1.0240000000e+03    3.9661722258e-03    4.8497395833e-01
       118   -1.0370977628e+02    1.0757223546e+04   -1.6235892503e+02    5.8649148754e+01    7.6368539610e+01   -2.5327327862e+02    1.4545813980e+01    1.0240000000e+03    3.9718190674e-03    4.8635416667e-01
       119   -1.0378196147e+02    1.0772102863e+04   -1.6198379115e+02    5.8201829672e+01    7.5903212709e+01   -2.5170017116e+02    1.3813167305e+01    1.0240000000e+03    3.9653826971e-03    4.8773437500e-01
       120   -1.0376535024e+02    1.0768784971e+04   -1.6355694308e+02    5.9791592843e+01    7.6158230271e+01   -2.5321075386e+02    1.3495580511e+01    1.0240000000e+03    3.9687545504e-03    4.8490885417e-01
       121   -1.0379230547e+02    1.0774401386e+04   -1.6224437798e+02    5.8452072510e+01    7.6238968838e+01   -2.5266280047e+02    1.4179453652e+01    1.0240000000e+03    3.9682192728e-03    4.8513020833e-01
       122   -1.0377319264e+02    1.0770436374e+04   -1.6267206990e+02    5.8898877253e+01    7.6129689888e+01   -2.5298895893e+02    1.4187199148e+01    1.0240000000e+03    3.9589854423e-03    4.8451822917e-01
       123   -1.0379150131e+02    1.0774199814e+04   -1.6106739218e+02    5.7275890876e+01    7.6041774010e+01   -2.5117574697e+02    1.4066580778e+01    1.0240000000e+03    3.9830293972e-03    4.9048177083e-01
       124   -1.0371950040e+02    1.0759255468e+04   -1.6233535651e+02    5.8615856110e+01    7.6144472657e+01   -2.5183395452e+02    1.3354125348e+01    1.0240000000e+03    3.9685145020e-03    4.8596354167e-01
       125   -1.0371634449e+02    1.0758534493e+04   -1.6230855663e+02    5.8592212141e+01    7.5970403932e+01   -2.5104426732e+02    1.2765306760e+01    1.0240000000e+03    3.9533004165e-03    4.8460937500e-01
       126   -1.0376398449e+02    1.0768195894e+04   -1.6199295742e+02    5.8228972928e+01    7.5881387315e+01   -2.5072074114e+02    1.2846396406e+01    1.0240000000e+03    3.9552475791e-03    4.8687500000e-01
       127   -1.0370877399e+02    1.0756789969e+04   -1.6165056732e+02    5.7941793333e+01    7.5714737063e+01   -2.5138069080e+02    1.4015386416e+01    1.0240000000e+03    3.9581398014e-03    4.8596354167e-01
       128   -1.0377444132e+02    1.0770753122e+04   -1.6095216034e+02    5.7177719022e+01    7.5541483160e+01   -2.5039155352e+02    1.3897910023e+01    1.0240000000e+03    3.9585025515e-03    4.8591145833e-01
       129   -1.0368407647e+02    1.0752206079e+04   -1.6238927898e+02    5.8705202509e+01    7.5761411178e+01   -2.5177438581e+02    1.3623695655e+01    1.0240000000e+03    3.9577274583e-03    4.8966145833e-01
       130   -1.0373416521e+02    1.0762533063e+04   -1.6257158234e+02    5.8837417126e+01    7.6070567688e+01   -2.5259912034e+02    1.3956970309e+01    1.0240000000e+03    3.9674784057e-03    4.8759114583e-01
       131   -1.0376153164e+02    1.0767838022e+04   -1.6250476469e+02    5.8743233048e+01    7.6056750111e+01   -2.5209141795e+02    1.3529903155e+01    1.0240000000e+03    3.9721354842e-03    4.8769531250e-01
       132   -1.0373466257e+02    1.0762246099e+04   -1.6189745095e+02    5.8162788378e+01    7.5587430928e+01   -2.5162203565e+02    1.4137153771e+01    1.0240000000e+03    3.9739487693e-03    4.8856770833e-01
       133   -1.0374092696e+02    1.0763743729e+04   -1.6223415370e+02    5.8493226741e+01    7.5992694817e+01   -2.5240772485e+02    1.4180876328e+01    1.0240000000e+03    3.9743415546e-03    4.8930989583e-01
       134   -1.0367048836e+02    1.0749305739e+04   -1.6145633029e+02    5.7785841930e+01    7.6106700057e+01   -2.5212753618e+02    1.4564505830e+01    1.0240000000e+03    3.9745164104e-03    4.8938802083e-01
       135   -1.0372743464e+02    1.0760731185e+04   -1.6197848316e+02    5.8251048518e+01    7.5477766959e+01   -2.5097141094e+02    1.3515160816e+01    1.0240000000e+03    3.9603975601e-03    4.8666666667e-01
       136   -1.0388520571e+02    1.0794631936e+04   -1.6201551167e+02    5.8130305957e+01    7.6151336768e+01   -2.5245562553e+02    1.4288777098e+01    1.0240000000e+03    3.9727364201e-03    4.8583333333e-01
       137   -1.0380123948e+02    1.0775961311e+04   -1.6145503493e+02    5.7653795445e+01    7.5991592676e+01   -2.5048920935e+02    1.3042581746e+01    1.0240000000e+03    3.9706027601e-03    4.8454427083e-01
       138   -1.0372562494e+02    1.0760610147e+04   -1.6190942170e+02    5.8183796760e+01    7.6282005562e+01   -2.5271343413e+02    1.4522006865e+01    1.0240000000e+03    3.9840950631e-03    4.8962239583e-01
       139   -1.0382299788e+02    1.0781222156e+04   -1.6260696732e+02    5.8783969443e+01    7.6240136017e+01   -2.5348464390e+02    1.4637540563e+01    1.0240000000e+03    3.9788838476e-03    4.8727864583e-01
       140   -1.0379129188e+02    1.0774082320e+04   -1.6219060735e+02    5.8399315465e+01    7.6195007197e+01   -2.5274293280e+02    1.4357318252e+01    1.0240000000e+03    3.9690183476e-03    4.8501302083e-01
       141   -1.0378801338e+02    1.0773296563e+04   -1.6145086125e+02    5.7662847869e+01    7.5643322624e+01   -2.5139814150e+02    1.4303957627e+01    1.0240000000e+03    3.9627712686e-03    4.8891927083e-01
       142   -1.0376987843e+02    1.0769882833e+04   -1.6126096309e+02    5.7491084667e+01    7.5863242571e+01   -2.5157702521e+02    1.4452819541e+01    1.0240000000e+03    3.9692346472e-03    4.8842447917e-01
       143   -1.0374155201e+02    1.0763615547e+04   -1.6202987235e+02    5.8288320338e+01    7.5852233277e+01   -2.5140293792e+02    1.3520832297e+01    1.0240000000e+03    3.9522564039e-03    4.8042968750e-01
       144   -1.0366658331e+02    1.0748354605e+04   -1.6254204806e+02    5.8875464748e+01    7.5887703344e+01   -2.5194442328e+02    1.3514671879e+01    1.0240000000e+03    3.9631768595e-03    4.8792968750e-01
       145   -1.0377936370e+02    1.0771538322e+04   -1.6157994504e+02    5.7800581342e+01    7.6190450661e+01   -2.5295316646e+02    1.5182770754e+01    1.0240000000e+03    3.9733161684e-03    4.8863281250e-01
       146   -1.0372643449e+02    1.0760724816e+04   -1.6298721615e+02    5.9260781664e+01    7.6317993641e+01   -2.5368953433e+02    1.4384324539e+01    1.0240000000e+03    3.9828799199e-03    4.9151041667e-01
       147   -1.0368053760e+02    1.0751506382e+04   -1.6240255533e+02    5.8722017722e+01    7.6343375002e+01   -2.5340025928e+02    1.4654328949e+01    1.0240000000e+03    3.9662611671e-03    4.8471354167e-01
       148   -1.0380332958e+02    1.0776774250e+04   -1.6221614087e+02    5.8412811284e+01    7.6488872442e+01   -2.5323361252e+02    1.4528599215e+01    1.0240000000e+03    3.9668194950e-03    4.8652343750e-01
       149   -1.0367438954e+02    1.0749762762e+04   -1.6326810561e+02    5.9593716069e+01    7.6362595241e+01   -2.5402577342e+02    1.4395072563e+01    1.0240000000e+03    3.9740342181e-03    4.8713541667e-01
       150   -1.0372261271e+02    1.0759789343e+04   -1.6171367980e+02    5.7991067092e+01    7.6184425604e+01   -2.5132888908e+02    1.3430783675e+01    1.0240000000e+03    3.9647868834e-03    4.8473958333e-01
       151   -1.0374271172e+02    1.0763842978e+04   -1.6273346340e+02    5.8990751678e+01    7.6003941152e+01   -2.5213389292e+02    1.3396488372e+01    1.0240000000e+03    3.9719492197e-03    4.8746093750e-01
       152   -1.0385165225e+02    1.0790563140e+04   -1.6247272964e+02    5.8621077389e+01    7.5619766242e+01   -2.5273032316e+02    1.4637827278e+01    1.0240000000e+03    3.9715836756e-03    4.8701822917e-01
       153   -1.0367350101e+02    1.0749762960e+04   -1.6173298631e+02    5.8059485302e+01    7.5818554501e+01   -2.5235408178e+02    1.4802540972e+01    1.0240000000e+03    3.9772761520e-03    4.8990885417e-01
       154   -1.0376743788e+02    1.0769201385e+04   -1.6187193454e+02    5.8104496656e+01    7.5741321071e+01   -2.5224112121e+02    1.4627865598e+01    1.0240000000e+03    3.9694644511e-03    4.8958333333e-01
       155   -1.0382722037e+02    1.0781644618e+04   -1.6124007123e+02    5.7412850859e+01    7.5628861603e+01   -2.5057020163e+02    1.3701268793e+01    1.0240000000e+03    3.9655733854e-03    4.8634114583e-01
       156   -1.0376490523e+02    1.0768639354e+04   -1.6094805836e+02    5.7183153128e+01    7.6011046437e+01   -2.5123890914e+02    1.4279804347e+01    1.0240000000e+03    3.9739983622e-03    4.8807291667e-01
       157   -1.0374835309e+02    1.0765109585e+04   -1.6129624186e+02    5.7547888771e+01    7.5856824108e+01   -2.5124728155e+02    1.4094215586e+01    1.0240000000e+03    3.9741657674e-03    4.8598958333e-01
       158   -1.0376926082e+02    1.0769581473e+04   -1.6048039491e+02    5.6711134089e+01    7.5648731968e+01   -2.5029614998e+02    1.4167023095e+01    1.0240000000e+03    3.9753820747e-03    4.8845052083e-01
       159   -1.0373343324e+02    1.0762095555e+04   -1.6154027565e+02    5.7806842410e+01    7.5715390765e+01   -2.5055217589e+02    1.3296509469e+01    1.0240000000e+03    3.9713750593e-03    4.8830729167e-01
       160   -1.0375551619e+02    1.0766666254e+04   -1.6229438593e+02    5.8538869745e+01    7.6046644783e+01   -2.5283586637e+02    1.4494835657e+01    1.0240000000e+03    3.9686814416e-03    4.8574218750e-01
       161   -1.0379685622e+02    1.0775180800e+04   -1.6148844299e+02    5.7691586773e+01    7.6052705405e+01   -2.5154233171e+02    1.4001183315e+01    1.0240000000e+03    3.9754693862e-03    4.8764322917e-01
       162   -1.0373710974e+02    1.0762707301e+04   -1.6297736141e+02    5.9240251672e+01    7.6286826475e+01   -2.5257897508e+02    1.3314787191e+01    1.0240000000e+03    3.9769264404e-03    4.8839843750e-01
       163   -1.0381308072e+02    1.0778688215e+04   -1.6264348375e+02    5.8830403023e+01    7.6136672433e+01   -2.5330677534e+02    1.4526619157e+01    1.0240000000e+03    3.9732106961e-03    4.8933593750e-01
       164   -1.0377584608e+02    1.0770893470e+04   -1.6258086454e+02    5.8805018466e+01    7.6075217255e+01   -2.5280680061e+02    1.4150718809e+01    1.0240000000e+03    3.9760381915e-03    4.8907552083e-01
       165   -1.0369875961e+02    1.0754879534e+04   -1.6199593270e+02    5.8297173084e+01    7.5885623861e+01   -2.5096985944e+02    1.3088302883e+01    1.0240000000e+03    3.9788440336e-03    4.8848958333e-01
       166   -1.0376502028e+02    1.0768771489e+04   -1.6174951520e+02    5.7984494914e+01    7.6117413275e+01   -2.5170947105e+02    1.3842542579e+01    1.0240000000e+03    3.9679675829e-03    4.8447916667e-01
       167   -1.0371946703e+02    1.0759509151e+04   -1.6155550825e+02    5.7836041215e+01    7.5955370146e+01   -2.5227416701e+02    1.4763288613e+01    1.0240000000e+03    3.9627456572e-03    4.8191406250e-01
       168   -1.0379840270e+02    1.0775488612e+04   -1.6245368737e+02    5.8655284669e+01    7.6156305210e+01   -2.5324023659e+02    1.4630244016e+01    1.0240000000e+03    3.9617670700e-03    4.8403645833e-01
       169   -1.0386091512e+02    1.0789669383e+04   -1.6255624841e+02    5.8695333290e+01    7.6425260981e+01   -2.5191053966e+02    1.2929030269e+01    1.0240000000e+03    3.9925763849e-03    4.9134114583e-01
       170   -1.0377312657e+02    1.0770705383e+04   -1.6175311860e+02    5.7979992026e+01    7.5739318362e+01   -2.5126643126e+02    1.3773994295e+01    1.0240000000e+03    3.9850319736e-03    4.8954427083e-01
       171   -1.0369703628e+02    1.0754470909e+04   -1.6212943563e+02    5.8432399346e+01    7.6256218069e+01   -2.5216841921e+02    1.3782765517e+01    1.0240000000e+03    3.9779981598e-03    4.8805989583e-01
       172   -1.0369883692e+02    1.0754873903e+04   -1.6344931631e+02    5.9750479395e+01    7.6480391304e+01   -2.5422701647e+02    1.4297308849e+01    1.0240000000e+03    3.9723089430e-03    4.8638020833e-01
       173   -1.0373237729e+02    1.0761679643e+04   -1.6241668157e+02    5.8684304282e+01    7.6044313546e+01   -2.5307634093e+02    1.4615345820e+01    1.0240000000e+03    3.9612525143e-03    4.8540364583e-01
       174   -1.0376856232e+02    1.0769405353e+04   -1.6258395367e+02    5.8815391352e+01    7.5953521878e+01   -2.5286038383e+02    1.4322908278e+01    1.0240000000e+03    3.9682183415e-03    4.8721354167e-01
       175   -1.0371183643e+02    1.0757584964e+04   -1.6234911338e+02    5.8637276955e+01    7.6119735311e+01   -2.5272121320e+02    1.4252364506e+01    1.0240000000e+03    3.9692719001e-03    4.8481770833e-01
       176   -1.0370952013e+02    1.0757156014e+04   -1.6248142511e+02    5.8771904981e+01    7.6131774200e+01   -2.5281674095e+02    1.4203541637e+01    1.0240000000e+03    3.9685959928e-03    4.8588541667e-01
       177   -1.0377110115e+02    1.0770074262e+04   -1.6132814433e+02    5.7557043181e+01    7.5564150142e+01   -2.5129873654e+02    1.4406442068e+01    1.0240000000e+03    3.9718213957e-03    4.9065104167e-01
       178   -1.0380743353e+02    1.0777485129e+04   -1.6086705047e+02    5.7059616948e+01    7.5808347175e+01   -2.4990645251e+02    1.3231054856e+01    1.0240000000e+03    3.9812689647e-03    4.9178385417e-01
       179   -1.0381391794e+02    1.0778814438e+04   -1.6193160091e+02    5.8117682966e+01    7.6119096912e+01   -2.5188526541e+02    1.3834567588e+01    1.0240000000e+03    3.9749748539e-03    4.8694010417e-01
       180   -1.0378206417e+02    1.0772303918e+04   -1.6194879867e+02    5.8166734500e+01    7.5756102532e+01   -2.5158046745e+02    1.3875566252e+01    1.0240000000e+03    3.9768444840e-03    4.8593750000e-01
       181   -1.0380110705e+02    1.0776276970e+04   -1.6059071289e+02    5.6789605839e+01    7.5860282016e+01   -2.5149232481e+02    1.5041329910e+01    1.0240000000e+03    3.9682723582e-03    4.8527343750e-01
       182   -1.0377315725e+02    1.0770768908e+04   -1.6284504435e+02    5.9071887098e+01    7.6095240663e+01   -2.5285083258e+02    1.3910547562e+01    1.0240000000e+03    3.9671028499e-03    4.8748697917e-01
       183   -1.0371452942e+02    1.0758097289e+04   -1.6200483690e+02    5.8290307483e+01    7.6033033073e+01   -2.5246932061e+02    1.4431450632e+01    1.0240000000e+03    3.9680423215e-03    4.8824218750e-01
       184   -1.0372371877e+02    1.0760239844e+04   -1.6127878272e+02    5.7555063946e+01    7.5818283179e+01   -2.5200902952e+02    1.4911963627e+01    1.0240000000e+03    3.9627877995e-03    4.8734375000e-01
       185   -1.0369155540e+02    1.0753544164e+04   -1.6153991490e+02    5.7848359495e+01    7.6152386657e+01   -2.5198916371e+02    1.4296862156e+01    1.0240000000e+03    3.9704730734e-03    4.8729166667e-01
       186   -1.0367105425e+02    1.0748926398e+04   -1.6149022709e+02    5.7819172844e+01    7.5989166983e+01   -2.5205663137e+02    1.4577237298e+01    1.0240000000e+03    3.9505271707e-03    4.8542968750e-01
       187   -1.0378430098e+02    1.0772568792e+04   -1.6106538644e+02    5.7281085460e+01    7.5859462516e+01   -2.5132197191e+02    1.4397122952e+01    1.0240000000e+03    3.9633095730e-03    4.8860677083e-01
       188   -1.0376167408e+02    1.0768045702e+04   -1.6209688195e+02    5.8335207868e+01    7.5858737300e+01   -2.5276322644e+02    1.4807607187e+01    1.0240000000e+03    3.9535774849e-03    4.8352864583e-01
       189   -1.0372479000e+02    1.0760556126e+04   -1.6238631394e+02    5.8661523945e+01    7.5926758079e+01   -2.5317481187e+02    1.4861739847e+01    1.0240000000e+03    3.9525101893e-03    4.8359375000e-01
       190   -1.0381085372e+02    1.0778462124e+04   -1.6221295331e+02    5.8402099590e+01    7.5758315549e+01   -2.5174316471e+02    1.3771895851e+01    1.0240000000e+03    3.9540692233e-03    4.8571614583e-01
       191   -1.0372334866e+02    1.0759941690e+04   -1.6011459672e+02    5.6391248061e+01    7.5657435376e+01   -2.4998601583e+02    1.4213983729e+01    1.0240000000e+03    3.9689815603e-03    4.8942708333e-01
       192   -1.0375980728e+02    1.0767535695e+04   -1.5996411084e+02    5.6204303564e+01    7.5464638880e+01   -2.4924169547e+02    1.3812945748e+01    1.0240000000e+03    3.9665978402e-03    4.8864583333e-01
       193   -1.0369491788e+02    1.0754002960e+04   -1.6120041904e+02    5.7505501157e+01    7.5825061528e+01   -2.5073200620e+02    1.3706525633e+01    1.0240000000e+03    3.9707552642e-03    4.8770833333e-01
       194   -1.0378287000e+02    1.0772380551e+04   -1.6180762409e+02    5.8024754092e+01    7.6078299809e+01   -2.5296509072e+02    1.5079166815e+01    1.0240000000e+03    3.9598534349e-03    4.8585937500e-01
       195   -1.0376317171e+02    1.0768291710e+04   -1.6213455518e+02    5.8371383470e+01    7.6005997323e+01   -2.5197064513e+02    1.3830092630e+01    1.0240000000e+03    3.9683044888e-03    4.8682291667e-01
       196   -1.0372797296e+02    1.0761035975e+04   -1.6105663605e+02    5.7328663093e+01    7.6175716660e+01   -2.5140115801e+02    1.4168805302e+01    1.0240000000e+03    3.9696511813e-03    4.8726562500e-01
       197   -1.0371955354e+02    1.0759289549e+04   -1.6221108723e+02    5.8491533683e+01    7.6727771618e+01   -2.5309287928e+02    1.4154020437e+01    1.0240000000e+03    3.9845863357e-03    4.8522135417e-01
       198   -1.0367795212e+02    1.0750386094e+04   -1.6223624580e+02    5.8558293676e+01    7.6418574730e+01   -2.5297215743e+02    1.4317336908e+01    1.0240000000e+03    3.9692821447e-03    4.8420572917e-01
       199   -1.0372481662e+02    1.0760072682e+04   -1.6139350566e+02    5.7668689042e+01    7.6003064797e+01   -2.5141180355e+02    1.4015233090e+01    1.0240000000e+03    4.0334651712e-03    4.8643229167e-01
