 $DATA  
                                                                                
C1       0
F           9.0      0.0000000000      0.0000000000      0.0000000000
   S      10
     1             84.0486520000 -0.00000280
     2             41.0946170000 -0.00035430
     3             20.0927380000  0.01840880
     4              9.8241120000 -0.12776610
     5              4.8033860000 -0.07028720
     6              2.3485600000  0.15716040
     7              1.1483010000  0.37690120
     8              0.5614490000  0.40951650
     9              0.2745140000  0.19708930
    10              0.1342200000  0.02434820
   P      10
     1             31.6426190000  0.00296730
     2             16.2432330000  0.02980490
     3              8.3382040000  0.06694890
     4              4.2802840000  0.13377900
     5              2.1972150000  0.21483120
     6              1.1279060000  0.26648620
     7              0.5789920000  0.26189540
     8              0.2972160000  0.19202170
     9              0.1525710000  0.08284650
    10              0.0783200000  0.01330460
   S       1
     1              1.7056530000  1.00000000
   S       1
     1              1.0480130000  1.00000000
   S       1
     1              0.2943450000  1.00000000
   P       1
     1              1.6506880000  1.00000000
   P       1
     1              0.6472400000  1.00000000
   P       1
     1              0.2058060000  1.00000000
   D       1
     1              4.9980850000  1.00000000
   D       1
     1              1.7243920000  1.00000000
   D       1
     1              0.5873540000  1.00000000
   F       1
     1              3.6942850000  1.00000000
   F       1
     1              1.1781470000  1.00000000
   G       1
     1              2.4065830000  1.00000000
        
 $END      
--- OPEN SHELL ORBITALS --- GENERATED AT Thu Feb 21 12:05:47 2019
                                                                                
E(ROHF)=      -23.9378373657, E(NUC)=    0.0000000000,    8 ITERS
 $VEC   
 1  1 1.00000345E+00 0.00000000E+00 0.00000000E+00 0.00000000E+00-2.14674770E-05
 1  2 5.72598864E-05-5.13252750E-05 0.00000000E+00 0.00000000E+00 0.00000000E+00
 1  3 0.00000000E+00 0.00000000E+00 0.00000000E+00 0.00000000E+00 0.00000000E+00
 1  4 0.00000000E+00 4.30110850E-04 4.30110850E-04-8.60221701E-04 0.00000000E+00
 1  5 0.00000000E+00 0.00000000E+00-1.52438403E-04-1.52438403E-04 3.04876805E-04
 1  6 0.00000000E+00 0.00000000E+00 0.00000000E+00 1.77894320E-03 1.77894320E-03
 1  7-3.55788640E-03 0.00000000E+00 0.00000000E+00 0.00000000E+00 0.00000000E+00
 1  8 0.00000000E+00 0.00000000E+00 0.00000000E+00 0.00000000E+00 0.00000000E+00
 1  9 0.00000000E+00 0.00000000E+00 0.00000000E+00 0.00000000E+00 0.00000000E+00
 1 10 0.00000000E+00 0.00000000E+00 0.00000000E+00 0.00000000E+00 0.00000000E+00
 1 11 0.00000000E+00 0.00000000E+00 0.00000000E+00 0.00000000E+00-2.01540431E-06
 1 12-2.01540431E-06-5.37441149E-06 0.00000000E+00 0.00000000E+00 0.00000000E+00
 1 13 0.00000000E+00 0.00000000E+00 0.00000000E+00-1.18009993E-06 4.72039971E-06
 1 14 4.72039971E-06 0.00000000E+00 0.00000000E+00 0.00000000E+00
 2  1 0.00000000E+00 0.00000000E+00 1.00004852E+00 0.00000000E+00 0.00000000E+00
 2  2 0.00000000E+00 0.00000000E+00 0.00000000E+00 1.74815768E-05 0.00000000E+00
 2  3 0.00000000E+00 8.99441136E-05 0.00000000E+00 0.00000000E+00-2.34668740E-04
 2  4 0.00000000E+00 0.00000000E+00 0.00000000E+00 0.00000000E+00 0.00000000E+00
 2  5 0.00000000E+00 0.00000000E+00 0.00000000E+00 0.00000000E+00 0.00000000E+00
 2  6 0.00000000E+00 0.00000000E+00 0.00000000E+00 0.00000000E+00 0.00000000E+00
 2  7 0.00000000E+00 0.00000000E+00 0.00000000E+00 0.00000000E+00 0.00000000E+00
 2  8-6.12889416E-04 0.00000000E+00-2.74092480E-04 0.00000000E+00 0.00000000E+00
 2  9 0.00000000E+00 0.00000000E+00 1.09636992E-03 0.00000000E+00 0.00000000E+00
 2 10-1.83902173E-03 0.00000000E+00-8.22435518E-04 0.00000000E+00 0.00000000E+00
 2 11 0.00000000E+00 0.00000000E+00 3.28974207E-03 0.00000000E+00 0.00000000E+00
 2 12 0.00000000E+00 0.00000000E+00 0.00000000E+00 0.00000000E+00 0.00000000E+00
 2 13 0.00000000E+00 0.00000000E+00 0.00000000E+00 0.00000000E+00 0.00000000E+00
 2 14 0.00000000E+00 0.00000000E+00 0.00000000E+00 0.00000000E+00
 3  1 0.00000000E+00 1.00004852E+00 0.00000000E+00 0.00000000E+00 0.00000000E+00
 3  2 0.00000000E+00 0.00000000E+00 1.74815768E-05 0.00000000E+00 0.00000000E+00
 3  3 8.99441136E-05 0.00000000E+00 0.00000000E+00-2.34668740E-04 0.00000000E+00
 3  4 0.00000000E+00 0.00000000E+00 0.00000000E+00 0.00000000E+00 0.00000000E+00
 3  5 0.00000000E+00 0.00000000E+00 0.00000000E+00 0.00000000E+00 0.00000000E+00
 3  6 0.00000000E+00 0.00000000E+00 0.00000000E+00 0.00000000E+00 0.00000000E+00
 3  7 0.00000000E+00 0.00000000E+00 0.00000000E+00 0.00000000E+00-6.12889416E-04
 3  8 0.00000000E+00 0.00000000E+00 0.00000000E+00 0.00000000E+00-2.74092480E-04
 3  9 0.00000000E+00 1.09636992E-03 0.00000000E+00 0.00000000E+00-1.83902173E-03
 3 10 0.00000000E+00 0.00000000E+00 0.00000000E+00 0.00000000E+00-8.22435518E-04
 3 11 0.00000000E+00 3.28974207E-03 0.00000000E+00 0.00000000E+00 0.00000000E+00
 3 12 0.00000000E+00 0.00000000E+00 0.00000000E+00 0.00000000E+00 0.00000000E+00
 3 13 0.00000000E+00 0.00000000E+00 0.00000000E+00 0.00000000E+00 0.00000000E+00
 3 14 0.00000000E+00 0.00000000E+00 0.00000000E+00 0.00000000E+00
 4  1 0.00000000E+00 0.00000000E+00 0.00000000E+00 1.02627078E+00 0.00000000E+00
 4  2 0.00000000E+00 0.00000000E+00 0.00000000E+00 0.00000000E+00 6.63643547E-03
 4  3 0.00000000E+00 0.00000000E+00-2.27044627E-03 0.00000000E+00 0.00000000E+00
 4  4-4.74055897E-02 0.00000000E+00 0.00000000E+00 0.00000000E+00 0.00000000E+00
 4  5 0.00000000E+00 0.00000000E+00 0.00000000E+00 0.00000000E+00 0.00000000E+00
 4  6 0.00000000E+00 0.00000000E+00 0.00000000E+00 0.00000000E+00 0.00000000E+00
 4  7 0.00000000E+00 0.00000000E+00 0.00000000E+00 0.00000000E+00 0.00000000E+00
 4  8 0.00000000E+00 2.77340043E-03 0.00000000E+00-1.86045357E-03 0.00000000E+00
 4  9-1.86045357E-03 0.00000000E+00 0.00000000E+00 0.00000000E+00 0.00000000E+00
 4 10 0.00000000E+00 7.51742448E-03 0.00000000E+00-5.04284165E-03 0.00000000E+00
 4 11-5.04284165E-03 0.00000000E+00 0.00000000E+00 0.00000000E+00 0.00000000E+00
 4 12 0.00000000E+00 0.00000000E+00 0.00000000E+00 0.00000000E+00 0.00000000E+00
 4 13 0.00000000E+00 0.00000000E+00 0.00000000E+00 0.00000000E+00 0.00000000E+00
 4 14 0.00000000E+00 0.00000000E+00 0.00000000E+00 0.00000000E+00
 5  1 0.00000000E+00 0.00000000E+00 0.00000000E+00-6.58298959E-01 0.00000000E+00
 5  2 0.00000000E+00 0.00000000E+00 0.00000000E+00 0.00000000E+00 1.50672238E-01
 5  3 0.00000000E+00 0.00000000E+00-4.05719554E-01 0.00000000E+00 0.00000000E+00
 5  4 1.42835076E+00 0.00000000E+00 0.00000000E+00 0.00000000E+00 0.00000000E+00
 5  5 0.00000000E+00 0.00000000E+00 0.00000000E+00 0.00000000E+00 0.00000000E+00
 5  6 0.00000000E+00 0.00000000E+00 0.00000000E+00 0.00000000E+00 0.00000000E+00
 5  7 0.00000000E+00 0.00000000E+00 0.00000000E+00 0.00000000E+00 0.00000000E+00
 5  8 0.00000000E+00-2.66861871E-03 0.00000000E+00 1.79016386E-03 0.00000000E+00
 5  9 1.79016386E-03 0.00000000E+00 0.00000000E+00 0.00000000E+00 0.00000000E+00
 5 10 0.00000000E+00-7.44554815E-04 0.00000000E+00 4.99462554E-04 0.00000000E+00
 5 11 4.99462554E-04 0.00000000E+00 0.00000000E+00 0.00000000E+00 0.00000000E+00
 5 12 0.00000000E+00 0.00000000E+00 0.00000000E+00 0.00000000E+00 0.00000000E+00
 5 13 0.00000000E+00 0.00000000E+00 0.00000000E+00 0.00000000E+00 0.00000000E+00
 5 14 0.00000000E+00 0.00000000E+00 0.00000000E+00 0.00000000E+00
 6  1 0.00000000E+00-6.67404480E-01 0.00000000E+00 0.00000000E+00 0.00000000E+00
 6  2 0.00000000E+00 0.00000000E+00 1.73244063E-01 0.00000000E+00 0.00000000E+00
 6  3-4.69021124E-01 0.00000000E+00 0.00000000E+00 1.44248782E+00 0.00000000E+00
 6  4 0.00000000E+00 0.00000000E+00 0.00000000E+00 0.00000000E+00 0.00000000E+00
 6  5 0.00000000E+00 0.00000000E+00 0.00000000E+00 0.00000000E+00 0.00000000E+00
 6  6 0.00000000E+00 0.00000000E+00 0.00000000E+00 0.00000000E+00 0.00000000E+00
 6  7 0.00000000E+00 0.00000000E+00 0.00000000E+00 0.00000000E+00 1.31342391E-03
 6  8 0.00000000E+00 0.00000000E+00 0.00000000E+00 0.00000000E+00 5.87381031E-04
 6  9 0.00000000E+00-2.34952412E-03 0.00000000E+00 0.00000000E+00 7.48256565E-04
 6 10 0.00000000E+00 0.00000000E+00 0.00000000E+00 0.00000000E+00 3.34630509E-04
 6 11 0.00000000E+00-1.33852203E-03 0.00000000E+00 0.00000000E+00 0.00000000E+00
 6 12 0.00000000E+00 0.00000000E+00 0.00000000E+00 0.00000000E+00 0.00000000E+00
 6 13 0.00000000E+00 0.00000000E+00 0.00000000E+00 0.00000000E+00 0.00000000E+00
 6 14 0.00000000E+00 0.00000000E+00 0.00000000E+00 0.00000000E+00
 7  1 0.00000000E+00 0.00000000E+00-6.67404480E-01 0.00000000E+00 0.00000000E+00
 7  2 0.00000000E+00 0.00000000E+00 0.00000000E+00 1.73244063E-01 0.00000000E+00
 7  3 0.00000000E+00-4.69021124E-01 0.00000000E+00 0.00000000E+00 1.44248782E+00
 7  4 0.00000000E+00 0.00000000E+00 0.00000000E+00 0.00000000E+00 0.00000000E+00
 7  5 0.00000000E+00 0.00000000E+00 0.00000000E+00 0.00000000E+00 0.00000000E+00
 7  6 0.00000000E+00 0.00000000E+00 0.00000000E+00 0.00000000E+00 0.00000000E+00
 7  7 0.00000000E+00 0.00000000E+00 0.00000000E+00 0.00000000E+00 0.00000000E+00
 7  8 1.31342391E-03 0.00000000E+00 5.87381031E-04 0.00000000E+00 0.00000000E+00
 7  9 0.00000000E+00 0.00000000E+00-2.34952412E-03 0.00000000E+00 0.00000000E+00
 7 10 7.48256565E-04 0.00000000E+00 3.34630509E-04 0.00000000E+00 0.00000000E+00
 7 11 0.00000000E+00 0.00000000E+00-1.33852203E-03 0.00000000E+00 0.00000000E+00
 7 12 0.00000000E+00 0.00000000E+00 0.00000000E+00 0.00000000E+00 0.00000000E+00
 7 13 0.00000000E+00 0.00000000E+00 0.00000000E+00 0.00000000E+00 0.00000000E+00
 7 14 0.00000000E+00 0.00000000E+00 0.00000000E+00 0.00000000E+00
 8  1 4.94818434E-01 0.00000000E+00 0.00000000E+00 0.00000000E+00-8.52801535E-01
 8  2 2.02053366E+00-1.88244971E+00 0.00000000E+00 0.00000000E+00 0.00000000E+00
 8  3 0.00000000E+00 0.00000000E+00 0.00000000E+00 0.00000000E+00 0.00000000E+00
 8  4 0.00000000E+00-8.63127174E-04-8.63127174E-04 1.72625435E-03 0.00000000E+00
 8  5 0.00000000E+00 0.00000000E+00-8.71757753E-03-8.71757753E-03 1.74351551E-02
 8  6 0.00000000E+00 0.00000000E+00 0.00000000E+00 1.55294935E-02 1.55294935E-02
 8  7-3.10589871E-02 0.00000000E+00 0.00000000E+00 0.00000000E+00 0.00000000E+00
 8  8 0.00000000E+00 0.00000000E+00 0.00000000E+00 0.00000000E+00 0.00000000E+00
 8  9 0.00000000E+00 0.00000000E+00 0.00000000E+00 0.00000000E+00 0.00000000E+00
 8 10 0.00000000E+00 0.00000000E+00 0.00000000E+00 0.00000000E+00 0.00000000E+00
 8 11 0.00000000E+00 0.00000000E+00 0.00000000E+00 0.00000000E+00 1.05025792E-05
 8 12 1.05025792E-05 2.80068779E-05 0.00000000E+00 0.00000000E+00 0.00000000E+00
 8 13 0.00000000E+00 0.00000000E+00 0.00000000E+00 6.14968070E-06-2.45987228E-05
 8 14-2.45987228E-05 0.00000000E+00 0.00000000E+00 0.00000000E+00
 9  1 2.75992103E-04 0.00000000E+00 0.00000000E+00 0.00000000E+00-4.01075569E-02
 9  2 7.49812287E-02-3.80351847E-02 0.00000000E+00 0.00000000E+00 0.00000000E+00
 9  3 0.00000000E+00 0.00000000E+00 0.00000000E+00 0.00000000E+00 0.00000000E+00
 9  4 0.00000000E+00-2.68856526E-02-2.68856526E-02 5.37713052E-02 0.00000000E+00
 9  5 0.00000000E+00 0.00000000E+00 4.48385491E-02 4.48385491E-02-8.96770983E-02
 9  6 0.00000000E+00 0.00000000E+00 0.00000000E+00-5.21920724E-01-5.21920724E-01
 9  7 1.04384145E+00 0.00000000E+00 0.00000000E+00 0.00000000E+00 0.00000000E+00
 9  8 0.00000000E+00 0.00000000E+00 0.00000000E+00 0.00000000E+00 0.00000000E+00
 9  9 0.00000000E+00 0.00000000E+00 0.00000000E+00 0.00000000E+00 0.00000000E+00
 9 10 0.00000000E+00 0.00000000E+00 0.00000000E+00 0.00000000E+00 0.00000000E+00
 9 11 0.00000000E+00 0.00000000E+00 0.00000000E+00 0.00000000E+00 1.55760378E-03
 9 12 1.55760378E-03 4.15361007E-03 0.00000000E+00 0.00000000E+00 0.00000000E+00
 9 13 0.00000000E+00 0.00000000E+00 0.00000000E+00 9.12039384E-04-3.64815754E-03
 9 14-3.64815754E-03 0.00000000E+00 0.00000000E+00 0.00000000E+00
10  1 0.00000000E+00 0.00000000E+00 0.00000000E+00 0.00000000E+00 0.00000000E+00
10  2 0.00000000E+00 0.00000000E+00 0.00000000E+00 0.00000000E+00 0.00000000E+00
10  3 0.00000000E+00 0.00000000E+00 0.00000000E+00 0.00000000E+00 0.00000000E+00
10  4 0.00000000E+00 0.00000000E+00 0.00000000E+00 0.00000000E+00 0.00000000E+00
10  5 0.00000000E+00 5.38525381E-02 0.00000000E+00 0.00000000E+00 0.00000000E+00
10  6 0.00000000E+00 0.00000000E+00-9.56394781E-02 0.00000000E+00 0.00000000E+00
10  7 0.00000000E+00 0.00000000E+00 0.00000000E+00 1.04754637E+00 0.00000000E+00
10  8 0.00000000E+00 0.00000000E+00 0.00000000E+00 0.00000000E+00 0.00000000E+00
10  9 0.00000000E+00 0.00000000E+00 0.00000000E+00 0.00000000E+00 0.00000000E+00
10 10 0.00000000E+00 0.00000000E+00 0.00000000E+00 0.00000000E+00 0.00000000E+00
10 11 0.00000000E+00 0.00000000E+00 0.00000000E+00 0.00000000E+00 0.00000000E+00
10 12 0.00000000E+00 0.00000000E+00 0.00000000E+00 0.00000000E+00 0.00000000E+00
10 13-3.35149393E-03 0.00000000E+00 4.46865857E-03 0.00000000E+00 0.00000000E+00
10 14 0.00000000E+00-1.49883365E-03 0.00000000E+00 0.00000000E+00
11  1 0.00000000E+00 0.00000000E+00 0.00000000E+00 0.00000000E+00 0.00000000E+00
11  2 0.00000000E+00 0.00000000E+00 0.00000000E+00 0.00000000E+00 0.00000000E+00
11  3 0.00000000E+00 0.00000000E+00 0.00000000E+00 0.00000000E+00 0.00000000E+00
11  4 0.00000000E+00 0.00000000E+00 0.00000000E+00 0.00000000E+00 0.00000000E+00
11  5 5.38525381E-02 0.00000000E+00 0.00000000E+00 0.00000000E+00 0.00000000E+00
11  6 0.00000000E+00-9.56394781E-02 0.00000000E+00 0.00000000E+00 0.00000000E+00
11  7 0.00000000E+00 0.00000000E+00 1.04754637E+00 0.00000000E+00 0.00000000E+00
11  8 0.00000000E+00 0.00000000E+00 0.00000000E+00 0.00000000E+00 0.00000000E+00
11  9 0.00000000E+00 0.00000000E+00 0.00000000E+00 0.00000000E+00 0.00000000E+00
11 10 0.00000000E+00 0.00000000E+00 0.00000000E+00 0.00000000E+00 0.00000000E+00
11 11 0.00000000E+00 0.00000000E+00 0.00000000E+00 0.00000000E+00 0.00000000E+00
11 12 0.00000000E+00 0.00000000E+00 0.00000000E+00-3.35149393E-03 0.00000000E+00
11 13 0.00000000E+00 4.46865857E-03 0.00000000E+00 0.00000000E+00 0.00000000E+00
11 14 0.00000000E+00 0.00000000E+00-1.49883365E-03 0.00000000E+00
12  1 0.00000000E+00 0.00000000E+00 0.00000000E+00 0.00000000E+00 0.00000000E+00
12  2 0.00000000E+00 0.00000000E+00 0.00000000E+00 0.00000000E+00 0.00000000E+00
12  3 0.00000000E+00 0.00000000E+00 0.00000000E+00 0.00000000E+00 0.00000000E+00
12  4 0.00000000E+00 0.00000000E+00 0.00000000E+00 0.00000000E+00 5.41250670E-02
12  5 0.00000000E+00 0.00000000E+00 0.00000000E+00 0.00000000E+00 0.00000000E+00
12  6-1.09513698E-01 0.00000000E+00 0.00000000E+00 0.00000000E+00 0.00000000E+00
12  7 0.00000000E+00 1.05554458E+00 0.00000000E+00 0.00000000E+00 0.00000000E+00
12  8 0.00000000E+00 0.00000000E+00 0.00000000E+00 0.00000000E+00 0.00000000E+00
12  9 0.00000000E+00 0.00000000E+00 0.00000000E+00 0.00000000E+00 0.00000000E+00
12 10 0.00000000E+00 0.00000000E+00 0.00000000E+00 0.00000000E+00 0.00000000E+00
12 11 0.00000000E+00 0.00000000E+00 0.00000000E+00 0.00000000E+00 0.00000000E+00
12 12 0.00000000E+00 0.00000000E+00-1.07618291E-03 0.00000000E+00-1.07618291E-03
12 13 0.00000000E+00 0.00000000E+00 0.00000000E+00 0.00000000E+00 0.00000000E+00
12 14 0.00000000E+00 0.00000000E+00 0.00000000E+00 2.88770178E-03
13  1 0.00000000E+00 0.00000000E+00 0.00000000E+00 0.00000000E+00 0.00000000E+00
13  2 0.00000000E+00 0.00000000E+00 0.00000000E+00 0.00000000E+00 0.00000000E+00
13  3 0.00000000E+00 0.00000000E+00 0.00000000E+00 0.00000000E+00 0.00000000E+00
13  4 0.00000000E+00 4.68736830E-02-4.68736830E-02 0.00000000E+00 0.00000000E+00
13  5 0.00000000E+00 0.00000000E+00-9.48416443E-02 9.48416443E-02 0.00000000E+00
13  6 0.00000000E+00 0.00000000E+00 0.00000000E+00 9.14128421E-01-9.14128421E-01
13  7 0.00000000E+00 0.00000000E+00 0.00000000E+00 0.00000000E+00 0.00000000E+00
13  8 0.00000000E+00 0.00000000E+00 0.00000000E+00 0.00000000E+00 0.00000000E+00
13  9 0.00000000E+00 0.00000000E+00 0.00000000E+00 0.00000000E+00 0.00000000E+00
13 10 0.00000000E+00 0.00000000E+00 0.00000000E+00 0.00000000E+00 0.00000000E+00
13 11 0.00000000E+00 0.00000000E+00 0.00000000E+00 0.00000000E+00-1.42365617E-03
13 12 1.42365617E-03 0.00000000E+00 0.00000000E+00 0.00000000E+00 0.00000000E+00
13 13 0.00000000E+00 0.00000000E+00 0.00000000E+00 0.00000000E+00 2.50082310E-03
13 14-2.50082310E-03 0.00000000E+00 0.00000000E+00 0.00000000E+00
14  1 0.00000000E+00 0.00000000E+00 0.00000000E+00-9.07592980E-01 0.00000000E+00
14  2 0.00000000E+00 0.00000000E+00 0.00000000E+00 0.00000000E+00-9.71849116E-01
14  3 0.00000000E+00 0.00000000E+00 2.35751636E+00 0.00000000E+00 0.00000000E+00
14  4-5.68523735E-01 0.00000000E+00 0.00000000E+00 0.00000000E+00 0.00000000E+00
14  5 0.00000000E+00 0.00000000E+00 0.00000000E+00 0.00000000E+00 0.00000000E+00
14  6 0.00000000E+00 0.00000000E+00 0.00000000E+00 0.00000000E+00 0.00000000E+00
14  7 0.00000000E+00 0.00000000E+00 0.00000000E+00 0.00000000E+00 0.00000000E+00
14  8 0.00000000E+00-6.38795310E-03 0.00000000E+00 4.28516921E-03 0.00000000E+00
14  9 4.28516921E-03 0.00000000E+00 0.00000000E+00 0.00000000E+00 0.00000000E+00
14 10 0.00000000E+00 1.90099230E-02 0.00000000E+00-1.27522440E-02 0.00000000E+00
14 11-1.27522440E-02 0.00000000E+00 0.00000000E+00 0.00000000E+00 0.00000000E+00
14 12 0.00000000E+00 0.00000000E+00 0.00000000E+00 0.00000000E+00 0.00000000E+00
14 13 0.00000000E+00 0.00000000E+00 0.00000000E+00 0.00000000E+00 0.00000000E+00
14 14 0.00000000E+00 0.00000000E+00 0.00000000E+00 0.00000000E+00
15  1 0.00000000E+00-8.98915739E-01 0.00000000E+00 0.00000000E+00 0.00000000E+00
15  2 0.00000000E+00 0.00000000E+00-9.91781419E-01 0.00000000E+00 0.00000000E+00
15  3 2.33929624E+00 0.00000000E+00 0.00000000E+00-5.40888760E-01 0.00000000E+00
15  4 0.00000000E+00 0.00000000E+00 0.00000000E+00 0.00000000E+00 0.00000000E+00
15  5 0.00000000E+00 0.00000000E+00 0.00000000E+00 0.00000000E+00 0.00000000E+00
15  6 0.00000000E+00 0.00000000E+00 0.00000000E+00 0.00000000E+00 0.00000000E+00
15  7 0.00000000E+00 0.00000000E+00 0.00000000E+00 0.00000000E+00 3.26296238E-03
15  8 0.00000000E+00 0.00000000E+00 0.00000000E+00 0.00000000E+00 1.45924114E-03
15  9 0.00000000E+00-5.83696455E-03 0.00000000E+00 0.00000000E+00-9.70750298E-03
15 10 0.00000000E+00 0.00000000E+00 0.00000000E+00 0.00000000E+00-4.34132731E-03
15 11 0.00000000E+00 1.73653092E-02 0.00000000E+00 0.00000000E+00 0.00000000E+00
15 12 0.00000000E+00 0.00000000E+00 0.00000000E+00 0.00000000E+00 0.00000000E+00
15 13 0.00000000E+00 0.00000000E+00 0.00000000E+00 0.00000000E+00 0.00000000E+00
15 14 0.00000000E+00 0.00000000E+00 0.00000000E+00 0.00000000E+00
16  1 0.00000000E+00 0.00000000E+00-8.98915739E-01 0.00000000E+00 0.00000000E+00
16  2 0.00000000E+00 0.00000000E+00 0.00000000E+00-9.91781419E-01 0.00000000E+00
16  3 0.00000000E+00 2.33929624E+00 0.00000000E+00 0.00000000E+00-5.40888760E-01
16  4 0.00000000E+00 0.00000000E+00 0.00000000E+00 0.00000000E+00 0.00000000E+00
16  5 0.00000000E+00 0.00000000E+00 0.00000000E+00 0.00000000E+00 0.00000000E+00
16  6 0.00000000E+00 0.00000000E+00 0.00000000E+00 0.00000000E+00 0.00000000E+00
16  7 0.00000000E+00 0.00000000E+00 0.00000000E+00 0.00000000E+00 0.00000000E+00
16  8 3.26296238E-03 0.00000000E+00 1.45924114E-03 0.00000000E+00 0.00000000E+00
16  9 0.00000000E+00 0.00000000E+00-5.83696455E-03 0.00000000E+00 0.00000000E+00
16 10-9.70750298E-03 0.00000000E+00-4.34132731E-03 0.00000000E+00 0.00000000E+00
16 11 0.00000000E+00 0.00000000E+00 1.73653092E-02 0.00000000E+00 0.00000000E+00
16 12 0.00000000E+00 0.00000000E+00 0.00000000E+00 0.00000000E+00 0.00000000E+00
16 13 0.00000000E+00 0.00000000E+00 0.00000000E+00 0.00000000E+00 0.00000000E+00
16 14 0.00000000E+00 0.00000000E+00 0.00000000E+00 0.00000000E+00
17  1 0.00000000E+00 0.00000000E+00 0.00000000E+00-1.60525902E-02 0.00000000E+00
17  2 0.00000000E+00 0.00000000E+00 0.00000000E+00 0.00000000E+00 3.02957607E-02
17  3 0.00000000E+00 0.00000000E+00-3.50277892E-02 0.00000000E+00 0.00000000E+00
17  4 1.86457222E-02 0.00000000E+00 0.00000000E+00 0.00000000E+00 0.00000000E+00
17  5 0.00000000E+00 0.00000000E+00 0.00000000E+00 0.00000000E+00 0.00000000E+00
17  6 0.00000000E+00 0.00000000E+00 0.00000000E+00 0.00000000E+00 0.00000000E+00
17  7 0.00000000E+00 0.00000000E+00 0.00000000E+00 0.00000000E+00 0.00000000E+00
17  8 0.00000000E+00-8.92066688E-02 0.00000000E+00 5.98416527E-02 0.00000000E+00
17  9 5.98416527E-02 0.00000000E+00 0.00000000E+00 0.00000000E+00 0.00000000E+00
17 10 0.00000000E+00 1.04121765E+00 0.00000000E+00-6.98470036E-01 0.00000000E+00
17 11-6.98470036E-01 0.00000000E+00 0.00000000E+00 0.00000000E+00 0.00000000E+00
17 12 0.00000000E+00 0.00000000E+00 0.00000000E+00 0.00000000E+00 0.00000000E+00
17 13 0.00000000E+00 0.00000000E+00 0.00000000E+00 0.00000000E+00 0.00000000E+00
17 14 0.00000000E+00 0.00000000E+00 0.00000000E+00 0.00000000E+00
18  1 0.00000000E+00-8.86034358E-03 0.00000000E+00 0.00000000E+00 0.00000000E+00
18  2 0.00000000E+00 0.00000000E+00 2.49770519E-02 0.00000000E+00 0.00000000E+00
18  3-2.95034044E-02 0.00000000E+00 0.00000000E+00 1.53437086E-02 0.00000000E+00
18  4 0.00000000E+00 0.00000000E+00 0.00000000E+00 0.00000000E+00 0.00000000E+00
18  5 0.00000000E+00 0.00000000E+00 0.00000000E+00 0.00000000E+00 0.00000000E+00
18  6 0.00000000E+00 0.00000000E+00 0.00000000E+00 0.00000000E+00 0.00000000E+00
18  7 0.00000000E+00 0.00000000E+00 0.00000000E+00 0.00000000E+00 5.48237641E-02
18  8 0.00000000E+00 0.00000000E+00 0.00000000E+00 0.00000000E+00 2.45179327E-02
18  9 0.00000000E+00-9.80717307E-02 0.00000000E+00 0.00000000E+00-6.37742670E-01
18 10 0.00000000E+00 0.00000000E+00 0.00000000E+00 0.00000000E+00-2.85207192E-01
18 11 0.00000000E+00 1.14082877E+00 0.00000000E+00 0.00000000E+00 0.00000000E+00
18 12 0.00000000E+00 0.00000000E+00 0.00000000E+00 0.00000000E+00 0.00000000E+00
18 13 0.00000000E+00 0.00000000E+00 0.00000000E+00 0.00000000E+00 0.00000000E+00
18 14 0.00000000E+00 0.00000000E+00 0.00000000E+00 0.00000000E+00
19  1 0.00000000E+00 0.00000000E+00-8.86034358E-03 0.00000000E+00 0.00000000E+00
19  2 0.00000000E+00 0.00000000E+00 0.00000000E+00 2.49770519E-02 0.00000000E+00
19  3 0.00000000E+00-2.95034044E-02 0.00000000E+00 0.00000000E+00 1.53437086E-02
19  4 0.00000000E+00 0.00000000E+00 0.00000000E+00 0.00000000E+00 0.00000000E+00
19  5 0.00000000E+00 0.00000000E+00 0.00000000E+00 0.00000000E+00 0.00000000E+00
19  6 0.00000000E+00 0.00000000E+00 0.00000000E+00 0.00000000E+00 0.00000000E+00
19  7 0.00000000E+00 0.00000000E+00 0.00000000E+00 0.00000000E+00 0.00000000E+00
19  8 5.48237641E-02 0.00000000E+00 2.45179327E-02 0.00000000E+00 0.00000000E+00
19  9 0.00000000E+00 0.00000000E+00-9.80717307E-02 0.00000000E+00 0.00000000E+00
19 10-6.37742670E-01 0.00000000E+00-2.85207192E-01 0.00000000E+00 0.00000000E+00
19 11 0.00000000E+00 0.00000000E+00 1.14082877E+00 0.00000000E+00 0.00000000E+00
19 12 0.00000000E+00 0.00000000E+00 0.00000000E+00 0.00000000E+00 0.00000000E+00
19 13 0.00000000E+00 0.00000000E+00 0.00000000E+00 0.00000000E+00 0.00000000E+00
19 14 0.00000000E+00 0.00000000E+00 0.00000000E+00 0.00000000E+00
20  1 0.00000000E+00 0.00000000E+00 0.00000000E+00 0.00000000E+00 0.00000000E+00
20  2 0.00000000E+00 0.00000000E+00 0.00000000E+00 0.00000000E+00 0.00000000E+00
20  3 0.00000000E+00 0.00000000E+00 0.00000000E+00 0.00000000E+00 0.00000000E+00
20  4 0.00000000E+00 0.00000000E+00 0.00000000E+00 0.00000000E+00 0.00000000E+00
20  5 0.00000000E+00 0.00000000E+00 0.00000000E+00 0.00000000E+00 0.00000000E+00
20  6 0.00000000E+00 0.00000000E+00 0.00000000E+00 0.00000000E+00 0.00000000E+00
20  7 0.00000000E+00 0.00000000E+00 0.00000000E+00 0.00000000E+00 0.00000000E+00
20  8 0.00000000E+00 0.00000000E+00 0.00000000E+00 0.00000000E+00 0.00000000E+00
20  9 0.00000000E+00 0.00000000E+00 0.00000000E+00-9.05415667E-02 0.00000000E+00
20 10 0.00000000E+00 0.00000000E+00 0.00000000E+00 0.00000000E+00 0.00000000E+00
20 11 0.00000000E+00 0.00000000E+00 0.00000000E+00 1.04196916E+00 0.00000000E+00
20 12 0.00000000E+00 0.00000000E+00 0.00000000E+00 0.00000000E+00 0.00000000E+00
20 13 0.00000000E+00 0.00000000E+00 0.00000000E+00 0.00000000E+00 0.00000000E+00
20 14 0.00000000E+00 0.00000000E+00 0.00000000E+00 0.00000000E+00
21  1 0.00000000E+00 0.00000000E+00 0.00000000E+00 0.00000000E+00 0.00000000E+00
21  2 0.00000000E+00 0.00000000E+00 0.00000000E+00 0.00000000E+00 0.00000000E+00
21  3 0.00000000E+00 0.00000000E+00 0.00000000E+00 0.00000000E+00 0.00000000E+00
21  4 0.00000000E+00 0.00000000E+00 0.00000000E+00 0.00000000E+00 0.00000000E+00
21  5 0.00000000E+00 0.00000000E+00 0.00000000E+00 0.00000000E+00 0.00000000E+00
21  6 0.00000000E+00 0.00000000E+00 0.00000000E+00 0.00000000E+00 0.00000000E+00
21  7 0.00000000E+00 0.00000000E+00 0.00000000E+00 0.00000000E+00 0.00000000E+00
21  8 0.00000000E+00 0.00000000E+00 0.00000000E+00-7.84112969E-02 0.00000000E+00
21  9 7.84112969E-02 0.00000000E+00 0.00000000E+00 0.00000000E+00 0.00000000E+00
21 10 0.00000000E+00 0.00000000E+00 0.00000000E+00 9.02371760E-01 0.00000000E+00
21 11-9.02371760E-01 0.00000000E+00 0.00000000E+00 0.00000000E+00 0.00000000E+00
21 12 0.00000000E+00 0.00000000E+00 0.00000000E+00 0.00000000E+00 0.00000000E+00
21 13 0.00000000E+00 0.00000000E+00 0.00000000E+00 0.00000000E+00 0.00000000E+00
21 14 0.00000000E+00 0.00000000E+00 0.00000000E+00 0.00000000E+00
22  1 0.00000000E+00 0.00000000E+00 0.00000000E+00 0.00000000E+00 0.00000000E+00
22  2 0.00000000E+00 0.00000000E+00 0.00000000E+00 0.00000000E+00 0.00000000E+00
22  3 0.00000000E+00 0.00000000E+00 0.00000000E+00 0.00000000E+00 0.00000000E+00
22  4 0.00000000E+00 0.00000000E+00 0.00000000E+00 0.00000000E+00 0.00000000E+00
22  5 0.00000000E+00 0.00000000E+00 0.00000000E+00 0.00000000E+00 0.00000000E+00
22  6 0.00000000E+00 0.00000000E+00 0.00000000E+00 0.00000000E+00 0.00000000E+00
22  7 0.00000000E+00 0.00000000E+00 0.00000000E+00 0.00000000E+00 7.27894226E-02
22  8 0.00000000E+00 0.00000000E+00 0.00000000E+00 0.00000000E+00-9.76572583E-02
22  9 0.00000000E+00 0.00000000E+00 0.00000000E+00 0.00000000E+00-8.24267730E-01
22 10 0.00000000E+00 0.00000000E+00 0.00000000E+00 0.00000000E+00 1.10587121E+00
22 11 0.00000000E+00 0.00000000E+00 0.00000000E+00 0.00000000E+00 0.00000000E+00
22 12 0.00000000E+00 0.00000000E+00 0.00000000E+00 0.00000000E+00 0.00000000E+00
22 13 0.00000000E+00 0.00000000E+00 0.00000000E+00 0.00000000E+00 0.00000000E+00
22 14 0.00000000E+00 0.00000000E+00 0.00000000E+00 0.00000000E+00
23  1 0.00000000E+00 0.00000000E+00 0.00000000E+00 0.00000000E+00 0.00000000E+00
23  2 0.00000000E+00 0.00000000E+00 0.00000000E+00 0.00000000E+00 0.00000000E+00
23  3 0.00000000E+00 0.00000000E+00 0.00000000E+00 0.00000000E+00 0.00000000E+00
23  4 0.00000000E+00 0.00000000E+00 0.00000000E+00 0.00000000E+00 0.00000000E+00
23  5 0.00000000E+00 0.00000000E+00 0.00000000E+00 0.00000000E+00 0.00000000E+00
23  6 0.00000000E+00 0.00000000E+00 0.00000000E+00 0.00000000E+00 0.00000000E+00
23  7 0.00000000E+00 0.00000000E+00 0.00000000E+00 0.00000000E+00 0.00000000E+00
23  8 7.27894226E-02 0.00000000E+00-9.76572583E-02 0.00000000E+00 0.00000000E+00
23  9 0.00000000E+00 0.00000000E+00 0.00000000E+00 0.00000000E+00 0.00000000E+00
23 10-8.24267730E-01 0.00000000E+00 1.10587121E+00 0.00000000E+00 0.00000000E+00
23 11 0.00000000E+00 0.00000000E+00 0.00000000E+00 0.00000000E+00 0.00000000E+00
23 12 0.00000000E+00 0.00000000E+00 0.00000000E+00 0.00000000E+00 0.00000000E+00
23 13 0.00000000E+00 0.00000000E+00 0.00000000E+00 0.00000000E+00 0.00000000E+00
23 14 0.00000000E+00 0.00000000E+00 0.00000000E+00 0.00000000E+00
24  1 4.84919750E-02 0.00000000E+00 0.00000000E+00 0.00000000E+00 9.43602459E-02
24  2-1.54873517E-01 2.20767164E-02 0.00000000E+00 0.00000000E+00 0.00000000E+00
24  3 0.00000000E+00 0.00000000E+00 0.00000000E+00 0.00000000E+00 0.00000000E+00
24  4 0.00000000E+00 2.16945672E-02 2.16945672E-02-4.33891345E-02 0.00000000E+00
24  5 0.00000000E+00 0.00000000E+00-6.51583081E-01-6.51583081E-01 1.30316616E+00
24  6 0.00000000E+00 0.00000000E+00 0.00000000E+00 3.78704692E-01 3.78704692E-01
24  7-7.57409384E-01 0.00000000E+00 0.00000000E+00 0.00000000E+00 0.00000000E+00
24  8 0.00000000E+00 0.00000000E+00 0.00000000E+00 0.00000000E+00 0.00000000E+00
24  9 0.00000000E+00 0.00000000E+00 0.00000000E+00 0.00000000E+00 0.00000000E+00
24 10 0.00000000E+00 0.00000000E+00 0.00000000E+00 0.00000000E+00 0.00000000E+00
24 11 0.00000000E+00 0.00000000E+00 0.00000000E+00 0.00000000E+00 3.78136402E-03
24 12 3.78136402E-03 1.00836374E-02 0.00000000E+00 0.00000000E+00 0.00000000E+00
24 13 0.00000000E+00 0.00000000E+00 0.00000000E+00 2.21414005E-03-8.85656022E-03
24 14-8.85656022E-03 0.00000000E+00 0.00000000E+00 0.00000000E+00
25  1 0.00000000E+00 0.00000000E+00 0.00000000E+00 0.00000000E+00 0.00000000E+00
25  2 0.00000000E+00 0.00000000E+00 0.00000000E+00 0.00000000E+00 0.00000000E+00
25  3 0.00000000E+00 0.00000000E+00 0.00000000E+00 0.00000000E+00 0.00000000E+00
25  4 0.00000000E+00 0.00000000E+00 0.00000000E+00 0.00000000E+00 0.00000000E+00
25  5-4.45944253E-02 0.00000000E+00 0.00000000E+00 0.00000000E+00 0.00000000E+00
25  6 0.00000000E+00 1.30419227E+00 0.00000000E+00 0.00000000E+00 0.00000000E+00
25  7 0.00000000E+00 0.00000000E+00-7.53487324E-01 0.00000000E+00 0.00000000E+00
25  8 0.00000000E+00 0.00000000E+00 0.00000000E+00 0.00000000E+00 0.00000000E+00
25  9 0.00000000E+00 0.00000000E+00 0.00000000E+00 0.00000000E+00 0.00000000E+00
25 10 0.00000000E+00 0.00000000E+00 0.00000000E+00 0.00000000E+00 0.00000000E+00
25 11 0.00000000E+00 0.00000000E+00 0.00000000E+00 0.00000000E+00 0.00000000E+00
25 12 0.00000000E+00 0.00000000E+00 0.00000000E+00-8.26334922E-03 0.00000000E+00
25 13 0.00000000E+00 1.10177990E-02 0.00000000E+00 0.00000000E+00 0.00000000E+00
25 14 0.00000000E+00 0.00000000E+00-3.69548212E-03 0.00000000E+00
26  1 0.00000000E+00 0.00000000E+00 0.00000000E+00 0.00000000E+00 0.00000000E+00
26  2 0.00000000E+00 0.00000000E+00 0.00000000E+00 0.00000000E+00 0.00000000E+00
26  3 0.00000000E+00 0.00000000E+00 0.00000000E+00 0.00000000E+00 0.00000000E+00
26  4 0.00000000E+00 0.00000000E+00 0.00000000E+00 0.00000000E+00 0.00000000E+00
26  5 0.00000000E+00-4.45944253E-02 0.00000000E+00 0.00000000E+00 0.00000000E+00
26  6 0.00000000E+00 0.00000000E+00 1.30419227E+00 0.00000000E+00 0.00000000E+00
26  7 0.00000000E+00 0.00000000E+00 0.00000000E+00-7.53487324E-01 0.00000000E+00
26  8 0.00000000E+00 0.00000000E+00 0.00000000E+00 0.00000000E+00 0.00000000E+00
26  9 0.00000000E+00 0.00000000E+00 0.00000000E+00 0.00000000E+00 0.00000000E+00
26 10 0.00000000E+00 0.00000000E+00 0.00000000E+00 0.00000000E+00 0.00000000E+00
26 11 0.00000000E+00 0.00000000E+00 0.00000000E+00 0.00000000E+00 0.00000000E+00
26 12 0.00000000E+00 0.00000000E+00 0.00000000E+00 0.00000000E+00 0.00000000E+00
26 13-8.26334922E-03 0.00000000E+00 1.10177990E-02 0.00000000E+00 0.00000000E+00
26 14 0.00000000E+00-3.69548212E-03 0.00000000E+00 0.00000000E+00
27  1 0.00000000E+00 0.00000000E+00 0.00000000E+00 0.00000000E+00 0.00000000E+00
27  2 0.00000000E+00 0.00000000E+00 0.00000000E+00 0.00000000E+00 0.00000000E+00
27  3 0.00000000E+00 0.00000000E+00 0.00000000E+00 0.00000000E+00 0.00000000E+00
27  4 0.00000000E+00-4.12956721E-02 4.12956721E-02 0.00000000E+00 0.00000000E+00
27  5 0.00000000E+00 0.00000000E+00 1.13104150E+00-1.13104150E+00 0.00000000E+00
27  6 0.00000000E+00 0.00000000E+00 0.00000000E+00-6.43614639E-01 6.43614639E-01
27  7 0.00000000E+00 0.00000000E+00 0.00000000E+00 0.00000000E+00 0.00000000E+00
27  8 0.00000000E+00 0.00000000E+00 0.00000000E+00 0.00000000E+00 0.00000000E+00
27  9 0.00000000E+00 0.00000000E+00 0.00000000E+00 0.00000000E+00 0.00000000E+00
27 10 0.00000000E+00 0.00000000E+00 0.00000000E+00 0.00000000E+00 0.00000000E+00
27 11 0.00000000E+00 0.00000000E+00 0.00000000E+00 0.00000000E+00-3.64953258E-03
27 12 3.64953258E-03 0.00000000E+00 0.00000000E+00 0.00000000E+00 0.00000000E+00
27 13 0.00000000E+00 0.00000000E+00 0.00000000E+00 0.00000000E+00 6.41084240E-03
27 14-6.41084240E-03 0.00000000E+00 0.00000000E+00 0.00000000E+00
28  1 0.00000000E+00 0.00000000E+00 0.00000000E+00 0.00000000E+00 0.00000000E+00
28  2 0.00000000E+00 0.00000000E+00 0.00000000E+00 0.00000000E+00 0.00000000E+00
28  3 0.00000000E+00 0.00000000E+00 0.00000000E+00 0.00000000E+00 0.00000000E+00
28  4 0.00000000E+00 0.00000000E+00 0.00000000E+00 0.00000000E+00-4.76841348E-02
28  5 0.00000000E+00 0.00000000E+00 0.00000000E+00 0.00000000E+00 0.00000000E+00
28  6 1.30601423E+00 0.00000000E+00 0.00000000E+00 0.00000000E+00 0.00000000E+00
28  7 0.00000000E+00-7.43182170E-01 0.00000000E+00 0.00000000E+00 0.00000000E+00
28  8 0.00000000E+00 0.00000000E+00 0.00000000E+00 0.00000000E+00 0.00000000E+00
28  9 0.00000000E+00 0.00000000E+00 0.00000000E+00 0.00000000E+00 0.00000000E+00
28 10 0.00000000E+00 0.00000000E+00 0.00000000E+00 0.00000000E+00 0.00000000E+00
28 11 0.00000000E+00 0.00000000E+00 0.00000000E+00 0.00000000E+00 0.00000000E+00
28 12 0.00000000E+00 0.00000000E+00-2.75878732E-03 0.00000000E+00-2.75878732E-03
28 13 0.00000000E+00 0.00000000E+00 0.00000000E+00 0.00000000E+00 0.00000000E+00
28 14 0.00000000E+00 0.00000000E+00 0.00000000E+00 7.40260317E-03
29  1-3.15204121E+00 0.00000000E+00 0.00000000E+00 0.00000000E+00-5.24378183E+00
29  2 7.81835039E+00 1.36816838E-01 0.00000000E+00 0.00000000E+00 0.00000000E+00
29  3 0.00000000E+00 0.00000000E+00 0.00000000E+00 0.00000000E+00 0.00000000E+00
29  4 0.00000000E+00 6.87403031E-03 6.87403031E-03-1.37480606E-02 0.00000000E+00
29  5 0.00000000E+00 0.00000000E+00-1.53422169E-02-1.53422169E-02 3.06844338E-02
29  6 0.00000000E+00 0.00000000E+00 0.00000000E+00 9.89607373E-03 9.89607373E-03
29  7-1.97921475E-02 0.00000000E+00 0.00000000E+00 0.00000000E+00 0.00000000E+00
29  8 0.00000000E+00 0.00000000E+00 0.00000000E+00 0.00000000E+00 0.00000000E+00
29  9 0.00000000E+00 0.00000000E+00 0.00000000E+00 0.00000000E+00 0.00000000E+00
29 10 0.00000000E+00 0.00000000E+00 0.00000000E+00 0.00000000E+00 0.00000000E+00
29 11 0.00000000E+00 0.00000000E+00 0.00000000E+00 0.00000000E+00 6.98407233E-05
29 12 6.98407233E-05 1.86241929E-04 0.00000000E+00 0.00000000E+00 0.00000000E+00
29 13 0.00000000E+00 0.00000000E+00 0.00000000E+00 4.08945402E-05-1.63578161E-04
29 14-1.63578161E-04 0.00000000E+00 0.00000000E+00 0.00000000E+00
30  1 0.00000000E+00 0.00000000E+00 0.00000000E+00 5.81961881E+00 0.00000000E+00
30  2 0.00000000E+00 0.00000000E+00 0.00000000E+00 0.00000000E+00-4.04017903E+00
30  3 0.00000000E+00 0.00000000E+00-1.11417372E+00 0.00000000E+00 0.00000000E+00
30  4-1.78410124E+00 0.00000000E+00 0.00000000E+00 0.00000000E+00 0.00000000E+00
30  5 0.00000000E+00 0.00000000E+00 0.00000000E+00 0.00000000E+00 0.00000000E+00
30  6 0.00000000E+00 0.00000000E+00 0.00000000E+00 0.00000000E+00 0.00000000E+00
30  7 0.00000000E+00 0.00000000E+00 0.00000000E+00 0.00000000E+00 0.00000000E+00
30  8 0.00000000E+00-5.41110155E-03 0.00000000E+00 3.62987727E-03 0.00000000E+00
30  9 3.62987727E-03 0.00000000E+00 0.00000000E+00 0.00000000E+00 0.00000000E+00
30 10 0.00000000E+00 5.88022782E-03 0.00000000E+00-3.94457674E-03 0.00000000E+00
30 11-3.94457674E-03 0.00000000E+00 0.00000000E+00 0.00000000E+00 0.00000000E+00
30 12 0.00000000E+00 0.00000000E+00 0.00000000E+00 0.00000000E+00 0.00000000E+00
30 13 0.00000000E+00 0.00000000E+00 0.00000000E+00 0.00000000E+00 0.00000000E+00
30 14 0.00000000E+00 0.00000000E+00 0.00000000E+00 0.00000000E+00
31  1 0.00000000E+00 5.82451176E+00 0.00000000E+00 0.00000000E+00 0.00000000E+00
31  2 0.00000000E+00 0.00000000E+00-4.03448742E+00 0.00000000E+00 0.00000000E+00
31  3-1.12780993E+00 0.00000000E+00 0.00000000E+00-1.78198341E+00 0.00000000E+00
31  4 0.00000000E+00 0.00000000E+00 0.00000000E+00 0.00000000E+00 0.00000000E+00
31  5 0.00000000E+00 0.00000000E+00 0.00000000E+00 0.00000000E+00 0.00000000E+00
31  6 0.00000000E+00 0.00000000E+00 0.00000000E+00 0.00000000E+00 0.00000000E+00
31  7 0.00000000E+00 0.00000000E+00 0.00000000E+00 0.00000000E+00 2.70114462E-03
31  8 0.00000000E+00 0.00000000E+00 0.00000000E+00 0.00000000E+00 1.20798860E-03
31  9 0.00000000E+00-4.83195439E-03 0.00000000E+00 0.00000000E+00-2.86603570E-03
31 10 0.00000000E+00 0.00000000E+00 0.00000000E+00 0.00000000E+00-1.28173013E-03
31 11 0.00000000E+00 5.12692052E-03 0.00000000E+00 0.00000000E+00 0.00000000E+00
31 12 0.00000000E+00 0.00000000E+00 0.00000000E+00 0.00000000E+00 0.00000000E+00
31 13 0.00000000E+00 0.00000000E+00 0.00000000E+00 0.00000000E+00 0.00000000E+00
31 14 0.00000000E+00 0.00000000E+00 0.00000000E+00 0.00000000E+00
32  1 0.00000000E+00 0.00000000E+00 5.82451176E+00 0.00000000E+00 0.00000000E+00
32  2 0.00000000E+00 0.00000000E+00 0.00000000E+00-4.03448742E+00 0.00000000E+00
32  3 0.00000000E+00-1.12780993E+00 0.00000000E+00 0.00000000E+00-1.78198341E+00
32  4 0.00000000E+00 0.00000000E+00 0.00000000E+00 0.00000000E+00 0.00000000E+00
32  5 0.00000000E+00 0.00000000E+00 0.00000000E+00 0.00000000E+00 0.00000000E+00
32  6 0.00000000E+00 0.00000000E+00 0.00000000E+00 0.00000000E+00 0.00000000E+00
32  7 0.00000000E+00 0.00000000E+00 0.00000000E+00 0.00000000E+00 0.00000000E+00
32  8 2.70114462E-03 0.00000000E+00 1.20798860E-03 0.00000000E+00 0.00000000E+00
32  9 0.00000000E+00 0.00000000E+00-4.83195439E-03 0.00000000E+00 0.00000000E+00
32 10-2.86603570E-03 0.00000000E+00-1.28173013E-03 0.00000000E+00 0.00000000E+00
32 11 0.00000000E+00 0.00000000E+00 5.12692052E-03 0.00000000E+00 0.00000000E+00
32 12 0.00000000E+00 0.00000000E+00 0.00000000E+00 0.00000000E+00 0.00000000E+00
32 13 0.00000000E+00 0.00000000E+00 0.00000000E+00 0.00000000E+00 0.00000000E+00
32 14 0.00000000E+00 0.00000000E+00 0.00000000E+00 0.00000000E+00
33  1 1.66933547E-04 0.00000000E+00 0.00000000E+00 0.00000000E+00 3.00794168E-04
33  2-4.02157161E-04-5.73640978E-05 0.00000000E+00 0.00000000E+00 0.00000000E+00
33  3 0.00000000E+00 0.00000000E+00 0.00000000E+00 0.00000000E+00 0.00000000E+00
33  4 0.00000000E+00 1.01260355E-03 1.01260355E-03-2.02520710E-03 0.00000000E+00
33  5 0.00000000E+00 0.00000000E+00 5.49956727E-03 5.49956727E-03-1.09991345E-02
33  6 0.00000000E+00 0.00000000E+00 0.00000000E+00-1.34104702E-03-1.34104702E-03
33  7 2.68209405E-03 0.00000000E+00 0.00000000E+00 0.00000000E+00 0.00000000E+00
33  8 0.00000000E+00 0.00000000E+00 0.00000000E+00 0.00000000E+00 0.00000000E+00
33  9 0.00000000E+00 0.00000000E+00 0.00000000E+00 0.00000000E+00 0.00000000E+00
33 10 0.00000000E+00 0.00000000E+00 0.00000000E+00 0.00000000E+00 0.00000000E+00
33 11 0.00000000E+00 0.00000000E+00 0.00000000E+00 0.00000000E+00 3.74977177E-01
33 12 3.74977177E-01 9.99939138E-01 0.00000000E+00 0.00000000E+00 0.00000000E+00
33 13 0.00000000E+00 0.00000000E+00 0.00000000E+00 2.19564153E-01-8.78256610E-01
33 14-8.78256610E-01 0.00000000E+00 0.00000000E+00 0.00000000E+00
34  1 0.00000000E+00 0.00000000E+00 0.00000000E+00 0.00000000E+00 0.00000000E+00
34  2 0.00000000E+00 0.00000000E+00 0.00000000E+00 0.00000000E+00 0.00000000E+00
34  3 0.00000000E+00 0.00000000E+00 0.00000000E+00 0.00000000E+00 0.00000000E+00
34  4 0.00000000E+00 0.00000000E+00 0.00000000E+00 0.00000000E+00 0.00000000E+00
34  5 0.00000000E+00-1.81276100E-03 0.00000000E+00 0.00000000E+00 0.00000000E+00
34  6 0.00000000E+00 0.00000000E+00-1.00648392E-02 0.00000000E+00 0.00000000E+00
34  7 0.00000000E+00 0.00000000E+00 0.00000000E+00 2.46703999E-03 0.00000000E+00
34  8 0.00000000E+00 0.00000000E+00 0.00000000E+00 0.00000000E+00 0.00000000E+00
34  9 0.00000000E+00 0.00000000E+00 0.00000000E+00 0.00000000E+00 0.00000000E+00
34 10 0.00000000E+00 0.00000000E+00 0.00000000E+00 0.00000000E+00 0.00000000E+00
34 11 0.00000000E+00 0.00000000E+00 0.00000000E+00 0.00000000E+00 0.00000000E+00
34 12 0.00000000E+00 0.00000000E+00 0.00000000E+00 0.00000000E+00 0.00000000E+00
34 13-8.96376100E-01 0.00000000E+00 1.19516813E+00 0.00000000E+00 0.00000000E+00
34 14 0.00000000E+00-4.00871579E-01 0.00000000E+00 0.00000000E+00
35  1 0.00000000E+00 0.00000000E+00 0.00000000E+00 0.00000000E+00 0.00000000E+00
35  2 0.00000000E+00 0.00000000E+00 0.00000000E+00 0.00000000E+00 0.00000000E+00
35  3 0.00000000E+00 0.00000000E+00 0.00000000E+00 0.00000000E+00 0.00000000E+00
35  4 0.00000000E+00 0.00000000E+00 0.00000000E+00 0.00000000E+00 0.00000000E+00
35  5-1.81276100E-03 0.00000000E+00 0.00000000E+00 0.00000000E+00 0.00000000E+00
35  6 0.00000000E+00-1.00648392E-02 0.00000000E+00 0.00000000E+00 0.00000000E+00
35  7 0.00000000E+00 0.00000000E+00 2.46703999E-03 0.00000000E+00 0.00000000E+00
35  8 0.00000000E+00 0.00000000E+00 0.00000000E+00 0.00000000E+00 0.00000000E+00
35  9 0.00000000E+00 0.00000000E+00 0.00000000E+00 0.00000000E+00 0.00000000E+00
35 10 0.00000000E+00 0.00000000E+00 0.00000000E+00 0.00000000E+00 0.00000000E+00
35 11 0.00000000E+00 0.00000000E+00 0.00000000E+00 0.00000000E+00 0.00000000E+00
35 12 0.00000000E+00 0.00000000E+00 0.00000000E+00-8.96376100E-01 0.00000000E+00
35 13 0.00000000E+00 1.19516813E+00 0.00000000E+00 0.00000000E+00 0.00000000E+00
35 14 0.00000000E+00 0.00000000E+00-4.00871579E-01 0.00000000E+00
36  1 0.00000000E+00 0.00000000E+00 0.00000000E+00 0.00000000E+00 0.00000000E+00
36  2 0.00000000E+00 0.00000000E+00 0.00000000E+00 0.00000000E+00 0.00000000E+00
36  3 0.00000000E+00 0.00000000E+00 0.00000000E+00 0.00000000E+00 0.00000000E+00
36  4 0.00000000E+00 0.00000000E+00 0.00000000E+00 0.00000000E+00-1.20999463E-03
36  5 0.00000000E+00 0.00000000E+00 0.00000000E+00 0.00000000E+00 0.00000000E+00
36  6-7.15638363E-03 0.00000000E+00 0.00000000E+00 0.00000000E+00 0.00000000E+00
36  7 0.00000000E+00 1.78093370E-03 0.00000000E+00 0.00000000E+00 0.00000000E+00
36  8 0.00000000E+00 0.00000000E+00 0.00000000E+00 0.00000000E+00 0.00000000E+00
36  9 0.00000000E+00 0.00000000E+00 0.00000000E+00 0.00000000E+00 0.00000000E+00
36 10 0.00000000E+00 0.00000000E+00 0.00000000E+00 0.00000000E+00 0.00000000E+00
36 11 0.00000000E+00 0.00000000E+00 0.00000000E+00 0.00000000E+00 0.00000000E+00
36 12 0.00000000E+00 0.00000000E+00-4.22566530E-01 0.00000000E+00-4.22566530E-01
36 13 0.00000000E+00 0.00000000E+00 0.00000000E+00 0.00000000E+00 0.00000000E+00
36 14 0.00000000E+00 0.00000000E+00 0.00000000E+00 1.13386498E+00
37  1 0.00000000E+00 0.00000000E+00 0.00000000E+00 0.00000000E+00 0.00000000E+00
37  2 0.00000000E+00 0.00000000E+00 0.00000000E+00 0.00000000E+00 0.00000000E+00
37  3 0.00000000E+00 0.00000000E+00 0.00000000E+00 0.00000000E+00 0.00000000E+00
37  4 0.00000000E+00-1.04788609E-03 1.04788609E-03 0.00000000E+00 0.00000000E+00
37  5 0.00000000E+00 0.00000000E+00-6.19761002E-03 6.19761002E-03 0.00000000E+00
37  6 0.00000000E+00 0.00000000E+00 0.00000000E+00 1.54233383E-03-1.54233383E-03
37  7 0.00000000E+00 0.00000000E+00 0.00000000E+00 0.00000000E+00 0.00000000E+00
37  8 0.00000000E+00 0.00000000E+00 0.00000000E+00 0.00000000E+00 0.00000000E+00
37  9 0.00000000E+00 0.00000000E+00 0.00000000E+00 0.00000000E+00 0.00000000E+00
37 10 0.00000000E+00 0.00000000E+00 0.00000000E+00 0.00000000E+00 0.00000000E+00
37 11 0.00000000E+00 0.00000000E+00 0.00000000E+00 0.00000000E+00-5.59002975E-01
37 12 5.59002975E-01 0.00000000E+00 0.00000000E+00 0.00000000E+00 0.00000000E+00
37 13 0.00000000E+00 0.00000000E+00 0.00000000E+00 0.00000000E+00 9.81955880E-01
37 14-9.81955880E-01 0.00000000E+00 0.00000000E+00 0.00000000E+00
38  1 0.00000000E+00 0.00000000E+00 0.00000000E+00 0.00000000E+00 0.00000000E+00
38  2 0.00000000E+00 0.00000000E+00 0.00000000E+00 0.00000000E+00 0.00000000E+00
38  3 0.00000000E+00 0.00000000E+00 0.00000000E+00 0.00000000E+00 0.00000000E+00
38  4 0.00000000E+00 0.00000000E+00 0.00000000E+00 0.00000000E+00 0.00000000E+00
38  5 0.00000000E+00 0.00000000E+00 0.00000000E+00 0.00000000E+00 0.00000000E+00
38  6 0.00000000E+00 0.00000000E+00 0.00000000E+00 0.00000000E+00 0.00000000E+00
38  7 0.00000000E+00 0.00000000E+00 0.00000000E+00 0.00000000E+00 0.00000000E+00
38  8 0.00000000E+00 0.00000000E+00 0.00000000E+00 0.00000000E+00 0.00000000E+00
38  9 0.00000000E+00 0.00000000E+00 0.00000000E+00 0.00000000E+00 0.00000000E+00
38 10 0.00000000E+00 0.00000000E+00 0.00000000E+00 0.00000000E+00 0.00000000E+00
38 11 0.00000000E+00 0.00000000E+00 0.00000000E+00 0.00000000E+00 0.00000000E+00
38 12 0.00000000E+00 0.00000000E+00 0.00000000E+00 0.00000000E+00 0.00000000E+00
38 13-7.90569415E-01 0.00000000E+00 0.00000000E+00 0.00000000E+00 0.00000000E+00
38 14 0.00000000E+00 1.06066017E+00 0.00000000E+00 0.00000000E+00
39  1 0.00000000E+00 0.00000000E+00 0.00000000E+00 0.00000000E+00 0.00000000E+00
39  2 0.00000000E+00 0.00000000E+00 0.00000000E+00 0.00000000E+00 0.00000000E+00
39  3 0.00000000E+00 0.00000000E+00 0.00000000E+00 0.00000000E+00 0.00000000E+00
39  4 0.00000000E+00 0.00000000E+00 0.00000000E+00 0.00000000E+00 0.00000000E+00
39  5 0.00000000E+00 0.00000000E+00 0.00000000E+00 0.00000000E+00 0.00000000E+00
39  6 0.00000000E+00 0.00000000E+00 0.00000000E+00 0.00000000E+00 0.00000000E+00
39  7 0.00000000E+00 0.00000000E+00 0.00000000E+00 0.00000000E+00 0.00000000E+00
39  8 0.00000000E+00 0.00000000E+00 0.00000000E+00 0.00000000E+00 0.00000000E+00
39  9 0.00000000E+00 0.00000000E+00 0.00000000E+00 0.00000000E+00 0.00000000E+00
39 10 0.00000000E+00 0.00000000E+00 0.00000000E+00 0.00000000E+00 0.00000000E+00
39 11 0.00000000E+00 0.00000000E+00 0.00000000E+00 0.00000000E+00 0.00000000E+00
39 12 0.00000000E+00 0.00000000E+00 0.00000000E+00-7.90569415E-01 0.00000000E+00
39 13 0.00000000E+00 0.00000000E+00 0.00000000E+00 0.00000000E+00 0.00000000E+00
39 14 0.00000000E+00 0.00000000E+00 1.06066017E+00 0.00000000E+00
40  1 0.00000000E+00 0.00000000E+00 0.00000000E+00 0.00000000E+00 0.00000000E+00
40  2 0.00000000E+00 0.00000000E+00 0.00000000E+00 0.00000000E+00 0.00000000E+00
40  3 0.00000000E+00 0.00000000E+00 0.00000000E+00 0.00000000E+00 0.00000000E+00
40  4 0.00000000E+00 0.00000000E+00 0.00000000E+00 0.00000000E+00 0.00000000E+00
40  5 0.00000000E+00 0.00000000E+00 0.00000000E+00 0.00000000E+00 0.00000000E+00
40  6 0.00000000E+00 0.00000000E+00 0.00000000E+00 0.00000000E+00 0.00000000E+00
40  7 0.00000000E+00 0.00000000E+00 0.00000000E+00 0.00000000E+00 0.00000000E+00
40  8 0.00000000E+00 0.00000000E+00 0.00000000E+00 0.00000000E+00 0.00000000E+00
40  9 0.00000000E+00 0.00000000E+00 0.00000000E+00 0.00000000E+00 0.00000000E+00
40 10 0.00000000E+00 0.00000000E+00 0.00000000E+00 0.00000000E+00 0.00000000E+00
40 11 0.00000000E+00 0.00000000E+00 0.00000000E+00 0.00000000E+00 0.00000000E+00
40 12 0.00000000E+00 0.00000000E+00 1.11803399E+00 0.00000000E+00-1.11803399E+00
40 13 0.00000000E+00 0.00000000E+00 0.00000000E+00 0.00000000E+00 0.00000000E+00
40 14 0.00000000E+00 0.00000000E+00 0.00000000E+00 0.00000000E+00
41  1 0.00000000E+00 0.00000000E+00 0.00000000E+00 0.00000000E+00 0.00000000E+00
41  2 0.00000000E+00 0.00000000E+00 0.00000000E+00 0.00000000E+00 0.00000000E+00
41  3 0.00000000E+00 0.00000000E+00 0.00000000E+00 0.00000000E+00 0.00000000E+00
41  4 0.00000000E+00 0.00000000E+00 0.00000000E+00 0.00000000E+00 0.00000000E+00
41  5 0.00000000E+00 0.00000000E+00 0.00000000E+00 0.00000000E+00 0.00000000E+00
41  6 0.00000000E+00 0.00000000E+00 0.00000000E+00 0.00000000E+00 0.00000000E+00
41  7 0.00000000E+00 0.00000000E+00 0.00000000E+00 0.00000000E+00 0.00000000E+00
41  8 0.00000000E+00 0.00000000E+00 0.00000000E+00 0.00000000E+00 0.00000000E+00
41  9 0.00000000E+00 0.00000000E+00 0.00000000E+00 0.00000000E+00 0.00000000E+00
41 10 0.00000000E+00 0.00000000E+00 0.00000000E+00 0.00000000E+00 0.00000000E+00
41 11 0.00000000E+00 0.00000000E+00 0.00000000E+00 0.00000000E+00-7.39509973E-01
41 12-7.39509973E-01 0.00000000E+00 0.00000000E+00 0.00000000E+00 0.00000000E+00
41 13 0.00000000E+00 0.00000000E+00 0.00000000E+00 1.29903811E+00 0.00000000E+00
41 14 0.00000000E+00 0.00000000E+00 0.00000000E+00 0.00000000E+00
42  1 0.00000000E+00 0.00000000E+00 0.00000000E+00 1.71026702E-02 0.00000000E+00
42  2 0.00000000E+00 0.00000000E+00 0.00000000E+00 0.00000000E+00-2.17362016E-02
42  3 0.00000000E+00 0.00000000E+00 4.20189057E-03 0.00000000E+00 0.00000000E+00
42  4-6.68097022E-03 0.00000000E+00 0.00000000E+00 0.00000000E+00 0.00000000E+00
42  5 0.00000000E+00 0.00000000E+00 0.00000000E+00 0.00000000E+00 0.00000000E+00
42  6 0.00000000E+00 0.00000000E+00 0.00000000E+00 0.00000000E+00 0.00000000E+00
42  7 0.00000000E+00 0.00000000E+00 0.00000000E+00 0.00000000E+00 0.00000000E+00
42  8 0.00000000E+00 1.14940415E+00 0.00000000E+00-7.71043746E-01 0.00000000E+00
42  9-7.71043746E-01 0.00000000E+00 0.00000000E+00 0.00000000E+00 0.00000000E+00
42 10 0.00000000E+00-4.94555771E-01 0.00000000E+00 3.31758097E-01 0.00000000E+00
42 11 3.31758097E-01 0.00000000E+00 0.00000000E+00 0.00000000E+00 0.00000000E+00
42 12 0.00000000E+00 0.00000000E+00 0.00000000E+00 0.00000000E+00 0.00000000E+00
42 13 0.00000000E+00 0.00000000E+00 0.00000000E+00 0.00000000E+00 0.00000000E+00
42 14 0.00000000E+00 0.00000000E+00 0.00000000E+00 0.00000000E+00
43  1 0.00000000E+00 0.00000000E+00 1.53787853E-02 0.00000000E+00 0.00000000E+00
43  2 0.00000000E+00 0.00000000E+00 0.00000000E+00-1.78118840E-02 0.00000000E+00
43  3 0.00000000E+00 3.34314075E-03 0.00000000E+00 0.00000000E+00-5.45899995E-03
43  4 0.00000000E+00 0.00000000E+00 0.00000000E+00 0.00000000E+00 0.00000000E+00
43  5 0.00000000E+00 0.00000000E+00 0.00000000E+00 0.00000000E+00 0.00000000E+00
43  6 0.00000000E+00 0.00000000E+00 0.00000000E+00 0.00000000E+00 0.00000000E+00
43  7 0.00000000E+00 0.00000000E+00 0.00000000E+00 0.00000000E+00 0.00000000E+00
43  8-7.03856554E-01 0.00000000E+00-3.14774220E-01 0.00000000E+00 0.00000000E+00
43  9 0.00000000E+00 0.00000000E+00 1.25909688E+00 0.00000000E+00 0.00000000E+00
43 10 3.02684049E-01 0.00000000E+00 1.35364422E-01 0.00000000E+00 0.00000000E+00
43 11 0.00000000E+00 0.00000000E+00-5.41457687E-01 0.00000000E+00 0.00000000E+00
43 12 0.00000000E+00 0.00000000E+00 0.00000000E+00 0.00000000E+00 0.00000000E+00
43 13 0.00000000E+00 0.00000000E+00 0.00000000E+00 0.00000000E+00 0.00000000E+00
43 14 0.00000000E+00 0.00000000E+00 0.00000000E+00 0.00000000E+00
44  1 0.00000000E+00 1.53787853E-02 0.00000000E+00 0.00000000E+00 0.00000000E+00
44  2 0.00000000E+00 0.00000000E+00-1.78118840E-02 0.00000000E+00 0.00000000E+00
44  3 3.34314075E-03 0.00000000E+00 0.00000000E+00-5.45899995E-03 0.00000000E+00
44  4 0.00000000E+00 0.00000000E+00 0.00000000E+00 0.00000000E+00 0.00000000E+00
44  5 0.00000000E+00 0.00000000E+00 0.00000000E+00 0.00000000E+00 0.00000000E+00
44  6 0.00000000E+00 0.00000000E+00 0.00000000E+00 0.00000000E+00 0.00000000E+00
44  7 0.00000000E+00 0.00000000E+00 0.00000000E+00 0.00000000E+00-7.03856554E-01
44  8 0.00000000E+00 0.00000000E+00 0.00000000E+00 0.00000000E+00-3.14774220E-01
44  9 0.00000000E+00 1.25909688E+00 0.00000000E+00 0.00000000E+00 3.02684049E-01
44 10 0.00000000E+00 0.00000000E+00 0.00000000E+00 0.00000000E+00 1.35364422E-01
44 11 0.00000000E+00-5.41457687E-01 0.00000000E+00 0.00000000E+00 0.00000000E+00
44 12 0.00000000E+00 0.00000000E+00 0.00000000E+00 0.00000000E+00 0.00000000E+00
44 13 0.00000000E+00 0.00000000E+00 0.00000000E+00 0.00000000E+00 0.00000000E+00
44 14 0.00000000E+00 0.00000000E+00 0.00000000E+00 0.00000000E+00
45  1 0.00000000E+00 0.00000000E+00 0.00000000E+00 0.00000000E+00 0.00000000E+00
45  2 0.00000000E+00 0.00000000E+00 0.00000000E+00 0.00000000E+00 0.00000000E+00
45  3 0.00000000E+00 0.00000000E+00 0.00000000E+00 0.00000000E+00 0.00000000E+00
45  4 0.00000000E+00 0.00000000E+00 0.00000000E+00 0.00000000E+00 0.00000000E+00
45  5 0.00000000E+00 0.00000000E+00 0.00000000E+00 0.00000000E+00 0.00000000E+00
45  6 0.00000000E+00 0.00000000E+00 0.00000000E+00 0.00000000E+00 0.00000000E+00
45  7 0.00000000E+00 0.00000000E+00 0.00000000E+00 0.00000000E+00 0.00000000E+00
45  8 0.00000000E+00 0.00000000E+00 0.00000000E+00 0.00000000E+00 0.00000000E+00
45  9 0.00000000E+00 0.00000000E+00 0.00000000E+00 1.14933670E+00 0.00000000E+00
45 10 0.00000000E+00 0.00000000E+00 0.00000000E+00 0.00000000E+00 0.00000000E+00
45 11 0.00000000E+00 0.00000000E+00 0.00000000E+00-4.93429741E-01 0.00000000E+00
45 12 0.00000000E+00 0.00000000E+00 0.00000000E+00 0.00000000E+00 0.00000000E+00
45 13 0.00000000E+00 0.00000000E+00 0.00000000E+00 0.00000000E+00 0.00000000E+00
45 14 0.00000000E+00 0.00000000E+00 0.00000000E+00 0.00000000E+00
46  1 0.00000000E+00 0.00000000E+00 0.00000000E+00 0.00000000E+00 0.00000000E+00
46  2 0.00000000E+00 0.00000000E+00 0.00000000E+00 0.00000000E+00 0.00000000E+00
46  3 0.00000000E+00 0.00000000E+00 0.00000000E+00 0.00000000E+00 0.00000000E+00
46  4 0.00000000E+00 0.00000000E+00 0.00000000E+00 0.00000000E+00 0.00000000E+00
46  5 0.00000000E+00 0.00000000E+00 0.00000000E+00 0.00000000E+00 0.00000000E+00
46  6 0.00000000E+00 0.00000000E+00 0.00000000E+00 0.00000000E+00 0.00000000E+00
46  7 0.00000000E+00 0.00000000E+00 0.00000000E+00 0.00000000E+00 0.00000000E+00
46  8 0.00000000E+00 0.00000000E+00 0.00000000E+00 9.95354783E-01 0.00000000E+00
46  9-9.95354783E-01 0.00000000E+00 0.00000000E+00 0.00000000E+00 0.00000000E+00
46 10 0.00000000E+00 0.00000000E+00 0.00000000E+00-4.27322691E-01 0.00000000E+00
46 11 4.27322691E-01 0.00000000E+00 0.00000000E+00 0.00000000E+00 0.00000000E+00
46 12 0.00000000E+00 0.00000000E+00 0.00000000E+00 0.00000000E+00 0.00000000E+00
46 13 0.00000000E+00 0.00000000E+00 0.00000000E+00 0.00000000E+00 0.00000000E+00
46 14 0.00000000E+00 0.00000000E+00 0.00000000E+00 0.00000000E+00
47  1 0.00000000E+00 0.00000000E+00 0.00000000E+00 0.00000000E+00 0.00000000E+00
47  2 0.00000000E+00 0.00000000E+00 0.00000000E+00 0.00000000E+00 0.00000000E+00
47  3 0.00000000E+00 0.00000000E+00 0.00000000E+00 0.00000000E+00 0.00000000E+00
47  4 0.00000000E+00 0.00000000E+00 0.00000000E+00 0.00000000E+00 0.00000000E+00
47  5 0.00000000E+00 0.00000000E+00 0.00000000E+00 0.00000000E+00 0.00000000E+00
47  6 0.00000000E+00 0.00000000E+00 0.00000000E+00 0.00000000E+00 0.00000000E+00
47  7 0.00000000E+00 0.00000000E+00 0.00000000E+00 0.00000000E+00 0.00000000E+00
47  8-9.08534312E-01 0.00000000E+00 1.21892669E+00 0.00000000E+00 0.00000000E+00
47  9 0.00000000E+00 0.00000000E+00 0.00000000E+00 0.00000000E+00 0.00000000E+00
47 10 3.88993066E-01 0.00000000E+00-5.21888964E-01 0.00000000E+00 0.00000000E+00
47 11 0.00000000E+00 0.00000000E+00 0.00000000E+00 0.00000000E+00 0.00000000E+00
47 12 0.00000000E+00 0.00000000E+00 0.00000000E+00 0.00000000E+00 0.00000000E+00
47 13 0.00000000E+00 0.00000000E+00 0.00000000E+00 0.00000000E+00 0.00000000E+00
47 14 0.00000000E+00 0.00000000E+00 0.00000000E+00 0.00000000E+00
48  1 0.00000000E+00 0.00000000E+00 0.00000000E+00 0.00000000E+00 0.00000000E+00
48  2 0.00000000E+00 0.00000000E+00 0.00000000E+00 0.00000000E+00 0.00000000E+00
48  3 0.00000000E+00 0.00000000E+00 0.00000000E+00 0.00000000E+00 0.00000000E+00
48  4 0.00000000E+00 0.00000000E+00 0.00000000E+00 0.00000000E+00 0.00000000E+00
48  5 0.00000000E+00 0.00000000E+00 0.00000000E+00 0.00000000E+00 0.00000000E+00
48  6 0.00000000E+00 0.00000000E+00 0.00000000E+00 0.00000000E+00 0.00000000E+00
48  7 0.00000000E+00 0.00000000E+00 0.00000000E+00 0.00000000E+00-9.08534312E-01
48  8 0.00000000E+00 0.00000000E+00 0.00000000E+00 0.00000000E+00 1.21892669E+00
48  9 0.00000000E+00 0.00000000E+00 0.00000000E+00 0.00000000E+00 3.88993066E-01
48 10 0.00000000E+00 0.00000000E+00 0.00000000E+00 0.00000000E+00-5.21888964E-01
48 11 0.00000000E+00 0.00000000E+00 0.00000000E+00 0.00000000E+00 0.00000000E+00
48 12 0.00000000E+00 0.00000000E+00 0.00000000E+00 0.00000000E+00 0.00000000E+00
48 13 0.00000000E+00 0.00000000E+00 0.00000000E+00 0.00000000E+00 0.00000000E+00
48 14 0.00000000E+00 0.00000000E+00 0.00000000E+00 0.00000000E+00
49  1-3.00672224E-02 0.00000000E+00 0.00000000E+00 0.00000000E+00-4.75327379E-02
49  2 6.85954573E-02 5.85769085E-03 0.00000000E+00 0.00000000E+00 0.00000000E+00
49  3 0.00000000E+00 0.00000000E+00 0.00000000E+00 0.00000000E+00 0.00000000E+00
49  4 0.00000000E+00-6.75680205E-01-6.75680205E-01 1.35136041E+00 0.00000000E+00
49  5 0.00000000E+00 0.00000000E+00 5.35268351E-01 5.35268351E-01-1.07053670E+00
49  6 0.00000000E+00 0.00000000E+00 0.00000000E+00-1.88178799E-01-1.88178799E-01
49  7 3.76357598E-01 0.00000000E+00 0.00000000E+00 0.00000000E+00 0.00000000E+00
49  8 0.00000000E+00 0.00000000E+00 0.00000000E+00 0.00000000E+00 0.00000000E+00
49  9 0.00000000E+00 0.00000000E+00 0.00000000E+00 0.00000000E+00 0.00000000E+00
49 10 0.00000000E+00 0.00000000E+00 0.00000000E+00 0.00000000E+00 0.00000000E+00
49 11 0.00000000E+00 0.00000000E+00 0.00000000E+00 0.00000000E+00 6.22086029E-04
49 12 6.22086029E-04 1.65889608E-03 0.00000000E+00 0.00000000E+00 0.00000000E+00
49 13 0.00000000E+00 0.00000000E+00 0.00000000E+00 3.64256280E-04-1.45702512E-03
49 14-1.45702512E-03 0.00000000E+00 0.00000000E+00 0.00000000E+00
50  1 0.00000000E+00 0.00000000E+00 0.00000000E+00 0.00000000E+00 0.00000000E+00
50  2 0.00000000E+00 0.00000000E+00 0.00000000E+00 0.00000000E+00 0.00000000E+00
50  3 0.00000000E+00 0.00000000E+00 0.00000000E+00 0.00000000E+00 0.00000000E+00
50  4 0.00000000E+00 0.00000000E+00 0.00000000E+00 0.00000000E+00 0.00000000E+00
50  5 1.35138955E+00 0.00000000E+00 0.00000000E+00 0.00000000E+00 0.00000000E+00
50  6 0.00000000E+00-1.06936156E+00 0.00000000E+00 0.00000000E+00 0.00000000E+00
50  7 0.00000000E+00 0.00000000E+00 3.75756213E-01 0.00000000E+00 0.00000000E+00
50  8 0.00000000E+00 0.00000000E+00 0.00000000E+00 0.00000000E+00 0.00000000E+00
50  9 0.00000000E+00 0.00000000E+00 0.00000000E+00 0.00000000E+00 0.00000000E+00
50 10 0.00000000E+00 0.00000000E+00 0.00000000E+00 0.00000000E+00 0.00000000E+00
50 11 0.00000000E+00 0.00000000E+00 0.00000000E+00 0.00000000E+00 0.00000000E+00
50 12 0.00000000E+00 0.00000000E+00 0.00000000E+00-1.34152916E-03 0.00000000E+00
50 13 0.00000000E+00 1.78870555E-03 0.00000000E+00 0.00000000E+00 0.00000000E+00
50 14 0.00000000E+00 0.00000000E+00-5.99950081E-04 0.00000000E+00
51  1 0.00000000E+00 0.00000000E+00 0.00000000E+00 0.00000000E+00 0.00000000E+00
51  2 0.00000000E+00 0.00000000E+00 0.00000000E+00 0.00000000E+00 0.00000000E+00
51  3 0.00000000E+00 0.00000000E+00 0.00000000E+00 0.00000000E+00 0.00000000E+00
51  4 0.00000000E+00 0.00000000E+00 0.00000000E+00 0.00000000E+00 0.00000000E+00
51  5 0.00000000E+00 1.35138955E+00 0.00000000E+00 0.00000000E+00 0.00000000E+00
51  6 0.00000000E+00 0.00000000E+00-1.06936156E+00 0.00000000E+00 0.00000000E+00
51  7 0.00000000E+00 0.00000000E+00 0.00000000E+00 3.75756213E-01 0.00000000E+00
51  8 0.00000000E+00 0.00000000E+00 0.00000000E+00 0.00000000E+00 0.00000000E+00
51  9 0.00000000E+00 0.00000000E+00 0.00000000E+00 0.00000000E+00 0.00000000E+00
51 10 0.00000000E+00 0.00000000E+00 0.00000000E+00 0.00000000E+00 0.00000000E+00
51 11 0.00000000E+00 0.00000000E+00 0.00000000E+00 0.00000000E+00 0.00000000E+00
51 12 0.00000000E+00 0.00000000E+00 0.00000000E+00 0.00000000E+00 0.00000000E+00
51 13-1.34152916E-03 0.00000000E+00 1.78870555E-03 0.00000000E+00 0.00000000E+00
51 14 0.00000000E+00-5.99950081E-04 0.00000000E+00 0.00000000E+00
52  1 0.00000000E+00 0.00000000E+00 0.00000000E+00 0.00000000E+00 0.00000000E+00
52  2 0.00000000E+00 0.00000000E+00 0.00000000E+00 0.00000000E+00 0.00000000E+00
52  3 0.00000000E+00 0.00000000E+00 0.00000000E+00 0.00000000E+00 0.00000000E+00
52  4 0.00000000E+00 0.00000000E+00 0.00000000E+00 0.00000000E+00 1.35127384E+00
52  5 0.00000000E+00 0.00000000E+00 0.00000000E+00 0.00000000E+00 0.00000000E+00
52  6-1.06582467E+00 0.00000000E+00 0.00000000E+00 0.00000000E+00 0.00000000E+00
52  7 0.00000000E+00 3.73895824E-01 0.00000000E+00 0.00000000E+00 0.00000000E+00
52  8 0.00000000E+00 0.00000000E+00 0.00000000E+00 0.00000000E+00 0.00000000E+00
52  9 0.00000000E+00 0.00000000E+00 0.00000000E+00 0.00000000E+00 0.00000000E+00
52 10 0.00000000E+00 0.00000000E+00 0.00000000E+00 0.00000000E+00 0.00000000E+00
52 11 0.00000000E+00 0.00000000E+00 0.00000000E+00 0.00000000E+00 0.00000000E+00
52 12 0.00000000E+00 0.00000000E+00-4.32632622E-04 0.00000000E+00-4.32632622E-04
52 13 0.00000000E+00 0.00000000E+00 0.00000000E+00 0.00000000E+00 0.00000000E+00
52 14 0.00000000E+00 0.00000000E+00 0.00000000E+00 1.16087514E-03
53  1 0.00000000E+00 0.00000000E+00 0.00000000E+00 0.00000000E+00 0.00000000E+00
53  2 0.00000000E+00 0.00000000E+00 0.00000000E+00 0.00000000E+00 0.00000000E+00
53  3 0.00000000E+00 0.00000000E+00 0.00000000E+00 0.00000000E+00 0.00000000E+00
53  4 0.00000000E+00 1.17023748E+00-1.17023748E+00 0.00000000E+00 0.00000000E+00
53  5 0.00000000E+00 0.00000000E+00-9.23031240E-01 9.23031240E-01 0.00000000E+00
53  6 0.00000000E+00 0.00000000E+00 0.00000000E+00 3.23803282E-01-3.23803282E-01
53  7 0.00000000E+00 0.00000000E+00 0.00000000E+00 0.00000000E+00 0.00000000E+00
53  8 0.00000000E+00 0.00000000E+00 0.00000000E+00 0.00000000E+00 0.00000000E+00
53  9 0.00000000E+00 0.00000000E+00 0.00000000E+00 0.00000000E+00 0.00000000E+00
53 10 0.00000000E+00 0.00000000E+00 0.00000000E+00 0.00000000E+00 0.00000000E+00
53 11 0.00000000E+00 0.00000000E+00 0.00000000E+00 0.00000000E+00-5.72319163E-04
53 12 5.72319163E-04 0.00000000E+00 0.00000000E+00 0.00000000E+00 0.00000000E+00
53 13 0.00000000E+00 0.00000000E+00 0.00000000E+00 0.00000000E+00 1.00534736E-03
53 14-1.00534736E-03 0.00000000E+00 0.00000000E+00 0.00000000E+00
54  1 1.19728540E+01 0.00000000E+00 0.00000000E+00 0.00000000E+00 2.64961124E+00
54  2-1.08361328E+01-4.29106060E+00 0.00000000E+00 0.00000000E+00 0.00000000E+00
54  3 0.00000000E+00 0.00000000E+00 0.00000000E+00 0.00000000E+00 0.00000000E+00
54  4 0.00000000E+00 2.53588215E-05 2.53588215E-05-5.07176429E-05 0.00000000E+00
54  5 0.00000000E+00 0.00000000E+00 3.16052204E-04 3.16052204E-04-6.32104407E-04
54  6 0.00000000E+00 0.00000000E+00 0.00000000E+00-1.79429164E-04-1.79429164E-04
54  7 3.58858328E-04 0.00000000E+00 0.00000000E+00 0.00000000E+00 0.00000000E+00
54  8 0.00000000E+00 0.00000000E+00 0.00000000E+00 0.00000000E+00 0.00000000E+00
54  9 0.00000000E+00 0.00000000E+00 0.00000000E+00 0.00000000E+00 0.00000000E+00
54 10 0.00000000E+00 0.00000000E+00 0.00000000E+00 0.00000000E+00 0.00000000E+00
54 11 0.00000000E+00 0.00000000E+00 0.00000000E+00 0.00000000E+00-8.96042604E-07
54 12-8.96042604E-07-2.38944695E-06 0.00000000E+00 0.00000000E+00 0.00000000E+00
54 13 0.00000000E+00 0.00000000E+00 0.00000000E+00-5.24668826E-07 2.09867530E-06
54 14 2.09867530E-06 0.00000000E+00 0.00000000E+00 0.00000000E+00
 $END   
 POPULATION ANALYSIS
F            7.00000  -0.00000   7.00000  -0.00000
 MOMENTS AT POINT    1 X,Y,Z=  0.000000  0.000000  0.000000
 DIPOLE       0.000000  0.000000  0.000000
