#   index    LocalEnergy         LocalEnergy_sq      LocalPotential      Kinetic             ElecElec            LocalECP            NonLocalECP         BlockWeight         BlockCPU            AcceptRatio         
         0   -8.6582438415e+01    7.4976618815e+03   -1.3384677335e+02    4.7264334932e+01    6.3918988896e+01   -2.0990230510e+02    1.2136542853e+01    8.1910900000e+05    2.2309405277e+00    9.9378663664e-01
         1   -8.6586588903e+01    7.4984467766e+03   -1.3385868082e+02    4.7272091920e+01    6.3919586146e+01   -2.1002380769e+02    1.2245540722e+01    8.2084900000e+05    2.3042836194e+00    9.9381262902e-01
         2   -8.6590069687e+01    7.4989951047e+03   -1.3360343750e+02    4.7013367812e+01    6.3865196889e+01   -2.0969433225e+02    1.2225697866e+01    8.1498600000e+05    2.2307186087e+00    9.9381945611e-01
         3   -8.6590949818e+01    7.4992027903e+03   -1.3340453617e+02    4.6813586354e+01    6.3771277437e+01   -2.0934799208e+02    1.2172178476e+01    8.1763700000e+05    2.2322998729e+00    9.9390317304e-01
         4   -8.6600548534e+01    7.5008853282e+03   -1.3369128399e+02    4.7090735452e+01    6.3883109614e+01   -2.0985086850e+02    1.2276474902e+01    8.1757700000e+05    2.1821625854e+00    9.9384103294e-01
         5   -8.6589948720e+01    7.4990363196e+03   -1.3348655033e+02    4.6896601610e+01    6.3784735408e+01   -2.0949440054e+02    1.2223114800e+01    8.0942700000e+05    2.1169273653e+00    9.9382701249e-01
         6   -8.6591338411e+01    7.4992347102e+03   -1.3346310323e+02    4.6871764816e+01    6.3773994245e+01   -2.0941875956e+02    1.2181662089e+01    8.1813200000e+05    2.2134360515e+00    9.9384960774e-01
         7   -8.6591611267e+01    7.4993077185e+03   -1.3361301047e+02    4.7021399201e+01    6.3991539601e+01   -2.0981319687e+02    1.2208646798e+01    8.1964600000e+05    2.2602904844e+00    9.9386366200e-01
         8   -8.6588306742e+01    7.4987145166e+03   -1.3364704155e+02    4.7058734808e+01    6.3958617601e+01   -2.0985041650e+02    1.2244757345e+01    8.2232200000e+05    2.3438710459e+00    9.9385799730e-01
         9   -8.6584603166e+01    7.4981001584e+03   -1.3348204569e+02    4.6897442527e+01    6.3916419026e+01   -2.0951706634e+02    1.2118601618e+01    8.1718800000e+05    2.2288918411e+00    9.9379448781e-01
        10   -8.6592732121e+01    7.4994544798e+03   -1.3317178172e+02    4.6579049601e+01    6.3616738909e+01   -2.0886978743e+02    1.2081266804e+01    8.0817400000e+05    2.1056031028e+00    9.9390739681e-01
        11   -8.6594413948e+01    7.4998182163e+03   -1.3367894838e+02    4.7084534434e+01    6.3896988874e+01   -2.0973684548e+02    1.2160908223e+01    8.1667100000e+05    2.2296083577e+00    9.9381188021e-01
        12   -8.6587786166e+01    7.4986089405e+03   -1.3350024527e+02    4.6912459107e+01    6.3897392929e+01   -2.0956678648e+02    1.2169148276e+01    8.0770700000e+05    2.1446652198e+00    9.9388271699e-01
        13   -8.6587408504e+01    7.4985669922e+03   -1.3371466167e+02    4.7127253169e+01    6.3971952862e+01   -2.0980566795e+02    1.2119053418e+01    7.9950800000e+05    2.1101364486e+00    9.9381409182e-01
        14   -8.6585340463e+01    7.4982311458e+03   -1.3364607052e+02    4.7060730056e+01    6.3862105731e+01   -2.0968291605e+02    1.2174739800e+01    8.0861300000e+05    2.1029757406e+00    9.9376108936e-01
        15   -8.6590329280e+01    7.4990581529e+03   -1.3362480089e+02    4.7034471614e+01    6.3845258394e+01   -2.0965844877e+02    1.2188389485e+01    8.0743500000e+05    2.1023805493e+00    9.9381513815e-01
        16   -8.6591431538e+01    7.4992492913e+03   -1.3364687153e+02    4.7055439993e+01    6.3900015054e+01   -2.0980987881e+02    1.2262992222e+01    8.1364100000e+05    2.1456668109e+00    9.9385251038e-01
        17   -8.6595264294e+01    7.4999197535e+03   -1.3361561902e+02    4.7020354726e+01    6.3880364109e+01   -2.0976703997e+02    1.2271056845e+01    8.3031600000e+05    2.4346985752e+00    9.9381041654e-01
        18   -8.6593871900e+01    7.4996823033e+03   -1.3358484479e+02    4.6990972893e+01    6.3807649036e+01   -2.0958245393e+02    1.2189960101e+01    8.1979400000e+05    2.2863066599e+00    9.9384891327e-01
        19   -8.6591416818e+01    7.4992381420e+03   -1.3360116917e+02    4.7009752353e+01    6.3847539125e+01   -2.0953130655e+02    1.2082598253e+01    8.1965800000e+05    2.2562641567e+00    9.9380432628e-01
        20   -8.6584375263e+01    7.4980593248e+03   -1.3368467834e+02    4.7100303080e+01    6.3946336266e+01   -2.0972407990e+02    1.2093065293e+01    8.1216800000e+05    2.1615620109e+00    9.9382356041e-01
        21   -8.6586624527e+01    7.4984260048e+03   -1.3371561825e+02    4.7128993722e+01    6.3890413025e+01   -2.0979693706e+02    1.2190905784e+01    8.1694300000e+05    2.1578888542e+00    9.9382478667e-01
        22   -8.6589884049e+01    7.4989737508e+03   -1.3347407653e+02    4.6884192485e+01    6.3786022123e+01   -2.0954486779e+02    1.2284769136e+01    8.2252900000e+05    2.3311462430e+00    9.9386009126e-01
        23   -8.6592796936e+01    7.4994929430e+03   -1.3365512041e+02    4.7062323473e+01    6.3829263142e+01   -2.0968391902e+02    1.2199535465e+01    8.1782400000e+05    2.1723244200e+00    9.9382670545e-01
        24   -8.6592864517e+01    7.4995467107e+03   -1.3366683761e+02    4.7073973089e+01    6.3968193028e+01   -2.0987699716e+02    1.2241966529e+01    8.0731300000e+05    2.1022456549e+00    9.9385380232e-01
        25   -8.6589380025e+01    7.4989005166e+03   -1.3368746991e+02    4.7098089888e+01    6.3941928626e+01   -2.0991110138e+02    1.2281702838e+01    8.0713500000e+05    2.1550548165e+00    9.9377436480e-01
        26   -8.6595969545e+01    7.5000397920e+03   -1.3360451095e+02    4.7008541402e+01    6.3873406884e+01   -2.0961998602e+02    1.2142068186e+01    8.1080100000e+05    2.1803916094e+00    9.9387958642e-01
        27   -8.6588250767e+01    7.4986869878e+03   -1.3348964285e+02    4.6901392086e+01    6.3856164629e+01   -2.0956452215e+02    1.2218714664e+01    8.1101800000e+05    2.1575630459e+00    9.9383408595e-01
        28   -8.6588306241e+01    7.4986789032e+03   -1.3366748062e+02    4.7079174381e+01    6.3882317677e+01   -2.0967618993e+02    1.2126391628e+01    8.1682400000e+05    2.2159509168e+00    9.9382893219e-01
        29   -8.6590250924e+01    7.4990362359e+03   -1.3358966653e+02    4.6999415604e+01    6.3876884230e+01   -2.0960714699e+02    1.2140596232e+01    8.2257100000e+05    2.2836988179e+00    9.9381302092e-01
        30   -8.6586240979e+01    7.4983376821e+03   -1.3346752654e+02    4.6881285559e+01    6.3862024163e+01   -2.0949439769e+02    1.2164846991e+01    8.2637900000e+05    2.4060593343e+00    9.9384035270e-01
        31   -8.6586656176e+01    7.4984238941e+03   -1.3339747933e+02    4.6810823159e+01    6.3762908444e+01   -2.0929967779e+02    1.2139290015e+01    8.2451100000e+05    2.3613212402e+00    9.9388858940e-01
        32   -8.6590767250e+01    7.4991367129e+03   -1.3337137484e+02    4.6780607588e+01    6.3780718316e+01   -2.0938672423e+02    1.2234631075e+01    8.1841600000e+05    2.3319189101e+00    9.9382587690e-01
        33   -8.6592588902e+01    7.4994579355e+03   -1.3344066054e+02    4.6848071636e+01    6.3732521804e+01   -2.0923934831e+02    1.2066165970e+01    8.1894900000e+05    2.2703774525e+00    9.9385886155e-01
        34   -8.6590968963e+01    7.4992304800e+03   -1.3351294968e+02    4.6921980712e+01    6.3837717422e+01   -2.0969819968e+02    1.2347532583e+01    8.0924800000e+05    2.1156777497e+00    9.9385087483e-01
        35   -8.6592060598e+01    7.4993445106e+03   -1.3355892876e+02    4.6966868158e+01    6.3908829683e+01   -2.0963495644e+02    1.2167198002e+01    8.1198000000e+05    2.2650456771e+00    9.9384620989e-01
        36   -8.6591620471e+01    7.4992891939e+03   -1.3379270295e+02    4.7201082476e+01    6.4006549014e+01   -2.0985481914e+02    1.2055567178e+01    8.1125500000e+05    2.1865904760e+00    9.9383209767e-01
        37   -8.6594250656e+01    7.4997769796e+03   -1.3365348281e+02    4.7059232151e+01    6.3978844512e+01   -2.0987226277e+02    1.2239935450e+01    8.1651700000e+05    2.2026911739e+00    9.9379217818e-01
        38   -8.6586924980e+01    7.4984880248e+03   -1.3362605709e+02    4.7039132109e+01    6.3915166188e+01   -2.0973232019e+02    1.2191096914e+01    8.1917300000e+05    2.2312464132e+00    9.9384553048e-01
        39   -8.6593193299e+01    7.4995726672e+03   -1.3361996445e+02    4.7026771147e+01    6.3998296173e+01   -2.0986823384e+02    1.2249973219e+01    8.1460800000e+05    2.1855683797e+00    9.9379992616e-01
        40   -8.6592992882e+01    7.4995181256e+03   -1.3359126765e+02    4.6998274768e+01    6.3948641922e+01   -2.0961441996e+02    1.2074510386e+01    8.1158200000e+05    2.1514978374e+00    9.9384251360e-01
        41   -8.6588762773e+01    7.4988017182e+03   -1.3350338558e+02    4.6914622804e+01    6.3899058891e+01   -2.0951051732e+02    1.2108072847e+01    8.1288600000e+05    2.1500477903e+00    9.9386127391e-01
        42   -8.6589809162e+01    7.4990141931e+03   -1.3367848709e+02    4.7088677931e+01    6.3991647868e+01   -2.0975027234e+02    1.2080137378e+01    8.1939000000e+05    2.2681086429e+00    9.9380908303e-01
        43   -8.6593637317e+01    7.4996697081e+03   -1.3380688989e+02    4.7213252570e+01    6.3992642571e+01   -2.0997655406e+02    1.2177021603e+01    8.1430600000e+05    2.1123612851e+00    9.9383241965e-01
        44   -8.6590147241e+01    7.4990008591e+03   -1.3358179730e+02    4.6991650063e+01    6.3848054131e+01   -2.0950989275e+02    1.2080041319e+01    8.0801400000e+05    2.2103187798e+00    9.9386504521e-01
        45   -8.6589088967e+01    7.4988525134e+03   -1.3343587375e+02    4.6846784786e+01    6.3795439662e+01   -2.0937256911e+02    1.2141255699e+01    8.0924700000e+05    2.2000586616e+00    9.9382839986e-01
        46   -8.6588407912e+01    7.4987086886e+03   -1.3335094966e+02    4.6762541746e+01    6.3761353697e+01   -2.0933288008e+02    1.2220576720e+01    8.1448400000e+05    2.2827912220e+00    9.9385555468e-01
        47   -8.6594222537e+01    7.4997453560e+03   -1.3340519845e+02    4.6810975910e+01    6.3832297709e+01   -2.0932584094e+02    1.2088344784e+01    8.0876500000e+05    2.0912701103e+00    9.9381454767e-01
        48   -8.6589542202e+01    7.4989278464e+03   -1.3360749701e+02    4.7017954813e+01    6.3955690068e+01   -2.0976014537e+02    1.2196958285e+01    8.0607800000e+05    2.1296820883e+00    9.9385282422e-01
        49   -8.6595210572e+01    7.4999615590e+03   -1.3362852055e+02    4.7033309979e+01    6.3840008839e+01   -2.0962685507e+02    1.2158325678e+01    8.0804900000e+05    2.1071730296e+00    9.9380162469e-01
        50   -8.6581926799e+01    7.4975802238e+03   -1.3364304248e+02    4.7061115685e+01    6.3965334756e+01   -2.0984534038e+02    1.2236963145e+01    8.2202100000e+05    2.2988318494e+00    9.9388317255e-01
        51   -8.6585597383e+01    7.4982689567e+03   -1.3344125965e+02    4.6855662271e+01    6.3844974912e+01   -2.0942766360e+02    1.2141429031e+01    8.2802900000e+05    2.4090931511e+00    9.9386016989e-01
        52   -8.6592981224e+01    7.4995296322e+03   -1.3365611310e+02    4.7063131876e+01    6.3935733096e+01   -2.0965254811e+02    1.2060701914e+01    8.3617500000e+05    2.4437561603e+00    9.9385709375e-01
        53   -8.6587512104e+01    7.4985520731e+03   -1.3358176605e+02    4.6994253945e+01    6.3853400604e+01   -2.0959504866e+02    1.2159882003e+01    8.4161700000e+05    2.4510800836e+00    9.9387375104e-01
        54   -8.6589852893e+01    7.4990671180e+03   -1.3373066431e+02    4.7140811414e+01    6.3966338415e+01   -2.0989949973e+02    1.2202497008e+01    8.2012300000e+05    2.2833492733e+00    9.9381622713e-01
        55   -8.6586055073e+01    7.4983197797e+03   -1.3327654649e+02    4.6690491414e+01    6.3755021951e+01   -2.0902109794e+02    1.1989529502e+01    8.2027800000e+05    2.2752555292e+00    9.9387910244e-01
        56   -8.6592407268e+01    7.4994689366e+03   -1.3357578259e+02    4.6983375324e+01    6.3891146693e+01   -2.0967282557e+02    1.2205896282e+01    8.2362100000e+05    2.3107027891e+00    9.9384037712e-01
        57   -8.6593729766e+01    7.4996639425e+03   -1.3364088745e+02    4.7047157681e+01    6.3875613846e+01   -2.0974552976e+02    1.2229028464e+01    8.1785600000e+05    2.1702558554e+00    9.9381501179e-01
        58   -8.6596511355e+01    7.5001679426e+03   -1.3350725097e+02    4.6910739614e+01    6.3684015024e+01   -2.0945986023e+02    1.2268594234e+01    8.2553600000e+05    2.3697992119e+00    9.9381041217e-01
        59   -8.6592580027e+01    7.4994717811e+03   -1.3355978714e+02    4.6967207117e+01    6.3760132352e+01   -2.0949850981e+02    1.2178590315e+01    8.2573000000e+05    2.3750380443e+00    9.9383536759e-01
        60   -8.6588459082e+01    7.4987649907e+03   -1.3347255759e+02    4.6884098503e+01    6.3763539348e+01   -2.0937703605e+02    1.2140939116e+01    8.2389300000e+05    2.3524845743e+00    9.9382865071e-01
        61   -8.6591268531e+01    7.4992247610e+03   -1.3361363897e+02    4.7022370435e+01    6.3808837170e+01   -2.0950099700e+02    1.2078520861e+01    8.2818500000e+05    2.4304990547e+00    9.9385489400e-01
        62   -8.6583711108e+01    7.4978910647e+03   -1.3352168762e+02    4.6937976515e+01    6.3875016904e+01   -2.0952354785e+02    1.2126843319e+01    8.3018200000e+05    2.4482418713e+00    9.9388647045e-01
        63   -8.6589305942e+01    7.4989135119e+03   -1.3354108869e+02    4.6951782749e+01    6.3853128628e+01   -2.0965267242e+02    1.2258455103e+01    8.2324700000e+05    2.3199185729e+00    9.9384691505e-01
        64   -8.6589875433e+01    7.4989776633e+03   -1.3354278689e+02    4.6952911461e+01    6.3857890873e+01   -2.0972808612e+02    1.2327408352e+01    8.2717600000e+05    2.3797120452e+00    9.9386950871e-01
        65   -8.6588221173e+01    7.4986639830e+03   -1.3346185148e+02    4.6873630305e+01    6.3755402368e+01   -2.0934526847e+02    1.2128014622e+01    8.2275200000e+05    2.3122560435e+00    9.9385035531e-01
        66   -8.6589230931e+01    7.4988781778e+03   -1.3363271972e+02    4.7043488788e+01    6.3936573048e+01   -2.0984066708e+02    1.2271374317e+01    8.2313200000e+05    2.3408106759e+00    9.9382109033e-01
        67   -8.6585650861e+01    7.4981986363e+03   -1.3357088150e+02    4.6985230634e+01    6.3896317880e+01   -2.0960680430e+02    1.2139604927e+01    8.2030300000e+05    2.2935061725e+00    9.9387862605e-01
        68   -8.6594845956e+01    7.4998314042e+03   -1.3353029012e+02    4.6935444161e+01    6.3826585042e+01   -2.0955783440e+02    1.2200959245e+01    8.2710900000e+05    2.4143862501e+00    9.9382632034e-01
        69   -8.6593424222e+01    7.4995865916e+03   -1.3357425606e+02    4.6980831840e+01    6.3835425701e+01   -2.0953866299e+02    1.2128981228e+01    8.2425600000e+05    2.3855537877e+00    9.9385163464e-01
        70   -8.6591140993e+01    7.4992015381e+03   -1.3365366838e+02    4.7062527390e+01    6.3932833209e+01   -2.0986487612e+02    1.2278374524e+01    8.1768000000e+05    2.2312807688e+00    9.9380733846e-01
        71   -8.6591075391e+01    7.4992021964e+03   -1.3360047386e+02    4.7009398470e+01    6.3910533244e+01   -2.0971257642e+02    1.2201569313e+01    8.1431700000e+05    2.1680500237e+00    9.9385948077e-01
        72   -8.6591418866e+01    7.4992418126e+03   -1.3366541375e+02    4.7073994887e+01    6.3992434596e+01   -2.0993588020e+02    1.2278031853e+01    8.2324100000e+05    2.3783804707e+00    9.9381726003e-01
        73   -8.6596831686e+01    7.5001812784e+03   -1.3366353775e+02    4.7066706067e+01    6.3964026975e+01   -2.0972560980e+02    1.2098045069e+01    8.2181600000e+05    2.3094945315e+00    9.9379160077e-01
        74   -8.6594079112e+01    7.4997346933e+03   -1.3373679110e+02    4.7142711985e+01    6.4047637448e+01   -2.1004587028e+02    1.2261441735e+01    8.2402900000e+05    2.3540699566e+00    9.9380395994e-01
        75   -8.6590948770e+01    7.4992050853e+03   -1.3368323391e+02    4.7092285141e+01    6.3967706442e+01   -2.0977989372e+02    1.2128953362e+01    8.1930100000e+05    2.2319302736e+00    9.9382255331e-01
        76   -8.6591389841e+01    7.4992282499e+03   -1.3361704236e+02    4.7025652523e+01    6.3876749832e+01   -2.0972498127e+02    1.2231189075e+01    8.1711800000e+05    2.1969130025e+00    9.9383775602e-01
        77   -8.6586753471e+01    7.4984428778e+03   -1.3341410957e+02    4.6827356102e+01    6.3769985752e+01   -2.0936372235e+02    1.2179627026e+01    8.1082100000e+05    2.1106241967e+00    9.9386282651e-01
        78   -8.6586878228e+01    7.4984858425e+03   -1.3355562668e+02    4.6968748450e+01    6.3865069893e+01   -2.0960160672e+02    1.2180910146e+01    8.1047700000e+05    2.1720096043e+00    9.9380888224e-01
        79   -8.6583743876e+01    7.4979511738e+03   -1.3364093890e+02    4.7057195022e+01    6.3940962480e+01   -2.0986829223e+02    1.2286390847e+01    8.1282300000e+05    2.1021524840e+00    9.9378649608e-01
        80   -8.6587730811e+01    7.4986046854e+03   -1.3374638290e+02    4.7158652088e+01    6.4019295462e+01   -2.1003840253e+02    1.2272724170e+01    8.1516700000e+05    2.1716323316e+00    9.9377225995e-01
        81   -8.6593457085e+01    7.4996138335e+03   -1.3362201145e+02    4.7028554367e+01    6.3985293069e+01   -2.0983386668e+02    1.2226562155e+01    8.2245700000e+05    2.3608993916e+00    9.9382676316e-01
        82   -8.6592984858e+01    7.4995114386e+03   -1.3340720561e+02    4.6814220751e+01    6.3806085016e+01   -2.0930242823e+02    1.2089137607e+01    8.1759800000e+05    2.1692064658e+00    9.9386639938e-01
        83   -8.6595585959e+01    7.5000115044e+03   -1.3360701424e+02    4.7011428281e+01    6.3866819540e+01   -2.0962535527e+02    1.2151521490e+01    8.2150500000e+05    2.3245349727e+00    9.9381350225e-01
        84   -8.6591849813e+01    7.4993214307e+03   -1.3366185983e+02    4.7070010019e+01    6.3943077658e+01   -2.0978689208e+02    1.2181954593e+01    8.1304300000e+05    2.1382955795e+00    9.9380095846e-01
        85   -8.6591647297e+01    7.4992804639e+03   -1.3350725611e+02    4.6915608816e+01    6.3774063273e+01   -2.0943357728e+02    1.2152257899e+01    8.1700800000e+05    2.2965324305e+00    9.9386250737e-01
        86   -8.6589619281e+01    7.4989129841e+03   -1.3341524538e+02    4.6825626103e+01    6.3805397073e+01   -2.0930706380e+02    1.2086421343e+01    8.1954600000e+05    2.3060183832e+00    9.9386959686e-01
        87   -8.6589588295e+01    7.4989356958e+03   -1.3349306034e+02    4.6903472042e+01    6.3797877806e+01   -2.0947477270e+02    1.2183834554e+01    8.1889700000e+05    2.2062317147e+00    9.9383032676e-01
        88   -8.6592551157e+01    7.4994829201e+03   -1.3360035809e+02    4.7007806933e+01    6.3867679585e+01   -2.0957709471e+02    1.2109057039e+01    8.1366500000e+05    2.1740764480e+00    9.9386704871e-01
        89   -8.6589106360e+01    7.4988810836e+03   -1.3380318699e+02    4.7214080634e+01    6.3978407699e+01   -2.0997805494e+02    1.2196460248e+01    8.0996100000e+05    2.1333967661e+00    9.9384257737e-01
        90   -8.6588993211e+01    7.4988456141e+03   -1.3357722781e+02    4.6988234599e+01    6.3824459711e+01   -2.0958643461e+02    1.2184747090e+01    8.1172200000e+05    2.1567880057e+00    9.9381287592e-01
        91   -8.6588481768e+01    7.4987592378e+03   -1.3348557992e+02    4.6897098147e+01    6.3790804079e+01   -2.0956103535e+02    1.2284651353e+01    8.1488800000e+05    2.1247095878e+00    9.9381169604e-01
        92   -8.6593397857e+01    7.4995875598e+03   -1.3355935322e+02    4.6965955363e+01    6.3841448713e+01   -2.0949097106e+02    1.2090169127e+01    8.1817500000e+05    2.2510014374e+00    9.9383711264e-01
        93   -8.6586286891e+01    7.4983932373e+03   -1.3341593726e+02    4.6829650368e+01    6.3869795874e+01   -2.0946053300e+02    1.2174799872e+01    8.1923900000e+05    2.2616442030e+00    9.9382283530e-01
        94   -8.6587573827e+01    7.4985702592e+03   -1.3336264277e+02    4.6775068944e+01    6.3827072601e+01   -2.0936473478e+02    1.2175019408e+01    8.1114800000e+05    2.1689247484e+00    9.9387184713e-01
        95   -8.6589321201e+01    7.4989178736e+03   -1.3378498417e+02    4.7195662969e+01    6.3925694229e+01   -2.0996409246e+02    1.2253414063e+01    8.1999800000e+05    2.4147980039e+00    9.9381761391e-01
        96   -8.6588374052e+01    7.4987626033e+03   -1.3350165113e+02    4.6913277075e+01    6.3888376462e+01   -2.0961846604e+02    1.2228438450e+01    8.1921500000e+05    2.3991617251e+00    9.9385914822e-01
        97   -8.6592489061e+01    7.4994294371e+03   -1.3362503561e+02    4.7032546551e+01    6.3842697283e+01   -2.0971038811e+02    1.2242655213e+01    8.1750500000e+05    2.2222520350e+00    9.9384134167e-01
        98   -8.6588724317e+01    7.4987674685e+03   -1.3340913254e+02    4.6820408221e+01    6.3765395934e+01   -2.0928855526e+02    1.2114026786e+01    8.1826700000e+05    2.4867780465e+00    9.9382337119e-01
        99   -8.6590865963e+01    7.4991813382e+03   -1.3367245312e+02    4.7081587161e+01    6.3962273509e+01   -2.0986721490e+02    1.2232488270e+01    8.2462800000e+05    2.4127682950e+00    9.9384968822e-01
       100   -8.6592885131e+01    7.4994633555e+03   -1.3355576498e+02    4.6962879847e+01    6.3862968209e+01   -2.0960692174e+02    1.2188188553e+01    8.3034200000e+05    2.4046718450e+00    9.9384587234e-01
       101   -8.6589792358e+01    7.4989401606e+03   -1.3356768557e+02    4.6977893208e+01    6.3824644667e+01   -2.0960355632e+02    1.2211226083e+01    8.1982100000e+05    2.3008117788e+00    9.9383664700e-01
       102   -8.6591360183e+01    7.4992404967e+03   -1.3378716745e+02    4.7195807264e+01    6.3946328640e+01   -2.0990420187e+02    1.2170705784e+01    8.1836800000e+05    2.2254340239e+00    9.9380992339e-01
       103   -8.6585832307e+01    7.4982683382e+03   -1.3357812063e+02    4.6992288327e+01    6.3929523046e+01   -2.0958289547e+02    1.2075251792e+01    8.0653100000e+05    2.1468391151e+00    9.9376870145e-01
       104   -8.6590236969e+01    7.4990699728e+03   -1.3350353928e+02    4.6913302310e+01    6.3817290776e+01   -2.0953824070e+02    1.2217410649e+01    8.1225500000e+05    2.1394599220e+00    9.9381312738e-01
       105   -8.6590234883e+01    7.4990368571e+03   -1.3333271360e+02    4.6742478712e+01    6.3768699411e+01   -2.0922406417e+02    1.2122651161e+01    8.1427800000e+05    2.1796396682e+00    9.9385761465e-01
       106   -8.6589473557e+01    7.4989028129e+03   -1.3366088008e+02    4.7071406520e+01    6.3902197817e+01   -2.0986045545e+02    1.2297377558e+01    8.1426300000e+05    2.1866471015e+00    9.9384603680e-01
       107   -8.6584274556e+01    7.4980177551e+03   -1.3353631962e+02    4.6952045061e+01    6.3868465925e+01   -2.0961822947e+02    1.2213443925e+01    8.1486800000e+05    2.1266855798e+00    9.9384410546e-01
       108   -8.6588358743e+01    7.4986912086e+03   -1.3331373072e+02    4.6725371976e+01    6.3811288528e+01   -2.0930640316e+02    1.2181383910e+01    8.1614000000e+05    2.1603815630e+00    9.9387749252e-01
       109   -8.6590523334e+01    7.4990750628e+03   -1.3340320114e+02    4.6812677802e+01    6.3807808295e+01   -2.0931021260e+02    1.2099203172e+01    8.1542900000e+05    2.1689237391e+00    9.9386777015e-01
       110   -8.6590631939e+01    7.4991066973e+03   -1.3344646798e+02    4.6855836043e+01    6.3732913435e+01   -2.0932612059e+02    1.2146739170e+01    8.0931400000e+05    2.1714772044e+00    9.9385891250e-01
       111   -8.6586987654e+01    7.4985108000e+03   -1.3338974162e+02    4.6802753969e+01    6.3704810124e+01   -2.0924902177e+02    1.2154470022e+01    8.1439000000e+05    2.1539523455e+00    9.9389730806e-01
       112   -8.6583371523e+01    7.4979267541e+03   -1.3357541146e+02    4.6992039941e+01    6.3829373712e+01   -2.0971744282e+02    1.2312657640e+01    8.1020900000e+05    2.2055599294e+00    9.9383290053e-01
       113   -8.6590526480e+01    7.4990978688e+03   -1.3385248117e+02    4.7261954687e+01    6.3951748677e+01   -2.1006533319e+02    1.2261103345e+01    8.1487000000e+05    2.2180318041e+00    9.9382340499e-01
       114   -8.6590537044e+01    7.4991100129e+03   -1.3353909416e+02    4.6948557116e+01    6.3839574163e+01   -2.0951134123e+02    1.2132672905e+01    8.1504600000e+05    2.2090790768e+00    9.9384071448e-01
       115   -8.6585462903e+01    7.4982256869e+03   -1.3376749425e+02    4.7182031349e+01    6.3957829701e+01   -2.0985843429e+02    1.2133110337e+01    8.0269500000e+05    2.1445972933e+00    9.9382932754e-01
       116   -8.6595427237e+01    7.4999667204e+03   -1.3374685911e+02    4.7151431874e+01    6.3989944254e+01   -2.0992188467e+02    1.2185081310e+01    8.1016200000e+05    2.7626319057e+00    9.9381092098e-01
       117   -8.6593814869e+01    7.4996702902e+03   -1.3342962158e+02    4.6835806713e+01    6.3867677797e+01   -2.0944311515e+02    1.2145815776e+01    8.1854800000e+05    2.8213518262e+00    9.9389148649e-01
       118   -8.6594823347e+01    7.4998811839e+03   -1.3357298375e+02    4.6978160404e+01    6.3809277943e+01   -2.0949423397e+02    1.2111972276e+01    8.2471100000e+05    2.3932244105e+00    9.9381538335e-01
       119   -8.6592624879e+01    7.4994544766e+03   -1.3362783226e+02    4.7035207382e+01    6.3866600008e+01   -2.0969547518e+02    1.2201042915e+01    8.2176000000e+05    2.3670777874e+00    9.9381841386e-01
       120   -8.6589129251e+01    7.4988570759e+03   -1.3359077396e+02    4.7001644711e+01    6.3865006597e+01   -2.0958451790e+02    1.2128737341e+01    8.1145600000e+05    2.0952618616e+00    9.9385056330e-01
       121   -8.6588936650e+01    7.4988300199e+03   -1.3367219585e+02    4.7083259202e+01    6.3901472894e+01   -2.0981286154e+02    1.2239192798e+01    8.0674800000e+05    2.1402792612e+00    9.9382826016e-01
       122   -8.6584410407e+01    7.4980270690e+03   -1.3357511114e+02    4.6990700737e+01    6.4002277627e+01   -2.0972596471e+02    1.2148575936e+01    8.0289000000e+05    2.0960881433e+00    9.9378121348e-01
       123   -8.6592058404e+01    7.4993504855e+03   -1.3369131407e+02    4.7099255666e+01    6.3880285951e+01   -2.0975980597e+02    1.2188205944e+01    8.0856800000e+05    2.1286818290e+00    9.9383573975e-01
       124   -8.6588074626e+01    7.4986718713e+03   -1.3349775701e+02    4.6909682380e+01    6.3830536001e+01   -2.0952089826e+02    1.2192605253e+01    8.1100900000e+05    2.1723151961e+00    9.9384618629e-01
       125   -8.6591853717e+01    7.4993778289e+03   -1.3371236916e+02    4.7120515445e+01    6.3892086196e+01   -2.0982834971e+02    1.2223894353e+01    8.1674600000e+05    2.2381490471e+00    9.9379683398e-01
       126   -8.6585003331e+01    7.4981545001e+03   -1.3345822683e+02    4.6873223497e+01    6.3848384198e+01   -2.0953103393e+02    1.2224422901e+01    8.1408300000e+05    2.1774956486e+00    9.9380172461e-01
       127   -8.6589759249e+01    7.4989391557e+03   -1.3358405523e+02    4.6994295980e+01    6.3889949038e+01   -2.0972269803e+02    1.2248693759e+01    8.0923700000e+05    2.1776378183e+00    9.9384499916e-01
       128   -8.6595642923e+01    7.4999859205e+03   -1.3369206683e+02    4.7096423910e+01    6.3907221394e+01   -2.0976325740e+02    1.2163969173e+01    8.1544800000e+05    2.2320314189e+00    9.9377340663e-01
       129   -8.6592791120e+01    7.4995034937e+03   -1.3353799107e+02    4.6945199952e+01    6.3832234012e+01   -2.0958790137e+02    1.2217676284e+01    8.1770600000e+05    2.2252495936e+00    9.9384044552e-01
       130   -8.6593348991e+01    7.4995987015e+03   -1.3352052431e+02    4.6927175323e+01    6.3816506208e+01   -2.0956391806e+02    1.2226887537e+01    8.1753300000e+05    2.2559347830e+00    9.9383753006e-01
       131   -8.6589692286e+01    7.4989792785e+03   -1.3364659501e+02    4.7056902721e+01    6.3955601817e+01   -2.0977279075e+02    1.2170593930e+01    8.1128900000e+05    2.1442908088e+00    9.9386640882e-01
       132   -8.6589744783e+01    7.4989641344e+03   -1.3353376726e+02    4.6944022482e+01    6.3876426517e+01   -2.0955904477e+02    1.2148850992e+01    8.1488800000e+05    2.1831394457e+00    9.9384624514e-01
       133   -8.6592561764e+01    7.4994594137e+03   -1.3362128885e+02    4.7028727083e+01    6.3965145364e+01   -2.0981322155e+02    1.2226787335e+01    8.1951100000e+05    2.2607419321e+00    9.9381321458e-01
       134   -8.6592141047e+01    7.4993608551e+03   -1.3359793857e+02    4.7005797523e+01    6.3880892220e+01   -2.0952354250e+02    1.2044711710e+01    8.1888100000e+05    2.2271618459e+00    9.9385676216e-01
       135   -8.6588438021e+01    7.4987340988e+03   -1.3355054853e+02    4.6962110509e+01    6.3965260891e+01   -2.0964372542e+02    1.2127916002e+01    8.2000200000e+05    2.3431057204e+00    9.9385810221e-01
       136   -8.6592635262e+01    7.4994676746e+03   -1.3365785974e+02    4.7065224479e+01    6.3930103159e+01   -2.0986270855e+02    1.2274745653e+01    8.0873800000e+05    2.1502451582e+00    9.9380959921e-01
       137   -8.6587796915e+01    7.4986199412e+03   -1.3352525131e+02    4.6937454394e+01    6.3882572044e+01   -2.0955343803e+02    1.2145614680e+01    8.1100100000e+05    2.1334701420e+00    9.9383504421e-01
       138   -8.6590636822e+01    7.4991557921e+03   -1.3367080869e+02    4.7080171865e+01    6.3821844168e+01   -2.0974894265e+02    1.2256289792e+01    8.1615200000e+05    2.1334453335e+00    9.9382503413e-01
       139   -8.6588394383e+01    7.4987238910e+03   -1.3373420642e+02    4.7145812034e+01    6.3962979099e+01   -2.0996791501e+02    1.2270729492e+01    8.0618800000e+05    2.1582108282e+00    9.9386551921e-01
       140   -8.6589468490e+01    7.4988900466e+03   -1.3350257196e+02    4.6913103474e+01    6.3857770195e+01   -2.0957936836e+02    1.2219026206e+01    8.1147700000e+05    2.1179626433e+00    9.9380929924e-01
       141   -8.6585116935e+01    7.4981751265e+03   -1.3361889829e+02    4.7033781357e+01    6.3904530212e+01   -2.0972327631e+02    1.2199847806e+01    8.1224700000e+05    2.1187056559e+00    9.9382331092e-01
       142   -8.6584088647e+01    7.4979928232e+03   -1.3344017651e+02    4.6856087868e+01    6.3840504120e+01   -2.0943256486e+02    1.2151884221e+01    8.2332500000e+05    2.3446664710e+00    9.9388890730e-01
       143   -8.6594199776e+01    7.4997321313e+03   -1.3365430284e+02    4.7060103068e+01    6.3929219458e+01   -2.0980220712e+02    1.2218684822e+01    8.2828900000e+05    2.4028735035e+00    9.9383170079e-01
       144   -8.6587991440e+01    7.4987579217e+03   -1.3356722004e+02    4.6979228599e+01    6.3897355878e+01   -2.0953639632e+02    1.2071820401e+01    8.2468300000e+05    2.3879529058e+00    9.9380743736e-01
       145   -8.6584657969e+01    7.4980663257e+03   -1.3353478112e+02    4.6950123152e+01    6.3920958923e+01   -2.0965227368e+02    1.2196533632e+01    8.1622200000e+05    2.1389433478e+00    9.9388280813e-01
       146   -8.6588418616e+01    7.4987401234e+03   -1.3370467002e+02    4.7116251401e+01    6.4000811250e+01   -2.0990812287e+02    1.2202641606e+01    8.0595100000e+05    2.1027370980e+00    9.9379481577e-01
       147   -8.6588368932e+01    7.4987017838e+03   -1.3377103744e+02    4.7182668506e+01    6.3937588226e+01   -2.0989112825e+02    1.2182502586e+01    8.1183600000e+05    2.2039854366e+00    9.9382570662e-01
       148   -8.6586330393e+01    7.4983835618e+03   -1.3377382356e+02    4.7187493168e+01    6.4010909288e+01   -2.0999873241e+02    1.2213999565e+01    8.0785000000e+05    2.1259353939e+00    9.9378940864e-01
       149   -8.6593993462e+01    7.4997130513e+03   -1.3356297393e+02    4.6968980466e+01    6.3895458369e+01   -2.0967484689e+02    1.2216414596e+01    8.1194200000e+05    2.1585493241e+00    9.9385946529e-01
       150   -8.6585327013e+01    7.4981869054e+03   -1.3351755096e+02    4.6932223945e+01    6.3748899830e+01   -2.0940608573e+02    1.2139634938e+01    8.2216000000e+05    2.2772913070e+00    9.9386141069e-01
       151   -8.6589706327e+01    7.4989522319e+03   -1.3337676181e+02    4.6787055482e+01    6.3675634658e+01   -2.0919113276e+02    1.2138736291e+01    8.1772600000e+05    2.2261608446e+00    9.9381249984e-01
       152   -8.6588714846e+01    7.4987559986e+03   -1.3349160348e+02    4.6902888635e+01    6.3856315955e+01   -2.0944564992e+02    1.2097730480e+01    8.1660700000e+05    2.1625614355e+00    9.9384591824e-01
       153   -8.6593118052e+01    7.4995453147e+03   -1.3351969433e+02    4.6926576278e+01    6.3944800560e+01   -2.0961291443e+02    1.2148419545e+01    8.1559900000e+05    2.2450183283e+00    9.9384490957e-01
       154   -8.6589074739e+01    7.4988510244e+03   -1.3371854488e+02    4.7129470141e+01    6.4023557482e+01   -2.0990383130e+02    1.2161728941e+01    8.0949600000e+05    2.1292360523e+00    9.9385407760e-01
       155   -8.6594291247e+01    7.4997550269e+03   -1.3365922696e+02    4.7064935714e+01    6.3945597961e+01   -2.0977659824e+02    1.2171773322e+01    8.0980900000e+05    2.1747998258e+00    9.9385164240e-01
       156   -8.6594157236e+01    7.4997082955e+03   -1.3369359849e+02    4.7099441251e+01    6.4001896562e+01   -2.0993489312e+02    1.2239398070e+01    8.1254300000e+05    2.1139229359e+00    9.9379617838e-01
       157   -8.6586702279e+01    7.4984343026e+03   -1.3358969036e+02    4.7002988083e+01    6.3929521446e+01   -2.0975442730e+02    1.2235215489e+01    8.1384500000e+05    2.1192055412e+00    9.9387184930e-01
       158   -8.6588772513e+01    7.4987864090e+03   -1.3370670965e+02    4.7117937135e+01    6.3998092933e+01   -2.0994151305e+02    1.2236710466e+01    8.1755300000e+05    2.2098393035e+00    9.9381971535e-01
       159   -8.6591102337e+01    7.4992234667e+03   -1.3378673558e+02    4.7195633242e+01    6.3995615448e+01   -2.1002583183e+02    1.2243480806e+01    8.1377000000e+05    2.2263344107e+00    9.9380155521e-01
       160   -8.6591343797e+01    7.4992359879e+03   -1.3368917238e+02    4.7097828586e+01    6.3934381290e+01   -2.0997326227e+02    1.2349708596e+01    8.2434300000e+05    2.3493807798e+00    9.9381671398e-01
       161   -8.6595955260e+01    7.5000347681e+03   -1.3362515409e+02    4.7029198826e+01    6.3912949426e+01   -2.0970600076e+02    1.2167897253e+01    8.2141900000e+05    2.3314475706e+00    9.9384162113e-01
       162   -8.6584788920e+01    7.4981043169e+03   -1.3374879602e+02    4.7164007105e+01    6.3934998340e+01   -2.0992749304e+02    1.2243698672e+01    8.1544600000e+05    2.1686357390e+00    9.9381756309e-01
       163   -8.6587810475e+01    7.4986207273e+03   -1.3354202408e+02    4.6954213604e+01    6.3804332122e+01   -2.0956768841e+02    1.2221332204e+01    8.1372600000e+05    2.0951745051e+00    9.9383116201e-01
       164   -8.6595490319e+01    7.4999845056e+03   -1.3383604021e+02    4.7240549888e+01    6.3932435486e+01   -2.0999518081e+02    1.2226705119e+01    8.1740500000e+05    2.1877208448e+00    9.9378376110e-01
       165   -8.6584616648e+01    7.4980926873e+03   -1.3370803035e+02    4.7123413699e+01    6.3880147640e+01   -2.0985369885e+02    1.2265520867e+01    8.2605600000e+05    2.4248301212e+00    9.9383891451e-01
       166   -8.6587627640e+01    7.4986199164e+03   -1.3358337008e+02    4.6995742444e+01    6.3822383315e+01   -2.0956545304e+02    1.2159699643e+01    8.2238900000e+05    2.3544418069e+00    9.9386717270e-01
       167   -8.6593529899e+01    7.4996235038e+03   -1.3351449360e+02    4.6920963703e+01    6.3751964706e+01   -2.0943714066e+02    1.2170682348e+01    8.1771800000e+05    2.2106347689e+00    9.9382014329e-01
       168   -8.6582754947e+01    7.4977799000e+03   -1.3366204488e+02    4.7079289936e+01    6.3869641698e+01   -2.0978624585e+02    1.2254559268e+01    8.1904000000e+05    2.2198386481e+00    9.9382684624e-01
       169   -8.6585030138e+01    7.4981084915e+03   -1.3365545683e+02    4.7070426696e+01    6.3820613665e+01   -2.0966179141e+02    1.2185720909e+01    8.1759600000e+05    2.2608684031e+00    9.9379162516e-01
       170   -8.6589426289e+01    7.4989021206e+03   -1.3350661426e+02    4.6917187973e+01    6.3782895422e+01   -2.0941296660e+02    1.2123456917e+01    8.0804200000e+05    2.1050182229e+00    9.9383156063e-01
       171   -8.6588046784e+01    7.4986408822e+03   -1.3350351025e+02    4.6915463470e+01    6.3819110003e+01   -2.0943045593e+02    1.2107835668e+01    8.0828100000e+05    2.1007110113e+00    9.9385592142e-01
       172   -8.6590078362e+01    7.4990228930e+03   -1.3370858009e+02    4.7118501724e+01    6.3891022333e+01   -2.0984925351e+02    1.2249651090e+01    8.1676800000e+05    2.2092228069e+00    9.9384528272e-01
       173   -8.6591758990e+01    7.4993985362e+03   -1.3349587595e+02    4.6904116961e+01    6.3755767216e+01   -2.0932831381e+02    1.2076670643e+01    8.2215300000e+05    2.3112067191e+00    9.9381651708e-01
       174   -8.6594437926e+01    7.4997748793e+03   -1.3340687319e+02    4.6812435264e+01    6.3750343540e+01   -2.0923696758e+02    1.2079750848e+01    8.1754800000e+05    2.1723697183e+00    9.9386544835e-01
       175   -8.6587996522e+01    7.4986835363e+03   -1.3379383400e+02    4.7205837477e+01    6.4044516372e+01   -2.1011028565e+02    1.2271935278e+01    8.1428100000e+05    2.0968518313e+00    9.9380285917e-01
       176   -8.6593687153e+01    7.4996472402e+03   -1.3366892700e+02    4.7075239846e+01    6.3868094769e+01   -2.0974173257e+02    1.2204710804e+01    8.1408500000e+05    2.0917532789e+00    9.9382372988e-01
       177   -8.6589497909e+01    7.4989093708e+03   -1.3353605367e+02    4.6946555766e+01    6.3895117450e+01   -2.0953292068e+02    1.2101749557e+01    8.0515900000e+05    2.1494516525e+00    9.9384614717e-01
       178   -8.6589621115e+01    7.4989654085e+03   -1.3362705149e+02    4.7037430376e+01    6.3851403701e+01   -2.0965180282e+02    1.2173347632e+01    8.1456700000e+05    2.1619951967e+00    9.9381226176e-01
       179   -8.6592740149e+01    7.4994818866e+03   -1.3325543656e+02    4.6662696414e+01    6.3623360609e+01   -2.0913253442e+02    1.2253737246e+01    8.1270600000e+05    2.1274901968e+00    9.9390829495e-01
       180   -8.6590235025e+01    7.4990632444e+03   -1.3329379201e+02    4.6703556984e+01    6.3682979318e+01   -2.0913038140e+02    1.2153610074e+01    8.1120600000e+05    2.1625463362e+00    9.9387079795e-01
       181   -8.6590718417e+01    7.4991297335e+03   -1.3344125493e+02    4.6850536511e+01    6.3714662097e+01   -2.0937945032e+02    1.2223533290e+01    8.1342400000e+05    2.1430222276e+00    9.9385924909e-01
       182   -8.6587176911e+01    7.4985541572e+03   -1.3361859834e+02    4.7031421429e+01    6.3814618592e+01   -2.0968281626e+02    1.2249599332e+01    8.1462200000e+05    2.1700261512e+00    9.9378420804e-01
       183   -8.6588392122e+01    7.4987377782e+03   -1.3350213645e+02    4.6913744330e+01    6.3781782520e+01   -2.0949795268e+02    1.2214033705e+01    8.1887400000e+05    2.2085453751e+00    9.9384408017e-01
       184   -8.6587183912e+01    7.4985222768e+03   -1.3369737976e+02    4.7110195847e+01    6.3818607951e+01   -2.0970399137e+02    1.2188003660e+01    8.1926000000e+05    2.2330920871e+00    9.9381637701e-01
       185   -8.6593348672e+01    7.4996587057e+03   -1.3336543401e+02    4.6772085338e+01    6.3739284284e+01   -2.0927416722e+02    1.2169448926e+01    8.1311100000e+05    2.1783671374e+00    9.9385318619e-01
       186   -8.6594397495e+01    7.4997558514e+03   -1.3342584228e+02    4.6831444789e+01    6.3772759235e+01   -2.0933207123e+02    1.2133469714e+01    8.1585700000e+05    2.1665268701e+00    9.9380447057e-01
       187   -8.6589471547e+01    7.4988868025e+03   -1.3357702307e+02    4.6987551519e+01    6.3820426379e+01   -2.0962491593e+02    1.2227466487e+01    8.1214400000e+05    2.1593475316e+00    9.9381742881e-01
       188   -8.6589670441e+01    7.4989363764e+03   -1.3354780624e+02    4.6958135797e+01    6.3783424070e+01   -2.0960124485e+02    1.2270014539e+01    8.1451900000e+05    2.0926780656e+00    9.9384332336e-01
       189   -8.6589939967e+01    7.4989896890e+03   -1.3353987368e+02    4.6949933713e+01    6.3784488289e+01   -2.0957512848e+02    1.2250766513e+01    8.1850300000e+05    2.2754654910e+00    9.9383529201e-01
       190   -8.6595396802e+01    7.4999478736e+03   -1.3370355471e+02    4.7108157903e+01    6.3830885814e+01   -2.0971535438e+02    1.2180913864e+01    8.1932900000e+05    2.2435728277e+00    9.9377133492e-01
       191   -8.6591687238e+01    7.4993001345e+03   -1.3344033509e+02    4.6848647849e+01    6.3767974398e+01   -2.0933160700e+02    1.2123297512e+01    8.2954600000e+05    2.4233158010e+00    9.9380668202e-01
       192   -8.6590274439e+01    7.4990732793e+03   -1.3386628903e+02    4.7276014595e+01    6.3999501630e+01   -2.1006443889e+02    1.2198648228e+01    8.3202500000e+05    2.4191657214e+00    9.9379475045e-01
       193   -8.6583631013e+01    7.4979079594e+03   -1.3351631227e+02    4.6932681255e+01    6.3801317656e+01   -2.0944180557e+02    1.2124175644e+01    8.2363500000e+05    2.4287720693e+00    9.9381171004e-01
       194   -8.6593209327e+01    7.4995541916e+03   -1.3324398010e+02    4.6650770774e+01    6.3640475690e+01   -2.0906052366e+02    1.2176067873e+01    8.0590400000e+05    2.2684377141e+00    9.9390411896e-01
       195   -8.6591122482e+01    7.4991765752e+03   -1.3360378349e+02    4.7012661006e+01    6.3825009709e+01   -2.0962990771e+02    1.2201114518e+01    8.1700900000e+05    2.1772212470e+00    9.9383539030e-01
       196   -8.6583908696e+01    7.4979554820e+03   -1.3343438570e+02    4.6850477006e+01    6.3797252984e+01   -2.0940492878e+02    1.2173290093e+01    8.1805300000e+05    2.2472586948e+00    9.9392468784e-01
       197   -8.6587770830e+01    7.4985933903e+03   -1.3352110566e+02    4.6933334825e+01    6.3789612647e+01   -2.0949106013e+02    1.2180341828e+01    8.1411500000e+05    2.1673146635e+00    9.9385779995e-01
       198   -8.6582633007e+01    7.4976917614e+03   -1.3347123443e+02    4.6888601419e+01    6.3851038766e+01   -2.0939022731e+02    1.2067954121e+01    8.1065700000e+05    2.1667731693e+00    9.9387839571e-01
       199   -8.6592906854e+01    7.4995341690e+03   -1.3353865353e+02    4.6945746681e+01    6.3832496869e+01   -2.0952198169e+02    1.2150831286e+01    8.1511600000e+05    2.1449098962e+00    9.9387454236e-01
       200   -8.6591639729e+01    7.4993005684e+03   -1.3360480929e+02    4.7013169564e+01    6.3908799330e+01   -2.0964824618e+02    1.2134637561e+01    8.2166400000e+05    2.3287993870e+00    9.9384470403e-01
       201   -8.6590601992e+01    7.4991209750e+03   -1.3349259748e+02    4.6901995492e+01    6.3814891944e+01   -2.0946113446e+02    1.2153645034e+01    8.1494900000e+05    2.1552691790e+00    9.9386520307e-01
       202   -8.6592546530e+01    7.4994629158e+03   -1.3366692887e+02    4.7074382340e+01    6.4010443344e+01   -2.0993832900e+02    1.2260956786e+01    8.1859700000e+05    2.2075545336e+00    9.9378424706e-01
       203   -8.6590044459e+01    7.4990149098e+03   -1.3374703352e+02    4.7156989064e+01    6.4045612219e+01   -2.1007433669e+02    1.2281690948e+01    8.2001800000e+05    2.3042575321e+00    9.9380929971e-01
       204   -8.6589681878e+01    7.4989615104e+03   -1.3352557985e+02    4.6935897972e+01    6.3917853591e+01   -2.0973324126e+02    1.2289807824e+01    8.2605100000e+05    2.3986615923e+00    9.9385552337e-01
       205   -8.6589939271e+01    7.4990599998e+03   -1.3370620256e+02    4.7116263287e+01    6.3970235080e+01   -2.0995377589e+02    1.2277338249e+01    8.1244200000e+05    2.1497635122e+00    9.9382377832e-01
       206   -8.6589264068e+01    7.4988703589e+03   -1.3380497207e+02    4.7215708003e+01    6.3970406434e+01   -2.0988662491e+02    1.2111246401e+01    8.1247200000e+05    2.1226531600e+00    9.9380485833e-01
       207   -8.6586803703e+01    7.4984593408e+03   -1.3360406111e+02    4.7017257409e+01    6.3924291026e+01   -2.0968591908e+02    1.2157566941e+01    8.1298300000e+05    2.1959333464e+00    9.9391834169e-01
       208   -8.6592879781e+01    7.4994815372e+03   -1.3350593927e+02    4.6913059485e+01    6.3827319908e+01   -2.0949211336e+02    1.2158854185e+01    8.1932400000e+05    2.2699138394e+00    9.9387142210e-01
       209   -8.6587427255e+01    7.4985449868e+03   -1.3356758883e+02    4.6980161572e+01    6.3881269840e+01   -2.0961235951e+02    1.2163500847e+01    8.2141500000e+05    2.3119312143e+00    9.9382264500e-01
       210   -8.6583592407e+01    7.4978923714e+03   -1.3354006536e+02    4.6956472955e+01    6.3872233404e+01   -2.0958786860e+02    1.2175569831e+01    8.1388900000e+05    2.1641569722e+00    9.9383283834e-01
       211   -8.6592458914e+01    7.4994076020e+03   -1.3362920712e+02    4.7036748210e+01    6.3905673996e+01   -2.0971374147e+02    1.2178860350e+01    8.0977100000e+05    2.0810802632e+00    9.9383485672e-01
       212   -8.6593304156e+01    7.4995758135e+03   -1.3356385355e+02    4.6970549397e+01    6.3901813383e+01   -2.0950698923e+02    1.2041322294e+01    8.1419700000e+05    2.1655147262e+00    9.9383198168e-01
       213   -8.6586602447e+01    7.4983972156e+03   -1.3345821628e+02    4.6871613837e+01    6.3820487752e+01   -2.0945930582e+02    1.2180601786e+01    8.0929100000e+05    2.1699721147e+00    9.9388204458e-01
       214   -8.6590610353e+01    7.4991098691e+03   -1.3362417643e+02    4.7033566077e+01    6.3943263203e+01   -2.0968732165e+02    1.2119882017e+01    8.0729300000e+05    2.1485351205e+00    9.9381341295e-01
       215   -8.6590540339e+01    7.4990919394e+03   -1.3351544653e+02    4.6924906187e+01    6.3757666103e+01   -2.0947864076e+02    1.2205528132e+01    8.0628400000e+05    2.1161119745e+00    9.9388504949e-01
       216   -8.6592956834e+01    7.4995445475e+03   -1.3365523930e+02    4.7062282468e+01    6.3811109447e+01   -2.0974352830e+02    1.2277179548e+01    8.1831900000e+05    2.2522231357e+00    9.9378225158e-01
       217   -8.6590227126e+01    7.4990378330e+03   -1.3360550556e+02    4.7015278432e+01    6.3829226397e+01   -2.0955474777e+02    1.2120015817e+01    8.2285200000e+05    2.3459122425e+00    9.9382814037e-01
       218   -8.6589689845e+01    7.4989485716e+03   -1.3353563548e+02    4.6945945631e+01    6.3743653966e+01   -2.0944275932e+02    1.2163469882e+01    8.1739000000e+05    2.2020487979e+00    9.9385467168e-01
       219   -8.6591993273e+01    7.4993350167e+03   -1.3349680208e+02    4.6904808808e+01    6.3819785456e+01   -2.0954615830e+02    1.2229570759e+01    8.1858600000e+05    2.2762396280e+00    9.9387952551e-01
       220   -8.6593975240e+01    7.4996785400e+03   -1.3349060582e+02    4.6896630577e+01    6.3854541204e+01   -2.0951246992e+02    1.2167322896e+01    8.2428000000e+05    2.3743553953e+00    9.9385736261e-01
       221   -8.6594966395e+01    7.4998713424e+03   -1.3365787989e+02    4.7062913491e+01    6.3786830751e+01   -2.0970073363e+02    1.2256022990e+01    8.1850300000e+05    2.1906220708e+00    9.9380790778e-01
       222   -8.6595206449e+01    7.4998960752e+03   -1.3361709006e+02    4.7021883607e+01    6.3769120040e+01   -2.0960195771e+02    1.2215747613e+01    8.1746300000e+05    2.2115057022e+00    9.9383384673e-01
       223   -8.6593765372e+01    7.4996427195e+03   -1.3361487804e+02    4.7021112667e+01    6.3869772110e+01   -2.0954708362e+02    1.2062433474e+01    8.2410400000e+05    2.3348415326e+00    9.9380311751e-01
       224   -8.6590143923e+01    7.4990064559e+03   -1.3367670339e+02    4.7086559471e+01    6.3933788152e+01   -2.0982378016e+02    1.2213288614e+01    8.2528300000e+05    2.3688380509e+00    9.9381608227e-01
       225   -8.6590085215e+01    7.4990212401e+03   -1.3362379222e+02    4.7033707006e+01    6.3862774097e+01   -2.0965960243e+02    1.2173036114e+01    8.2507500000e+05    2.3558902040e+00    9.9387585217e-01
       226   -8.6589150324e+01    7.4988594389e+03   -1.3353032897e+02    4.6941178647e+01    6.3796008701e+01   -2.0956128131e+02    1.2234943640e+01    8.2131900000e+05    2.3354654184e+00    9.9379144003e-01
       227   -8.6593961521e+01    7.4996929822e+03   -1.3363071569e+02    4.7036754173e+01    6.3839535345e+01   -2.0964874244e+02    1.2178491396e+01    8.1828600000e+05    2.2612742721e+00    9.9385950490e-01
       228   -8.6594338515e+01    7.4997782368e+03   -1.3353000892e+02    4.6935670405e+01    6.3918948161e+01   -2.0962962752e+02    1.2180670440e+01    8.1271100000e+05    2.1962393313e+00    9.9382520906e-01
       229   -8.6587856502e+01    7.4987148977e+03   -1.3376209698e+02    4.7174240479e+01    6.3971760519e+01   -2.0982785128e+02    1.2093993780e+01    8.0381300000e+05    2.1425157872e+00    9.9378248069e-01
       230   -8.6594110736e+01    7.4997205782e+03   -1.3357970391e+02    4.6985593172e+01    6.3949950449e+01   -2.0971118649e+02    1.2181532130e+01    8.1235200000e+05    2.0931743642e+00    9.9386067672e-01
       231   -8.6589131747e+01    7.4988488843e+03   -1.3357598231e+02    4.6986850566e+01    6.3856932945e+01   -2.0960138031e+02    1.2168465055e+01    8.1885600000e+05    2.1985824893e+00    9.9386749428e-01
       232   -8.6595111481e+01    7.4998782361e+03   -1.3366327293e+02    4.7068161449e+01    6.3954000516e+01   -2.0980284307e+02    1.2185569622e+01    8.1875900000e+05    2.2252536737e+00    9.9378129918e-01
       233   -8.6593952632e+01    7.4997358778e+03   -1.3356222112e+02    4.6968268486e+01    6.3805150854e+01   -2.0958084412e+02    1.2213472146e+01    8.1274200000e+05    2.1331618740e+00    9.9382612702e-01
       234   -8.6587245660e+01    7.4985292444e+03   -1.3353965741e+02    4.6952411748e+01    6.3806327138e+01   -2.0963669273e+02    1.2290708179e+01    8.2209300000e+05    2.3442529931e+00    9.9383041231e-01
       235   -8.6584284182e+01    7.4980012541e+03   -1.3369534242e+02    4.7111058238e+01    6.3888903310e+01   -2.0976465653e+02    1.2180410797e+01    8.1531100000e+05    2.1882278733e+00    9.9384907775e-01
       236   -8.6583835669e+01    7.4979040300e+03   -1.3356838775e+02    4.6984552086e+01    6.3895117946e+01   -2.0968082051e+02    1.2217314809e+01    8.1582500000e+05    2.2646958486e+00    9.9385730986e-01
       237   -8.6587275212e+01    7.4985223950e+03   -1.3373958341e+02    4.7152308198e+01    6.3989831292e+01   -2.0996255147e+02    1.2233136769e+01    8.1075400000e+05    2.1063038995e+00    9.9379242134e-01
       238   -8.6586550632e+01    7.4984083056e+03   -1.3337239501e+02    4.6785844383e+01    6.3757475853e+01   -2.0921064153e+02    1.2080770665e+01    8.1590500000e+05    2.1595699179e+00    9.9385441156e-01
       239   -8.6591736403e+01    7.4992959879e+03   -1.3360233264e+02    4.7010596241e+01    6.3817827759e+01   -2.0962185438e+02    1.2201693978e+01    8.2696200000e+05    2.4069585758e+00    9.9385760500e-01
       240   -8.6584643111e+01    7.4980863066e+03   -1.3352209420e+02    4.6937451094e+01    6.3916323539e+01   -2.0966806240e+02    1.2229644657e+01    8.1806200000e+05    2.2754848369e+00    9.9386310264e-01
       241   -8.6594667124e+01    7.4998228343e+03   -1.3372349113e+02    4.7128824011e+01    6.3976100727e+01   -2.0994605666e+02    1.2246464796e+01    8.1971300000e+05    2.2841101722e+00    9.9380364184e-01
       242   -8.6592434757e+01    7.4993888783e+03   -1.3358662174e+02    4.6994186979e+01    6.3829705695e+01   -2.0962702979e+02    1.2210702357e+01    8.2324900000e+05    2.3734577938e+00    9.9383562591e-01
       243   -8.6595767164e+01    7.5000000755e+03   -1.3342638679e+02    4.6830619627e+01    6.3799287204e+01   -2.0934787592e+02    1.2122201926e+01    8.2759400000e+05    2.4152182427e+00    9.9384147138e-01
       244   -8.6586258000e+01    7.4983556440e+03   -1.3349059232e+02    4.6904334320e+01    6.3771603380e+01   -2.0940936187e+02    1.2147166166e+01    8.2990400000e+05    2.4546645500e+00    9.9380756075e-01
       245   -8.6586284580e+01    7.4983318614e+03   -1.3349103632e+02    4.6904751740e+01    6.3747075926e+01   -2.0931778828e+02    1.2079676036e+01    8.1919500000e+05    2.2571743107e+00    9.9386976198e-01
       246   -8.6594037372e+01    7.4997106474e+03   -1.3375665649e+02    4.7162619117e+01    6.3929253346e+01   -2.0994983335e+02    1.2263923513e+01    8.1947600000e+05    2.2057154891e+00    9.9377109913e-01
       247   -8.6584844310e+01    7.4981541636e+03   -1.3358356774e+02    4.6998723427e+01    6.3886517517e+01   -2.0976621768e+02    1.2296132423e+01    8.2107900000e+05    2.3757854481e+00    9.9381299365e-01
       248   -8.6583348649e+01    7.4978770803e+03   -1.3335941473e+02    4.6776066086e+01    6.3776223322e+01   -2.0936600654e+02    1.2230368484e+01    8.1361400000e+05    2.1679853613e+00    9.9380322702e-01
       249   -8.6587636333e+01    7.4986392847e+03   -1.3360354648e+02    4.7015910149e+01    6.3887704191e+01   -2.0969693181e+02    1.2205681132e+01    8.0172000000e+05    2.1465159883e+00    9.9385818858e-01
