#   index    LocalEnergy         LocalEnergy_sq      LocalPotential      Kinetic             ElecElec            LocalECP            NonLocalECP         BlockWeight         BlockCPU            AcceptRatio         
         0   -1.4501065752e+02    2.1030665387e+04   -2.3242985264e+02    8.7419195114e+01    1.1073995192e+02   -3.6206442720e+02    1.8894622649e+01    1.0240000000e+03    4.8034458887e-03    4.4285386029e-01
         1   -1.4501306348e+02    2.1031026434e+04   -2.3204361239e+02    8.7030548906e+01    1.1049047094e+02   -3.6027329624e+02    1.7739212911e+01    1.0240000000e+03    4.8687683884e-03    4.4447380515e-01
         2   -1.4509512203e+02    2.1055643650e+04   -2.3502502193e+02    8.9929899892e+01    1.1051141849e+02   -3.6172722826e+02    1.6190787843e+01    1.0240000000e+03    4.8286262900e-03    4.4401424632e-01
         3   -1.4497359956e+02    2.1020377792e+04   -2.3355489478e+02    8.8581295214e+01    1.1031225123e+02   -3.6155200288e+02    1.7684856868e+01    1.0240000000e+03    4.8165109474e-03    4.3894761029e-01
         4   -1.4489814134e+02    2.0999207358e+04   -2.3598072458e+02    9.1082583238e+01    1.1087346648e+02   -3.6452427184e+02    1.7670080771e+01    1.0240000000e+03    4.8132205848e-03    4.4146369485e-01
         5   -1.4491004605e+02    2.1001800921e+04   -2.3399040018e+02    8.9080354133e+01    1.1076517283e+02   -3.6229136947e+02    1.7535796460e+01    1.0240000000e+03    4.8305066302e-03    4.4369255515e-01
         6   -1.4503383813e+02    2.1038218046e+04   -2.3576842666e+02    9.0734588529e+01    1.1102809784e+02   -3.6423370635e+02    1.7437181858e+01    1.0240000000e+03    4.8108324409e-03    4.3851102941e-01
         7   -1.4500949127e+02    2.1029911542e+04   -2.3353003107e+02    8.8520539801e+01    1.1029705501e+02   -3.6065994424e+02    1.6832858160e+01    1.0240000000e+03    4.7954590991e-03    4.4167049632e-01
         8   -1.4497917721e+02    2.1021007788e+04   -2.3367790878e+02    8.8698731568e+01    1.1042712032e+02   -3.6081043351e+02    1.6705404413e+01    1.0240000000e+03    4.7762757167e-03    4.3975183824e-01
         9   -1.4485678668e+02    2.0986047399e+04   -2.3184627336e+02    8.6989486681e+01    1.0986802921e+02   -3.5797409271e+02    1.6259790137e+01    1.0240000000e+03    4.7838324681e-03    4.3877527574e-01
        10   -1.4497705661e+02    2.1021717958e+04   -2.3296859152e+02    8.7991534910e+01    1.1014823453e+02   -3.6145870929e+02    1.8341883231e+01    1.0240000000e+03    4.7813553829e-03    4.4184283088e-01
        11   -1.4494277180e+02    2.1010638350e+04   -2.3268314397e+02    8.7740372167e+01    1.0981522056e+02   -3.6064295315e+02    1.8144588618e+01    1.0240000000e+03    4.7746628989e-03    4.3990119485e-01
        12   -1.4500648986e+02    2.1029464928e+04   -2.3442077628e+02    8.9414286419e+01    1.1040582028e+02   -3.6327471535e+02    1.8448118794e+01    1.0240000000e+03    4.7936872579e-03    4.4162454044e-01
        13   -1.4496167883e+02    2.1016290137e+04   -2.3344508581e+02    8.8483406981e+01    1.0974578551e+02   -3.6055666141e+02    1.7365790086e+01    1.0240000000e+03    4.7762899194e-03    4.4063648897e-01
        14   -1.4497050125e+02    2.1018996182e+04   -2.3441880391e+02    8.9448302662e+01    1.1061469904e+02   -3.6209076169e+02    1.7057258734e+01    1.0240000000e+03    4.7767288052e-03    4.3825827206e-01
        15   -1.4503853407e+02    2.1039389949e+04   -2.3698982858e+02    9.1951294510e+01    1.1115387415e+02   -3.6576927455e+02    1.7625571811e+01    1.0240000000e+03    4.7995450441e-03    4.4307215074e-01
        16   -1.4500256240e+02    2.1028788846e+04   -2.3384681302e+02    8.8844250623e+01    1.1074584948e+02   -3.6199041343e+02    1.7397750937e+01    1.0240000000e+03    4.7968481667e-03    4.4272748162e-01
        17   -1.4503173948e+02    2.1036752981e+04   -2.3257715191e+02    8.7545412431e+01    1.1042893494e+02   -3.6025400878e+02    1.7247921931e+01    1.0240000000e+03    4.7913778108e-03    4.4090073529e-01
        18   -1.4499609898e+02    2.1026639303e+04   -2.3435296093e+02    8.9356861952e+01    1.1048513192e+02   -3.6167375292e+02    1.6835660060e+01    1.0240000000e+03    4.7933391761e-03    4.3998161765e-01
        19   -1.4503161803e+02    2.1036267164e+04   -2.3231526158e+02    8.7283643551e+01    1.1033099653e+02   -3.6001799878e+02    1.7371740663e+01    1.0240000000e+03    4.7791465186e-03    4.4184283088e-01
        20   -1.4497004391e+02    2.1018954207e+04   -2.3363777879e+02    8.8667734874e+01    1.0999715011e+02   -3.6010452062e+02    1.6469591720e+01    1.0240000000e+03    4.7699934803e-03    4.3900505515e-01
        21   -1.4491462347e+02    2.1003159611e+04   -2.3407813460e+02    8.9163511133e+01    1.1024886970e+02   -3.6183919410e+02    1.7512189796e+01    1.0240000000e+03    4.7956174240e-03    4.4384191176e-01
        22   -1.4510983549e+02    2.1061840816e+04   -2.3361071893e+02    8.8500883446e+01    1.1036516067e+02   -3.6216374185e+02    1.8187862251e+01    1.0240000000e+03    4.7916711774e-03    4.4185431985e-01
        23   -1.4496335818e+02    2.1017059689e+04   -2.3340849520e+02    8.8445137014e+01    1.1033884891e+02   -3.6129279816e+02    1.7545454055e+01    1.0240000000e+03    4.7839730978e-03    4.4078584559e-01
        24   -1.4507906764e+02    2.1050687004e+04   -2.3422303609e+02    8.9143968446e+01    1.1067979363e+02   -3.6239306097e+02    1.7490231246e+01    1.0240000000e+03    4.7765660565e-03    4.3983226103e-01
        25   -1.4501159841e+02    2.1030839038e+04   -2.3128308066e+02    8.6271482242e+01    1.0961813053e+02   -3.5849756873e+02    1.7596357550e+01    1.0240000000e+03    4.7849135008e-03    4.4162454044e-01
        26   -1.4487753988e+02    2.0991638549e+04   -2.3424193019e+02    8.9364390309e+01    1.0962225906e+02   -3.6052763399e+02    1.6663444742e+01    1.0240000000e+03    4.7763769981e-03    4.4244025735e-01
        27   -1.4486171193e+02    2.0987628332e+04   -2.3335042087e+02    8.8488708937e+01    1.0999949154e+02   -3.6039381315e+02    1.7043900749e+01    1.0240000000e+03    4.7890329733e-03    4.3928079044e-01
        28   -1.4500256668e+02    2.1028517938e+04   -2.3357312675e+02    8.8570560068e+01    1.1039091428e+02   -3.6256684863e+02    1.8602807602e+01    1.0240000000e+03    4.7926232219e-03    4.4445082721e-01
        29   -1.4497446443e+02    2.1022111112e+04   -2.3377500261e+02    8.8800538176e+01    1.1060327648e+02   -3.6321990388e+02    1.8841624795e+01    1.0240000000e+03    4.8054927029e-03    4.4368106618e-01
        30   -1.4498581419e+02    2.1023225379e+04   -2.3509073778e+02    9.0104923588e+01    1.1082096976e+02   -3.6328806273e+02    1.7376355187e+01    1.0240000000e+03    4.7653398942e-03    4.3832720588e-01
        31   -1.4505579378e+02    2.1043904579e+04   -2.3488835272e+02    8.9832558935e+01    1.1052895034e+02   -3.6206316137e+02    1.6645858312e+01    1.0240000000e+03    4.7840788029e-03    4.4092371324e-01
        32   -1.4493594377e+02    2.1008911617e+04   -2.3390149874e+02    8.8965554970e+01    1.1005401265e+02   -3.6148709223e+02    1.7531580839e+01    1.0240000000e+03    4.7804035712e-03    4.3918887868e-01
        33   -1.4494084719e+02    2.1010340412e+04   -2.3446530137e+02    8.9524454181e+01    1.1051281576e+02   -3.6144678859e+02    1.6468671448e+01    1.0240000000e+03    4.7854962759e-03    4.4138327206e-01
        34   -1.4503098248e+02    2.1037761189e+04   -2.3285575852e+02    8.7824776039e+01    1.1067977075e+02   -3.6202063514e+02    1.8485105872e+01    1.0240000000e+03    4.7970230225e-03    4.4360064338e-01
        35   -1.4494499074e+02    2.1011605004e+04   -2.3540267306e+02    9.0457682319e+01    1.1125370083e+02   -3.6411684010e+02    1.7460466208e+01    1.0240000000e+03    4.7962965909e-03    4.4144071691e-01
        36   -1.4497352840e+02    2.1020338661e+04   -2.3488676030e+02    8.9913231898e+01    1.1099138563e+02   -3.6440269896e+02    1.8524553032e+01    1.0240000000e+03    4.7985650599e-03    4.4167049632e-01
        37   -1.4495405126e+02    2.1013985550e+04   -2.3324719300e+02    8.8293141738e+01    1.1067329118e+02   -3.6206889199e+02    1.8148407815e+01    1.0240000000e+03    4.7998982482e-03    4.4216452206e-01
        38   -1.4498815671e+02    2.1024028348e+04   -2.3303133398e+02    8.8043177270e+01    1.1028825531e+02   -3.5985426299e+02    1.6534673699e+01    1.0240000000e+03    4.7782361507e-03    4.3870634191e-01
        39   -1.4496678465e+02    2.1017726274e+04   -2.3477872742e+02    8.9811942775e+01    1.1059625580e+02   -3.6410315800e+02    1.8728174775e+01    1.0240000000e+03    4.7931221779e-03    4.4357766544e-01
        40   -1.4490333030e+02    2.0999394390e+04   -2.3256010220e+02    8.7656771908e+01    1.0988641252e+02   -3.6090621959e+02    1.8459704866e+01    1.0240000000e+03    4.7736489214e-03    4.4049862132e-01
        41   -1.4500667510e+02    2.1029183474e+04   -2.3385346718e+02    8.8846792087e+01    1.0999439329e+02   -3.6126038084e+02    1.7412520371e+01    1.0240000000e+03    4.7877307516e-03    4.4430147059e-01
        42   -1.4493203298e+02    2.1009130257e+04   -2.3515803156e+02    9.0225998581e+01    1.1048472525e+02   -3.6357727235e+02    1.7934515539e+01    1.0240000000e+03    4.7883596271e-03    4.4227941176e-01
        43   -1.4498006483e+02    2.1022022958e+04   -2.3328648574e+02    8.8306420918e+01    1.1040100000e+02   -3.6156023933e+02    1.7872753579e+01    1.0240000000e+03    4.7953911126e-03    4.4024586397e-01
        44   -1.4495153701e+02    2.1013624222e+04   -2.3364659776e+02    8.8695060749e+01    1.1036330048e+02   -3.6160304556e+02    1.7593147311e+01    1.0240000000e+03    4.7865191009e-03    4.4007352941e-01
        45   -1.4502795586e+02    2.1035614143e+04   -2.3501879047e+02    8.9990834611e+01    1.1027242375e+02   -3.6282526598e+02    1.7534051764e+01    1.0240000000e+03    4.7814548016e-03    4.4063648897e-01
        46   -1.4502952954e+02    2.1037143376e+04   -2.3444566282e+02    8.9416133275e+01    1.1049936184e+02   -3.6293412191e+02    1.7989097255e+01    1.0240000000e+03    4.7797951847e-03    4.4253216912e-01
        47   -1.4497817256e+02    2.1021526016e+04   -2.3456066388e+02    8.9582491320e+01    1.1002669686e+02   -3.6257452041e+02    1.7987159665e+01    1.0240000000e+03    4.7859773040e-03    4.4267003676e-01
        48   -1.4496585074e+02    2.1017714718e+04   -2.3494205854e+02    8.9976207792e+01    1.1006133730e+02   -3.6187356112e+02    1.6870165282e+01    1.0240000000e+03    4.7868965194e-03    4.4311810662e-01
        49   -1.4498460521e+02    2.1023613018e+04   -2.3509470897e+02    9.0110103756e+01    1.1008674592e+02   -3.6143551384e+02    1.6254058946e+01    1.0240000000e+03    4.7857896425e-03    4.3983226103e-01
        50   -1.4493000327e+02    2.1007251197e+04   -2.3290903847e+02    8.7979035193e+01    1.1004086576e+02   -3.6047212643e+02    1.7522222208e+01    1.0240000000e+03    4.7771658283e-03    4.3962545956e-01
        51   -1.4496257045e+02    2.1016299647e+04   -2.3306855330e+02    8.8105982851e+01    1.1026124871e+02   -3.6087745626e+02    1.7547654251e+01    1.0240000000e+03    4.7848068643e-03    4.4048713235e-01
        52   -1.4494390711e+02    2.1011302814e+04   -2.3307860568e+02    8.8134698571e+01    1.1063793476e+02   -3.6154198191e+02    1.7825441472e+01    1.0240000000e+03    4.7942623496e-03    4.4093520221e-01
        53   -1.4499222001e+02    2.1025527569e+04   -2.3443547636e+02    8.9443256352e+01    1.1041946577e+02   -3.6229821682e+02    1.7443274685e+01    1.0240000000e+03    4.7901382204e-03    4.4170496324e-01
        54   -1.4497550542e+02    2.1020444515e+04   -2.3424565619e+02    8.9270150773e+01    1.1057902172e+02   -3.6246394991e+02    1.7639271998e+01    1.0240000000e+03    4.7809747048e-03    4.3820082721e-01
        55   -1.4498787088e+02    2.1024106582e+04   -2.3530637239e+02    9.0318501509e+01    1.1046410331e+02   -3.6242205533e+02    1.6651579632e+01    1.0240000000e+03    4.7919403296e-03    4.4253216912e-01
        56   -1.4496990353e+02    2.1019286903e+04   -2.3529159098e+02    9.0321687453e+01    1.1068705387e+02   -3.6346336610e+02    1.7484721254e+01    1.0240000000e+03    4.7822233755e-03    4.3959099265e-01
        57   -1.4495684332e+02    2.1014665886e+04   -2.3431469713e+02    8.9357853810e+01    1.1057859789e+02   -3.6307750695e+02    1.8184211934e+01    1.0240000000e+03    4.7850592528e-03    4.4080882353e-01
        58   -1.4502696346e+02    2.1035830463e+04   -2.3440522407e+02    8.9378260606e+01    1.1086097677e+02   -3.6335679004e+02    1.8090589200e+01    1.0240000000e+03    4.7815456055e-03    4.3909696691e-01
        59   -1.4503659786e+02    2.1037958747e+04   -2.3443432192e+02    8.9397724058e+01    1.1100084331e+02   -3.6345718553e+02    1.8022020299e+01    1.0240000000e+03    4.7828902025e-03    4.3794806985e-01
        60   -1.4505018350e+02    2.1041647677e+04   -2.3330395348e+02    8.8253769982e+01    1.1056725406e+02   -3.6091710604e+02    1.7045898497e+01    1.0240000000e+03    4.7964190599e-03    4.4147518382e-01
        61   -1.4494866144e+02    2.1012608516e+04   -2.3127387170e+02    8.6325210254e+01    1.1028454687e+02   -3.5921106838e+02    1.7652649821e+01    1.0240000000e+03    4.7843083739e-03    4.4010799632e-01
        62   -1.4496389731e+02    2.1016947081e+04   -2.3499999861e+02    9.0036101303e+01    1.1000675758e+02   -3.6052620604e+02    1.5519449850e+01    1.0240000000e+03    4.7870606650e-03    4.4080882353e-01
        63   -1.4495228140e+02    2.1014640884e+04   -2.3235738385e+02    8.7405102446e+01    1.1022811816e+02   -3.5923108103e+02    1.6645579022e+01    1.0240000000e+03    4.7870948911e-03    4.4306066176e-01
        64   -1.4502272389e+02    2.1034070392e+04   -2.3571782597e+02    9.0695102081e+01    1.1025136809e+02   -3.6291712084e+02    1.6947926781e+01    1.0240000000e+03    4.7811768018e-03    4.4127987132e-01
        65   -1.4502384458e+02    2.1034435270e+04   -2.3394607204e+02    8.8922227462e+01    1.1044932157e+02   -3.6212191774e+02    1.7726524128e+01    1.0240000000e+03    4.7940213699e-03    4.4333639706e-01
        66   -1.4501769273e+02    2.1032681114e+04   -2.3400194646e+02    8.8984253730e+01    1.1066349530e+02   -3.6219598905e+02    1.7530547283e+01    1.0240000000e+03    4.8021685798e-03    4.4480698529e-01
        67   -1.4499090847e+02    2.1025037497e+04   -2.3198060199e+02    8.6989693524e+01    1.1014686362e+02   -3.6019289091e+02    1.8065425289e+01    1.0240000000e+03    4.7864329536e-03    4.4063648897e-01
        68   -1.4495654997e+02    2.1015183303e+04   -2.3389978634e+02    8.8943236365e+01    1.1053899756e+02   -3.6220100902e+02    1.7762225125e+01    1.0240000000e+03    4.8034614883e-03    4.4067095588e-01
        69   -1.4497965792e+02    2.1024682100e+04   -2.3477673432e+02    8.9797076399e+01    1.1034447340e+02   -3.6294365110e+02    1.7822443391e+01    1.0240000000e+03    4.7902904917e-03    4.4140625000e-01
        70   -1.4494267410e+02    2.1010864319e+04   -2.3476598439e+02    8.9823310292e+01    1.1087999932e+02   -3.6324358988e+02    1.7597606167e+01    1.0240000000e+03    4.7969052102e-03    4.4063648897e-01
        71   -1.4495862020e+02    2.1015219779e+04   -2.3456105513e+02    8.9602434932e+01    1.1050570095e+02   -3.6231569669e+02    1.7248940609e+01    1.0240000000e+03    4.7869840637e-03    4.3930376838e-01
        72   -1.4503987054e+02    2.1039575500e+04   -2.3264481938e+02    8.7604948835e+01    1.1017819505e+02   -3.5950060260e+02    1.6677588170e+01    1.0240000000e+03    4.7958523501e-03    4.4284237132e-01
        73   -1.4503114821e+02    2.1036483391e+04   -2.3346331445e+02    8.8432166240e+01    1.0982101566e+02   -3.6040185539e+02    1.7117525277e+01    1.0240000000e+03    4.7799577005e-03    4.3934972426e-01
        74   -1.4491384137e+02    2.1002533802e+04   -2.3361054953e+02    8.8696708163e+01    1.1028750170e+02   -3.6036746571e+02    1.6469414480e+01    1.0240000000e+03    4.7784962226e-03    4.3957950368e-01
        75   -1.4502105186e+02    2.1033416540e+04   -2.3206385728e+02    8.7042805414e+01    1.1022074167e+02   -3.6024371785e+02    1.7959118902e+01    1.0240000000e+03    4.7972032335e-03    4.4314108456e-01
        76   -1.4500110639e+02    2.1027787622e+04   -2.3587701838e+02    9.0875911982e+01    1.1018950950e+02   -3.6160003701e+02    1.5533509138e+01    1.0240000000e+03    4.7877575271e-03    4.4107306985e-01
        77   -1.4497893592e+02    2.1021404919e+04   -2.3405503176e+02    8.9076095841e+01    1.1013382284e+02   -3.6121834973e+02    1.7029495130e+01    1.0240000000e+03    4.7801199835e-03    4.4210707721e-01
        78   -1.4496881680e+02    2.1018744396e+04   -2.3230627044e+02    8.7337453636e+01    1.0988530083e+02   -3.5937901862e+02    1.7187447346e+01    1.0240000000e+03    4.7910530120e-03    4.4556525735e-01
        79   -1.4495500039e+02    2.1014353698e+04   -2.3299093340e+02    8.8035933012e+01    1.0982059705e+02   -3.5954465158e+02    1.6733121134e+01    1.0240000000e+03    4.7794256825e-03    4.4060202206e-01
        80   -1.4503981195e+02    2.1039171219e+04   -2.3555274858e+02    9.0512936630e+01    1.1050390028e+02   -3.6366487130e+02    1.7608222445e+01    1.0240000000e+03    4.7877242323e-03    4.4233685662e-01
        81   -1.4496158677e+02    2.1016178257e+04   -2.3306678620e+02    8.8105199431e+01    1.0983734220e+02   -3.6060040334e+02    1.7696274939e+01    1.0240000000e+03    4.7802133486e-03    4.3945312500e-01
        82   -1.4496042349e+02    2.1015919633e+04   -2.3324151922e+02    8.8281095729e+01    1.0985891188e+02   -3.6116369275e+02    1.8063261653e+01    1.0240000000e+03    4.8011874314e-03    4.4306066176e-01
        83   -1.4492895406e+02    2.1007001624e+04   -2.3418205954e+02    8.9253105486e+01    1.1015486285e+02   -3.6211422530e+02    1.7777302910e+01    1.0240000000e+03    4.7752759419e-03    4.3984375000e-01
        84   -1.4500090470e+02    2.1028052822e+04   -2.3459759251e+02    8.9596687811e+01    1.1034638744e+02   -3.6285394133e+02    1.7909961377e+01    1.0240000000e+03    4.7852238640e-03    4.4233685662e-01
        85   -1.4502055078e+02    2.1033516349e+04   -2.3403540666e+02    8.9014855873e+01    1.1008405277e+02   -3.6163840921e+02    1.7518949776e+01    1.0240000000e+03    4.7631049529e-03    4.3886718750e-01
        86   -1.4494218711e+02    2.1010667729e+04   -2.3419885252e+02    8.9256665407e+01    1.1021161930e+02   -3.6305444598e+02    1.8643974161e+01    1.0240000000e+03    4.7704528552e-03    4.4161305147e-01
        87   -1.4503103270e+02    2.1036066329e+04   -2.3238539615e+02    8.7354363453e+01    1.1007624482e+02   -3.5871902817e+02    1.6257387196e+01    1.0240000000e+03    4.7909200657e-03    4.4334788603e-01
        88   -1.4503649300e+02    2.1038766219e+04   -2.3299996068e+02    8.7963467685e+01    1.1042845558e+02   -3.6041938127e+02    1.6990965014e+01    1.0240000000e+03    4.7883072402e-03    4.4123391544e-01
        89   -1.4493222113e+02    2.1008227635e+04   -2.3318841449e+02    8.8256193360e+01    1.1055418392e+02   -3.6085395664e+02    1.7111358224e+01    1.0240000000e+03    4.7849048860e-03    4.4394531250e-01
        90   -1.4498096899e+02    2.1021986976e+04   -2.3441882040e+02    8.9437851413e+01    1.1060530640e+02   -3.6209131982e+02    1.7067193015e+01    1.0240000000e+03    4.7872983851e-03    4.4055606618e-01
        91   -1.4492853223e+02    2.1006805348e+04   -2.3399900149e+02    8.9070469250e+01    1.1085970181e+02   -3.6292019477e+02    1.8061491478e+01    1.0240000000e+03    4.7804045025e-03    4.3755744485e-01
        92   -1.4494571883e+02    2.1011919732e+04   -2.3533534785e+02    9.0389629020e+01    1.1136441864e+02   -3.6335280934e+02    1.6653042854e+01    1.0240000000e+03    4.8024349380e-03    4.4194623162e-01
        93   -1.4492356350e+02    2.1005272584e+04   -2.3318140852e+02    8.8257845025e+01    1.1053664173e+02   -3.6072810461e+02    1.7010054358e+01    1.0240000000e+03    4.8034824431e-03    4.4117647059e-01
        94   -1.4495319008e+02    2.1013836608e+04   -2.3267629026e+02    8.7723100178e+01    1.1037857176e+02   -3.6017214050e+02    1.7117278485e+01    1.0240000000e+03    4.7813705169e-03    4.4140625000e-01
        95   -1.4503230294e+02    2.1037791424e+04   -2.3430746225e+02    8.9275159314e+01    1.1018017658e+02   -3.6141180882e+02    1.6924169985e+01    1.0240000000e+03    4.8063686118e-03    4.4339384191e-01
        96   -1.4512990268e+02    2.1065219387e+04   -2.3239155854e+02    8.7261655866e+01    1.0995531906e+02   -3.5958598954e+02    1.7239111942e+01    1.0240000000e+03    4.7791635152e-03    4.4249770221e-01
        97   -1.4497493851e+02    2.1020166706e+04   -2.3270421720e+02    8.7729278689e+01    1.0994012590e+02   -3.6012683632e+02    1.7482493231e+01    1.0240000000e+03    4.7909033019e-03    4.4300321691e-01
        98   -1.4508821874e+02    2.1053429775e+04   -2.3352402601e+02    8.8435807273e+01    1.1034433851e+02   -3.6076278662e+02    1.6894422102e+01    1.0240000000e+03    4.7907801345e-03    4.4109604779e-01
        99   -1.4504374137e+02    2.1039858255e+04   -2.3335947818e+02    8.8315736815e+01    1.1015033027e+02   -3.6164173774e+02    1.8131929286e+01    1.0240000000e+03    4.7964346595e-03    4.4217601103e-01
       100   -1.4505013478e+02    2.1042730713e+04   -2.3338255374e+02    8.8332418960e+01    1.1042099536e+02   -3.6229718875e+02    1.8493639644e+01    1.0240000000e+03    4.7920518555e-03    4.4037224265e-01
       101   -1.4497484489e+02    2.1020353058e+04   -2.3341028788e+02    8.8435442984e+01    1.1014717654e+02   -3.6312207559e+02    1.9564611177e+01    1.0240000000e+03    4.7942565288e-03    4.4183134191e-01
       102   -1.4502432777e+02    2.1034703314e+04   -2.3329332022e+02    8.8268992447e+01    1.1007428067e+02   -3.6024025465e+02    1.6872653759e+01    1.0240000000e+03    4.8032307532e-03    4.4255514706e-01
       103   -1.4495085133e+02    2.1013352523e+04   -2.3324820244e+02    8.8297351108e+01    1.1027215343e+02   -3.6050503666e+02    1.6984680789e+01    1.0240000000e+03    4.8153626267e-03    4.4380744485e-01
       104   -1.4502148563e+02    2.1033853097e+04   -2.3450563137e+02    8.9484145741e+01    1.1116735051e+02   -3.6395505189e+02    1.8282070006e+01    1.0240000000e+03    4.8058752436e-03    4.4044117647e-01
       105   -1.4490317372e+02    2.0999652745e+04   -2.3596774237e+02    9.1064568650e+01    1.1098177372e+02   -3.6447938819e+02    1.7529872110e+01    1.0240000000e+03    4.7948097344e-03    4.4091222426e-01
       106   -1.4496807484e+02    2.1018277627e+04   -2.3397598371e+02    8.9007908877e+01    1.1012393890e+02   -3.6123434687e+02    1.7134424254e+01    1.0240000000e+03    4.7864827793e-03    4.4086626838e-01
       107   -1.4495102472e+02    2.1013242389e+04   -2.3292692428e+02    8.7975899556e+01    1.0956425331e+02   -3.5968151311e+02    1.7190335519e+01    1.0240000000e+03    4.7914276365e-03    4.4255514706e-01
       108   -1.4496773651e+02    2.1017988031e+04   -2.3333597271e+02    8.8368236203e+01    1.1003024987e+02   -3.6118877517e+02    1.7822552591e+01    1.0240000000e+03    4.7815211583e-03    4.4175091912e-01
       109   -1.4491890992e+02    2.1004157776e+04   -2.3259003965e+02    8.7671129725e+01    1.1020179152e+02   -3.6138323640e+02    1.8591405232e+01    1.0240000000e+03    4.7895957250e-03    4.4017693015e-01
       110   -1.4496103933e+02    2.1016303106e+04   -2.3360327240e+02    8.8642233076e+01    1.1050421097e+02   -3.6116804181e+02    1.7060558440e+01    1.0240000000e+03    4.7954281326e-03    4.4098115809e-01
       111   -1.4501241448e+02    2.1031073879e+04   -2.3577232525e+02    9.0759910770e+01    1.1086427154e+02   -3.6362821045e+02    1.6991613666e+01    1.0240000000e+03    4.7875856981e-03    4.3890165441e-01
       112   -1.4497239715e+02    2.1019443685e+04   -2.3379952812e+02    8.8827130976e+01    1.1071868895e+02   -3.6154357774e+02    1.7025360664e+01    1.0240000000e+03    4.8148571514e-03    4.4492187500e-01
       113   -1.4508962585e+02    2.1053394931e+04   -2.3449043225e+02    8.9400806401e+01    1.1097742567e+02   -3.6282207044e+02    1.7354212515e+01    1.0240000000e+03    4.8054978251e-03    4.4341681985e-01
       114   -1.4491323494e+02    2.1002295648e+04   -2.3302783573e+02    8.8114600791e+01    1.1026335910e+02   -3.6107938341e+02    1.7788188583e+01    1.0240000000e+03    4.7869104892e-03    4.4067095588e-01
       115   -1.4498915591e+02    2.1024093092e+04   -2.3268044607e+02    8.7691290165e+01    1.1020989899e+02   -3.6070920986e+02    1.7818864799e+01    1.0240000000e+03    4.7886702232e-03    4.4160156250e-01
       116   -1.4498094858e+02    2.1022048182e+04   -2.3466937023e+02    8.9688421654e+01    1.1064403994e+02   -3.6243714629e+02    1.7123736128e+01    1.0240000000e+03    4.7727634665e-03    4.3722426471e-01
       117   -1.4492106954e+02    2.1005166858e+04   -2.3613930960e+02    9.1218240063e+01    1.1125893721e+02   -3.6487144135e+02    1.7473194529e+01    1.0240000000e+03    4.7937175259e-03    4.4024586397e-01
       118   -1.4500853288e+02    2.1029389695e+04   -2.3334363557e+02    8.8335102688e+01    1.1030402852e+02   -3.5996689899e+02    1.6319234910e+01    1.0240000000e+03    4.7888311092e-03    4.3998161765e-01
       119   -1.4496365341e+02    2.1016716849e+04   -2.3453914015e+02    8.9575486734e+01    1.1052610549e+02   -3.6165216712e+02    1.6586921483e+01    1.0240000000e+03    4.7729271464e-03    4.3716681985e-01
       120   -1.4495798081e+02    2.1015267944e+04   -2.3406602123e+02    8.9108040420e+01    1.0990088927e+02   -3.6108411808e+02    1.7117207571e+01    1.0240000000e+03    4.7688572668e-03    4.3990119485e-01
       121   -1.4494489455e+02    2.1012055769e+04   -2.3478420820e+02    8.9839313647e+01    1.1108722827e+02   -3.6348188293e+02    1.7610446460e+01    1.0240000000e+03    4.8025276046e-03    4.4221047794e-01
       122   -1.4493399079e+02    2.1008126753e+04   -2.3322208873e+02    8.8288097933e+01    1.1046221141e+02   -3.6151916619e+02    1.7834866050e+01    1.0240000000e+03    4.8020915128e-03    4.4150965074e-01
       123   -1.4489637922e+02    2.0997445913e+04   -2.3365468138e+02    8.8758302163e+01    1.1064898378e+02   -3.6211346834e+02    1.7809803178e+01    1.0240000000e+03    4.7959601507e-03    4.3871783088e-01
       124   -1.4501570509e+02    2.1031882760e+04   -2.3586124823e+02    9.0845543140e+01    1.1091718136e+02   -3.6428871731e+02    1.7510287728e+01    1.0240000000e+03    4.7808289528e-03    4.3866038603e-01
       125   -1.4492894044e+02    2.1006788584e+04   -2.3325909234e+02    8.8330151898e+01    1.1095736412e+02   -3.6234095732e+02    1.8124500865e+01    1.0240000000e+03    4.8037646338e-03    4.4244025735e-01
       126   -1.4500668481e+02    2.1029368910e+04   -2.3324363261e+02    8.8236947793e+01    1.1019900945e+02   -3.6065958011e+02    1.7216938053e+01    1.0240000000e+03    4.7993061598e-03    4.4216452206e-01
       127   -1.4497040214e+02    2.1018738845e+04   -2.3371237588e+02    8.8741973737e+01    1.1039425956e+02   -3.6203447310e+02    1.7927837668e+01    1.0240000000e+03    4.8004761338e-03    4.4252068015e-01
       128   -1.4492572750e+02    2.1005789727e+04   -2.3422970313e+02    8.9303975628e+01    1.1082485481e+02   -3.6135039904e+02    1.6295841099e+01    1.0240000000e+03    4.8083660658e-03    4.4281939338e-01
       129   -1.4492986960e+02    2.1006894270e+04   -2.3398690219e+02    8.9057032590e+01    1.1141628176e+02   -3.6377322281e+02    1.8370038861e+01    1.0240000000e+03    4.8028354067e-03    4.4032628676e-01
       130   -1.4501329321e+02    2.1031274589e+04   -2.3509464640e+02    9.0081353192e+01    1.1105646909e+02   -3.6306826422e+02    1.6917148734e+01    1.0240000000e+03    4.7869537957e-03    4.4092371324e-01
       131   -1.4499272580e+02    2.1025476319e+04   -2.3445780687e+02    8.9465081074e+01    1.1109188437e+02   -3.6260335646e+02    1.7053665215e+01    1.0240000000e+03    4.7816329170e-03    4.3995863971e-01
       132   -1.4488583000e+02    2.0994383842e+04   -2.3454351184e+02    8.9657681841e+01    1.1094605935e+02   -3.6310085918e+02    1.7611287988e+01    1.0240000000e+03    4.7775649000e-03    4.3739659926e-01
       133   -1.4495802964e+02    2.1015161550e+04   -2.3251360295e+02    8.7555573309e+01    1.1032919565e+02   -3.6002766355e+02    1.7184864946e+01    1.0240000000e+03    4.7840557527e-03    4.3978630515e-01
       134   -1.4491947868e+02    2.1004085153e+04   -2.3306365659e+02    8.8144177909e+01    1.1044295466e+02   -3.6135372466e+02    1.7847113412e+01    1.0240000000e+03    4.7896273900e-03    4.4037224265e-01
       135   -1.4501269310e+02    2.1031189276e+04   -2.3329320691e+02    8.8280513810e+01    1.1015298075e+02   -3.6230632796e+02    1.8860140296e+01    1.0240000000e+03    4.7891314607e-03    4.4210707721e-01
       136   -1.4514714135e+02    2.1071136984e+04   -2.3406367134e+02    8.8916529994e+01    1.1032929575e+02   -3.6151932201e+02    1.7126354920e+01    1.0240000000e+03    4.7844375949e-03    4.4103860294e-01
       137   -1.4495383677e+02    2.1014535373e+04   -2.3495912412e+02    9.0005287346e+01    1.1055927752e+02   -3.6302423062e+02    1.7505828981e+01    1.0240000000e+03    4.7759017907e-03    4.3999310662e-01
       138   -1.4498698807e+02    2.1023804626e+04   -2.3353584574e+02    8.8548857672e+01    1.1031058504e+02   -3.6049024902e+02    1.6643818245e+01    1.0240000000e+03    4.7905605752e-03    4.4309512868e-01
       139   -1.4490994249e+02    2.1001125337e+04   -2.3338271153e+02    8.8472769040e+01    1.1017609286e+02   -3.6092613118e+02    1.7367326781e+01    1.0240000000e+03    4.7897759359e-03    4.4148667279e-01
       140   -1.4500043745e+02    2.1028196635e+04   -2.3430535917e+02    8.9304921722e+01    1.0997100886e+02   -3.6116426188e+02    1.6887893854e+01    1.0240000000e+03    4.8008356243e-03    4.4199218750e-01
       141   -1.4496032095e+02    2.1015800334e+04   -2.3419016065e+02    8.9229839708e+01    1.1008603652e+02   -3.6117554368e+02    1.6899346510e+01    1.0240000000e+03    4.7945501283e-03    4.4332490809e-01
       142   -1.4503626146e+02    2.1038153963e+04   -2.3331671737e+02    8.8280455913e+01    1.1005780016e+02   -3.6155039456e+02    1.8175877029e+01    1.0240000000e+03    4.7882371582e-03    4.4133731618e-01
       143   -1.4491246793e+02    2.1001550803e+04   -2.3291659994e+02    8.8004132010e+01    1.1066631312e+02   -3.6041948494e+02    1.6836571875e+01    1.0240000000e+03    4.7970137093e-03    4.4116498162e-01
       144   -1.4500785797e+02    2.1029426635e+04   -2.3502861978e+02    9.0020761810e+01    1.1023826154e+02   -3.6271156668e+02    1.7444685363e+01    1.0240000000e+03    4.7884027008e-03    4.4091222426e-01
       145   -1.4498846865e+02    2.1024366769e+04   -2.3499158570e+02    9.0003117056e+01    1.1081087365e+02   -3.6355786818e+02    1.7755408832e+01    1.0240000000e+03    4.8036251683e-03    4.4304917279e-01
       146   -1.4496473740e+02    2.1017477767e+04   -2.3434410291e+02    8.9379365509e+01    1.1037713719e+02   -3.6246141663e+02    1.7740176531e+01    1.0240000000e+03    4.7874895390e-03    4.4265854779e-01
       147   -1.4496436275e+02    2.1017246037e+04   -2.3477003677e+02    8.9805674014e+01    1.1041258471e+02   -3.6293146865e+02    1.7748847166e+01    1.0240000000e+03    4.7786228824e-03    4.4096966912e-01
       148   -1.4502473525e+02    2.1035066872e+04   -2.3338469460e+02    8.8359959347e+01    1.1006568407e+02   -3.6019764854e+02    1.6747269872e+01    1.0240000000e+03    4.7883624211e-03    4.4082031250e-01
       149   -1.4497816768e+02    2.1021703583e+04   -2.3479181350e+02    8.9813645815e+01    1.1081610651e+02   -3.6299097488e+02    1.7383054869e+01    1.0240000000e+03    4.7884136438e-03    4.3944163603e-01
       150   -1.4495209186e+02    2.1013686608e+04   -2.3484466214e+02    8.9892570278e+01    1.1079123719e+02   -3.6122594601e+02    1.5590046672e+01    1.0240000000e+03    4.8026381992e-03    4.4155560662e-01
       151   -1.4498723765e+02    2.1024434912e+04   -2.3468465783e+02    8.9697420179e+01    1.1028733787e+02   -3.6189154179e+02    1.6919546088e+01    1.0240000000e+03    4.7820371110e-03    4.4002757353e-01
       152   -1.4501682220e+02    2.1032493210e+04   -2.3274004663e+02    8.7723224429e+01    1.1051324595e+02   -3.6070695005e+02    1.7453657478e+01    1.0240000000e+03    4.8074463848e-03    4.3962545956e-01
       153   -1.4495918935e+02    2.1016130660e+04   -2.3209219711e+02    8.7133007761e+01    1.1061214973e+02   -3.6121544249e+02    1.8511095657e+01    1.0240000000e+03    4.8419930972e-03    4.3983226103e-01
       154   -1.4496228784e+02    2.1016506249e+04   -2.3406353371e+02    8.9101245865e+01    1.1047726727e+02   -3.6243518798e+02    1.7894387003e+01    1.0240000000e+03    4.8297371250e-03    4.4239430147e-01
       155   -1.4499995201e+02    2.1028109988e+04   -2.3333492489e+02    8.8334972887e+01    1.1021094727e+02   -3.6203775888e+02    1.8491886713e+01    1.0240000000e+03    4.8188276123e-03    4.4202665441e-01
       156   -1.4501338751e+02    2.1031250978e+04   -2.3462599574e+02    8.9612608228e+01    1.1051842207e+02   -3.6178593689e+02    1.6641519084e+01    1.0240000000e+03    4.7968053259e-03    4.3960248162e-01
       157   -1.4499563306e+02    2.1026140720e+04   -2.3314420675e+02    8.8148573691e+01    1.1039040537e+02   -3.5975882757e+02    1.6224215462e+01    1.0240000000e+03    4.7981564421e-03    4.4102711397e-01
       158   -1.4501003154e+02    2.1030599507e+04   -2.3393228049e+02    8.8922248952e+01    1.0992324598e+02   -3.6022828902e+02    1.6372762544e+01    1.0240000000e+03    4.7936604824e-03    4.4272748162e-01
       159   -1.4488918553e+02    2.0994992834e+04   -2.3534311199e+02    9.0453926457e+01    1.1016031407e+02   -3.6161826682e+02    1.6114840763e+01    1.0240000000e+03    4.8019243404e-03    4.4121093750e-01
       160   -1.4489642478e+02    2.0997485043e+04   -2.3514713913e+02    9.0250714350e+01    1.1101273821e+02   -3.6308765380e+02    1.6927776463e+01    1.0240000000e+03    4.8096855171e-03    4.4348575368e-01
       161   -1.4495697518e+02    2.1015927771e+04   -2.3344526289e+02    8.8488287705e+01    1.1085777391e+02   -3.6173921362e+02    1.7436176828e+01    1.0240000000e+03    4.7800256871e-03    4.3777573529e-01
       162   -1.4498855776e+02    2.1024213366e+04   -2.3392239995e+02    8.8933842193e+01    1.1136981382e+02   -3.6415117576e+02    1.8858961996e+01    1.0240000000e+03    4.7810466494e-03    4.3833869485e-01
       163   -1.4500062277e+02    2.1028360314e+04   -2.3323733494e+02    8.8236712169e+01    1.1069374294e+02   -3.6210869264e+02    1.8177614770e+01    1.0240000000e+03    4.7846590169e-03    4.3890165441e-01
       164   -1.4498137088e+02    2.1021958813e+04   -2.3261302701e+02    8.7631656131e+01    1.1073495240e+02   -3.6056300364e+02    1.7215024233e+01    1.0240000000e+03    4.7924751416e-03    4.4222196691e-01
       165   -1.4502062372e+02    2.1033887840e+04   -2.3347179375e+02    8.8451170030e+01    1.1103288053e+02   -3.6267470606e+02    1.8170031784e+01    1.0240000000e+03    4.7963401303e-03    4.4191176471e-01
       166   -1.4501060748e+02    2.1030471656e+04   -2.3529726302e+02    9.0286655538e+01    1.1062021037e+02   -3.6253104660e+02    1.6613573217e+01    1.0240000000e+03    4.7952020541e-03    4.4252068015e-01
       167   -1.4498604453e+02    2.1023452255e+04   -2.3398823599e+02    8.9002191462e+01    1.1097845663e+02   -3.6386523886e+02    1.8898546233e+01    1.0240000000e+03    4.7842578497e-03    4.4070542279e-01
       168   -1.4483432518e+02    2.0979341024e+04   -2.3455706576e+02    8.9722740587e+01    1.1091742482e+02   -3.6300500948e+02    1.7530518896e+01    1.0240000000e+03    4.7858615872e-03    4.4124540441e-01
       169   -1.4511622812e+02    2.1063796211e+04   -2.3516881541e+02    9.0052587288e+01    1.1118722706e+02   -3.6317346984e+02    1.6817427363e+01    1.0240000000e+03    4.7874916345e-03    4.3922334559e-01
       170   -1.4500486258e+02    2.1028952999e+04   -2.3530188369e+02    9.0297021110e+01    1.1104583482e+02   -3.6389891299e+02    1.7551194478e+01    1.0240000000e+03    4.7920185607e-03    4.3970588235e-01
       171   -1.4496853755e+02    2.1018219920e+04   -2.3567531229e+02    9.0706774736e+01    1.1122417357e+02   -3.6501976729e+02    1.8120281427e+01    1.0240000000e+03    4.7846641392e-03    4.3683363971e-01
       172   -1.4490583550e+02    2.1000217781e+04   -2.3638211905e+02    9.1476283555e+01    1.1086808421e+02   -3.6490137711e+02    1.7651173845e+01    1.0240000000e+03    4.7921619844e-03    4.3769531250e-01
       173   -1.4496664173e+02    2.1018247251e+04   -2.3476643212e+02    8.9799790388e+01    1.1065244430e+02   -3.6270604677e+02    1.7287170357e+01    1.0240000000e+03    4.8111225478e-03    4.4210707721e-01
       174   -1.4500996004e+02    2.1031353141e+04   -2.3258574181e+02    8.7575781771e+01    1.1066776471e+02   -3.6205064244e+02    1.8797135922e+01    1.0240000000e+03    4.7852050047e-03    4.3937270221e-01
       175   -1.4495844681e+02    2.1015463455e+04   -2.3619145596e+02    9.1233009154e+01    1.1094076785e+02   -3.6480277215e+02    1.7670548339e+01    1.0240000000e+03    4.7991815954e-03    4.4350873162e-01
       176   -1.4503921603e+02    2.1039451103e+04   -2.3452154799e+02    8.9482331965e+01    1.1070144151e+02   -3.6142643435e+02    1.6203444848e+01    1.0240000000e+03    4.8021685798e-03    4.4265854779e-01
       177   -1.4506098521e+02    2.1045683657e+04   -2.3368652986e+02    8.8625544649e+01    1.1006877817e+02   -3.6064790075e+02    1.6892592709e+01    1.0240000000e+03    4.7886930406e-03    4.4244025735e-01
       178   -1.4490322656e+02    2.0998880072e+04   -2.3525708499e+02    9.0353858428e+01    1.1067554277e+02   -3.6339960584e+02    1.7466978074e+01    1.0240000000e+03    4.7885170206e-03    4.4057904412e-01
       179   -1.4501170553e+02    2.1030485510e+04   -2.3406082921e+02    8.9049123681e+01    1.1010920025e+02   -3.6190713045e+02    1.7737101000e+01    1.0240000000e+03    4.7871167772e-03    4.4105009191e-01
       180   -1.4492087718e+02    2.1004673307e+04   -2.3501210692e+02    9.0091229740e+01    1.1013945162e+02   -3.6278202441e+02    1.7630465871e+01    1.0240000000e+03    4.7873929143e-03    4.4304917279e-01
       181   -1.4500738173e+02    2.1029268984e+04   -2.3326719005e+02    8.8259808322e+01    1.0995385431e+02   -3.6102870819e+02    1.7807663836e+01    1.0240000000e+03    4.7837507445e-03    4.4126838235e-01
       182   -1.4499152932e+02    2.1024805371e+04   -2.3241503011e+02    8.7423500796e+01    1.1023706781e+02   -3.5985237150e+02    1.7200273580e+01    1.0240000000e+03    4.7824706417e-03    4.4172794118e-01
       183   -1.4501941225e+02    2.1032972507e+04   -2.3360156104e+02    8.8582148793e+01    1.1037247908e+02   -3.6008502472e+02    1.6110984604e+01    1.0240000000e+03    4.7915880568e-03    4.4210707721e-01
       184   -1.4502552622e+02    2.1035394765e+04   -2.3442014866e+02    8.9394622441e+01    1.1062470830e+02   -3.6249946294e+02    1.7454605983e+01    1.0240000000e+03    4.7810007818e-03    4.4127987132e-01
       185   -1.4498252865e+02    2.1022689625e+04   -2.3470693132e+02    8.9724402669e+01    1.1068094549e+02   -3.6319332116e+02    1.7805444355e+01    1.0240000000e+03    4.7773423139e-03    4.3852251838e-01
       186   -1.4497523897e+02    2.1020349662e+04   -2.3480195105e+02    8.9826712080e+01    1.0997459395e+02   -3.6256727490e+02    1.7790729892e+01    1.0240000000e+03    4.7817863524e-03    4.3829273897e-01
       187   -1.4493786651e+02    2.1009356290e+04   -2.3271641739e+02    8.7778550877e+01    1.0959172607e+02   -3.6100934296e+02    1.8701199505e+01    1.0240000000e+03    4.7706044279e-03    4.3962545956e-01
       188   -1.4500453162e+02    2.1029043464e+04   -2.3406826030e+02    8.9063728677e+01    1.1016459403e+02   -3.6154290395e+02    1.7310049620e+01    1.0240000000e+03    4.7839609906e-03    4.4137178309e-01
       189   -1.4494677311e+02    2.1011984584e+04   -2.3435565386e+02    8.9408880746e+01    1.1025898437e+02   -3.6224849191e+02    1.7633853677e+01    1.0240000000e+03    4.7838971950e-03    4.3940716912e-01
       190   -1.4496111674e+02    2.1016380632e+04   -2.3491407815e+02    8.9952961404e+01    1.0988600236e+02   -3.6045531779e+02    1.5655237280e+01    1.0240000000e+03    4.7976167407e-03    4.4165900735e-01
       191   -1.4507666386e+02    2.1050092260e+04   -2.3401900262e+02    8.8942338756e+01    1.1039544627e+02   -3.6092252347e+02    1.6508074575e+01    1.0240000000e+03    4.7822834458e-03    4.4109604779e-01
       192   -1.4495959324e+02    2.1015784876e+04   -2.3396235769e+02    8.9002764452e+01    1.1079246750e+02   -3.6171292005e+02    1.6958094852e+01    1.0240000000e+03    4.7863316722e-03    4.4239430147e-01
       193   -1.4500917894e+02    2.1030613668e+04   -2.3454872578e+02    8.9539546845e+01    1.1079755219e+02   -3.6247419533e+02    1.7127917357e+01    1.0240000000e+03    4.7881556675e-03    4.4177389706e-01
       194   -1.4501850739e+02    2.1032726163e+04   -2.3441871275e+02    8.9400205362e+01    1.1086454642e+02   -3.6276871041e+02    1.7485451249e+01    1.0240000000e+03    4.7960889060e-03    4.4122242647e-01
       195   -1.4493155315e+02    2.1008098983e+04   -2.3466157178e+02    8.9730018635e+01    1.1072840638e+02   -3.6277558122e+02    1.7385603056e+01    1.0240000000e+03    4.7834471334e-03    4.3940716912e-01
       196   -1.4487692994e+02    2.0991463161e+04   -2.3293007298e+02    8.8053143038e+01    1.0998027420e+02   -3.6048799028e+02    1.7577643102e+01    1.0240000000e+03    4.7885109670e-03    4.4286534926e-01
       197   -1.4498949156e+02    2.1024704523e+04   -2.3428281887e+02    8.9293327308e+01    1.1065404727e+02   -3.6328600233e+02    1.8349136184e+01    1.0240000000e+03    4.7802524641e-03    4.4130284926e-01
       198   -1.4495742038e+02    2.1015256594e+04   -2.3310553998e+02    8.8148119595e+01    1.1033177664e+02   -3.6079811279e+02    1.7360796175e+01    1.0240000000e+03    4.7844022047e-03    4.4270450368e-01
       199   -1.4500800625e+02    2.1030010051e+04   -2.3619928408e+02    9.1191277827e+01    1.1067729422e+02   -3.6291613573e+02    1.6039557424e+01    1.0240000000e+03    4.8461121041e-03    4.4199218750e-01
