#   index    LocalEnergy         LocalEnergy_sq      LocalPotential      Kinetic             ElecElec            LocalECP            NonLocalECP         BlockWeight         BlockCPU            AcceptRatio         
         0   -1.4507959621e+02    2.1050408770e+04   -2.3491180557e+02    8.9832209361e+01    1.1025756339e+02   -3.6205878925e+02    1.6889420286e+01    4.0956700000e+05    1.7423699219e+00    9.7469744768e-01
         1   -1.4508618113e+02    2.1052369981e+04   -2.3471136410e+02    8.9625182967e+01    1.1027687729e+02   -3.6187424369e+02    1.6886002307e+01    4.0944100000e+05    1.7719218547e+00    9.7474796244e-01
         2   -1.4508073663e+02    2.1050690133e+04   -2.3467407822e+02    8.9593341592e+01    1.1027077695e+02   -3.6185308028e+02    1.6908225119e+01    4.0794200000e+05    1.8268751574e+00    9.7481853593e-01
         3   -1.4508807929e+02    2.1052838954e+04   -2.3483663286e+02    8.9748553567e+01    1.1023282390e+02   -3.6202612261e+02    1.6956665853e+01    4.0661500000e+05    1.4356191254e+00    9.7470440425e-01
         4   -1.4508716001e+02    2.1052611402e+04   -2.3488774271e+02    8.9800582692e+01    1.1027960924e+02   -3.6206858786e+02    1.6901235912e+01    4.1150400000e+05    1.6212068165e+00    9.7468992582e-01
         5   -1.4508063647e+02    2.1050633067e+04   -2.3467157358e+02    8.9590937108e+01    1.1014376558e+02   -3.6161033979e+02    1.6795000623e+01    4.1266500000e+05    1.5876160006e+00    9.7471458365e-01
         6   -1.4508207363e+02    2.1051020377e+04   -2.3450670684e+02    8.9424633209e+01    1.1009046242e+02   -3.6144320513e+02    1.6846035870e+01    4.1284700000e+05    1.6389232143e+00    9.7473408164e-01
         7   -1.4508120052e+02    2.1050783850e+04   -2.3447052584e+02    8.9389325320e+01    1.1008423961e+02   -3.6141460767e+02    1.6859842224e+01    4.0665200000e+05    1.4036280143e+00    9.7481472341e-01
         8   -1.4508268813e+02    2.1051284789e+04   -2.3461176076e+02    8.9529072629e+01    1.1017128993e+02   -3.6158689186e+02    1.6803841172e+01    4.0685200000e+05    1.4321579121e+00    9.7468202602e-01
         9   -1.4509511551e+02    2.1054904841e+04   -2.3483649835e+02    8.9741382834e+01    1.1019073854e+02   -3.6201393249e+02    1.6986695603e+01    4.0502300000e+05    1.3802637772e+00    9.7478637722e-01
        10   -1.4508555641e+02    2.1052103058e+04   -2.3500542122e+02    8.9919864809e+01    1.1039790129e+02   -3.6240387130e+02    1.7000548791e+01    4.0864600000e+05    1.5081628186e+00    9.7457920348e-01
        11   -1.4509256080e+02    2.1054140959e+04   -2.3493947139e+02    8.9846910589e+01    1.1041332093e+02   -3.6220112533e+02    1.6848333007e+01    4.0874200000e+05    1.5268383962e+00    9.7471032086e-01
        12   -1.4507665149e+02    2.1049571030e+04   -2.3505548353e+02    8.9978832034e+01    1.1037335740e+02   -3.6222308572e+02    1.6794244791e+01    4.0284900000e+05    1.3930133136e+00    9.7461377802e-01
        13   -1.4508072469e+02    2.1050695911e+04   -2.3464203550e+02    8.9561310815e+01    1.1014413846e+02   -3.6168973311e+02    1.6903559146e+01    4.0556900000e+05    1.4563471372e+00    9.7472427572e-01
        14   -1.4508531125e+02    2.1052037397e+04   -2.3487286008e+02    8.9787548834e+01    1.1038062047e+02   -3.6211226677e+02    1.6858786219e+01    4.0703700000e+05    1.4632570003e+00    9.7469688218e-01
        15   -1.4508014332e+02    2.1050521885e+04   -2.3482677743e+02    8.9746634115e+01    1.1037797338e+02   -3.6216984746e+02    1.6965096643e+01    4.0965300000e+05    1.4924346730e+00    9.7462053454e-01
        16   -1.4508470187e+02    2.1051866142e+04   -2.3505476623e+02    8.9970064354e+01    1.1044666705e+02   -3.6238921528e+02    1.6887782004e+01    4.0915000000e+05    1.6511733807e+00    9.7465894211e-01
        17   -1.4508074964e+02    2.1050761654e+04   -2.3493099234e+02    8.9850242701e+01    1.1026676015e+02   -3.6197033681e+02    1.6772584321e+01    4.1058300000e+05    1.5769816225e+00    9.7465977602e-01
        18   -1.4508993468e+02    2.1053378749e+04   -2.3480412472e+02    8.9714190044e+01    1.1022307612e+02   -3.6185376683e+02    1.6826565983e+01    4.1051200000e+05    1.5331111958e+00    9.7471312267e-01
        19   -1.4508199724e+02    2.1051038781e+04   -2.3495835327e+02    8.9876356036e+01    1.1043894105e+02   -3.6231885018e+02    1.6921555854e+01    4.1060100000e+05    1.5413963534e+00    9.7459328622e-01
        20   -1.4508247577e+02    2.1051175821e+04   -2.3523570995e+02    9.0153234178e+01    1.1065393214e+02   -3.6281773891e+02    1.6928096823e+01    4.1302600000e+05    1.6085115790e+00    9.7459521441e-01
        21   -1.4507838742e+02    2.1050070507e+04   -2.3495806353e+02    8.9879676104e+01    1.1048356582e+02   -3.6225858486e+02    1.6816955513e+01    4.0774200000e+05    1.4143412183e+00    9.7463158944e-01
        22   -1.4508264677e+02    2.1051288191e+04   -2.3503744184e+02    8.9954795068e+01    1.1041146638e+02   -3.6231962332e+02    1.6870715098e+01    4.1406600000e+05    1.6526022642e+00    9.7457609894e-01
        23   -1.4507542678e+02    2.1049159042e+04   -2.3491812996e+02    8.9842703179e+01    1.1040929732e+02   -3.6216806234e+02    1.6840635060e+01    4.1352100000e+05    1.6656461142e+00    9.7466282935e-01
        24   -1.4509026671e+02    2.1053430611e+04   -2.3491508642e+02    8.9824819704e+01    1.1040303361e+02   -3.6219717460e+02    1.6879054576e+01    4.1085000000e+05    1.5843682301e+00    9.7460242303e-01
        25   -1.4508163256e+02    2.1050975532e+04   -2.3492623645e+02    8.9844603889e+01    1.1029114395e+02   -3.6206193114e+02    1.6844550746e+01    4.0673000000e+05    1.3867370507e+00    9.7466597322e-01
        26   -1.4508626759e+02    2.1052332759e+04   -2.3506774882e+02    8.9981481236e+01    1.1039582236e+02   -3.6238122831e+02    1.6917657128e+01    4.1054000000e+05    1.5373608063e+00    9.7468913539e-01
        27   -1.4508349405e+02    2.1051503284e+04   -2.3490825787e+02    8.9824763828e+01    1.1025039901e+02   -3.6206454858e+02    1.6905891700e+01    4.1370100000e+05    1.6452393616e+00    9.7467981476e-01
        28   -1.4507850920e+02    2.1050064892e+04   -2.3496295754e+02    8.9884448342e+01    1.1040113514e+02   -3.6231224632e+02    1.6948153635e+01    4.1307200000e+05    1.6387431738e+00    9.7462484914e-01
        29   -1.4508285266e+02    2.1051258246e+04   -2.3445477379e+02    8.9371921134e+01    1.1008544666e+02   -3.6135135955e+02    1.6811139098e+01    4.0890600000e+05    1.4987320404e+00    9.7488124762e-01
        30   -1.4508178184e+02    2.1050913641e+04   -2.3460301336e+02    8.9521231520e+01    1.1014697591e+02   -3.6152880308e+02    1.6778813804e+01    4.0367000000e+05    1.4061106637e+00    9.7476577513e-01
        31   -1.4508171605e+02    2.1050919355e+04   -2.3479021812e+02    8.9708502077e+01    1.1023025372e+02   -3.6188074798e+02    1.6860276136e+01    4.0587900000e+05    1.3919057155e+00    9.7473086338e-01
        32   -1.4507318584e+02    2.1048501393e+04   -2.3510928617e+02    9.0036100334e+01    1.1034481695e+02   -3.6223262381e+02    1.6778520687e+01    4.0279500000e+05    1.3847662185e+00    9.7453441390e-01
        33   -1.4507999409e+02    2.1050516844e+04   -2.3469904004e+02    8.9619045947e+01    1.1019351110e+02   -3.6179216371e+02    1.6899612568e+01    4.0628400000e+05    1.3962019098e+00    9.7461897015e-01
        34   -1.4507654846e+02    2.1049474713e+04   -2.3473171852e+02    8.9655170053e+01    1.1024412537e+02   -3.6181041396e+02    1.6834570063e+01    4.0447400000e+05    1.3846345642e+00    9.7475697414e-01
        35   -1.4507973508e+02    2.1050352134e+04   -2.3504060656e+02    8.9960871481e+01    1.1039461360e+02   -3.6219518146e+02    1.6759961296e+01    4.0293600000e+05    1.3932714313e+00    9.7464517022e-01
        36   -1.4508236425e+02    2.1051115310e+04   -2.3513669815e+02    9.0054333900e+01    1.1046146575e+02   -3.6248099559e+02    1.6882831688e+01    4.0518900000e+05    1.3908698887e+00    9.7470347694e-01
        37   -1.4507657093e+02    2.1049476356e+04   -2.3488012384e+02    8.9803552909e+01    1.1040759751e+02   -3.6217261311e+02    1.6884891755e+01    4.0245800000e+05    1.3934395881e+00    9.7465866113e-01
        38   -1.4507845817e+02    2.1050006153e+04   -2.3511473746e+02    9.0036279294e+01    1.1055215758e+02   -3.6261661658e+02    1.6949721541e+01    4.0384500000e+05    1.3946311069e+00    9.7459501010e-01
        39   -1.4508680612e+02    2.1052469275e+04   -2.3492141719e+02    8.9834611066e+01    1.1040685201e+02   -3.6223438139e+02    1.6906112203e+01    4.0576900000e+05    1.3912954163e+00    9.7468006776e-01
        40   -1.4508616504e+02    2.1052272743e+04   -2.3481362642e+02    8.9727461379e+01    1.1032434669e+02   -3.6204037323e+02    1.6902400118e+01    4.1048000000e+05    1.5618922659e+00    9.7460418734e-01
        41   -1.4508404747e+02    2.1051616901e+04   -2.3478619556e+02    8.9702148098e+01    1.1023493347e+02   -3.6190133048e+02    1.6880201447e+01    4.0976700000e+05    1.6844455970e+00    9.7473009158e-01
        42   -1.4508230096e+02    2.1051120398e+04   -2.3498964952e+02    8.9907348555e+01    1.1030734532e+02   -3.6215521408e+02    1.6858219235e+01    4.0463000000e+05    1.3989071345e+00    9.7467050357e-01
        43   -1.4508050270e+02    2.1050651302e+04   -2.3444565291e+02    8.9365150208e+01    1.1007363613e+02   -3.6129358156e+02    1.6774292511e+01    4.0544700000e+05    1.3883536777e+00    9.7484742006e-01
        44   -1.4508026156e+02    2.1050544246e+04   -2.3492068520e+02    8.9840423647e+01    1.1037392940e+02   -3.6218477538e+02    1.6890160778e+01    4.0731800000e+05    1.4608896093e+00    9.7460241629e-01
        45   -1.4508992297e+02    2.1053426477e+04   -2.3498799324e+02    8.9898070269e+01    1.1039937863e+02   -3.6212171954e+02    1.6734347659e+01    4.1011500000e+05    1.5224898253e+00    9.7467599676e-01
        46   -1.4508026165e+02    2.1050605057e+04   -2.3487981844e+02    8.9799556792e+01    1.1040547425e+02   -3.6210480845e+02    1.6819515756e+01    4.0761400000e+05    1.4384493211e+00    9.7462432118e-01
        47   -1.4508097258e+02    2.1050789199e+04   -2.3476058227e+02    8.9679609691e+01    1.1038240720e+02   -3.6198177804e+02    1.6838788574e+01    4.0979300000e+05    1.4880101094e+00    9.7468550217e-01
        48   -1.4508876179e+02    2.1052990297e+04   -2.3470413759e+02    8.9615375806e+01    1.1031716865e+02   -3.6183032253e+02    1.6809016294e+01    4.1084900000e+05    1.5572503528e+00    9.7471843612e-01
        49   -1.4508131047e+02    2.1050954219e+04   -2.3487552580e+02    8.9794215324e+01    1.1045018270e+02   -3.6223271800e+02    1.6907009504e+01    4.1201900000e+05    1.6226154636e+00    9.7461539579e-01
        50   -1.4508008560e+02    2.1050508259e+04   -2.3524008477e+02    9.0159999164e+01    1.1043660038e+02   -3.6254219424e+02    1.6865509089e+01    4.0686600000e+05    1.7624310381e+00    9.7443502588e-01
        51   -1.4508500845e+02    2.1051857316e+04   -2.3465816889e+02    8.9573160434e+01    1.1020951971e+02   -3.6174757272e+02    1.6879884122e+01    4.0793600000e+05    1.5939382194e+00    9.7471031771e-01
        52   -1.4508308711e+02    2.1051381834e+04   -2.3451469042e+02    8.9431603310e+01    1.1024122620e+02   -3.6160689475e+02    1.6850978134e+01    4.0943800000e+05    1.8130047331e+00    9.7480735893e-01
        53   -1.4507692366e+02    2.1049542387e+04   -2.3474319293e+02    8.9666269275e+01    1.1022407111e+02   -3.6182210412e+02    1.6854840075e+01    4.0710800000e+05    1.4390234856e+00    9.7470746296e-01
        54   -1.4508225047e+02    2.1051055517e+04   -2.3485486893e+02    8.9772618464e+01    1.1046810864e+02   -3.6235099513e+02    1.7028017565e+01    4.0929500000e+05    1.5076055427e+00    9.7474279398e-01
        55   -1.4508517619e+02    2.1051960326e+04   -2.3489897779e+02    8.9813801590e+01    1.1029038126e+02   -3.6196367483e+02    1.6774315789e+01    4.0805000000e+05    1.4864825252e+00    9.7471004012e-01
        56   -1.4508191301e+02    2.1051048858e+04   -2.3501255102e+02    8.9930638005e+01    1.1038668251e+02   -3.6222068247e+02    1.6821448946e+01    4.0128800000e+05    1.3845190359e+00    9.7460818287e-01
        57   -1.4507804203e+02    2.1049894798e+04   -2.3492276280e+02    8.9844720774e+01    1.1044531148e+02   -3.6211266451e+02    1.6744590231e+01    4.0455600000e+05    1.4113980215e+00    9.7461806137e-01
        58   -1.4508766934e+02    2.1052757232e+04   -2.3487765034e+02    8.9789981009e+01    1.1031920310e+02   -3.6200172056e+02    1.6804867110e+01    4.0415900000e+05    1.3855357121e+00    9.7457826856e-01
        59   -1.4508048897e+02    2.1050719464e+04   -2.3491261174e+02    8.9832122768e+01    1.1030515108e+02   -3.6213882180e+02    1.6921058974e+01    4.0477600000e+05    1.3848483618e+00    9.7454829420e-01
        60   -1.4507037765e+02    2.1047645498e+04   -2.3477113619e+02    8.9700758534e+01    1.1020271677e+02   -3.6178330177e+02    1.6809448809e+01    4.0461800000e+05    1.3834069450e+00    9.7477783831e-01
        61   -1.4508618429e+02    2.1052316066e+04   -2.3470954211e+02    8.9623357812e+01    1.1018937519e+02   -3.6182032450e+02    1.6921407199e+01    4.0867600000e+05    1.4544880521e+00    9.7466606171e-01
        62   -1.4508586044e+02    2.1052355829e+04   -2.3473596952e+02    8.9650109077e+01    1.1026775448e+02   -3.6191995332e+02    1.6916229321e+01    4.0572800000e+05    1.4009896121e+00    9.7477972741e-01
        63   -1.4508124595e+02    2.1050813560e+04   -2.3509519738e+02    9.0013951435e+01    1.1053897976e+02   -3.6251538575e+02    1.6881208608e+01    4.0949300000e+05    1.4810232678e+00    9.7467164565e-01
        64   -1.4507731885e+02    2.1049750954e+04   -2.3497681507e+02    8.9899496223e+01    1.1050403225e+02   -3.6230977414e+02    1.6828926808e+01    4.0752900000e+05    1.4184549954e+00    9.7461915444e-01
        65   -1.4507890257e+02    2.1050159371e+04   -2.3477315479e+02    8.9694252216e+01    1.1029162806e+02   -3.6196340902e+02    1.6898626174e+01    4.0845800000e+05    1.4499369652e+00    9.7463406852e-01
        66   -1.4507839721e+02    2.1049958744e+04   -2.3489179428e+02    8.9813397072e+01    1.1035219618e+02   -3.6204127174e+02    1.6797281275e+01    4.0924300000e+05    1.4694723114e+00    9.7473104549e-01
        67   -1.4508090883e+02    2.1050751680e+04   -2.3478846096e+02    8.9707552129e+01    1.1036754367e+02   -3.6193048970e+02    1.6774485068e+01    4.0593400000e+05    1.4341426541e+00    9.7467959407e-01
        68   -1.4508494870e+02    2.1051943932e+04   -2.3490442116e+02    8.9819472456e+01    1.1027985333e+02   -3.6199025128e+02    1.6805976798e+01    4.0685900000e+05    1.4228830414e+00    9.7471576500e-01
        69   -1.4509207431e+02    2.1054014357e+04   -2.3457196681e+02    8.9479892492e+01    1.1009836699e+02   -3.6146057485e+02    1.6790241057e+01    4.1325300000e+05    1.5707002457e+00    9.7470126334e-01
        70   -1.4508040384e+02    2.1050639413e+04   -2.3499711102e+02    8.9916707178e+01    1.1037601899e+02   -3.6225581298e+02    1.6882682969e+01    4.1506600000e+05    1.6592685138e+00    9.7467965445e-01
        71   -1.4508302855e+02    2.1051356977e+04   -2.3475124901e+02    8.9668220465e+01    1.1022603767e+02   -3.6177612233e+02    1.6798835646e+01    4.1789400000e+05    1.6777918197e+00    9.7476151838e-01
        72   -1.4507879323e+02    2.1050124140e+04   -2.3452199546e+02    8.9443202240e+01    1.1009469980e+02   -3.6149799838e+02    1.6881303118e+01    4.1300900000e+05    1.6424410655e+00    9.7471170509e-01
        73   -1.4508063259e+02    2.1050766733e+04   -2.3449063363e+02    8.9410001032e+01    1.1017396297e+02   -3.6144941480e+02    1.6784818207e+01    4.0562000000e+05    1.3845486136e+00    9.7469613861e-01
        74   -1.4507878875e+02    2.1050122105e+04   -2.3480529859e+02    8.9726509841e+01    1.1020325645e+02   -3.6182637040e+02    1.6817815362e+01    4.0896900000e+05    1.4856450704e+00    9.7470197881e-01
        75   -1.4507592568e+02    2.1049332293e+04   -2.3482561984e+02    8.9749694157e+01    1.1020534337e+02   -3.6208146677e+02    1.7050503560e+01    4.0943900000e+05    1.5069119574e+00    9.7469369369e-01
        76   -1.4508317353e+02    2.1051386701e+04   -2.3495767406e+02    8.9874500531e+01    1.1034777547e+02   -3.6221585921e+02    1.6910409685e+01    4.1040300000e+05    1.5152361037e+00    9.7466830792e-01
        77   -1.4508720306e+02    2.1052587000e+04   -2.3480514279e+02    8.9717939737e+01    1.1031549208e+02   -3.6194701186e+02    1.6826376989e+01    4.0994100000e+05    1.5268138489e+00    9.7462339761e-01
        78   -1.4507854313e+02    2.1050066106e+04   -2.3472685186e+02    8.9648308732e+01    1.1020323733e+02   -3.6173290627e+02    1.6802817087e+01    4.0555900000e+05    1.4288898800e+00    9.7459205779e-01
        79   -1.4508317979e+02    2.1051672209e+04   -2.3475428594e+02    8.9671106150e+01    1.1021109383e+02   -3.6176077244e+02    1.6795392668e+01    4.0373500000e+05    1.4140351850e+00    9.7470604408e-01
        80   -1.4507838726e+02    2.1050049198e+04   -2.3528990243e+02    9.0211515174e+01    1.1038604229e+02   -3.6264120526e+02    1.6965260542e+01    4.0954900000e+05    1.4924755818e+00    9.7449911556e-01
        81   -1.4508517928e+02    2.1052138514e+04   -2.3511369132e+02    9.0028512038e+01    1.1037049948e+02   -3.6230425990e+02    1.6820069100e+01    4.1805200000e+05    1.7079191124e+00    9.7465615948e-01
        82   -1.4507924698e+02    2.1050244508e+04   -2.3512101994e+02    9.0041772951e+01    1.1033087311e+02   -3.6232742268e+02    1.6875529636e+01    4.1521500000e+05    1.6536682735e+00    9.7461918840e-01
        83   -1.4508722486e+02    2.1052532858e+04   -2.3478904655e+02    8.9701821687e+01    1.1030932784e+02   -3.6192299603e+02    1.6824621641e+01    4.0545200000e+05    1.4461303533e+00    9.7473614135e-01
        84   -1.4508136519e+02    2.1050888519e+04   -2.3488236419e+02    8.9800999003e+01    1.1024264915e+02   -3.6192696739e+02    1.6801954052e+01    4.0872000000e+05    1.4426893052e+00    9.7469970044e-01
        85   -1.4509002709e+02    2.1053360895e+04   -2.3481699306e+02    8.9726965972e+01    1.1026131126e+02   -3.6186196045e+02    1.6783656128e+01    4.1322600000e+05    1.5854019513e+00    9.7467605167e-01
        86   -1.4508174127e+02    2.1050957179e+04   -2.3498094241e+02    8.9899201148e+01    1.1037812217e+02   -3.6217391457e+02    1.6814849987e+01    4.1015400000e+05    1.9092929659e+00    9.7466414408e-01
        87   -1.4508487547e+02    2.1051835389e+04   -2.3462897558e+02    8.9544100105e+01    1.1029851411e+02   -3.6187819771e+02    1.6950708020e+01    4.0836200000e+05    1.8972248663e+00    9.7467750957e-01
        88   -1.4507824111e+02    2.1049995642e+04   -2.3481652003e+02    8.9738278928e+01    1.1028179117e+02   -3.6208007670e+02    1.6981765504e+01    4.0912800000e+05    2.0606679141e+00    9.7464781944e-01
        89   -1.4508852721e+02    2.1052976213e+04   -2.3480816753e+02    8.9719640324e+01    1.1024657412e+02   -3.6192156145e+02    1.6866819793e+01    4.0599900000e+05    1.7272529723e+00    9.7464417973e-01
        90   -1.4508613904e+02    2.1052248243e+04   -2.3505200348e+02    8.9965864445e+01    1.1042967350e+02   -3.6231565034e+02    1.6833973359e+01    4.0931200000e+05    1.7392448215e+00    9.7473601383e-01
        91   -1.4508280422e+02    2.1051301653e+04   -2.3453337673e+02    8.9450572505e+01    1.1004884828e+02   -3.6139189390e+02    1.6809668886e+01    4.1236400000e+05    1.6212094766e+00    9.7473722932e-01
        92   -1.4508779423e+02    2.1052678249e+04   -2.3451056834e+02    8.9422774110e+01    1.1001856634e+02   -3.6141305509e+02    1.6883920420e+01    4.1241100000e+05    1.6429504135e+00    9.7487331587e-01
        93   -1.4508039812e+02    2.1050583872e+04   -2.3471852366e+02    8.9638125540e+01    1.1016887474e+02   -3.6169368509e+02    1.6806286690e+01    4.0689400000e+05    1.4267603809e+00    9.7468167832e-01
        94   -1.4507600907e+02    2.1049329240e+04   -2.3460355920e+02    8.9527550125e+01    1.1010794997e+02   -3.6155403613e+02    1.6842526959e+01    4.0308200000e+05    1.3854917274e+00    9.7471964445e-01
        95   -1.4508085515e+02    2.1050744449e+04   -2.3484268077e+02    8.9761825623e+01    1.1029241796e+02   -3.6196998004e+02    1.6834881308e+01    4.0172700000e+05    1.4137538341e+00    9.7468316939e-01
        96   -1.4508856634e+02    2.1053021016e+04   -2.3480627928e+02    8.9717712937e+01    1.1021695415e+02   -3.6187847960e+02    1.6855246164e+01    4.0415400000e+05    1.3963013452e+00    9.7476691991e-01
        97   -1.4508396090e+02    2.1051630336e+04   -2.3486472193e+02    8.9780761028e+01    1.1021001102e+02   -3.6183698787e+02    1.6762254924e+01    4.0788300000e+05    1.4428413492e+00    9.7473201553e-01
        98   -1.4508929868e+02    2.1053193199e+04   -2.3480022468e+02    8.9710926007e+01    1.1028381343e+02   -3.6187723564e+02    1.6793197520e+01    4.1506200000e+05    1.6614494338e+00    9.7471836658e-01
        99   -1.4507617322e+02    2.1049392803e+04   -2.3487386930e+02    8.9797696086e+01    1.1026290551e+02   -3.6201853450e+02    1.6881759692e+01    4.1621400000e+05    1.6612127996e+00    9.7455478556e-01
       100   -1.4507842722e+02    2.1049985778e+04   -2.3500438139e+02    8.9925954167e+01    1.1047356185e+02   -3.6234738264e+02    1.6869439401e+01    4.0843500000e+05    1.4606721029e+00    9.7453792156e-01
       101   -1.4508256855e+02    2.1051132302e+04   -2.3472517262e+02    8.9642604068e+01    1.1030349113e+02   -3.6184746059e+02    1.6818796844e+01    4.0872300000e+05    1.5669774318e+00    9.7470295172e-01
       102   -1.4507484280e+02    2.1049011335e+04   -2.3504007491e+02    8.9965232109e+01    1.1043204793e+02   -3.6239732050e+02    1.6925197660e+01    4.0542000000e+05    1.4694465534e+00    9.7476147093e-01
       103   -1.4508381404e+02    2.1051645979e+04   -2.3482304006e+02    8.9739226020e+01    1.1024960571e+02   -3.6196075890e+02    1.6888113128e+01    4.0448900000e+05    1.4594706835e+00    9.7465810037e-01
       104   -1.4508259366e+02    2.1051263993e+04   -2.3491452184e+02    8.9831928176e+01    1.1035807446e+02   -3.6222000359e+02    1.6947407292e+01    4.0824500000e+05    1.4304431824e+00    9.7457277634e-01
       105   -1.4508074415e+02    2.1050732434e+04   -2.3505145604e+02    8.9970711892e+01    1.1035517088e+02   -3.6226514117e+02    1.6858514244e+01    4.0506800000e+05    1.3848550499e+00    9.7455139025e-01
       106   -1.4508985176e+02    2.1053404067e+04   -2.3501120342e+02    8.9921351664e+01    1.1039233716e+02   -3.6229467923e+02    1.6891138643e+01    4.0565900000e+05    1.3855938537e+00    9.7453684762e-01
       107   -1.4507490053e+02    2.1048965320e+04   -2.3490502300e+02    8.9830122472e+01    1.1043101970e+02   -3.6218075808e+02    1.6844715370e+01    4.1059500000e+05    1.5363107999e+00    9.7479299611e-01
       108   -1.4508211538e+02    2.1051115671e+04   -2.3492440062e+02    8.9842285243e+01    1.1048354049e+02   -3.6218173009e+02    1.6773788978e+01    4.1439400000e+05    1.6106935458e+00    9.7477269218e-01
       109   -1.4507987028e+02    2.1050443214e+04   -2.3485176915e+02    8.9771898873e+01    1.1039811792e+02   -3.6196394462e+02    1.6714057549e+01    4.1056700000e+05    1.5302823265e+00    9.7465351134e-01
       110   -1.4508142362e+02    2.1050851398e+04   -2.3466901173e+02    8.9587588115e+01    1.1027588610e+02   -3.6179510033e+02    1.6850202497e+01    4.1068800000e+05    1.5743865611e+00    9.7471528709e-01
       111   -1.4508421998e+02    2.1051729014e+04   -2.3475229202e+02    8.9668072040e+01    1.1027259953e+02   -3.6184019419e+02    1.6815302636e+01    4.0831100000e+05    1.4487131052e+00    9.7461803512e-01
       112   -1.4508118159e+02    2.1050896681e+04   -2.3496831179e+02    8.9887130196e+01    1.1041329507e+02   -3.6234499464e+02    1.6963387774e+01    4.0617300000e+05    1.3872311239e+00    9.7455713267e-01
       113   -1.4507895025e+02    2.1050180335e+04   -2.3480841515e+02    8.9729464895e+01    1.1021220159e+02   -3.6182244407e+02    1.6801827329e+01    4.0441100000e+05    1.3927495307e+00    9.7458607662e-01
       114   -1.4508673969e+02    2.1052431490e+04   -2.3471725977e+02    8.9630520078e+01    1.1024809212e+02   -3.6183741459e+02    1.6872062698e+01    4.0555200000e+05    1.3894004205e+00    9.7468769662e-01
       115   -1.4508094530e+02    2.1050693971e+04   -2.3448037735e+02    8.9399432042e+01    1.1011105157e+02   -3.6150478252e+02    1.6913353603e+01    4.0481500000e+05    1.3884139636e+00    9.7472816706e-01
       116   -1.4507947980e+02    2.1050312396e+04   -2.3500070186e+02    8.9921222068e+01    1.1033781838e+02   -3.6221088734e+02    1.6872367092e+01    4.0719100000e+05    1.4621901526e+00    9.7468287883e-01
       117   -1.4507468090e+02    2.1048964797e+04   -2.3498166275e+02    8.9906981845e+01    1.1040568089e+02   -3.6235904495e+02    1.6971701317e+01    4.0806500000e+05    1.4768701068e+00    9.7456855396e-01
       118   -1.4507562289e+02    2.1049230666e+04   -2.3474203730e+02    8.9666414416e+01    1.1031552133e+02   -3.6193351661e+02    1.6875957973e+01    4.0801800000e+05    1.4593825310e+00    9.7470623750e-01
       119   -1.4507847235e+02    2.1049997521e+04   -2.3513314163e+02    9.0054669272e+01    1.1033805266e+02   -3.6224323538e+02    1.6772041095e+01    4.0291000000e+05    1.3916113346e+00    9.7466461400e-01
       120   -1.4508861925e+02    2.1052952034e+04   -2.3495215526e+02    8.9863536009e+01    1.1023711174e+02   -3.6207071029e+02    1.6881443285e+01    4.0313900000e+05    1.3923926854e+00    9.7459720972e-01
       121   -1.4507331776e+02    2.1048585442e+04   -2.3475616541e+02    8.9682847650e+01    1.1025024845e+02   -3.6188594012e+02    1.6879526260e+01    4.0664700000e+05    1.3878676919e+00    9.7474359300e-01
       122   -1.4508199284e+02    2.1051130573e+04   -2.3510450332e+02    9.0022510483e+01    1.1032185679e+02   -3.6241558933e+02    1.6989229220e+01    4.0845900000e+05    1.4228427690e+00    9.7459524912e-01
       123   -1.4507790844e+02    2.1049845102e+04   -2.3478935911e+02    8.9711450672e+01    1.1022554073e+02   -3.6187697435e+02    1.6862074509e+01    4.0976100000e+05    1.5452136507e+00    9.7478173064e-01
       124   -1.4508325603e+02    2.1051414471e+04   -2.3490384383e+02    8.9820587801e+01    1.1039068942e+02   -3.6220064039e+02    1.6906107139e+01    4.1377700000e+05    1.6390413221e+00    9.7457306916e-01
       125   -1.4507886003e+02    2.1050152142e+04   -2.3482004430e+02    8.9741184270e+01    1.1037991513e+02   -3.6204599430e+02    1.6846034880e+01    4.1166500000e+05    1.6057562279e+00    9.7473322903e-01
       126   -1.4507793994e+02    2.1049859006e+04   -2.3493281847e+02    8.9854878527e+01    1.1038262566e+02   -3.6217676391e+02    1.6861319777e+01    4.0266600000e+05    1.3826086342e+00    9.7446419755e-01
       127   -1.4508475273e+02    2.1051893923e+04   -2.3499570334e+02    8.9910950615e+01    1.1033733698e+02   -3.6200413561e+02    1.6671095286e+01    4.0574800000e+05    1.4112155901e+00    9.7455242636e-01
       128   -1.4507615933e+02    2.1049370230e+04   -2.3477070265e+02    8.9694543314e+01    1.1042479613e+02   -3.6198761942e+02    1.6792120638e+01    4.0622400000e+05    1.3972089556e+00    9.7460836880e-01
       129   -1.4507133868e+02    2.1048008403e+04   -2.3445998158e+02    8.9388642902e+01    1.1032747127e+02   -3.6146015943e+02    1.6672706589e+01    4.0350900000e+05    1.3996285244e+00    9.7473210957e-01
       130   -1.4508678180e+02    2.1052463520e+04   -2.3499150476e+02    8.9904722964e+01    1.1052443521e+02   -3.6243407070e+02    1.6918130732e+01    4.0925400000e+05    1.4683630301e+00    9.7463263013e-01
       131   -1.4508282131e+02    2.1051317997e+04   -2.3507736894e+02    8.9994547626e+01    1.1044531339e+02   -3.6238327056e+02    1.6860588237e+01    4.1174400000e+05    1.5752221269e+00    9.7454108021e-01
       132   -1.4507948486e+02    2.1050496485e+04   -2.3462140425e+02    8.9541919392e+01    1.1036886105e+02   -3.6185346647e+02    1.6863201175e+01    4.1157900000e+05    1.6294190788e+00    9.7478237954e-01
       133   -1.4507259917e+02    2.1048343793e+04   -2.3480838320e+02    8.9735784035e+01    1.1031966670e+02   -3.6209689526e+02    1.6968845352e+01    4.0728400000e+05    1.4539995156e+00    9.7460934544e-01
       134   -1.4508685268e+02    2.1052397916e+04   -2.3485556363e+02    8.9768710946e+01    1.1043945020e+02   -3.6218631646e+02    1.6891302625e+01    4.0797800000e+05    1.4539767983e+00    9.7464244486e-01
       135   -1.4507748463e+02    2.1049715004e+04   -2.3455564707e+02    8.9478162439e+01    1.1025248407e+02   -3.6163499569e+02    1.6826864551e+01    4.0899700000e+05    1.4930971232e+00    9.7485779902e-01
       136   -1.4507808085e+02    2.1049884766e+04   -2.3452776304e+02    8.9449682199e+01    1.1019631152e+02   -3.6149087045e+02    1.6766795881e+01    4.0945100000e+05    1.5087381171e+00    9.7461349185e-01
       137   -1.4508321274e+02    2.1051478663e+04   -2.3501303862e+02    8.9929825884e+01    1.1029142884e+02   -3.6216666665e+02    1.6862199191e+01    4.0709200000e+05    1.4145355378e+00    9.7456086189e-01
       138   -1.4509112711e+02    2.1053776059e+04   -2.3503226246e+02    8.9941135351e+01    1.1024908382e+02   -3.6219826368e+02    1.6916917401e+01    4.0609500000e+05    1.3927774373e+00    9.7460199656e-01
       139   -1.4508045835e+02    2.1050590521e+04   -2.3477781276e+02    8.9697354412e+01    1.1035759496e+02   -3.6203166539e+02    1.6896257675e+01    4.0460700000e+05    1.4051940152e+00    9.7472962415e-01
       140   -1.4508522939e+02    2.1051990403e+04   -2.3479271340e+02    8.9707484011e+01    1.1032694992e+02   -3.6203153245e+02    1.6911869118e+01    4.0685800000e+05    1.4560323423e+00    9.7472482408e-01
       141   -1.4508421721e+02    2.1051698232e+04   -2.3491948551e+02    8.9835268297e+01    1.1037843115e+02   -3.6210395221e+02    1.6806035559e+01    4.1439100000e+05    1.6622030910e+00    9.7462110247e-01
       142   -1.4508396185e+02    2.1051646796e+04   -2.3472245487e+02    8.9638493022e+01    1.1020971042e+02   -3.6169226055e+02    1.6760095267e+01    4.1010500000e+05    1.5322420585e+00    9.7472686832e-01
       143   -1.4507955919e+02    2.1050365350e+04   -2.3488515828e+02    8.9805599087e+01    1.1037989843e+02   -3.6215222966e+02    1.6887172949e+01    4.0991900000e+05    1.5767878694e+00    9.7450564212e-01
       144   -1.4508609061e+02    2.1052178873e+04   -2.3485239942e+02    8.9766308813e+01    1.1017933814e+02   -3.6190228538e+02    1.6870547816e+01    4.1310900000e+05    1.6437110179e+00    9.7481395676e-01
       145   -1.4508469678e+02    2.1051863388e+04   -2.3469897154e+02    8.9614274759e+01    1.1013435551e+02   -3.6170553687e+02    1.6872209831e+01    4.1026700000e+05    1.5586255996e+00    9.7481316825e-01
       146   -1.4508623686e+02    2.1052390674e+04   -2.3530939903e+02    9.0223162161e+01    1.1051317009e+02   -3.6265976530e+02    1.6837196180e+01    4.0548900000e+05    1.3904807840e+00    9.7457881132e-01
       147   -1.4507422896e+02    2.1049203864e+04   -2.3495613380e+02    8.9881904838e+01    1.1038957447e+02   -3.6221843361e+02    1.6872725348e+01    4.0614500000e+05    1.3945471954e+00    9.7462397016e-01
       148   -1.4507597684e+02    2.1049300122e+04   -2.3481878530e+02    8.9742808456e+01    1.1038779424e+02   -3.6206255207e+02    1.6855972536e+01    4.0323000000e+05    1.3849912570e+00    9.7464371617e-01
       149   -1.4507586508e+02    2.1049277002e+04   -2.3536207740e+02    9.0286212322e+01    1.1058778157e+02   -3.6281729862e+02    1.6867439654e+01    4.0146700000e+05    1.3986881680e+00    9.7465446641e-01
       150   -1.4507630488e+02    2.1049448164e+04   -2.3492479785e+02    8.9848492968e+01    1.1041879713e+02   -3.6221307830e+02    1.6869483315e+01    4.0879200000e+05    1.4916376218e+00    9.7472055631e-01
       151   -1.4507654359e+02    2.1049455352e+04   -2.3494991368e+02    8.9873370093e+01    1.1035412607e+02   -3.6214762363e+02    1.6843583877e+01    4.1491400000e+05    1.6525848047e+00    9.7448721026e-01
       152   -1.4508990815e+02    2.1053430155e+04   -2.3508030217e+02    8.9990394018e+01    1.1049517412e+02   -3.6254224535e+02    1.6966769060e+01    4.1653500000e+05    1.6681631147e+00    9.7461235970e-01
       153   -1.4507772937e+02    2.1049830737e+04   -2.3476520504e+02    8.9687475669e+01    1.1041541568e+02   -3.6220049381e+02    1.7019873094e+01    4.1556900000e+05    1.6529613810e+00    9.7470704521e-01
       154   -1.4508323175e+02    2.1051402004e+04   -2.3445813238e+02    8.9374900624e+01    1.1005802436e+02   -3.6139746825e+02    1.6881311520e+01    4.0925000000e+05    1.4791581060e+00    9.7479431794e-01
       155   -1.4507584906e+02    2.1049271969e+04   -2.3454606896e+02    8.9470219899e+01    1.1014098248e+02   -3.6144230420e+02    1.6755252761e+01    4.0711900000e+05    1.4214102738e+00    9.7471206426e-01
       156   -1.4507655851e+02    2.1050712310e+04   -2.3475292591e+02    8.9676367398e+01    1.1023702918e+02   -3.6181805289e+02    1.6828097799e+01    4.0611200000e+05    1.3880142509e+00    9.7462496728e-01
       157   -1.4507736801e+02    2.1049706806e+04   -2.3462685844e+02    8.9549490428e+01    1.1018503793e+02   -3.6161810298e+02    1.6806206606e+01    4.0848300000e+05    1.4231264836e+00    9.7472217267e-01
       158   -1.4508326031e+02    2.1051402500e+04   -2.3488725001e+02    8.9803989705e+01    1.1024439418e+02   -3.6198497062e+02    1.6853326431e+01    4.0980300000e+05    1.4889735563e+00    9.7467172598e-01
       159   -1.4507916248e+02    2.1050219908e+04   -2.3483330057e+02    8.9754138094e+01    1.1016367721e+02   -3.6174562485e+02    1.6748647068e+01    4.1095200000e+05    1.6325385661e+00    9.7486425745e-01
       160   -1.4508481702e+02    2.1051928270e+04   -2.3498555055e+02    8.9900733534e+01    1.1017761269e+02   -3.6209675973e+02    1.6933596488e+01    4.1375700000e+05    1.6485257677e+00    9.7454982743e-01
       161   -1.4507657472e+02    2.1050271189e+04   -2.3498899147e+02    8.9912416749e+01    1.1016127770e+02   -3.6206211119e+02    1.6911842018e+01    4.0879200000e+05    1.6161342845e+00    9.7462638712e-01
       162   -1.4508647802e+02    2.1052381759e+04   -2.3487163126e+02    8.9785153244e+01    1.1030177657e+02   -3.6193867742e+02    1.6765269586e+01    4.0737700000e+05    1.5837576038e+00    9.7453467806e-01
       163   -1.4507736427e+02    2.1049682868e+04   -2.3486556968e+02    8.9788205406e+01    1.1040614209e+02   -3.6217021014e+02    1.6898498372e+01    4.1207600000e+05    1.6539251551e+00    9.7466453441e-01
       164   -1.4508581039e+02    2.1052131991e+04   -2.3515494226e+02    9.0069131871e+01    1.1056078941e+02   -3.6266242395e+02    1.6946692273e+01    4.1116400000e+05    1.6186987825e+00    9.7458288152e-01
       165   -1.4508565072e+02    2.1052254576e+04   -2.3531360273e+02    9.0227952011e+01    1.1057670559e+02   -3.6285788900e+02    1.6967580668e+01    4.1101100000e+05    1.5752523427e+00    9.7452224122e-01
       166   -1.4508677018e+02    2.1052385404e+04   -2.3461416447e+02    8.9527394283e+01    1.1017750687e+02   -3.6161915860e+02    1.6827487266e+01    4.1510400000e+05    1.6628125911e+00    9.7474076790e-01
       167   -1.4508724177e+02    2.1052594453e+04   -2.3468392718e+02    8.9596685409e+01    1.1015899365e+02   -3.6157822460e+02    1.6735303767e+01    4.0901300000e+05    1.5174348629e+00    9.7475117325e-01
       168   -1.4509275095e+02    2.1054214138e+04   -2.3501804576e+02    8.9925294812e+01    1.1038408727e+02   -3.6224336154e+02    1.6841228515e+01    4.0878000000e+05    1.5644518090e+00    9.7453293560e-01
       169   -1.4508379947e+02    2.1051549125e+04   -2.3468451626e+02    8.9600716784e+01    1.1018005943e+02   -3.6172211277e+02    1.6857537075e+01    4.1522100000e+05    1.6699738428e+00    9.7465567558e-01
       170   -1.4508245470e+02    2.1051130108e+04   -2.3491448903e+02    8.9832034331e+01    1.1023766091e+02   -3.6206186534e+02    1.6909715405e+01    4.1597600000e+05    1.6643278741e+00    9.7463086112e-01
       171   -1.4508467619e+02    2.1051880915e+04   -2.3476531405e+02    8.9680637867e+01    1.1016881127e+02   -3.6188564760e+02    1.6951522277e+01    4.1383200000e+05    1.6494068163e+00    9.7452293782e-01
       172   -1.4508632101e+02    2.1052302144e+04   -2.3446353477e+02    8.9377213765e+01    1.1000300674e+02   -3.6131582282e+02    1.6849281312e+01    4.1179800000e+05    1.5595955043e+00    9.7468091389e-01
       173   -1.4508375978e+02    2.1051615887e+04   -2.3446728207e+02    8.9383522293e+01    1.1001722855e+02   -3.6124503171e+02    1.6760521093e+01    4.0727800000e+05    1.4217674155e+00    9.7480200499e-01
       174   -1.4508186876e+02    2.1050964668e+04   -2.3465066683e+02    8.9568798065e+01    1.1010889760e+02   -3.6170230158e+02    1.6942737149e+01    4.0689500000e+05    1.4085853994e+00    9.7472622600e-01
       175   -1.4507615299e+02    2.1049340787e+04   -2.3479257272e+02    8.9716419731e+01    1.1021998151e+02   -3.6178633345e+02    1.6773779217e+01    4.0612300000e+05    1.5058750745e+00    9.7473915453e-01
       176   -1.4508352969e+02    2.1051423456e+04   -2.3424261271e+02    8.9159083015e+01    1.1009299366e+02   -3.6117670585e+02    1.6841099487e+01    4.0655000000e+05    1.4247963273e+00    9.7486622047e-01
       177   -1.4508211204e+02    2.1051140530e+04   -2.3466651788e+02    8.9584405832e+01    1.1027041161e+02   -3.6177907252e+02    1.6842143031e+01    4.1117000000e+05    1.5394623841e+00    9.7470961145e-01
       178   -1.4507895510e+02    2.1050168692e+04   -2.3463234862e+02    8.9553393514e+01    1.1027889872e+02   -3.6192441733e+02    1.7013169997e+01    4.1510000000e+05    1.6590566742e+00    9.7470016729e-01
       179   -1.4508219974e+02    2.1051111428e+04   -2.3452862719e+02    8.9446427455e+01    1.1024735815e+02   -3.6163828253e+02    1.6862297186e+01    4.1061000000e+05    1.5139016884e+00    9.7464908039e-01
       180   -1.4507841543e+02    2.1049987292e+04   -2.3493729346e+02    8.9858878033e+01    1.1038546282e+02   -3.6228863109e+02    1.6965874801e+01    4.0521500000e+05    1.4052197975e+00    9.7469403079e-01
       181   -1.4508130155e+02    2.1050896714e+04   -2.3525475229e+02    9.0173450743e+01    1.1053328772e+02   -3.6268511134e+02    1.6897071333e+01    4.0575200000e+05    1.4022340528e+00    9.7454767001e-01
       182   -1.4507803539e+02    2.1049984898e+04   -2.3467630196e+02    8.9598266577e+01    1.1023747116e+02   -3.6164626948e+02    1.6732496355e+01    4.0292200000e+05    1.3950323577e+00    9.7476401728e-01
       183   -1.4507085877e+02    2.1047797195e+04   -2.3488334290e+02    8.9812484130e+01    1.1039422472e+02   -3.6210842458e+02    1.6830856955e+01    4.0621000000e+05    1.3935980010e+00    9.7462126574e-01
       184   -1.4507350609e+02    2.1048587603e+04   -2.3508449071e+02    9.0010984622e+01    1.1050196992e+02   -3.6258112463e+02    1.6994663999e+01    4.0848700000e+05    1.5001236026e+00    9.7454692284e-01
       185   -1.4507696015e+02    2.1049594043e+04   -2.3532107436e+02    9.0244114210e+01    1.1044721210e+02   -3.6276445741e+02    1.6996170950e+01    4.1186200000e+05    1.5823935210e+00    9.7461594010e-01
       186   -1.4507957964e+02    2.1050391514e+04   -2.3486821588e+02    8.9788636238e+01    1.1028141053e+02   -3.6208690878e+02    1.6937282367e+01    4.0889300000e+05    1.4515783021e+00    9.7464245114e-01
       187   -1.4508864767e+02    2.1052970062e+04   -2.3469744310e+02    8.9608795425e+01    1.1015145510e+02   -3.6158987561e+02    1.6740977415e+01    4.1042400000e+05    1.5581411398e+00    9.7468849276e-01
       188   -1.4507885856e+02    2.1050142158e+04   -2.3482712357e+02    8.9748265014e+01    1.1018439276e+02   -3.6178248374e+02    1.6770967411e+01    4.0643200000e+05    1.3894894975e+00    9.7468369634e-01
       189   -1.4508070458e+02    2.1050697438e+04   -2.3471022732e+02    8.9629522742e+01    1.1032831639e+02   -3.6190905938e+02    1.6870515664e+01    4.0662900000e+05    1.4201735321e+00    9.7473989525e-01
       190   -1.4508288383e+02    2.1051359030e+04   -2.3509289221e+02    9.0010008376e+01    1.1037142890e+02   -3.6230097693e+02    1.6836655821e+01    4.1079600000e+05    1.5859002655e+00    9.7458185068e-01
       191   -1.4508364752e+02    2.1051546583e+04   -2.3524470630e+02    9.0161058775e+01    1.1048573208e+02   -3.6252010252e+02    1.6789664144e+01    4.0872600000e+05    1.4614491928e+00    9.7449607578e-01
       192   -1.4508160755e+02    2.1050928401e+04   -2.3492602690e+02    8.9844419349e+01    1.1028874291e+02   -3.6200601424e+02    1.6791244432e+01    4.0384700000e+05    1.3980465017e+00    9.7471429399e-01
       193   -1.4508164690e+02    2.1051056178e+04   -2.3502423500e+02    8.9942588102e+01    1.1044905893e+02   -3.6231451761e+02    1.6841223674e+01    4.0498200000e+05    1.3958532086e+00    9.7470561352e-01
       194   -1.4508003176e+02    2.1050421723e+04   -2.3473955698e+02    8.9659525222e+01    1.1021141144e+02   -3.6178101271e+02    1.6830044296e+01    4.0578700000e+05    1.3927695814e+00    9.7461896595e-01
       195   -1.4508293688e+02    2.1051299222e+04   -2.3499427983e+02    8.9911342949e+01    1.1050658645e+02   -3.6233450200e+02    1.6833635717e+01    4.0697700000e+05    1.4619361232e+00    9.7466698262e-01
       196   -1.4508623586e+02    2.1052314667e+04   -2.3446055801e+02    8.9374322152e+01    1.1012353092e+02   -3.6137349364e+02    1.6789404706e+01    4.0468300000e+05    1.3931646319e+00    9.7483504173e-01
       197   -1.4508190258e+02    2.1051060721e+04   -2.3469528665e+02    8.9613384073e+01    1.1014943774e+02   -3.6159597910e+02    1.6751254706e+01    4.0999200000e+05    1.5231569395e+00    9.7479858885e-01
       198   -1.4507854062e+02    2.1050006856e+04   -2.3490296049e+02    8.9824419871e+01    1.1023044901e+02   -3.6193845465e+02    1.6805045151e+01    4.0999800000e+05    1.5544318797e+00    9.7458196149e-01
       199   -1.4508016239e+02    2.1050534545e+04   -2.3480430951e+02    8.9724147122e+01    1.1021311040e+02   -3.6183281973e+02    1.6815399821e+01    4.0750800000e+05    1.4205690001e+00    9.7455001367e-01
       200   -1.4507996502e+02    2.1050579389e+04   -2.3444146612e+02    8.9361501100e+01    1.1007276702e+02   -3.6142807511e+02    1.6913841980e+01    4.0367800000e+05    1.4330459274e+00    9.7483782876e-01
       201   -1.4508592249e+02    2.1052194758e+04   -2.3473757077e+02    8.9651648282e+01    1.1019555984e+02   -3.6176975375e+02    1.6836623141e+01    4.0262700000e+05    1.4100027215e+00    9.7472802656e-01
       202   -1.4509230196e+02    2.1054112901e+04   -2.3476622790e+02    8.9673925940e+01    1.1014493178e+02   -3.6170669339e+02    1.6795533701e+01    4.0433700000e+05    1.3909259364e+00    9.7454313619e-01
       203   -1.4509239192e+02    2.1054046808e+04   -2.3470057180e+02    8.9608179885e+01    1.1021065907e+02   -3.6179252657e+02    1.6881295692e+01    4.0185600000e+05    1.3935419628e+00    9.7466250406e-01
       204   -1.4507825743e+02    2.1049945114e+04   -2.3484657791e+02    8.9768320474e+01    1.1026514888e+02   -3.6188277303e+02    1.6771046250e+01    4.0296600000e+05    1.3893359969e+00    9.7470937131e-01
       205   -1.4508940669e+02    2.1053166474e+04   -2.3497710203e+02    8.9887695335e+01    1.1031191716e+02   -3.6215759210e+02    1.6868572911e+01    4.0127500000e+05    1.3777991971e+00    9.7460872499e-01
       206   -1.4508883299e+02    2.1053040118e+04   -2.3489569407e+02    8.9806861082e+01    1.1022243646e+02   -3.6196779562e+02    1.6849665101e+01    4.0499800000e+05    1.3819238488e+00    9.7451828255e-01
       207   -1.4509101034e+02    2.1053652558e+04   -2.3489241231e+02    8.9801401969e+01    1.1034531294e+02   -3.6213614892e+02    1.6898423668e+01    4.0335200000e+05    1.3913344254e+00    9.7477090718e-01
       208   -1.4508412342e+02    2.1051712509e+04   -2.3483312909e+02    8.9749005669e+01    1.1035824893e+02   -3.6184223243e+02    1.6650854415e+01    4.0867200000e+05    1.4799528865e+00    9.7481205002e-01
       209   -1.4507652287e+02    2.1049498856e+04   -2.3496613087e+02    8.9889607993e+01    1.1029021597e+02   -3.6216351426e+02    1.6907167415e+01    4.0421900000e+05    1.3906186374e+00    9.7457565323e-01
       210   -1.4508155687e+02    2.1050943265e+04   -2.3499068294e+02    8.9909126076e+01    1.1023702051e+02   -3.6201972092e+02    1.6792017460e+01    4.1011100000e+05    1.5444253311e+00    9.7457404327e-01
       211   -1.4508102747e+02    2.1050729468e+04   -2.3450386017e+02    8.9422832698e+01    1.1017706743e+02   -3.6149954769e+02    1.6818620094e+01    4.0810000000e+05    1.4324188263e+00    9.7466593469e-01
       212   -1.4507864066e+02    2.1050094268e+04   -2.3454876322e+02    8.9470122565e+01    1.1024172002e+02   -3.6163895351e+02    1.6848470271e+01    4.0943500000e+05    1.5193653230e+00    9.7476963387e-01
       213   -1.4508053082e+02    2.1050588090e+04   -2.3477710811e+02    8.9696577289e+01    1.1044754781e+02   -3.6219821744e+02    1.6973561522e+01    4.0393800000e+05    1.3852029990e+00    9.7485321126e-01
       214   -1.4507990053e+02    2.1050404322e+04   -2.3503455659e+02    8.9954656065e+01    1.1045970719e+02   -3.6236058004e+02    1.6866316262e+01    4.0641100000e+05    1.3890347641e+00    9.7464685311e-01
       215   -1.4507644181e+02    2.1049380617e+04   -2.3442414502e+02    8.9347703205e+01    1.1024482327e+02   -3.6159004301e+02    1.6921074726e+01    4.0865200000e+05    1.4356098734e+00    9.7471308454e-01
       216   -1.4508152096e+02    2.1050905854e+04   -2.3440414481e+02    8.9322623851e+01    1.1026971948e+02   -3.6148824182e+02    1.6814377539e+01    4.0845100000e+05    1.4598058956e+00    9.7479181767e-01
       217   -1.4508540556e+02    2.1052005255e+04   -2.3506354055e+02    8.9978134985e+01    1.1043383621e+02   -3.6241684783e+02    1.6919471073e+01    4.1004000000e+05    1.5540482902e+00    9.7464170049e-01
       218   -1.4508334396e+02    2.1051448370e+04   -2.3509053582e+02    9.0007191864e+01    1.1041846343e+02   -3.6235710039e+02    1.6848101146e+01    4.0550900000e+05    1.3887094783e+00    9.7458951866e-01
       219   -1.4507771539e+02    2.1049760174e+04   -2.3506190472e+02    8.9984189331e+01    1.1035195699e+02   -3.6239513612e+02    1.6981274416e+01    4.0574700000e+05    1.3866399266e+00    9.7448076245e-01
       220   -1.4507523503e+02    2.1049154823e+04   -2.3465477528e+02    8.9579540258e+01    1.1004187485e+02   -3.6146881545e+02    1.6772165314e+01    4.0776700000e+05    1.4513303430e+00    9.7468288937e-01
       221   -1.4507643201e+02    2.1049419109e+04   -2.3459397444e+02    8.9517542433e+01    1.1020042484e+02   -3.6165145100e+02    1.6857051723e+01    4.1251500000e+05    1.6381475474e+00    9.7468251432e-01
       222   -1.4507544349e+02    2.1049161655e+04   -2.3501645274e+02    8.9941009244e+01    1.1040086455e+02   -3.6235220905e+02    1.6934891766e+01    4.1126600000e+05    1.6239292838e+00    9.7457982096e-01
       223   -1.4508859441e+02    2.1052973948e+04   -2.3488594996e+02    8.9797355542e+01    1.1025961420e+02   -3.6185280304e+02    1.6707238888e+01    4.1194200000e+05    1.6345702750e+00    9.7465975378e-01
       224   -1.4508779379e+02    2.1052860067e+04   -2.3470909359e+02    8.9621299798e+01    1.1020296062e+02   -3.6178146029e+02    1.6869406076e+01    4.0817000000e+05    1.4051023375e+00    9.7473277701e-01
       225   -1.4508489617e+02    2.1051923758e+04   -2.3475269190e+02    8.9667795728e+01    1.1017856192e+02   -3.6180412321e+02    1.6872869393e+01    4.1318800000e+05    1.6199495096e+00    9.7472488642e-01
       226   -1.4508275373e+02    2.1051322938e+04   -2.3503611050e+02    8.9953356777e+01    1.1040531033e+02   -3.6226399636e+02    1.6822575531e+01    4.1073400000e+05    1.5234560745e+00    9.7471977178e-01
       227   -1.4507146006e+02    2.1047942131e+04   -2.3501450684e+02    8.9943046783e+01    1.1043363419e+02   -3.6237613304e+02    1.6927992011e+01    4.0734200000e+05    1.3974366086e+00    9.7469278805e-01
       228   -1.4508715020e+02    2.1052577061e+04   -2.3492971794e+02    8.9842567742e+01    1.1035398484e+02   -3.6220647042e+02    1.6922767631e+01    4.0809300000e+05    1.4466233561e+00    9.7479568968e-01
       229   -1.4508043698e+02    2.1050619665e+04   -2.3463808467e+02    8.9557647684e+01    1.1021356378e+02   -3.6174411120e+02    1.6892462752e+01    4.0536700000e+05    1.3832932157e+00    9.7463919536e-01
       230   -1.4508559336e+02    2.1052099731e+04   -2.3505087315e+02    8.9965279797e+01    1.1036971051e+02   -3.6231638684e+02    1.6895803169e+01    4.0469300000e+05    1.3912851829e+00    9.7467615145e-01
       231   -1.4508729519e+02    2.1052577451e+04   -2.3460514702e+02    8.9517851832e+01    1.1005932488e+02   -3.6143840564e+02    1.6773933735e+01    4.0429600000e+05    1.3832965821e+00    9.7460751199e-01
       232   -1.4508191931e+02    2.1051373921e+04   -2.3442550860e+02    8.9343589291e+01    1.1010466431e+02   -3.6139261805e+02    1.6862445133e+01    4.0620600000e+05    1.4223246975e+00    9.7480165812e-01
       233   -1.4508655842e+02    2.1052349188e+04   -2.3458862372e+02    8.9502065298e+01    1.1013298684e+02   -3.6153323490e+02    1.6811624346e+01    4.1138100000e+05    1.6008993564e+00    9.7482550428e-01
       234   -1.4508989679e+02    2.1053310188e+04   -2.3502907681e+02    8.9939180014e+01    1.1026681691e+02   -3.6222407542e+02    1.6928181701e+01    4.1461500000e+05    1.6734528139e+00    9.7465725544e-01
       235   -1.4507849667e+02    2.1049997123e+04   -2.3483385687e+02    8.9755360199e+01    1.1030303897e+02   -3.6198245307e+02    1.6845557229e+01    4.1787800000e+05    1.6744398172e+00    9.7469414280e-01
       236   -1.4508284671e+02    2.1051349117e+04   -2.3488831279e+02    8.9805466081e+01    1.1027801504e+02   -3.6193929152e+02    1.6772963695e+01    4.1579900000e+05    1.6526202322e+00    9.7472727681e-01
       237   -1.4507360426e+02    2.1048667429e+04   -2.3519051816e+02    9.0116913904e+01    1.1059698047e+02   -3.6267277547e+02    1.6885276839e+01    4.1383100000e+05    1.6524212118e+00    9.7458002980e-01
       238   -1.4508266821e+02    2.1051254050e+04   -2.3503126687e+02    8.9948598661e+01    1.1056708848e+02   -3.6243602327e+02    1.6837667918e+01    4.1006400000e+05    1.5332466909e+00    9.7470696216e-01
       239   -1.4508255397e+02    2.1051197151e+04   -2.3495714839e+02    8.9874594420e+01    1.1043787990e+02   -3.6230879410e+02    1.6913765804e+01    4.0932100000e+05    1.4995080116e+00    9.7456101818e-01
       240   -1.4508169959e+02    2.1050894174e+04   -2.3502913448e+02    8.9947434892e+01    1.1044100235e+02   -3.6235501974e+02    1.6884882913e+01    4.0732700000e+05    1.4119144294e+00    9.7458977559e-01
       241   -1.4508739827e+02    2.1052597904e+04   -2.3520815592e+02    9.0120757648e+01    1.1058637144e+02   -3.6283361267e+02    1.7039085317e+01    4.0953500000e+05    1.5258103670e+00    9.7463333835e-01
       242   -1.4508029613e+02    2.1050618527e+04   -2.3504170777e+02    8.9961411637e+01    1.1039040610e+02   -3.6224595362e+02    1.6813839748e+01    4.0944300000e+05    1.5833449136e+00    9.7463352366e-01
       243   -1.4508321636e+02    2.1051460749e+04   -2.3481225967e+02    8.9729043302e+01    1.1026819087e+02   -3.6192070541e+02    1.6840254878e+01    4.0828300000e+05    1.4656170693e+00    9.7471275275e-01
       244   -1.4508300970e+02    2.1051399857e+04   -2.3499932391e+02    8.9916314206e+01    1.1024892618e+02   -3.6212126328e+02    1.6873013197e+01    4.1410900000e+05    1.6389688796e+00    9.7472012574e-01
       245   -1.4508115908e+02    2.1051285708e+04   -2.3494439060e+02    8.9863231524e+01    1.1035449320e+02   -3.6218183236e+02    1.6882948561e+01    4.1252100000e+05    1.6242354028e+00    9.7464284403e-01
       246   -1.4508079156e+02    2.1050691982e+04   -2.3501663683e+02    8.9935845270e+01    1.1036733970e+02   -3.6226871133e+02    1.6884734795e+01    4.0828700000e+05    1.4526737095e+00    9.7476642593e-01
       247   -1.4508838062e+02    2.1052865243e+04   -2.3488806636e+02    8.9799685740e+01    1.1030242286e+02   -3.6203512383e+02    1.6844634615e+01    4.0867300000e+05    1.4288526890e+00    9.7466519273e-01
       248   -1.4508255443e+02    2.1051255744e+04   -2.3500333173e+02    8.9920777295e+01    1.1040591419e+02   -3.6230015275e+02    1.6890906829e+01    4.0990900000e+05    1.5130945654e+00    9.7469941680e-01
       249   -1.4507952020e+02    2.1050324892e+04   -2.3470665707e+02    8.9627136863e+01    1.1023009186e+02   -3.6173303747e+02    1.6796288543e+01    4.0589700000e+05    1.4088353182e+00    9.7480415585e-01
