#   index    LocalEnergy         LocalEnergy_sq      LocalPotential      Kinetic             ElecElec            LocalECP            NonLocalECP         BlockWeight         BlockCPU            AcceptRatio         
         0   -5.7999338835e+01    3.3649811967e+03   -8.3866182876e+01    2.5866844041e+01    3.8921555295e+01   -1.3268639395e+02    9.8986557789e+00    2.0480000000e+03    5.0126607530e-03    6.2285156250e-01
         1   -5.7975774840e+01    3.3620445061e+03   -8.4585078935e+01    2.6609304095e+01    3.8921703754e+01   -1.3247638627e+02    8.9696035765e+00    2.0480000000e+03    4.8576942645e-03    6.2316080729e-01
         2   -5.8027559553e+01    3.3679741563e+03   -8.3760716321e+01    2.5733156768e+01    3.8976409941e+01   -1.3183641640e+02    9.0992901359e+00    2.0480000000e+03    4.8112964723e-03    6.2102864583e-01
         3   -5.8039658595e+01    3.3693685962e+03   -8.4350664333e+01    2.6311005737e+01    3.9025573294e+01   -1.3266866991e+02    9.2924322880e+00    2.0480000000e+03    4.8092252109e-03    6.2283528646e-01
         4   -5.7998953642e+01    3.3646495593e+03   -8.4124889391e+01    2.6125935749e+01    3.9042770959e+01   -1.3291921663e+02    9.7515562837e+00    2.0480000000e+03    4.8125800677e-03    6.2257486979e-01
         5   -5.7997170720e+01    3.3645088206e+03   -8.3977142947e+01    2.5979972226e+01    3.8946988286e+01   -1.3230396248e+02    9.3798312442e+00    2.0480000000e+03    4.8115777317e-03    6.2372233073e-01
         6   -5.8008262103e+01    3.3657232453e+03   -8.4644465949e+01    2.6636203846e+01    3.9088334938e+01   -1.3286046931e+02    9.1276684216e+00    2.0480000000e+03    4.8151041847e-03    6.2401529948e-01
         7   -5.8043897245e+01    3.3699226019e+03   -8.4253498773e+01    2.6209601528e+01    3.9072861175e+01   -1.3248217790e+02    9.1558179495e+00    2.0480000000e+03    4.8282470088e-03    6.2470703125e-01
         8   -5.8004270574e+01    3.3653184601e+03   -8.4118012282e+01    2.6113741708e+01    3.9101492915e+01   -1.3296404998e+02    9.7445447841e+00    2.0480000000e+03    4.8005995341e-03    6.2303059896e-01
         9   -5.8012519869e+01    3.3661934013e+03   -8.4234523722e+01    2.6222003854e+01    3.9009526355e+01   -1.3285053434e+02    9.6064842574e+00    2.0480000000e+03    4.7920059878e-03    6.2420247396e-01
        10   -5.7994594792e+01    3.3642631483e+03   -8.4211702897e+01    2.6217108105e+01    3.9355565709e+01   -1.3342371875e+02    9.8564501431e+00    2.0480000000e+03    4.7861037310e-03    6.2300618490e-01
        11   -5.7999746907e+01    3.3648056371e+03   -8.4052910980e+01    2.6053164073e+01    3.8987559636e+01   -1.3243771579e+02    9.3972451687e+00    2.0480000000e+03    4.8012910411e-03    6.2700195312e-01
        12   -5.7993773250e+01    3.3640587512e+03   -8.4118946745e+01    2.6125173496e+01    3.9001278667e+01   -1.3254795338e+02    9.4277279670e+00    2.0480000000e+03    4.7792461701e-03    6.2274576823e-01
        13   -5.8002733203e+01    3.3650946148e+03   -8.4515986344e+01    2.6513253141e+01    3.9292483113e+01   -1.3325682988e+02    9.4483604246e+00    2.0480000000e+03    4.7788200900e-03    6.2055664062e-01
        14   -5.7958025349e+01    3.3599486314e+03   -8.4309723748e+01    2.6351698398e+01    3.9050661584e+01   -1.3252928883e+02    9.1689034950e+00    2.0480000000e+03    4.7778573353e-03    6.2228190104e-01
        15   -5.8014240322e+01    3.3664331444e+03   -8.4317112757e+01    2.6302872436e+01    3.8966896430e+01   -1.3229716523e+02    9.0131560430e+00    2.0480000000e+03    4.7704745084e-03    6.2301432292e-01
        16   -5.7999565496e+01    3.3647144084e+03   -8.4509615042e+01    2.6510049547e+01    3.8976532208e+01   -1.3265787260e+02    9.1717253501e+00    2.0480000000e+03    4.7877491452e-03    6.2296549479e-01
        17   -5.8017078430e+01    3.3667134460e+03   -8.3900538262e+01    2.5883459832e+01    3.8757722278e+01   -1.3160972873e+02    8.9514681859e+00    2.0480000000e+03    4.7762517352e-03    6.2398274740e-01
        18   -5.8015717144e+01    3.3667932841e+03   -8.4081173176e+01    2.6065456032e+01    3.8979358543e+01   -1.3246149386e+02    9.4009621391e+00    2.0480000000e+03    4.7659364063e-03    6.2296549479e-01
        19   -5.7985415291e+01    3.3630838009e+03   -8.3956936280e+01    2.5971520989e+01    3.8940925999e+01   -1.3226647146e+02    9.3686091846e+00    2.0480000000e+03    4.7898073681e-03    6.2486979167e-01
        20   -5.8017597669e+01    3.3668053813e+03   -8.4127488218e+01    2.6109890550e+01    3.9002871554e+01   -1.3252312837e+02    9.3927685978e+00    2.0480000000e+03    4.7971678432e-03    6.2634277344e-01
        21   -5.8004886356e+01    3.3656358722e+03   -8.4253715049e+01    2.6248828692e+01    3.9070715981e+01   -1.3220894639e+02    8.8845153633e+00    2.0480000000e+03    4.7799581662e-03    6.2189127604e-01
        22   -5.8032044911e+01    3.3685315870e+03   -8.4993796200e+01    2.6961751289e+01    3.9205780176e+01   -1.3356406543e+02    9.3644890566e+00    2.0480000000e+03    4.7869337723e-03    6.2533365885e-01
        23   -5.8024506284e+01    3.3675352183e+03   -8.4522339497e+01    2.6497833213e+01    3.9191102342e+01   -1.3307313280e+02    9.3596909650e+00    2.0480000000e+03    4.7743155155e-03    6.2248535156e-01
        24   -5.7970884488e+01    3.3613422414e+03   -8.4360850293e+01    2.6389965805e+01    3.9255028233e+01   -1.3323147916e+02    9.6156006385e+00    2.0480000000e+03    4.7773895785e-03    6.2413736979e-01
        25   -5.8011367165e+01    3.3660793319e+03   -8.4185514786e+01    2.6174147621e+01    3.9107849757e+01   -1.3319727067e+02    9.9039061316e+00    2.0480000000e+03    4.7787735239e-03    6.2356770833e-01
        26   -5.7970012676e+01    3.3613850447e+03   -8.4175754838e+01    2.6205742161e+01    3.8960145906e+01   -1.3255006234e+02    9.4141615974e+00    2.0480000000e+03    4.7735960688e-03    6.2314453125e-01
        27   -5.8012219938e+01    3.3662997209e+03   -8.4129410042e+01    2.6117190105e+01    3.9099443317e+01   -1.3242851457e+02    9.1996612122e+00    2.0480000000e+03    4.7754629049e-03    6.2431640625e-01
        28   -5.8032377337e+01    3.3685648745e+03   -8.4109464411e+01    2.6077087074e+01    3.8970287675e+01   -1.3234508235e+02    9.2653302647e+00    2.0480000000e+03    4.7813842539e-03    6.2505696615e-01
        29   -5.7974271270e+01    3.3620986656e+03   -8.4373666120e+01    2.6399394849e+01    3.9021259278e+01   -1.3315203281e+02    9.7571074157e+00    2.0480000000e+03    4.7775062267e-03    6.2500000000e-01
        30   -5.8000148086e+01    3.3647640966e+03   -8.4330813288e+01    2.6330665202e+01    3.9129409224e+01   -1.3322489986e+02    9.7646773458e+00    2.0480000000e+03    4.7689373605e-03    6.2232259115e-01
        31   -5.8012643832e+01    3.3663173505e+03   -8.4841026444e+01    2.6828382612e+01    3.9152469790e+01   -1.3369372017e+02    9.7002239338e+00    2.0480000000e+03    4.7808333766e-03    6.2454427083e-01
        32   -5.7989438831e+01    3.3636880516e+03   -8.4137199105e+01    2.6147760274e+01    3.8990963706e+01   -1.3287550467e+02    9.7473418617e+00    2.0480000000e+03    4.7816121951e-03    6.2551269531e-01
        33   -5.8008741304e+01    3.3658961552e+03   -8.4358810179e+01    2.6350068875e+01    3.8994741720e+01   -1.3284917729e+02    9.4956253947e+00    2.0480000000e+03    4.7778654844e-03    6.2548014323e-01
        34   -5.7980854762e+01    3.3626039515e+03   -8.4520600268e+01    2.6539745506e+01    3.9181354919e+01   -1.3341110657e+02    9.7091513829e+00    2.0480000000e+03    4.7932178713e-03    6.2505696615e-01
        35   -5.8020846990e+01    3.3672175667e+03   -8.4255178502e+01    2.6234331512e+01    3.9067175979e+01   -1.3323514620e+02    9.9127917202e+00    2.0480000000e+03    4.7679354902e-03    6.2227376302e-01
        36   -5.8018655955e+01    3.3669844930e+03   -8.3826053690e+01    2.5807397735e+01    3.8682348309e+01   -1.3199322153e+02    9.4848195280e+00    2.0480000000e+03    4.7572585754e-03    6.2204589844e-01
        37   -5.8028980635e+01    3.3684245042e+03   -8.4340903464e+01    2.6311922829e+01    3.8928895504e+01   -1.3263656183e+02    9.3667628594e+00    2.0480000000e+03    4.7792631667e-03    6.2503255208e-01
        38   -5.8001508770e+01    3.3649825057e+03   -8.4172208794e+01    2.6170700024e+01    3.8967588208e+01   -1.3259288994e+02    9.4530929346e+00    2.0480000000e+03    4.7777525615e-03    6.2338053385e-01
        39   -5.8022989720e+01    3.3674015916e+03   -8.3987916230e+01    2.5964926510e+01    3.8992328063e+01   -1.3227939933e+02    9.2991550325e+00    2.0480000000e+03    4.7713601962e-03    6.2388509115e-01
        40   -5.8018669002e+01    3.3670457230e+03   -8.4353745261e+01    2.6335076259e+01    3.9083950126e+01   -1.3310746484e+02    9.6697694574e+00    2.0480000000e+03    4.7700968571e-03    6.2260742188e-01
        41   -5.8028248715e+01    3.3680110864e+03   -8.4456766477e+01    2.6428517762e+01    3.9152214570e+01   -1.3304194644e+02    9.4329653929e+00    2.0480000000e+03    4.7799900640e-03    6.2181803385e-01
        42   -5.7995540316e+01    3.3642029300e+03   -8.4015817491e+01    2.6020277176e+01    3.8918618926e+01   -1.3229100902e+02    9.3565726067e+00    2.0480000000e+03    4.7777569853e-03    6.2237955729e-01
        43   -5.7985580030e+01    3.3633459563e+03   -8.4252316684e+01    2.6266736654e+01    3.9073827739e+01   -1.3295943080e+02    9.6332863757e+00    2.0480000000e+03    4.7692917287e-03    6.2256673177e-01
        44   -5.7999085812e+01    3.3647198438e+03   -8.4236233820e+01    2.6237148008e+01    3.9027937403e+01   -1.3252901082e+02    9.2648396003e+00    2.0480000000e+03    4.7738242429e-03    6.2192382813e-01
        45   -5.7970393645e+01    3.3613784715e+03   -8.4677647529e+01    2.6707253885e+01    3.9313006827e+01   -1.3334268460e+02    9.3520302389e+00    2.0480000000e+03    4.7787388321e-03    6.2129720052e-01
        46   -5.7976659508e+01    3.3622848370e+03   -8.4183104314e+01    2.6206444806e+01    3.9092202095e+01   -1.3262276322e+02    9.3474568129e+00    2.0480000000e+03    4.7836974263e-03    6.2387695313e-01
        47   -5.8033779528e+01    3.3688075316e+03   -8.4275295243e+01    2.6241515715e+01    3.9145448069e+01   -1.3275100778e+02    9.3302644651e+00    2.0480000000e+03    4.8072249629e-03    6.2583007813e-01
        48   -5.8003358942e+01    3.3650327084e+03   -8.4279374646e+01    2.6276015704e+01    3.8967265269e+01   -1.3217236538e+02    8.9257254652e+00    2.0480000000e+03    4.8022523988e-03    6.2521972656e-01
        49   -5.7987275571e+01    3.3633612099e+03   -8.4280127634e+01    2.6292852063e+01    3.9098074702e+01   -1.3276811233e+02    9.3899099945e+00    2.0480000000e+03    4.7886264510e-03    6.2353515625e-01
        50   -5.7998377581e+01    3.3645257625e+03   -8.4557938655e+01    2.6559561074e+01    3.9185995745e+01   -1.3257978535e+02    8.8358509456e+00    2.0480000000e+03    4.7954160254e-03    6.2526041667e-01
        51   -5.7979759737e+01    3.3625498436e+03   -8.4248695271e+01    2.6268935535e+01    3.9306737761e+01   -1.3322753408e+02    9.6721010475e+00    2.0480000000e+03    4.7892951407e-03    6.2312011719e-01
        52   -5.8001184464e+01    3.3649585906e+03   -8.4307808435e+01    2.6306623971e+01    3.9239168362e+01   -1.3311430695e+02    9.5673301522e+00    2.0480000000e+03    4.7828657553e-03    6.2424316406e-01
        53   -5.7988848973e+01    3.3634294419e+03   -8.4622630246e+01    2.6633781273e+01    3.9172754587e+01   -1.3294554551e+02    9.1501606813e+00    2.0480000000e+03    4.7747325152e-03    6.2157389323e-01
        54   -5.7995597581e+01    3.3641555322e+03   -8.4445962572e+01    2.6450364991e+01    3.8987724456e+01   -1.3232711072e+02    8.8934236930e+00    2.0480000000e+03    4.7887451947e-03    6.2792968750e-01
        55   -5.8022969181e+01    3.3676298198e+03   -8.3835308534e+01    2.5812339354e+01    3.9012827636e+01   -1.3246414798e+02    9.6160118046e+00    2.0480000000e+03    4.7761872411e-03    6.2563476563e-01
        56   -5.7999361353e+01    3.3647739567e+03   -8.3878648606e+01    2.5879287253e+01    3.9000545686e+01   -1.3240877266e+02    9.5295783639e+00    2.0480000000e+03    4.7774920240e-03    6.2504069010e-01
        57   -5.8008509806e+01    3.3658220382e+03   -8.4128216120e+01    2.6119706314e+01    3.9070401990e+01   -1.3282622635e+02    9.6276082357e+00    2.0480000000e+03    4.7728857026e-03    6.2307128906e-01
        58   -5.7959287215e+01    3.3599185219e+03   -8.4240629944e+01    2.6281342729e+01    3.9128083398e+01   -1.3282592784e+02    9.4572145001e+00    2.0480000000e+03    4.7667725012e-03    6.2229817708e-01
        59   -5.7981588632e+01    3.3627431266e+03   -8.4393343059e+01    2.6411754427e+01    3.9179949725e+01   -1.3288716637e+02    9.3138735890e+00    2.0480000000e+03    4.7823239584e-03    6.2480468750e-01
        60   -5.8035740589e+01    3.3689444098e+03   -8.3994776851e+01    2.5959036262e+01    3.8890253727e+01   -1.3216792189e+02    9.2828913146e+00    2.0480000000e+03    4.7623675782e-03    6.2066243490e-01
        61   -5.8009142260e+01    3.3659480364e+03   -8.3762906042e+01    2.5753763782e+01    3.8923055337e+01   -1.3199217491e+02    9.3062135346e+00    2.0480000000e+03    4.7854254954e-03    6.2513020833e-01
        62   -5.7986470089e+01    3.3633212234e+03   -8.4449784489e+01    2.6463314400e+01    3.9169665402e+01   -1.3307571899e+02    9.4562690988e+00    2.0480000000e+03    4.7916325275e-03    6.2507324219e-01
        63   -5.8008674294e+01    3.3658008414e+03   -8.4115077365e+01    2.6106403070e+01    3.8944382981e+01   -1.3230517832e+02    9.2457179753e+00    2.0480000000e+03    4.7923771199e-03    6.2501627604e-01
        64   -5.8000923717e+01    3.3650621600e+03   -8.3813296092e+01    2.5812372375e+01    3.8848857311e+01   -1.3254433176e+02    9.8821783576e+00    2.0480000000e+03    4.7630912159e-03    6.2408040365e-01
        65   -5.8016736478e+01    3.3667936937e+03   -8.3953372032e+01    2.5936635554e+01    3.8928065168e+01   -1.3208723236e+02    9.2057951623e+00    2.0480000000e+03    4.7812021803e-03    6.2392578125e-01
        66   -5.8027720222e+01    3.3679909183e+03   -8.4152031375e+01    2.6124311153e+01    3.8796458687e+01   -1.3169911804e+02    8.7506279792e+00    2.0480000000e+03    4.7825039364e-03    6.2466634115e-01
        67   -5.7987393447e+01    3.3633193277e+03   -8.4256751094e+01    2.6269357647e+01    3.9045760337e+01   -1.3260094575e+02    9.2984343194e+00    2.0480000000e+03    4.7854206059e-03    6.2291666667e-01
        68   -5.7968209218e+01    3.3610971490e+03   -8.4218481257e+01    2.6250272040e+01    3.9052207776e+01   -1.3258040071e+02    9.3097116739e+00    2.0480000000e+03    4.7752202954e-03    6.2194824219e-01
        69   -5.7958440147e+01    3.3602273613e+03   -8.3501211638e+01    2.5542771491e+01    3.9086802135e+01   -1.3282806174e+02    1.0240047964e+01    2.0480000000e+03    4.7690172214e-03    6.2360026042e-01
        70   -5.7968498995e+01    3.3611489756e+03   -8.4351524142e+01    2.6383025146e+01    3.8903870422e+01   -1.3215014661e+02    8.8947520508e+00    2.0480000000e+03    4.7578269150e-03    6.2156575521e-01
        71   -5.7993598600e+01    3.3640465121e+03   -8.3904327955e+01    2.5910729355e+01    3.8967462604e+01   -1.3215568728e+02    9.2838967213e+00    2.0480000000e+03    4.7687867191e-03    6.2288411458e-01
        72   -5.7965255990e+01    3.3608587768e+03   -8.3966463504e+01    2.6001207514e+01    3.9045068167e+01   -1.3264003402e+02    9.6285023455e+00    2.0480000000e+03    4.7620984260e-03    6.2238769531e-01
        73   -5.7957282831e+01    3.3601597120e+03   -8.4543793900e+01    2.6586511069e+01    3.9338017000e+01   -1.3328831960e+02    9.4065086991e+00    2.0480000000e+03    4.7605521977e-03    6.2080078125e-01
        74   -5.7992996330e+01    3.3640039609e+03   -8.4105009605e+01    2.6112013276e+01    3.9028479722e+01   -1.3198838401e+02    8.8548946792e+00    2.0480000000e+03    4.7697306145e-03    6.2298990885e-01
        75   -5.8019633628e+01    3.3671164648e+03   -8.4358798029e+01    2.6339164401e+01    3.9058912207e+01   -1.3285417882e+02    9.4364685805e+00    2.0480000000e+03    4.7764312476e-03    6.2347819010e-01
        76   -5.7957375587e+01    3.3598709228e+03   -8.4600892349e+01    2.6643516762e+01    3.9188898320e+01   -1.3279404562e+02    9.0042549468e+00    2.0480000000e+03    4.7787835356e-03    6.2316080729e-01
        77   -5.7929751792e+01    3.3567705740e+03   -8.4422457794e+01    2.6492706002e+01    3.8931249082e+01   -1.3264799016e+02    9.2942832878e+00    2.0480000000e+03    4.7774035484e-03    6.2351888021e-01
        78   -5.8003338183e+01    3.3651381165e+03   -8.4522391734e+01    2.6519053551e+01    3.9092745818e+01   -1.3271198657e+02    9.0968490209e+00    2.0480000000e+03    4.7916281037e-03    6.2613118490e-01
        79   -5.7971593439e+01    3.3616877935e+03   -8.3998976446e+01    2.6027383006e+01    3.8989095339e+01   -1.3273128083e+02    9.7432090412e+00    2.0480000000e+03    4.7670747153e-03    6.2189127604e-01
        80   -5.7977740808e+01    3.3621980780e+03   -8.4468788437e+01    2.6491047629e+01    3.8976495786e+01   -1.3262419482e+02    9.1789105958e+00    2.0480000000e+03    4.7681443393e-03    6.2463378906e-01
        81   -5.7986445664e+01    3.3631895937e+03   -8.4091647840e+01    2.6105202176e+01    3.9015971070e+01   -1.3231637915e+02    9.2087602401e+00    2.0480000000e+03    4.7729397193e-03    6.2321777344e-01
        82   -5.7966773013e+01    3.3609607243e+03   -8.4353229281e+01    2.6386456268e+01    3.9207038836e+01   -1.3351457683e+02    9.9543087130e+00    2.0480000000e+03    4.7674777452e-03    6.2428385417e-01
        83   -5.8021359743e+01    3.3671665527e+03   -8.4712367685e+01    2.6691007942e+01    3.9215096736e+01   -1.3336202734e+02    9.4345629151e+00    2.0480000000e+03    4.7498310450e-03    6.1944986979e-01
        84   -5.7987092224e+01    3.3633301297e+03   -8.4258911423e+01    2.6271819199e+01    3.9220267658e+01   -1.3336205863e+02    9.8828795515e+00    2.0480000000e+03    4.7681098804e-03    6.2281087240e-01
        85   -5.7994109759e+01    3.3640818005e+03   -8.4205241882e+01    2.6211132123e+01    3.9057420741e+01   -1.3316709865e+02    9.9044360315e+00    2.0480000000e+03    4.7723269090e-03    6.2500000000e-01
        86   -5.7984632081e+01    3.3632038689e+03   -8.4109072324e+01    2.6124440242e+01    3.9013881629e+01   -1.3225857307e+02    9.1356191225e+00    2.0480000000e+03    4.7678900883e-03    6.2271321615e-01
        87   -5.8027366284e+01    3.3679898406e+03   -8.4216303142e+01    2.6188936858e+01    3.8969663799e+01   -1.3247385179e+02    9.2878848539e+00    2.0480000000e+03    4.7615144867e-03    6.2284342448e-01
        88   -5.8013583558e+01    3.3664216190e+03   -8.4149973567e+01    2.6136390009e+01    3.9182911182e+01   -1.3299091318e+02    9.6580284312e+00    2.0480000000e+03    4.7767197248e-03    6.2484537760e-01
        89   -5.7966621670e+01    3.3610060210e+03   -8.3849613841e+01    2.5882992170e+01    3.9009291675e+01   -1.3239138734e+02    9.5324818282e+00    2.0480000000e+03    4.7720235307e-03    6.2267252604e-01
        90   -5.8011444300e+01    3.3661726694e+03   -8.4325574613e+01    2.6314130313e+01    3.9146173017e+01   -1.3294112148e+02    9.4693738535e+00    2.0480000000e+03    4.7694826499e-03    6.2168782552e-01
        91   -5.7956879370e+01    3.3601105689e+03   -8.3874044769e+01    2.5917165399e+01    3.9053754188e+01   -1.3256270581e+02    9.6349068550e+00    2.0480000000e+03    4.7764014453e-03    6.2105305990e-01
        92   -5.7998299030e+01    3.3646523612e+03   -8.4234167661e+01    2.6235868632e+01    3.9156800966e+01   -1.3284648337e+02    9.4555147395e+00    2.0480000000e+03    4.7906748950e-03    6.2548828125e-01
        93   -5.7967443650e+01    3.3611145589e+03   -8.4546482768e+01    2.6579039118e+01    3.9226227543e+01   -1.3361472787e+02    9.8420175590e+00    2.0480000000e+03    4.7835237347e-03    6.2473958333e-01
        94   -5.7993895577e+01    3.3641346945e+03   -8.4883470853e+01    2.6889575277e+01    3.9182590599e+01   -1.3351970476e+02    9.4536433062e+00    2.0480000000e+03    4.7758149449e-03    6.2429199219e-01
        95   -5.7994094766e+01    3.3640472850e+03   -8.4165990013e+01    2.6171895246e+01    3.9036509679e+01   -1.3245868391e+02    9.2561842149e+00    2.0480000000e+03    4.7679138370e-03    6.2402343750e-01
        96   -5.7988105485e+01    3.3635484191e+03   -8.4200901024e+01    2.6212795538e+01    3.8947785440e+01   -1.3245201983e+02    9.3033333689e+00    2.0480000000e+03    4.7694516834e-03    6.2438964844e-01
        97   -5.7954926661e+01    3.3596549018e+03   -8.4073763160e+01    2.6118836499e+01    3.9003809070e+01   -1.3270973268e+02    9.6321604499e+00    2.0480000000e+03    4.7694444656e-03    6.2452799479e-01
        98   -5.7984812849e+01    3.3631023938e+03   -8.4447397797e+01    2.6462584947e+01    3.9104345103e+01   -1.3278447943e+02    9.2327365334e+00    2.0480000000e+03    4.7648837790e-03    6.2395019531e-01
        99   -5.7961922435e+01    3.3605219335e+03   -8.4276074287e+01    2.6314151852e+01    3.9141557541e+01   -1.3258734076e+02    9.1697089359e+00    2.0480000000e+03    4.7884660307e-03    6.2510579427e-01
       100   -5.7989052727e+01    3.3635146325e+03   -8.4236095352e+01    2.6247042625e+01    3.9263362246e+01   -1.3310900932e+02    9.6095517211e+00    2.0480000000e+03    4.7807423398e-03    6.2321777344e-01
       101   -5.8018114577e+01    3.3669656120e+03   -8.3997770944e+01    2.5979656366e+01    3.9082259434e+01   -1.3249525569e+02    9.4152253165e+00    2.0480000000e+03    4.7751334496e-03    6.2360839844e-01
       102   -5.8005662764e+01    3.3653831622e+03   -8.4228668055e+01    2.6223005291e+01    3.9022023277e+01   -1.3274626626e+02    9.4955749323e+00    2.0480000000e+03    4.7754442785e-03    6.2320149740e-01
       103   -5.7972063605e+01    3.3615353796e+03   -8.4295972032e+01    2.6323908427e+01    3.9079807122e+01   -1.3243073157e+02    9.0549524208e+00    2.0480000000e+03    4.7836976591e-03    6.2237955729e-01
       104   -5.8039990336e+01    3.3694161608e+03   -8.4638789907e+01    2.6598799571e+01    3.9109852997e+01   -1.3282617146e+02    9.0775285553e+00    2.0480000000e+03    4.7795365099e-03    6.2290039063e-01
       105   -5.7977935409e+01    3.3621989074e+03   -8.4302103697e+01    2.6324168288e+01    3.9049808101e+01   -1.3246753836e+02    9.1156265621e+00    2.0480000000e+03    4.7767541837e-03    6.2352701823e-01
       106   -5.7985091533e+01    3.3631359991e+03   -8.4577275917e+01    2.6592184384e+01    3.9049321855e+01   -1.3232145031e+02    8.6948525344e+00    2.0480000000e+03    4.7695389949e-03    6.2337239583e-01
       107   -5.7995100263e+01    3.3643617270e+03   -8.4108014920e+01    2.6112914658e+01    3.9132841521e+01   -1.3260522402e+02    9.3643675766e+00    2.0480000000e+03    4.7673643567e-03    6.2395833333e-01
       108   -5.7986532140e+01    3.3633591235e+03   -8.3948202598e+01    2.5961670457e+01    3.9162946261e+01   -1.3317822295e+02    1.0067074090e+01    2.0480000000e+03    4.7751232050e-03    6.2432454427e-01
       109   -5.7980664066e+01    3.3628048978e+03   -8.4241153192e+01    2.6260489125e+01    3.8988962789e+01   -1.3292309905e+02    9.6929830723e+00    2.0480000000e+03    4.7685639001e-03    6.2387695312e-01
       110   -5.7978755794e+01    3.3624130585e+03   -8.4382797680e+01    2.6404041886e+01    3.9082967443e+01   -1.3274476287e+02    9.2789977440e+00    2.0480000000e+03    4.7785213683e-03    6.2471516927e-01
       111   -5.7987258407e+01    3.3640258690e+03   -8.3961016539e+01    2.5973758132e+01    3.9033051533e+01   -1.3256294258e+02    9.5688745099e+00    2.0480000000e+03    4.7600662801e-03    6.2008463542e-01
       112   -5.8005845868e+01    3.3655363570e+03   -8.4117521704e+01    2.6111675836e+01    3.8916759498e+01   -1.3220542917e+02    9.1711479648e+00    2.0480000000e+03    4.7601342667e-03    6.2296549479e-01
       113   -5.8016060517e+01    3.3666323708e+03   -8.4134340865e+01    2.6118280348e+01    3.8811951373e+01   -1.3182120531e+02    8.8749130734e+00    2.0480000000e+03    4.7605074942e-03    6.2261555990e-01
       114   -5.7987682980e+01    3.3632763931e+03   -8.4346593560e+01    2.6358910580e+01    3.8899932162e+01   -1.3228283501e+02    9.0363092905e+00    2.0480000000e+03    4.7669806518e-03    6.2420247396e-01
       115   -5.7977945827e+01    3.3621746957e+03   -8.3913872729e+01    2.5935926902e+01    3.8768223130e+01   -1.3173386891e+02    9.0517730519e+00    2.0480000000e+03    4.7689394560e-03    6.2412109375e-01
       116   -5.7990180782e+01    3.3641791436e+03   -8.3654943767e+01    2.5664762985e+01    3.8881111575e+01   -1.3191133814e+02    9.3752828015e+00    2.0480000000e+03    4.7643892467e-03    6.2206217448e-01
       117   -5.7974994230e+01    3.3618834730e+03   -8.3991598343e+01    2.6016604113e+01    3.8877751062e+01   -1.3235988741e+02    9.4905380059e+00    2.0480000000e+03    4.7722160816e-03    6.2350260417e-01
       118   -5.7997809887e+01    3.3645775775e+03   -8.4256544417e+01    2.6258734530e+01    3.8808897216e+01   -1.3246448500e+02    9.3990433727e+00    2.0480000000e+03    4.7752447426e-03    6.2431640625e-01
       119   -5.7997393643e+01    3.3644947678e+03   -8.4078950421e+01    2.6081556779e+01    3.8930610017e+01   -1.3237497199e+02    9.3654115521e+00    2.0480000000e+03    4.7709122300e-03    6.2517089844e-01
       120   -5.7965482304e+01    3.3608676297e+03   -8.4123470338e+01    2.6157988034e+01    3.8952801007e+01   -1.3250043795e+02    9.4241666092e+00    2.0480000000e+03    4.7591922339e-03    6.2253417969e-01
       121   -5.7986425891e+01    3.3632732285e+03   -8.4467869029e+01    2.6481443138e+01    3.8960674593e+01   -1.3281282675e+02    9.3842831261e+00    2.0480000000e+03    4.7656029928e-03    6.2350260417e-01
       122   -5.7983422372e+01    3.3628310322e+03   -8.4556903098e+01    2.6573480726e+01    3.9144971749e+01   -1.3308207244e+02    9.3801975917e+00    2.0480000000e+03    4.7780498862e-03    6.2433268229e-01
       123   -5.8027538207e+01    3.3679118769e+03   -8.4396229702e+01    2.6368691495e+01    3.8925828469e+01   -1.3242545892e+02    9.1034007450e+00    2.0480000000e+03    4.7724924516e-03    6.2588704427e-01
       124   -5.8003876228e+01    3.3651527532e+03   -8.3842912644e+01    2.5839036416e+01    3.8856683798e+01   -1.3209840327e+02    9.3988068240e+00    2.0480000000e+03    4.7689222265e-03    6.2576497396e-01
       125   -5.7986235996e+01    3.3631570126e+03   -8.3962524209e+01    2.5976288213e+01    3.8955993780e+01   -1.3261766948e+02    9.6991514862e+00    2.0480000000e+03    4.7647287138e-03    6.2419433594e-01
       126   -5.7988670207e+01    3.3635755833e+03   -8.4013270487e+01    2.6024600280e+01    3.8983458853e+01   -1.3260676690e+02    9.6100375582e+00    2.0480000000e+03    4.7528285068e-03    6.2060546875e-01
       127   -5.7961856322e+01    3.3603703501e+03   -8.4266913305e+01    2.6305056983e+01    3.9018559645e+01   -1.3256080023e+02    9.2753272805e+00    2.0480000000e+03    4.7670742497e-03    6.2176106771e-01
       128   -5.7988895254e+01    3.3635092195e+03   -8.4079442623e+01    2.6090547369e+01    3.9022826253e+01   -1.3216429432e+02    9.0620254419e+00    2.0480000000e+03    4.7719678842e-03    6.2238769531e-01
       129   -5.7983127377e+01    3.3631075531e+03   -8.4452324671e+01    2.6469197294e+01    3.8934655429e+01   -1.3255231375e+02    9.1653336528e+00    2.0480000000e+03    4.7863551881e-03    6.2455240885e-01
       130   -5.8019820720e+01    3.3673891857e+03   -8.4504295483e+01    2.6484474763e+01    3.8885935878e+01   -1.3241497301e+02    9.0247416500e+00    2.0480000000e+03    4.7580499668e-03    6.2113444010e-01
       131   -5.7993358707e+01    3.3639597769e+03   -8.4333275808e+01    2.6339917101e+01    3.9052210345e+01   -1.3306394829e+02    9.6784621341e+00    2.0480000000e+03    4.7678591218e-03    6.2390950521e-01
       132   -5.7995157363e+01    3.3643532010e+03   -8.4258609965e+01    2.6263452602e+01    3.9109431532e+01   -1.3296268218e+02    9.5946406811e+00    2.0480000000e+03    4.7658570111e-03    6.2355143229e-01
       133   -5.7998321904e+01    3.3646685683e+03   -8.4226743304e+01    2.6228421400e+01    3.9074000428e+01   -1.3234013059e+02    9.0393868530e+00    2.0480000000e+03    4.7623615246e-03    6.2402343750e-01
       134   -5.7975680751e+01    3.3621174186e+03   -8.3985412001e+01    2.6009731250e+01    3.9050406840e+01   -1.3267056415e+02    9.6347453113e+00    2.0480000000e+03    4.7804717906e-03    6.2444661458e-01
       135   -5.8025536537e+01    3.3678316369e+03   -8.4596492972e+01    2.6570956436e+01    3.9233173261e+01   -1.3294451531e+02    9.1148490744e+00    2.0480000000e+03    4.7739706933e-03    6.2258300781e-01
       136   -5.7996824743e+01    3.3643029450e+03   -8.4027359823e+01    2.6030535080e+01    3.9126037119e+01   -1.3267035122e+02    9.5169542769e+00    2.0480000000e+03    4.7610171605e-03    6.2188313802e-01
       137   -5.7991270790e+01    3.3638825691e+03   -8.4147409008e+01    2.6156138218e+01    3.9257604694e+01   -1.3297684638e+02    9.5718326777e+00    2.0480000000e+03    4.7809991520e-03    6.2524414062e-01
       138   -5.7968438450e+01    3.3611487767e+03   -8.4374038516e+01    2.6405600066e+01    3.9052820173e+01   -1.3248614479e+02    9.0592860979e+00    2.0480000000e+03    4.7730638180e-03    6.2355957031e-01
       139   -5.7984577037e+01    3.3630439441e+03   -8.4045960813e+01    2.6061383776e+01    3.8976337735e+01   -1.3288390598e+02    9.8616074351e+00    2.0480000000e+03    4.7754577827e-03    6.2346191406e-01
       140   -5.7984842109e+01    3.3630742582e+03   -8.4705797405e+01    2.6720955295e+01    3.9234997822e+01   -1.3364465156e+02    9.7038563298e+00    2.0480000000e+03    4.7928695567e-03    6.2353515625e-01
       141   -5.8012527380e+01    3.3664905582e+03   -8.4464450125e+01    2.6451922745e+01    3.9022605646e+01   -1.3252743339e+02    9.0403776174e+00    2.0480000000e+03    4.7786079813e-03    6.2243652344e-01
       142   -5.8010048435e+01    3.3660209107e+03   -8.4354179217e+01    2.6344130781e+01    3.9004645476e+01   -1.3237007517e+02    9.0112504762e+00    2.0480000000e+03    4.7728938516e-03    6.2447916667e-01
       143   -5.8009396584e+01    3.3659606364e+03   -8.4411204133e+01    2.6401807549e+01    3.8946442650e+01   -1.3319464206e+02    9.8369952816e+00    2.0480000000e+03    4.7605740838e-03    6.2333984375e-01
       144   -5.7980671521e+01    3.3627258341e+03   -8.4337219541e+01    2.6356548020e+01    3.8969733214e+01   -1.3314073943e+02    9.8337866734e+00    2.0480000000e+03    4.7718663700e-03    6.2480468750e-01
       145   -5.8004751594e+01    3.3653852666e+03   -8.4027055145e+01    2.6022303551e+01    3.8950346633e+01   -1.3246516697e+02    9.4877651971e+00    2.0480000000e+03    4.7663301229e-03    6.2465820312e-01
       146   -5.8002943855e+01    3.3651045241e+03   -8.4379880302e+01    2.6376936447e+01    3.8954453648e+01   -1.3256228174e+02    9.2279477864e+00    2.0480000000e+03    4.7570269089e-03    6.2135416667e-01
       147   -5.7974273129e+01    3.3619172776e+03   -8.4425412421e+01    2.6451139292e+01    3.9076090644e+01   -1.3306230122e+02    9.5607981527e+00    2.0480000000e+03    4.7592895571e-03    6.2263997396e-01
       148   -5.7966107692e+01    3.3609194065e+03   -8.4462761476e+01    2.6496653784e+01    3.9247760505e+01   -1.3298288945e+02    9.2723674731e+00    2.0480000000e+03    4.7682072036e-03    6.2244466146e-01
       149   -5.8016425619e+01    3.3669723145e+03   -8.4357656996e+01    2.6341231377e+01    3.9221175734e+01   -1.3312389392e+02    9.5450611905e+00    2.0480000000e+03    4.7729897778e-03    6.2393391927e-01
       150   -5.8009027502e+01    3.3658069619e+03   -8.4521518377e+01    2.6512490875e+01    3.9119813661e+01   -1.3322197383e+02    9.5806417926e+00    2.0480000000e+03    4.7787961084e-03    6.2430826823e-01
       151   -5.8008140343e+01    3.3657902844e+03   -8.4001898592e+01    2.5993758248e+01    3.8957111051e+01   -1.3281780957e+02    9.8587999310e+00    2.0480000000e+03    4.7646313906e-03    6.2379557292e-01
       152   -5.8050734676e+01    3.3709561202e+03   -8.4487009057e+01    2.6436274381e+01    3.9097717353e+01   -1.3283069509e+02    9.2459686772e+00    2.0480000000e+03    4.7883216757e-03    6.2672526042e-01
       153   -5.8006036121e+01    3.3654606193e+03   -8.4260731328e+01    2.6254695207e+01    3.9036895290e+01   -1.3257233182e+02    9.2747052010e+00    2.0480000000e+03    4.7766137868e-03    6.2482096354e-01
       154   -5.8028649863e+01    3.3687944531e+03   -8.4464972142e+01    2.6436322279e+01    3.9043005322e+01   -1.3297412139e+02    9.4661439271e+00    2.0480000000e+03    4.7817113809e-03    6.2529296875e-01
       155   -5.8021978137e+01    3.3676230411e+03   -8.4260607012e+01    2.6238628875e+01    3.9119099356e+01   -1.3272314212e+02    9.3434357559e+00    2.0480000000e+03    4.7669566702e-03    6.2408854167e-01
       156   -5.8009951656e+01    3.3659547619e+03   -8.4438402857e+01    2.6428451201e+01    3.8998197707e+01   -1.3253155628e+02    9.0949557114e+00    2.0480000000e+03    4.7720428556e-03    6.2479654948e-01
       157   -5.8010800911e+01    3.3659603218e+03   -8.4323446299e+01    2.6312645389e+01    3.9020517250e+01   -1.3199659617e+02    8.6526326251e+00    2.0480000000e+03    4.7657748219e-03    6.2347005208e-01
       158   -5.8026793118e+01    3.3679524266e+03   -8.4302570032e+01    2.6275776914e+01    3.8989826952e+01   -1.3230893625e+02    9.0165392622e+00    2.0480000000e+03    4.7704661265e-03    6.2587076823e-01
       159   -5.7976051296e+01    3.3619799723e+03   -8.3893018801e+01    2.5916967505e+01    3.8959915719e+01   -1.3225397544e+02    9.4010409246e+00    2.0480000000e+03    4.7671745997e-03    6.2368164063e-01
       160   -5.7993415309e+01    3.3641911595e+03   -8.3985487925e+01    2.5992072616e+01    3.8951050565e+01   -1.3237521571e+02    9.4386772170e+00    2.0480000000e+03    4.7703960445e-03    6.2308756510e-01
       161   -5.7977333984e+01    3.3622048453e+03   -8.4057459531e+01    2.6080125547e+01    3.9003773364e+01   -1.3225070868e+02    9.1894757829e+00    2.0480000000e+03    4.7667948529e-03    6.2272135417e-01
       162   -5.7997350050e+01    3.3645208984e+03   -8.4165315374e+01    2.6167965324e+01    3.9007989192e+01   -1.3234116344e+02    9.1678588710e+00    2.0480000000e+03    4.7791013494e-03    6.2345377604e-01
       163   -5.8017718752e+01    3.3668552248e+03   -8.4632227861e+01    2.6614509110e+01    3.9225557815e+01   -1.3368046968e+02    9.8226840059e+00    2.0480000000e+03    4.7710638028e-03    6.2207031250e-01
       164   -5.7970563396e+01    3.3614277881e+03   -8.4448735938e+01    2.6478172542e+01    3.9146547411e+01   -1.3326530453e+02    9.6700211824e+00    2.0480000000e+03    4.7807395458e-03    6.2403157552e-01
       165   -5.8024490907e+01    3.3677235409e+03   -8.4713905678e+01    2.6689414771e+01    3.9220408099e+01   -1.3356563602e+02    9.6313222388e+00    2.0480000000e+03    4.7780591995e-03    6.2063802083e-01
       166   -5.8014270500e+01    3.3663533173e+03   -8.4396791247e+01    2.6382520747e+01    3.9164150387e+01   -1.3262975864e+02    9.0688170050e+00    2.0480000000e+03    4.7879449558e-03    6.2420247396e-01
       167   -5.7987130815e+01    3.3634417440e+03   -8.4031735303e+01    2.6044604489e+01    3.9035839644e+01   -1.3238697809e+02    9.3194031421e+00    2.0480000000e+03    4.7784792259e-03    6.2227376302e-01
       168   -5.8007149028e+01    3.3657064349e+03   -8.3716283465e+01    2.5709134437e+01    3.8846338220e+01   -1.3221130634e+02    9.6486846513e+00    2.0480000000e+03    4.7806000803e-03    6.2471516927e-01
       169   -5.8027093499e+01    3.3679245868e+03   -8.4055757112e+01    2.6028663613e+01    3.9015526841e+01   -1.3280825640e+02    9.7369724450e+00    2.0480000000e+03    4.7638264950e-03    6.2405598958e-01
       170   -5.8003028710e+01    3.3652664002e+03   -8.4253961714e+01    2.6250933004e+01    3.9105416292e+01   -1.3309997903e+02    9.7406010202e+00    2.0480000000e+03    4.7705981415e-03    6.2467447917e-01
       171   -5.8005947039e+01    3.3654605608e+03   -8.4035296643e+01    2.6029349604e+01    3.8937116312e+01   -1.3245515342e+02    9.4827404701e+00    2.0480000000e+03    4.7558024526e-03    6.2160644531e-01
       172   -5.8005505816e+01    3.3654106896e+03   -8.4359540675e+01    2.6354034859e+01    3.9019940052e+01   -1.3293298640e+02    9.5535056780e+00    2.0480000000e+03    4.7679028939e-03    6.2297363281e-01
       173   -5.7984783486e+01    3.3630439560e+03   -8.3942547097e+01    2.5957763610e+01    3.8943030055e+01   -1.3239495313e+02    9.5093759793e+00    2.0480000000e+03    4.7645792365e-03    6.2232259115e-01
       174   -5.7988617725e+01    3.3634767772e+03   -8.4526724052e+01    2.6538106327e+01    3.9141425120e+01   -1.3311085997e+02    9.4427107987e+00    2.0480000000e+03    4.7775907442e-03    6.2579752604e-01
       175   -5.7972135741e+01    3.3615570073e+03   -8.4062299326e+01    2.6090163585e+01    3.8968578263e+01   -1.3262062698e+02    9.5897493876e+00    2.0480000000e+03    4.7747162171e-03    6.2265625000e-01
       176   -5.7967399205e+01    3.3610421608e+03   -8.4344306530e+01    2.6376907324e+01    3.8981432528e+01   -1.3287598577e+02    9.5502467123e+00    2.0480000000e+03    4.7763353214e-03    6.2354329427e-01
       177   -5.7986912110e+01    3.3631639933e+03   -8.4595512798e+01    2.6608600688e+01    3.9167422671e+01   -1.3275040798e+02    8.9874725085e+00    2.0480000000e+03    4.7852981370e-03    6.2338867188e-01
       178   -5.7981102548e+01    3.3626729439e+03   -8.4158542814e+01    2.6177440266e+01    3.9181962837e+01   -1.3305774471e+02    9.7172390621e+00    2.0480000000e+03    4.7791765537e-03    6.2508951823e-01
       179   -5.8018129579e+01    3.3669632323e+03   -8.4108843504e+01    2.6090713925e+01    3.9183132885e+01   -1.3251062346e+02    9.2186470757e+00    2.0480000000e+03    4.7860767227e-03    6.2427571615e-01
       180   -5.7978650352e+01    3.3622525170e+03   -8.4211340086e+01    2.6232689734e+01    3.9043378592e+01   -1.3240840740e+02    9.1536887262e+00    2.0480000000e+03    4.7707953490e-03    6.2215169271e-01
       181   -5.8000140798e+01    3.3647218344e+03   -8.4466537330e+01    2.6466396532e+01    3.9119721914e+01   -1.3243055046e+02    8.8442912162e+00    2.0480000000e+03    4.7854080331e-03    6.2548828125e-01
       182   -5.7983342488e+01    3.3628502581e+03   -8.4373482715e+01    2.6390140227e+01    3.9166804339e+01   -1.3300928228e+02    9.4689952224e+00    2.0480000000e+03    4.7767609358e-03    6.2377929688e-01
       183   -5.8022742561e+01    3.3674511627e+03   -8.4402698501e+01    2.6379955940e+01    3.9155202809e+01   -1.3275446281e+02    9.1965614966e+00    2.0480000000e+03    4.7790207900e-03    6.2594401042e-01
       184   -5.7976614540e+01    3.3621373400e+03   -8.4244980882e+01    2.6268366342e+01    3.9154395728e+01   -1.3329933236e+02    9.8999557452e+00    2.0480000000e+03    4.7639585100e-03    6.2141927083e-01
       185   -5.7987744839e+01    3.3634807440e+03   -8.4027604559e+01    2.6039859720e+01    3.9093588486e+01   -1.3270421829e+02    9.5830252404e+00    2.0480000000e+03    4.7889605630e-03    6.2666829427e-01
       186   -5.7986765305e+01    3.3632445871e+03   -8.4274991098e+01    2.6288225793e+01    3.9092499772e+01   -1.3280452330e+02    9.4370324308e+00    2.0480000000e+03    4.7869100235e-03    6.2628580729e-01
       187   -5.8004009123e+01    3.3652061973e+03   -8.4496788113e+01    2.6492778990e+01    3.9143246758e+01   -1.3283883724e+02    9.1988023700e+00    2.0480000000e+03    4.7749895602e-03    6.2335611979e-01
       188   -5.7982282393e+01    3.3626960760e+03   -8.4694186464e+01    2.6711904071e+01    3.9224284795e+01   -1.3298619807e+02    9.0677268074e+00    2.0480000000e+03    4.7903747763e-03    6.2557779948e-01
       189   -5.8019591245e+01    3.3669997380e+03   -8.4213237839e+01    2.6193646595e+01    3.9048258146e+01   -1.3243924220e+02    9.1777462109e+00    2.0480000000e+03    4.7791539691e-03    6.2456054687e-01
       190   -5.7962966687e+01    3.3603654569e+03   -8.4337322916e+01    2.6374356228e+01    3.8984200384e+01   -1.3251829675e+02    9.1967734482e+00    2.0480000000e+03    4.7826583032e-03    6.2546386719e-01
       191   -5.7984046004e+01    3.3629838832e+03   -8.3858111783e+01    2.5874065779e+01    3.8937408278e+01   -1.3234893718e+02    9.5534171200e+00    2.0480000000e+03    4.7805232462e-03    6.2431640625e-01
       192   -5.7976154835e+01    3.3619810651e+03   -8.4141255448e+01    2.6165100613e+01    3.9041117347e+01   -1.3210152476e+02    8.9191519630e+00    2.0480000000e+03    4.7862851061e-03    6.2472330729e-01
       193   -5.7994062232e+01    3.3641525432e+03   -8.4514609325e+01    2.6520547094e+01    3.9219752118e+01   -1.3290284450e+02    9.1684830581e+00    2.0480000000e+03    4.7788589727e-03    6.2305501302e-01
       194   -5.7993053466e+01    3.3640103894e+03   -8.4113902595e+01    2.6120849129e+01    3.9180989941e+01   -1.3287554393e+02    9.5806513984e+00    2.0480000000e+03    4.7760191374e-03    6.2409667969e-01
       195   -5.7970118547e+01    3.3613988373e+03   -8.4295169957e+01    2.6325051410e+01    3.9110469600e+01   -1.3314785732e+02    9.7422177655e+00    2.0480000000e+03    4.7652169596e-03    6.2289225260e-01
       196   -5.7971289659e+01    3.3614431504e+03   -8.4593042454e+01    2.6621752795e+01    3.9181044393e+01   -1.3322732971e+02    9.4532428598e+00    2.0480000000e+03    4.7681247815e-03    6.2284342448e-01
       197   -5.7997924140e+01    3.3646420837e+03   -8.3993453341e+01    2.5995529201e+01    3.9167342891e+01   -1.3274226132e+02    9.5814650869e+00    2.0480000000e+03    4.7830324620e-03    6.2583821615e-01
       198   -5.8018906318e+01    3.3671168660e+03   -8.4046806856e+01    2.6027900538e+01    3.8888623255e+01   -1.3204887774e+02    9.1134476255e+00    2.0480000000e+03    4.7711448278e-03    6.2371419271e-01
       199   -5.8015498272e+01    3.3666207844e+03   -8.3736339780e+01    2.5720841508e+01    3.8945160449e+01   -1.3193952437e+02    9.2580241397e+00    2.0480000000e+03    4.7683021985e-03    6.2512207031e-01
       200   -5.7974270425e+01    3.3618789670e+03   -8.4159577582e+01    2.6185307157e+01    3.8983973415e+01   -1.3239925956e+02    9.2557085597e+00    2.0480000000e+03    4.7567300498e-03    6.2205403646e-01
       201   -5.8037444841e+01    3.3692421183e+03   -8.4715354302e+01    2.6677909460e+01    3.9043908233e+01   -1.3304923276e+02    9.2899702268e+00    2.0480000000e+03    4.7595899086e-03    6.2298177083e-01
       202   -5.8016731407e+01    3.3666811347e+03   -8.4227420172e+01    2.6210688765e+01    3.8977508859e+01   -1.3262312636e+02    9.4181973247e+00    2.0480000000e+03    4.7627019230e-03    6.2259928385e-01
       203   -5.7994103126e+01    3.3642206927e+03   -8.4180004237e+01    2.6185901111e+01    3.9106914515e+01   -1.3274637614e+02    9.4594573896e+00    2.0480000000e+03    4.7690349165e-03    6.2319335937e-01
       204   -5.7966831674e+01    3.3615280790e+03   -8.4234355014e+01    2.6267523340e+01    3.8917339867e+01   -1.3252439845e+02    9.3727035726e+00    2.0480000000e+03    4.7548823059e-03    6.2095540365e-01
       205   -5.8008298729e+01    3.3656264752e+03   -8.3700962165e+01    2.5692663437e+01    3.8788863997e+01   -1.3193009501e+02    9.4402688486e+00    2.0480000000e+03    4.7559817322e-03    6.2174479167e-01
       206   -5.8028667913e+01    3.3682413029e+03   -8.4014309657e+01    2.5985641744e+01    3.9000463850e+01   -1.3255975404e+02    9.5449805300e+00    2.0480000000e+03    4.7664097510e-03    6.2184244792e-01
       207   -5.8023246791e+01    3.3675794130e+03   -8.4228508173e+01    2.6205261382e+01    3.9071160394e+01   -1.3291357843e+02    9.6139098586e+00    2.0480000000e+03    4.7717830166e-03    6.2290039063e-01
       208   -5.7985803980e+01    3.3633751282e+03   -8.4461914862e+01    2.6476110882e+01    3.9206296233e+01   -1.3309575060e+02    9.4275395026e+00    2.0480000000e+03    4.7697224654e-03    6.2204589844e-01
       209   -5.7981182696e+01    3.3627997175e+03   -8.4106490494e+01    2.6125307798e+01    3.8999214199e+01   -1.3250286520e+02    9.3971605091e+00    2.0480000000e+03    4.7748731449e-03    6.2399902344e-01
       210   -5.7992711036e+01    3.3639207673e+03   -8.4339984663e+01    2.6347273627e+01    3.8978793286e+01   -1.3212803809e+02    8.8092601434e+00    2.0480000000e+03    4.7828471288e-03    6.2449544271e-01
       211   -5.8010127305e+01    3.3661115216e+03   -8.4392444288e+01    2.6382316983e+01    3.8882280161e+01   -1.3244688071e+02    9.1721562623e+00    2.0480000000e+03    4.7812040430e-03    6.2345377604e-01
       212   -5.8014604205e+01    3.3665933499e+03   -8.4802282311e+01    2.6787678107e+01    3.9327515515e+01   -1.3321825307e+02    9.0884552476e+00    2.0480000000e+03    4.7800738830e-03    6.2346191406e-01
       213   -5.7970255623e+01    3.3612383511e+03   -8.4541435043e+01    2.6571179420e+01    3.9294492452e+01   -1.3329868518e+02    9.4627576833e+00    2.0480000000e+03    4.7637331299e-03    6.2130533854e-01
       214   -5.7996760383e+01    3.3644643866e+03   -8.4591316400e+01    2.6594556017e+01    3.9114538018e+01   -1.3279610354e+02    9.0902491228e+00    2.0480000000e+03    4.7748226207e-03    6.2393391927e-01
       215   -5.8016975563e+01    3.3668420546e+03   -8.4543078936e+01    2.6526103373e+01    3.9216098273e+01   -1.3264034017e+02    8.8811629619e+00    2.0480000000e+03    4.7845891677e-03    6.2571614583e-01
       216   -5.8007535790e+01    3.3656170794e+03   -8.4590167532e+01    2.6582631742e+01    3.9113907958e+01   -1.3269660487e+02    8.9925293790e+00    2.0480000000e+03    4.7689375933e-03    6.2142740885e-01
       217   -5.7975091136e+01    3.3619106404e+03   -8.4049916239e+01    2.6074825103e+01    3.9222448155e+01   -1.3243545566e+02    9.1630912634e+00    2.0480000000e+03    4.7750121448e-03    6.2316080729e-01
       218   -5.7968623031e+01    3.3613850691e+03   -8.4236237518e+01    2.6267614486e+01    3.9108762277e+01   -1.3261443535e+02    9.2694355602e+00    2.0480000000e+03    4.7884455416e-03    6.2505696615e-01
       219   -5.7973059990e+01    3.3616503195e+03   -8.4127948653e+01    2.6154888664e+01    3.8881515425e+01   -1.3257402534e+02    9.5645612581e+00    2.0480000000e+03    4.7707159538e-03    6.2528483073e-01
       220   -5.8030638083e+01    3.3683461724e+03   -8.4357019335e+01    2.6326381252e+01    3.9051605018e+01   -1.3255906842e+02    9.1504440649e+00    2.0480000000e+03    4.7831691336e-03    6.2519531250e-01
       221   -5.8019594097e+01    3.3670046465e+03   -8.3976862184e+01    2.5957268087e+01    3.9024138516e+01   -1.3260367902e+02    9.6026783182e+00    2.0480000000e+03    4.7823078930e-03    6.2249348958e-01
       222   -5.7997338302e+01    3.3645250209e+03   -8.4302804087e+01    2.6305465785e+01    3.9102122385e+01   -1.3292659176e+02    9.5216652892e+00    2.0480000000e+03    4.7733413521e-03    6.2306315104e-01
       223   -5.7970821849e+01    3.3614745437e+03   -8.4354279017e+01    2.6383457168e+01    3.9081918615e+01   -1.3265158218e+02    9.2153845478e+00    2.0480000000e+03    4.7816585284e-03    6.2498372396e-01
       224   -5.7973837642e+01    3.3617133883e+03   -8.4179258405e+01    2.6205420763e+01    3.8895049652e+01   -1.3219074002e+02    9.1164319586e+00    2.0480000000e+03    4.7710726503e-03    6.2322591146e-01
       225   -5.7996107492e+01    3.3644193545e+03   -8.4339993091e+01    2.6343885599e+01    3.9151535659e+01   -1.3281611786e+02    9.3245891101e+00    2.0480000000e+03    4.7854084987e-03    6.2383626302e-01
       226   -5.8019089156e+01    3.3670899943e+03   -8.4022131990e+01    2.6003042834e+01    3.8974657366e+01   -1.3264607585e+02    9.6492864921e+00    2.0480000000e+03    4.7680523712e-03    6.2369791667e-01
       227   -5.8023814841e+01    3.3676377826e+03   -8.4123973865e+01    2.6100159024e+01    3.8997797228e+01   -1.3276801096e+02    9.6462398649e+00    2.0480000000e+03    4.7830031253e-03    6.2438151042e-01
       228   -5.7974885737e+01    3.3619326889e+03   -8.4376245983e+01    2.6401360246e+01    3.8875776206e+01   -1.3258799220e+02    9.3359700075e+00    2.0480000000e+03    4.7809737734e-03    6.2586263021e-01
       229   -5.8010295975e+01    3.3660731416e+03   -8.4249085107e+01    2.6238789132e+01    3.8901462052e+01   -1.3253838219e+02    9.3878350356e+00    2.0480000000e+03    4.7818878666e-03    6.2506510417e-01
       230   -5.7989530802e+01    3.3638062644e+03   -8.4135240704e+01    2.6145709902e+01    3.8820938090e+01   -1.3217788086e+02    9.2217020670e+00    2.0480000000e+03    4.7675352544e-03    6.2333984375e-01
       231   -5.7958552190e+01    3.3600836302e+03   -8.4032578330e+01    2.6074026140e+01    3.8817057325e+01   -1.3191359186e+02    9.0639562075e+00    2.0480000000e+03    4.7625452280e-03    6.2339680990e-01
       232   -5.7981865720e+01    3.3627716294e+03   -8.4012508680e+01    2.6030642961e+01    3.8879473248e+01   -1.3197885513e+02    9.0868732055e+00    2.0480000000e+03    4.7705464531e-03    6.2499186198e-01
       233   -5.8013315721e+01    3.3663527960e+03   -8.4361547789e+01    2.6348232068e+01    3.8884033953e+01   -1.3287766851e+02    9.6320867667e+00    2.0480000000e+03    4.7497781925e-03    6.2089843750e-01
       234   -5.7968019302e+01    3.3614316688e+03   -8.4793501460e+01    2.6825482159e+01    3.9186345440e+01   -1.3350621439e+02    9.5263674883e+00    2.0480000000e+03    4.7696782276e-03    6.2143554688e-01
       235   -5.7970729048e+01    3.3613927017e+03   -8.4447190882e+01    2.6476461834e+01    3.9017490028e+01   -1.3318952399e+02    9.7248430801e+00    2.0480000000e+03    4.7704030294e-03    6.2381998698e-01
       236   -5.7975911920e+01    3.3620358167e+03   -8.4299763763e+01    2.6323851843e+01    3.8933759067e+01   -1.3236027365e+02    9.1267508207e+00    2.0480000000e+03    4.7657475807e-03    6.2382812500e-01
       237   -5.7984660224e+01    3.3630670033e+03   -8.3903488551e+01    2.5918828328e+01    3.8757484209e+01   -1.3167249165e+02    9.0115188911e+00    2.0480000000e+03    4.7643750440e-03    6.2377929688e-01
       238   -5.7999565998e+01    3.3646647112e+03   -8.4139071389e+01    2.6139505391e+01    3.8821776299e+01   -1.3201512548e+02    9.0542777954e+00    2.0480000000e+03    4.7675273381e-03    6.2363281250e-01
       239   -5.7979502999e+01    3.3625541646e+03   -8.4605297990e+01    2.6625794990e+01    3.9041248723e+01   -1.3252593321e+02    8.8793864918e+00    2.0480000000e+03    4.7657694668e-03    6.2253417969e-01
       240   -5.8045248157e+01    3.3700740833e+03   -8.4574103089e+01    2.6528854932e+01    3.9059164524e+01   -1.3253493795e+02    8.9016703409e+00    2.0480000000e+03    4.7757991124e-03    6.2310384115e-01
       241   -5.7985623836e+01    3.3631679931e+03   -8.4430139488e+01    2.6444515652e+01    3.9133296299e+01   -1.3299523846e+02    9.4318026690e+00    2.0480000000e+03    4.7755578998e-03    6.2440592448e-01
       242   -5.8004176563e+01    3.3652435035e+03   -8.4054652681e+01    2.6050476118e+01    3.8964168777e+01   -1.3252821350e+02    9.5093920399e+00    2.0480000000e+03    4.7801926266e-03    6.2428385417e-01
       243   -5.7998821151e+01    3.3646309231e+03   -8.4225398729e+01    2.6226577578e+01    3.9047360956e+01   -1.3238073172e+02    9.1079720326e+00    2.0480000000e+03    4.7759262379e-03    6.2418619792e-01
       244   -5.8002024146e+01    3.3649651110e+03   -8.4562174434e+01    2.6560150288e+01    3.9068809359e+01   -1.3258559169e+02    8.9546078983e+00    2.0480000000e+03    4.7879782505e-03    6.2431640625e-01
       245   -5.7986236759e+01    3.3631950242e+03   -8.4293449318e+01    2.6307212559e+01    3.9191885871e+01   -1.3312766564e+02    9.6423304544e+00    2.0480000000e+03    4.7836182639e-03    6.2406412760e-01
       246   -5.8026583872e+01    3.3678680405e+03   -8.4649848568e+01    2.6623264696e+01    3.9172785691e+01   -1.3326492262e+02    9.4422883584e+00    2.0480000000e+03    4.7687753104e-03    6.2241210937e-01
       247   -5.8017769752e+01    3.3668089197e+03   -8.4473616736e+01    2.6455846984e+01    3.9231309786e+01   -1.3315434778e+02    9.4494212620e+00    2.0480000000e+03    4.7793474514e-03    6.2320963542e-01
       248   -5.8017563884e+01    3.3668468654e+03   -8.4745092751e+01    2.6727528868e+01    3.9304797869e+01   -1.3355473074e+02    9.5048401192e+00    2.0480000000e+03    4.7762135509e-03    6.2168782552e-01
       249   -5.7981150751e+01    3.3626636501e+03   -8.4740358691e+01    2.6759207939e+01    3.9208275525e+01   -1.3288863686e+02    8.9400026463e+00    2.0480000000e+03    4.7900201753e-03    6.2355143229e-01
       250   -5.8037291484e+01    3.3690620320e+03   -8.4091228965e+01    2.6053937481e+01    3.8996956934e+01   -1.3244526514e+02    9.3570792387e+00    2.0480000000e+03    4.7718817368e-03    6.2255859375e-01
       251   -5.7987556019e+01    3.3635343751e+03   -8.4148819985e+01    2.6161263967e+01    3.8887139833e+01   -1.3199990670e+02    8.9639468834e+00    2.0480000000e+03    4.7751481179e-03    6.2446289063e-01
       252   -5.7978333416e+01    3.3624715105e+03   -8.3931344862e+01    2.5953011446e+01    3.8949819875e+01   -1.3221373594e+02    9.3325712061e+00    2.0480000000e+03    4.7821432818e-03    6.2452799479e-01
       253   -5.7979533242e+01    3.3624217254e+03   -8.3913245179e+01    2.5933711937e+01    3.8949568867e+01   -1.3194685177e+02    9.0840377264e+00    2.0480000000e+03    4.7638989054e-03    6.2150065104e-01
       254   -5.8004884140e+01    3.3652692211e+03   -8.4183107093e+01    2.6178222953e+01    3.8899027412e+01   -1.3214975305e+02    9.0676185446e+00    2.0480000000e+03    4.7670095228e-03    6.2348632813e-01
       255   -5.7982391902e+01    3.3628268706e+03   -8.4339436824e+01    2.6357044922e+01    3.8959188450e+01   -1.3286267002e+02    9.5640447459e+00    2.0480000000e+03    4.7652644571e-03    6.2213541667e-01
       256   -5.8005897702e+01    3.3655439871e+03   -8.4512980015e+01    2.6507082313e+01    3.9124953478e+01   -1.3257978737e+02    8.9418538817e+00    2.0480000000e+03    4.7655135859e-03    6.2266438802e-01
       257   -5.8040546417e+01    3.3694458534e+03   -8.3965171825e+01    2.5924625408e+01    3.8975524404e+01   -1.3232367016e+02    9.3829739339e+00    2.0480000000e+03    4.7664984595e-03    6.2400716146e-01
       258   -5.7981197841e+01    3.3626059421e+03   -8.4515086604e+01    2.6533888763e+01    3.9023745008e+01   -1.3295074085e+02    9.4119092407e+00    2.0480000000e+03    4.7637938987e-03    6.2306315104e-01
       259   -5.7965199538e+01    3.3609422071e+03   -8.4175925652e+01    2.6210726115e+01    3.8964286973e+01   -1.3257424137e+02    9.4340287414e+00    2.0480000000e+03    4.7567060683e-03    6.2264811198e-01
       260   -5.7998394491e+01    3.3647246483e+03   -8.3967364515e+01    2.5968970024e+01    3.8877020446e+01   -1.3222181691e+02    9.3774319523e+00    2.0480000000e+03    4.7517197672e-03    6.2093098958e-01
       261   -5.7997355861e+01    3.3645695417e+03   -8.4686387490e+01    2.6689031629e+01    3.9136949793e+01   -1.3335489481e+02    9.5315575242e+00    2.0480000000e+03    4.7672034707e-03    6.2364095052e-01
       262   -5.7983084029e+01    3.3629039926e+03   -8.4006245483e+01    2.6023161455e+01    3.8914859614e+01   -1.3242116123e+02    9.5000561307e+00    2.0480000000e+03    4.8027336597e-03    6.2272949219e-01
       263   -5.7938696834e+01    3.3576545240e+03   -8.4400208410e+01    2.6461511576e+01    3.8910306656e+01   -1.3245817657e+02    9.1476615077e+00    2.0480000000e+03    4.9532083794e-03    6.2582194010e-01
       264   -5.7998542780e+01    3.3647823636e+03   -8.4356731693e+01    2.6358188913e+01    3.8853029041e+01   -1.3275163223e+02    9.5418714961e+00    2.0480000000e+03    4.8279871698e-03    6.2412923177e-01
       265   -5.8002271920e+01    3.3650437076e+03   -8.4150703655e+01    2.6148431735e+01    3.8975869453e+01   -1.3226531205e+02    9.1387389375e+00    2.0480000000e+03    4.7910837457e-03    6.2413736979e-01
       266   -5.7955651052e+01    3.3597424891e+03   -8.4162005309e+01    2.6206354257e+01    3.9155576287e+01   -1.3286602309e+02    9.5484414934e+00    2.0480000000e+03    4.7687750775e-03    6.2041015625e-01
       267   -5.8000999364e+01    3.3649561837e+03   -8.4276053692e+01    2.6275054328e+01    3.9015962989e+01   -1.3278113154e+02    9.4891148626e+00    2.0480000000e+03    4.7776699066e-03    6.2320963542e-01
       268   -5.7966329251e+01    3.3609423246e+03   -8.4656517148e+01    2.6690187897e+01    3.9130353290e+01   -1.3321680993e+02    9.4299394951e+00    2.0480000000e+03    4.7755294945e-03    6.2438151042e-01
       269   -5.8018144636e+01    3.3668270555e+03   -8.4253754131e+01    2.6235609495e+01    3.9064253166e+01   -1.3292084082e+02    9.6028335259e+00    2.0480000000e+03    4.7742119059e-03    6.2430826823e-01
       270   -5.8009362392e+01    3.3658804020e+03   -8.4080715706e+01    2.6071353314e+01    3.8967049491e+01   -1.3242002028e+02    9.3722550844e+00    2.0480000000e+03    4.7636602540e-03    6.2403971354e-01
       271   -5.7983251175e+01    3.3630896526e+03   -8.4215184232e+01    2.6231933058e+01    3.9120975049e+01   -1.3275420771e+02    9.4180484276e+00    2.0480000000e+03    4.7621359117e-03    6.2195638021e-01
       272   -5.7957573295e+01    3.3599984593e+03   -8.4182550981e+01    2.6224977686e+01    3.8964657328e+01   -1.3269604040e+02    9.5488320885e+00    2.0480000000e+03    4.7644854058e-03    6.2338053385e-01
       273   -5.8008250037e+01    3.3657120033e+03   -8.4158536636e+01    2.6150286599e+01    3.9015483483e+01   -1.3241610116e+02    9.2420810379e+00    2.0480000000e+03    4.7813346609e-03    6.2724609375e-01
       274   -5.7986700643e+01    3.3633567501e+03   -8.4342121617e+01    2.6355420974e+01    3.9146089658e+01   -1.3259884984e+02    9.1106385676e+00    2.0480000000e+03    4.7714556567e-03    6.2213541667e-01
       275   -5.7978415346e+01    3.3624752426e+03   -8.4370264864e+01    2.6391849518e+01    3.9110681955e+01   -1.3338893044e+02    9.9079836231e+00    2.0480000000e+03    4.7832676210e-03    6.2242024740e-01
       276   -5.7945078582e+01    3.3586001790e+03   -8.4228867763e+01    2.6283789181e+01    3.9225162692e+01   -1.3311470526e+02    9.6606748021e+00    2.0480000000e+03    4.7747849021e-03    6.2271321615e-01
       277   -5.7976665022e+01    3.3620351217e+03   -8.4683769799e+01    2.6707104777e+01    3.9164422925e+01   -1.3341188768e+02    9.5636949548e+00    2.0480000000e+03    4.7731413506e-03    6.2141927083e-01
       278   -5.7952288629e+01    3.3593657350e+03   -8.4332284143e+01    2.6379995514e+01    3.9074485887e+01   -1.3294677111e+02    9.5400010810e+00    2.0480000000e+03    4.7852268908e-03    6.2473144531e-01
       279   -5.7987588464e+01    3.3633193092e+03   -8.4004546506e+01    2.6016958042e+01    3.8892711938e+01   -1.3233244854e+02    9.4351900916e+00    2.0480000000e+03    4.7767064534e-03    6.2411295573e-01
       280   -5.8000211041e+01    3.3649569422e+03   -8.4078599121e+01    2.6078388080e+01    3.8857181172e+01   -1.3202837232e+02    9.0925920230e+00    2.0480000000e+03    4.7687923070e-03    6.2250976563e-01
       281   -5.7988801721e+01    3.3634484936e+03   -8.4560836409e+01    2.6572034688e+01    3.9072178461e+01   -1.3260883788e+02    8.9758230075e+00    2.0480000000e+03    4.7614064533e-03    6.2193196615e-01
       282   -5.8012997508e+01    3.3663321682e+03   -8.4226283697e+01    2.6213286189e+01    3.8963727322e+01   -1.3224525133e+02    9.0552403150e+00    2.0480000000e+03    4.7678120900e-03    6.2262369792e-01
       283   -5.8013169175e+01    3.3662765798e+03   -8.4308847266e+01    2.6295678090e+01    3.9012766929e+01   -1.3282475725e+02    9.5031430583e+00    2.0480000000e+03    4.7642299905e-03    6.2368164062e-01
       284   -5.7983769713e+01    3.3636765573e+03   -8.4505454927e+01    2.6521685213e+01    3.9009084215e+01   -1.3270265245e+02    9.1881133033e+00    2.0480000000e+03    4.7588197049e-03    6.2234700521e-01
       285   -5.8033539163e+01    3.3686494877e+03   -8.4520034706e+01    2.6486495543e+01    3.9066162684e+01   -1.3317354938e+02    9.5873519865e+00    2.0480000000e+03    4.7678914852e-03    6.2339680990e-01
       286   -5.8006452941e+01    3.3655239945e+03   -8.4157918835e+01    2.6151465894e+01    3.8965303084e+01   -1.3249314935e+02    9.3699274286e+00    2.0480000000e+03    4.7653145157e-03    6.2525227865e-01
       287   -5.8022291143e+01    3.3674930939e+03   -8.4117395606e+01    2.6095104463e+01    3.8753781007e+01   -1.3208287827e+02    9.2117016624e+00    2.0480000000e+03    4.7538026702e-03    6.2535807292e-01
       288   -5.7995753176e+01    3.3642418057e+03   -8.4190222288e+01    2.6194469112e+01    3.8795720794e+01   -1.3222835514e+02    9.2424120535e+00    2.0480000000e+03    4.7556094360e-03    6.2352701823e-01
       289   -5.8018776594e+01    3.3670580325e+03   -8.4297314941e+01    2.6278538347e+01    3.8866392974e+01   -1.3260686626e+02    9.4431583444e+00    2.0480000000e+03    4.7577160876e-03    6.2396647135e-01
       290   -5.7962792502e+01    3.3605662425e+03   -8.4282828434e+01    2.6320035932e+01    3.8873372866e+01   -1.3238336341e+02    9.2271621125e+00    2.0480000000e+03    4.7576015349e-03    6.2453613281e-01
       291   -5.7979207974e+01    3.3624782924e+03   -8.4036360980e+01    2.6057153006e+01    3.8874777722e+01   -1.3242139571e+02    9.5102570060e+00    2.0480000000e+03    4.7443800140e-03    6.2226562500e-01
       292   -5.8024061162e+01    3.3674937459e+03   -8.4064427764e+01    2.6040366602e+01    3.8943123368e+01   -1.3269808644e+02    9.6905353038e+00    2.0480000000e+03    4.7602613922e-03    6.2637532552e-01
       293   -5.7976372452e+01    3.3621182137e+03   -8.4049727982e+01    2.6073355529e+01    3.8942146491e+01   -1.3282922561e+02    9.8373511359e+00    2.0480000000e+03    4.7585230786e-03    6.2506510417e-01
       294   -5.7994386668e+01    3.3641061599e+03   -8.4295531174e+01    2.6301144506e+01    3.8990723815e+01   -1.3226254920e+02    8.9762942128e+00    2.0480000000e+03    4.7639356926e-03    6.2439778646e-01
       295   -5.8004228050e+01    3.3654007677e+03   -8.4066058063e+01    2.6061830013e+01    3.9097096851e+01   -1.3273360812e+02    9.5704532017e+00    2.0480000000e+03    4.7675480600e-03    6.2406412760e-01
       296   -5.7978145866e+01    3.3623044333e+03   -8.3951864315e+01    2.5973718449e+01    3.9090290860e+01   -1.3272585697e+02    9.6837017936e+00    2.0480000000e+03    4.7665277962e-03    6.2496744792e-01
       297   -5.7992201759e+01    3.3638143910e+03   -8.4360105584e+01    2.6367903825e+01    3.8971126439e+01   -1.3265610361e+02    9.3248715827e+00    2.0480000000e+03    4.7706728801e-03    6.2316894531e-01
       298   -5.8002073608e+01    3.3649995195e+03   -8.4702625234e+01    2.6700551626e+01    3.9187888737e+01   -1.3288711534e+02    8.9966013747e+00    2.0480000000e+03    4.7614604700e-03    6.2342936198e-01
       299   -5.8001698513e+01    3.3649916914e+03   -8.3574107744e+01    2.5572409230e+01    3.8898653712e+01   -1.3181209063e+02    9.3393291706e+00    2.0480000000e+03    4.7594634816e-03    6.2255045573e-01
       300   -5.7977366558e+01    3.3622137428e+03   -8.4330100912e+01    2.6352734355e+01    3.8995115810e+01   -1.3223175342e+02    8.9065366933e+00    2.0480000000e+03    4.7677271068e-03    6.2242838542e-01
       301   -5.8000415370e+01    3.3648608419e+03   -8.4133199893e+01    2.6132784523e+01    3.9030776882e+01   -1.3247871864e+02    9.3147418611e+00    2.0480000000e+03    4.7639731783e-03    6.2185872396e-01
       302   -5.8035846302e+01    3.3692688809e+03   -8.3834406501e+01    2.5798560199e+01    3.8957858410e+01   -1.3207048969e+02    9.2782247791e+00    2.0480000000e+03    4.7756861895e-03    6.2539062500e-01
       303   -5.8001945615e+01    3.3650198122e+03   -8.4180991988e+01    2.6179046373e+01    3.9027996205e+01   -1.3255538972e+02    9.3464015283e+00    2.0480000000e+03    4.7561936080e-03    6.2201334635e-01
       304   -5.8006821909e+01    3.3659304444e+03   -8.3596091480e+01    2.5589269571e+01    3.9050451108e+01   -1.3288104667e+02    1.0234504081e+01    2.0480000000e+03    4.7683587763e-03    6.2433268229e-01
       305   -5.7986951477e+01    3.3632717654e+03   -8.4310369342e+01    2.6323417865e+01    3.8992369634e+01   -1.3288044567e+02    9.5777066950e+00    2.0480000000e+03    4.7717590351e-03    6.2396647135e-01
       306   -5.7987387894e+01    3.3633762285e+03   -8.4497183141e+01    2.6509795248e+01    3.9148221864e+01   -1.3249580659e+02    8.8504015848e+00    2.0480000000e+03    4.7693282831e-03    6.2245279948e-01
       307   -5.8013519542e+01    3.3664500505e+03   -8.4168964510e+01    2.6155444968e+01    3.8978172837e+01   -1.3242947698e+02    9.2823396358e+00    2.0480000000e+03    4.7763136681e-03    6.2583007813e-01
       308   -5.8003085763e+01    3.3652958196e+03   -8.4350913937e+01    2.6347828174e+01    3.9105848185e+01   -1.3303831056e+02    9.5815484328e+00    2.0480000000e+03    4.7726454213e-03    6.2342936198e-01
       309   -5.8030331992e+01    3.3684881334e+03   -8.4242465529e+01    2.6212133537e+01    3.9127373707e+01   -1.3303145004e+02    9.6616108055e+00    2.0480000000e+03    4.7817307059e-03    6.2415364583e-01
       310   -5.8000315143e+01    3.3650505870e+03   -8.4411182848e+01    2.6410867705e+01    3.9115151909e+01   -1.3294213407e+02    9.4157993164e+00    2.0480000000e+03    4.7681073193e-03    6.2216796875e-01
       311   -5.7969776510e+01    3.3612655161e+03   -8.4534667100e+01    2.6564890590e+01    3.8935119894e+01   -1.3267976125e+02    9.2099742601e+00    2.0480000000e+03    4.7614460345e-03    6.2110188802e-01
       312   -5.7989984775e+01    3.3643094020e+03   -8.4265786946e+01    2.6275802171e+01    3.9138823929e+01   -1.3276515657e+02    9.3605456937e+00    2.0480000000e+03    4.7646167222e-03    6.2367350260e-01
       313   -5.8030992621e+01    3.3685330017e+03   -8.4190709202e+01    2.6159716580e+01    3.9071458029e+01   -1.3313489106e+02    9.8727238302e+00    2.0480000000e+03    4.7668155748e-03    6.2355143229e-01
       314   -5.7952094723e+01    3.3592360520e+03   -8.4344278777e+01    2.6392184054e+01    3.9168273670e+01   -1.3307909888e+02    9.5665464309e+00    2.0480000000e+03    4.7711534426e-03    6.2409667969e-01
       315   -5.7981148797e+01    3.3627111719e+03   -8.4104218350e+01    2.6123069554e+01    3.9029567324e+01   -1.3286723307e+02    9.7334473970e+00    2.0480000000e+03    4.7652372159e-03    6.2274576823e-01
       316   -5.7996078254e+01    3.3644081369e+03   -8.4092724498e+01    2.6096646244e+01    3.8958037680e+01   -1.3278053911e+02    9.7297769264e+00    2.0480000000e+03    4.7657275572e-03    6.2329101562e-01
       317   -5.8036877073e+01    3.3693259325e+03   -8.4060892382e+01    2.6024015308e+01    3.8916829378e+01   -1.3220579410e+02    9.2280723439e+00    2.0480000000e+03    4.7830007970e-03    6.2642415365e-01
       318   -5.7983692636e+01    3.3628801323e+03   -8.4358376777e+01    2.6374684141e+01    3.8982411289e+01   -1.3277775052e+02    9.4369624538e+00    2.0480000000e+03    4.7500084620e-03    6.2119954427e-01
       319   -5.8012260285e+01    3.3661916250e+03   -8.4259778822e+01    2.6247518537e+01    3.9194199278e+01   -1.3277462265e+02    9.3206445463e+00    2.0480000000e+03    4.7621119302e-03    6.2254231771e-01
       320   -5.7947141820e+01    3.3587078336e+03   -8.4380800120e+01    2.6433658300e+01    3.9222334864e+01   -1.3295520827e+02    9.3520732819e+00    2.0480000000e+03    4.7695597168e-03    6.2351888021e-01
       321   -5.8015052193e+01    3.3665515162e+03   -8.4259334020e+01    2.6244281827e+01    3.9269266484e+01   -1.3301531765e+02    9.4867171414e+00    2.0480000000e+03    4.7704158351e-03    6.2461751302e-01
       322   -5.7981216868e+01    3.3626849415e+03   -8.4176781218e+01    2.6195564350e+01    3.9066420208e+01   -1.3299712606e+02    9.7539246366e+00    2.0480000000e+03    4.7636318486e-03    6.2486165365e-01
       323   -5.7999167177e+01    3.3648198942e+03   -8.4221692013e+01    2.6222524836e+01    3.9126844174e+01   -1.3284072153e+02    9.4921853421e+00    2.0480000000e+03    4.7601235565e-03    6.2400716146e-01
       324   -5.8002293788e+01    3.3650665283e+03   -8.4121170550e+01    2.6118876762e+01    3.9004344466e+01   -1.3255107469e+02    9.4255596764e+00    2.0480000000e+03    4.7669843771e-03    6.2356770833e-01
       325   -5.8014317468e+01    3.3662893642e+03   -8.4006011959e+01    2.5991694491e+01    3.8894004397e+01   -1.3182889567e+02    8.9288793172e+00    2.0480000000e+03    4.7674041707e-03    6.2375488281e-01
       326   -5.7996077631e+01    3.3643091620e+03   -8.3603603774e+01    2.5607526143e+01    3.8843608229e+01   -1.3200888761e+02    9.5616756100e+00    2.0480000000e+03    4.7627033200e-03    6.2357584635e-01
       327   -5.7988872991e+01    3.3634838716e+03   -8.4668660471e+01    2.6679787479e+01    3.9117526832e+01   -1.3302296669e+02    9.2367793886e+00    2.0480000000e+03    4.7609675676e-03    6.2305501302e-01
       328   -5.8000407908e+01    3.3648193943e+03   -8.4479210932e+01    2.6478803024e+01    3.9108814445e+01   -1.3229191254e+02    8.7038871636e+00    2.0480000000e+03    4.7631443013e-03    6.2233886719e-01
       329   -5.8039775886e+01    3.3696332236e+03   -8.4452517817e+01    2.6412741931e+01    3.9109879930e+01   -1.3281854146e+02    9.2561437137e+00    2.0480000000e+03    4.7635999508e-03    6.2145996094e-01
       330   -5.7985417726e+01    3.3632335011e+03   -8.4219502326e+01    2.6234084600e+01    3.9088161040e+01   -1.3312939272e+02    9.8217293584e+00    2.0480000000e+03    4.7643247526e-03    6.2345377604e-01
       331   -5.8020102180e+01    3.3672579825e+03   -8.3895112560e+01    2.5875010379e+01    3.8952610029e+01   -1.3275964542e+02    9.9119228295e+00    2.0480000000e+03    4.7603361309e-03    6.2189127604e-01
       332   -5.7989103494e+01    3.3636591049e+03   -8.4473234895e+01    2.6484131401e+01    3.9067586782e+01   -1.3305642029e+02    9.5155986177e+00    2.0480000000e+03    4.7573363408e-03    6.2113444010e-01
       333   -5.8002299818e+01    3.3650250561e+03   -8.3961854655e+01    2.5959554836e+01    3.9113802416e+01   -1.3259904929e+02    9.5233922157e+00    2.0480000000e+03    4.7735904809e-03    6.2492675781e-01
       334   -5.7995536761e+01    3.3641934877e+03   -8.4678751325e+01    2.6683214564e+01    3.9117023741e+01   -1.3291021572e+02    9.1144406580e+00    2.0480000000e+03    4.7666814644e-03    6.2319335938e-01
       335   -5.7990473984e+01    3.3636580836e+03   -8.4171279344e+01    2.6180805359e+01    3.9053411873e+01   -1.3268060516e+02    9.4559139385e+00    2.0480000000e+03    4.7765474301e-03    6.2393391927e-01
       336   -5.8005008417e+01    3.3653914585e+03   -8.4256797217e+01    2.6251788800e+01    3.9028670128e+01   -1.3258424810e+02    9.2987807544e+00    2.0480000000e+03    4.7729245853e-03    6.2430826823e-01
       337   -5.8009191059e+01    3.3658376159e+03   -8.4747121423e+01    2.6737930365e+01    3.8952542373e+01   -1.3256109262e+02    8.8614288233e+00    2.0480000000e+03    4.7712137457e-03    6.2350260417e-01
       338   -5.7990664523e+01    3.3639412951e+03   -8.4225424958e+01    2.6234760435e+01    3.9212597696e+01   -1.3326652699e+02    9.8285043373e+00    2.0480000000e+03    4.7702409793e-03    6.2290852865e-01
       339   -5.8004176780e+01    3.3653176996e+03   -8.4170037469e+01    2.6165860689e+01    3.8958775691e+01   -1.3241366563e+02    9.2848524713e+00    2.0480000000e+03    4.7560140956e-03    6.2255859375e-01
       340   -5.7989815024e+01    3.3636246851e+03   -8.4573426606e+01    2.6583611582e+01    3.8976704490e+01   -1.3268696452e+02    9.1368334228e+00    2.0480000000e+03    4.7536115162e-03    6.2298177083e-01
       341   -5.8012508546e+01    3.3662474561e+03   -8.4252351459e+01    2.6239842913e+01    3.8848303043e+01   -1.3219774443e+02    9.0970899312e+00    2.0480000000e+03    4.7625815496e-03    6.2515462240e-01
       342   -5.8011451698e+01    3.3661735202e+03   -8.4447338952e+01    2.6435887255e+01    3.8968074777e+01   -1.3293217210e+02    9.5167583665e+00    2.0480000000e+03    4.7792640980e-03    6.2601725260e-01
       343   -5.8008437893e+01    3.3658580760e+03   -8.4244054163e+01    2.6235616270e+01    3.9128719429e+01   -1.3290816565e+02    9.5353920563e+00    2.0480000000e+03    4.7669142950e-03    6.2399088542e-01
       344   -5.8003130134e+01    3.3652838990e+03   -8.4028145461e+01    2.6025015327e+01    3.8883113180e+01   -1.3241633417e+02    9.5050755318e+00    2.0480000000e+03    4.7682572622e-03    6.2591145833e-01
       345   -5.7969711416e+01    3.3614126614e+03   -8.4028385116e+01    2.6058673699e+01    3.8804789132e+01   -1.3192862459e+02    9.0954503417e+00    2.0480000000e+03    4.7513525933e-03    6.2286783854e-01
       346   -5.8009845345e+01    3.3659485090e+03   -8.3844247131e+01    2.5834401786e+01    3.8915233650e+01   -1.3164469737e+02    8.8852165913e+00    2.0480000000e+03    4.7582152765e-03    6.2262369792e-01
       347   -5.7992986902e+01    3.3640588539e+03   -8.3918808089e+01    2.5925821186e+01    3.8857019906e+01   -1.3234502092e+02    9.5691929228e+00    2.0480000000e+03    4.7674598172e-03    6.2530110677e-01
       348   -5.8003124774e+01    3.3651875664e+03   -8.4133786509e+01    2.6130661736e+01    3.9135031666e+01   -1.3297860779e+02    9.7097896172e+00    2.0480000000e+03    4.7702500597e-03    6.2416992187e-01
       349   -5.7984188500e+01    3.3630791639e+03   -8.4455084305e+01    2.6470895806e+01    3.9211617995e+01   -1.3317339479e+02    9.5066924899e+00    2.0480000000e+03    4.7826105729e-03    6.2364095052e-01
       350   -5.7969489742e+01    3.3613760898e+03   -8.4309220885e+01    2.6339731143e+01    3.9171190527e+01   -1.3311122098e+02    9.6308095724e+00    2.0480000000e+03    4.7714577522e-03    6.2134602865e-01
       351   -5.8006244161e+01    3.3655925412e+03   -8.4251439333e+01    2.6245195172e+01    3.9014005994e+01   -1.3218614031e+02    8.9206949866e+00    2.0480000000e+03    4.7963238321e-03    6.2757161458e-01
       352   -5.8011122154e+01    3.3660449619e+03   -8.4268189828e+01    2.6257067674e+01    3.8925961383e+01   -1.3217433712e+02    8.9801859065e+00    2.0480000000e+03    4.7656712122e-03    6.2345377604e-01
       353   -5.8012362165e+01    3.3661971407e+03   -8.4017726711e+01    2.6005364546e+01    3.8987078350e+01   -1.3267558894e+02    9.6707838770e+00    2.0480000000e+03    4.7636211384e-03    6.2214355469e-01
       354   -5.8006607344e+01    3.3655854684e+03   -8.4539945301e+01    2.6533337957e+01    3.8999193380e+01   -1.3289763927e+02    9.3585005882e+00    2.0480000000e+03    4.7573354095e-03    6.2245279948e-01
       355   -5.7991079889e+01    3.3636943580e+03   -8.3973448664e+01    2.5982368775e+01    3.9119372376e+01   -1.3264988476e+02    9.5570637192e+00    2.0480000000e+03    4.7617782839e-03    6.2303059896e-01
       356   -5.7976998232e+01    3.3623101250e+03   -8.4394974642e+01    2.6417976410e+01    3.9093900113e+01   -1.3301161920e+02    9.5227444410e+00    2.0480000000e+03    4.7681159340e-03    6.2360026042e-01
       357   -5.7975385411e+01    3.3619185277e+03   -8.4338054009e+01    2.6362668599e+01    3.9128518203e+01   -1.3283049359e+02    9.3639213802e+00    2.0480000000e+03    4.7813970596e-03    6.2412923177e-01
       358   -5.8033914735e+01    3.3687130971e+03   -8.4441244421e+01    2.6407329685e+01    3.9303967748e+01   -1.3353179311e+02    9.7865809420e+00    2.0480000000e+03    4.7777513973e-03    6.2565917969e-01
       359   -5.7968442004e+01    3.3611813204e+03   -8.4472655924e+01    2.6504213920e+01    3.9201935991e+01   -1.3329651510e+02    9.6219231829e+00    2.0480000000e+03    4.7760780435e-03    6.2419433594e-01
       360   -5.8008257637e+01    3.3657725347e+03   -8.4222538601e+01    2.6214280965e+01    3.9052163964e+01   -1.3254626573e+02    9.2715631691e+00    2.0480000000e+03    4.7944977414e-03    6.2578125000e-01
       361   -5.8033410136e+01    3.3686753724e+03   -8.4180897579e+01    2.6147487443e+01    3.9043629175e+01   -1.3277707295e+02    9.5525461954e+00    2.0480000000e+03    4.7851123381e-03    6.2464192708e-01
       362   -5.8021374914e+01    3.3674282577e+03   -8.4083259962e+01    2.6061885048e+01    3.9167893692e+01   -1.3333078545e+02    1.0079631800e+01    2.0480000000e+03    4.7808152158e-03    6.2374674479e-01
       363   -5.7990885213e+01    3.3637968886e+03   -8.3886772588e+01    2.5895887375e+01    3.9096382091e+01   -1.3244293102e+02    9.4597763398e+00    2.0480000000e+03    4.7764214687e-03    6.2684733073e-01
       364   -5.8018229801e+01    3.3669337407e+03   -8.4467735977e+01    2.6449506176e+01    3.9219901629e+01   -1.3286968194e+02    9.1820443324e+00    2.0480000000e+03    4.7601307742e-03    6.2315266927e-01
       365   -5.7999548314e+01    3.3645985158e+03   -8.4314781658e+01    2.6315233344e+01    3.9315453800e+01   -1.3285916484e+02    9.2289293814e+00    2.0480000000e+03    4.7727492638e-03    6.2319335937e-01
       366   -5.8008347492e+01    3.3658610415e+03   -8.4669679690e+01    2.6661332198e+01    3.9113216097e+01   -1.3299692951e+02    9.2140337210e+00    2.0480000000e+03    4.7638376709e-03    6.2358398437e-01
       367   -5.8007765063e+01    3.3657034704e+03   -8.4335539739e+01    2.6327774676e+01    3.9310651192e+01   -1.3295389237e+02    9.3077014419e+00    2.0480000000e+03    4.7718230635e-03    6.2409667969e-01
       368   -5.8006625497e+01    3.3655104016e+03   -8.4576562594e+01    2.6569937097e+01    3.9071110920e+01   -1.3277476644e+02    9.1270929309e+00    2.0480000000e+03    4.7701075673e-03    6.2519531250e-01
       369   -5.7989429970e+01    3.3635549221e+03   -8.4292984774e+01    2.6303554804e+01    3.9161999130e+01   -1.3289647413e+02    9.4414902303e+00    2.0480000000e+03    4.7725948971e-03    6.2436523438e-01
       370   -5.7975257056e+01    3.3619327737e+03   -8.4236058473e+01    2.6260801417e+01    3.8884481635e+01   -1.3205606295e+02    8.9355228433e+00    2.0480000000e+03    4.7685601749e-03    6.2525227865e-01
       371   -5.8003679257e+01    3.3652438447e+03   -8.4441356587e+01    2.6437677330e+01    3.9052426976e+01   -1.3274568245e+02    9.2518988893e+00    2.0480000000e+03    4.7602078412e-03    6.2259928385e-01
       372   -5.8016089281e+01    3.3667595385e+03   -8.4218806145e+01    2.6202716864e+01    3.8909268263e+01   -1.3257174336e+02    9.4436689522e+00    2.0480000000e+03    4.7555144411e-03    6.2236328125e-01
       373   -5.7967476989e+01    3.3611356842e+03   -8.3974597398e+01    2.6007120409e+01    3.9017857253e+01   -1.3253700862e+02    9.5445539642e+00    2.0480000000e+03    4.7765148338e-03    6.2452799479e-01
       374   -5.7963011762e+01    3.3606020160e+03   -8.3864826386e+01    2.5901814624e+01    3.8806029318e+01   -1.3177686000e+02    9.1060043001e+00    2.0480000000e+03    4.7727064230e-03    6.2439778646e-01
       375   -5.8016845686e+01    3.3668617924e+03   -8.4424538482e+01    2.6407692796e+01    3.9010908503e+01   -1.3275271442e+02    9.3172674352e+00    2.0480000000e+03    4.7791965771e-03    6.2526041667e-01
       376   -5.8029942604e+01    3.3683528683e+03   -8.4583299313e+01    2.6553356709e+01    3.9047819509e+01   -1.3330771635e+02    9.6765975315e+00    2.0480000000e+03    4.7666877508e-03    6.2388509115e-01
       377   -5.8006934172e+01    3.3656169372e+03   -8.4315081231e+01    2.6308147059e+01    3.9032897751e+01   -1.3277103436e+02    9.4230553739e+00    2.0480000000e+03    4.7601615079e-03    6.2369791667e-01
       378   -5.7966657518e+01    3.3611371064e+03   -8.4102013847e+01    2.6135356329e+01    3.9093614412e+01   -1.3245141479e+02    9.2557865305e+00    2.0480000000e+03    4.7691282816e-03    6.2381184896e-01
       379   -5.7990566342e+01    3.3637060784e+03   -8.4027491333e+01    2.6036924991e+01    3.9037285655e+01   -1.3259995879e+02    9.5351818040e+00    2.0480000000e+03    4.7606173903e-03    6.2114257812e-01
       380   -5.8016689453e+01    3.3669431758e+03   -8.4157248816e+01    2.6140559364e+01    3.9155692697e+01   -1.3297087601e+02    9.6579344946e+00    2.0480000000e+03    4.7605179716e-03    6.2372233073e-01
       381   -5.7977808768e+01    3.3624430461e+03   -8.4149594895e+01    2.6171786126e+01    3.8960924326e+01   -1.3278728180e+02    9.6767625764e+00    2.0480000000e+03    4.7710926738e-03    6.2334798177e-01
       382   -5.7970842847e+01    3.3615002235e+03   -8.4234107757e+01    2.6263264910e+01    3.9034139207e+01   -1.3261192217e+02    9.3436752073e+00    2.0480000000e+03    4.7727394849e-03    6.2463378906e-01
       383   -5.7960574537e+01    3.3602576446e+03   -8.4213050851e+01    2.6252476314e+01    3.9146805677e+01   -1.3328539187e+02    9.9255353386e+00    2.0480000000e+03    4.7871540301e-03    6.2475585938e-01
       384   -5.7980003988e+01    3.3625701049e+03   -8.4615182637e+01    2.6635178650e+01    3.9131867588e+01   -1.3303952018e+02    9.2924699559e+00    2.0480000000e+03    4.7755879350e-03    6.2303873698e-01
       385   -5.8007644870e+01    3.3657408211e+03   -8.4290707227e+01    2.6283062357e+01    3.9093901517e+01   -1.3285758135e+02    9.4729726048e+00    2.0480000000e+03    4.7784294002e-03    6.2379557292e-01
       386   -5.8033080487e+01    3.3687204833e+03   -8.4249645745e+01    2.6216565258e+01    3.9026793033e+01   -1.3299530862e+02    9.7188698394e+00    2.0480000000e+03    4.7778205480e-03    6.2275390625e-01
       387   -5.8038101156e+01    3.3691911450e+03   -8.3898645015e+01    2.5860543859e+01    3.8977827325e+01   -1.3256797645e+02    9.6915041056e+00    2.0480000000e+03    4.7831586562e-03    6.2478027344e-01
       388   -5.8033966632e+01    3.3688826340e+03   -8.4176651592e+01    2.6142684959e+01    3.9059634762e+01   -1.3268920412e+02    9.4529177686e+00    2.0480000000e+03    4.7776470892e-03    6.2519531250e-01
       389   -5.7995920128e+01    3.3642300792e+03   -8.4533902734e+01    2.6537982606e+01    3.9183357811e+01   -1.3247592051e+02    8.7586599608e+00    2.0480000000e+03    4.7936169431e-03    6.2656250000e-01
       390   -5.7993308373e+01    3.3640137097e+03   -8.4345735083e+01    2.6352426710e+01    3.9307438658e+01   -1.3315000175e+02    9.4968280103e+00    2.0480000000e+03    4.7690777574e-03    6.2241210937e-01
       391   -5.8026689106e+01    3.3684680105e+03   -8.4127257573e+01    2.6100568467e+01    3.9063262613e+01   -1.3325854034e+02    1.0068020152e+01    2.0480000000e+03    4.7587242443e-03    6.2233072917e-01
       392   -5.7996361460e+01    3.3644426119e+03   -8.3893500835e+01    2.5897139374e+01    3.8972677296e+01   -1.3245271258e+02    9.5865344507e+00    2.0480000000e+03    4.7591296025e-03    6.2312825521e-01
       393   -5.8019135490e+01    3.3671691526e+03   -8.4263481712e+01    2.6244346221e+01    3.9042200789e+01   -1.3268804965e+02    9.3823671498e+00    2.0480000000e+03    4.7655580565e-03    6.2348632813e-01
       394   -5.8052013656e+01    3.3709143042e+03   -8.4445840771e+01    2.6393827115e+01    3.8956461792e+01   -1.3231483179e+02    8.9125292289e+00    2.0480000000e+03    4.7762466129e-03    6.2412923177e-01
       395   -5.8019282207e+01    3.3670935827e+03   -8.4534985709e+01    2.6515703502e+01    3.9111747329e+01   -1.3311173631e+02    9.4650032751e+00    2.0480000000e+03    4.7680498101e-03    6.2325846354e-01
       396   -5.8018413659e+01    3.3669749983e+03   -8.4364250076e+01    2.6345836417e+01    3.9137487346e+01   -1.3276378391e+02    9.2620464841e+00    2.0480000000e+03    4.7685515601e-03    6.2216796875e-01
       397   -5.7991775588e+01    3.3638624631e+03   -8.4231687053e+01    2.6239911465e+01    3.8988915010e+01   -1.3294500815e+02    9.7244060889e+00    2.0480000000e+03    4.7657536343e-03    6.2208658854e-01
       398   -5.8000710503e+01    3.3649649255e+03   -8.4062424998e+01    2.6061714495e+01    3.8946039990e+01   -1.3262378082e+02    9.6153158280e+00    2.0480000000e+03    4.7685012687e-03    6.2390950521e-01
       399   -5.8000256937e+01    3.3649828695e+03   -8.4091372861e+01    2.6091115924e+01    3.9029719403e+01   -1.3214815253e+02    9.0270602711e+00    2.0480000000e+03    4.7812901903e-03    6.2609049479e-01
