#   index    LocalEnergy         LocalEnergy_sq      LocalPotential      Kinetic             ElecElec            LocalECP            NonLocalECP         BlockWeight         BlockCPU            AcceptRatio         
         0   -1.2331476868e+02    1.5208344748e+04   -1.9590826988e+02    7.2593501196e+01    9.2006704052e+01   -3.0367147200e+02    1.5756498070e+01    8.1914700000e+05    2.6588449490e+00    9.9085256586e-01
         1   -1.2330721430e+02    1.5206475057e+04   -1.9625634761e+02    7.2949133311e+01    9.2133478002e+01   -3.0444209540e+02    1.6052269791e+01    8.1249900000e+05    2.4933796376e+00    9.9077332243e-01
         2   -1.2331587609e+02    1.5208615961e+04   -1.9613643969e+02    7.2820563609e+01    9.2212644728e+01   -3.0435472217e+02    1.6005637748e+01    8.1620400000e+05    2.5335173681e+00    9.9082868742e-01
         3   -1.2331382150e+02    1.5208126004e+04   -1.9610253604e+02    7.2788714542e+01    9.2187110257e+01   -3.0422629874e+02    1.5936652438e+01    8.2261500000e+05    2.6926799631e+00    9.9080370424e-01
         4   -1.2331379556e+02    1.5208101853e+04   -1.9612452988e+02    7.2810734324e+01    9.2172230689e+01   -3.0428466471e+02    1.5987904141e+01    8.1899400000e+05    2.6144976057e+00    9.9081989030e-01
         5   -1.2330730155e+02    1.5206486226e+04   -1.9584446825e+02    7.2537166697e+01    9.2013102554e+01   -3.0366930928e+02    1.5811738472e+01    8.3025800000e+05    2.8818243251e+00    9.9088783905e-01
         6   -1.2331481588e+02    1.5208320604e+04   -1.9619224525e+02    7.2877429369e+01    9.2143248033e+01   -3.0422338050e+02    1.5887887221e+01    8.3534500000e+05    2.9214076258e+00    9.9084266505e-01
         7   -1.2330913707e+02    1.5207009203e+04   -1.9631813712e+02    7.3009000050e+01    9.2294273110e+01   -3.0452312960e+02    1.5910719371e+01    8.2156500000e+05    2.7270130184e+00    9.9082064580e-01
         8   -1.2331142654e+02    1.5207515306e+04   -1.9647802114e+02    7.3166594608e+01    9.2307603241e+01   -3.0481807302e+02    1.6032448630e+01    8.1680500000e+05    2.6131490830e+00    9.9078276181e-01
         9   -1.2331860426e+02    1.5209271546e+04   -1.9641590802e+02    7.3097303762e+01    9.2472802266e+01   -3.0487951027e+02    1.5990799985e+01    8.2043700000e+05    2.6647446253e+00    9.9080471468e-01
        10   -1.2331738744e+02    1.5209030949e+04   -1.9607738407e+02    7.2759996629e+01    9.2292255249e+01   -3.0439369038e+02    1.6024051062e+01    8.2602200000e+05    2.7648384972e+00    9.9091329084e-01
        11   -1.2331550449e+02    1.5208515016e+04   -1.9587652699e+02    7.2561022496e+01    9.2043891955e+01   -3.0378017608e+02    1.5859757138e+01    8.1531800000e+05    2.5488718646e+00    9.9084703827e-01
        12   -1.2332219775e+02    1.5210156012e+04   -1.9560567967e+02    7.2283481923e+01    9.1954609378e+01   -3.0340132433e+02    1.5841035278e+01    8.1265500000e+05    2.4833728506e+00    9.9097193217e-01
        13   -1.2331569096e+02    1.5208596327e+04   -1.9615055885e+02    7.2834867885e+01    9.2091006353e+01   -3.0411458053e+02    1.5873015335e+01    8.1781900000e+05    2.7103380049e+00    9.9078105602e-01
        14   -1.2331002822e+02    1.5207170954e+04   -1.9613822136e+02    7.2828193143e+01    9.2130379685e+01   -3.0413402984e+02    1.5865428789e+01    8.1214400000e+05    2.5878041405e+00    9.9085016025e-01
        15   -1.2331129648e+02    1.5207512542e+04   -1.9619077960e+02    7.2879483122e+01    9.2125429723e+01   -3.0429607469e+02    1.5979865364e+01    8.0963400000e+05    2.5151115891e+00    9.9083243348e-01
        16   -1.2331331074e+02    1.5207981794e+04   -1.9604899595e+02    7.2735685204e+01    9.2046773809e+01   -3.0403577113e+02    1.5940001376e+01    8.0925700000e+05    2.5485197857e+00    9.9087130034e-01
        17   -1.2331763632e+02    1.5209056721e+04   -1.9600224275e+02    7.2684606432e+01    9.2078451084e+01   -3.0410289949e+02    1.6022205655e+01    8.1501400000e+05    2.6021417419e+00    9.9089923544e-01
        18   -1.2332048005e+02    1.5209820708e+04   -1.9604800736e+02    7.2727527309e+01    9.2106096044e+01   -3.0411930896e+02    1.5965205554e+01    8.2925900000e+05    2.8655892168e+00    9.9081662545e-01
        19   -1.2330723445e+02    1.5206495559e+04   -1.9606506239e+02    7.2757827936e+01    9.2167497848e+01   -3.0426732654e+02    1.6034766300e+01    8.2418800000e+05    2.7929980850e+00    9.9079230537e-01
        20   -1.2331824921e+02    1.5209230586e+04   -1.9606917909e+02    7.2750929884e+01    9.2079136930e+01   -3.0405034382e+02    1.5902027796e+01    8.1572800000e+05    2.5733048795e+00    9.9083440197e-01
        21   -1.2331537154e+02    1.5208511744e+04   -1.9621055347e+02    7.2895181939e+01    9.2172348744e+01   -3.0418730768e+02    1.5804405466e+01    8.1248500000e+05    2.5175966353e+00    9.9082499124e-01
        22   -1.2331647080e+02    1.5208803398e+04   -1.9618830455e+02    7.2871833758e+01    9.2133731835e+01   -3.0418659288e+02    1.5864556488e+01    8.1133000000e+05    2.5058078698e+00    9.9085374888e-01
        23   -1.2331661281e+02    1.5208836967e+04   -1.9643996083e+02    7.3123348020e+01    9.2288819697e+01   -3.0478197109e+02    1.6053190557e+01    8.0972800000e+05    2.4738127333e+00    9.9078070003e-01
        24   -1.2331121258e+02    1.5207505405e+04   -1.9653606808e+02    7.3224855502e+01    9.2363472634e+01   -3.0488301396e+02    1.5983473242e+01    8.1049000000e+05    2.4706687992e+00    9.9076951647e-01
        25   -1.2330947176e+02    1.5207040504e+04   -1.9628607380e+02    7.2976602040e+01    9.2275586682e+01   -3.0456110091e+02    1.5999440423e+01    8.1926800000e+05    2.6186123313e+00    9.9082474871e-01
        26   -1.2331438536e+02    1.5208256209e+04   -1.9620545325e+02    7.2891067891e+01    9.2249379384e+01   -3.0434872817e+02    1.5893895535e+01    8.2082800000e+05    2.6786586295e+00    9.9083476718e-01
        27   -1.2332222104e+02    1.5210182266e+04   -1.9591084699e+02    7.2588625950e+01    9.2010699490e+01   -3.0392378844e+02    1.6002241961e+01    8.2138100000e+05    2.6993820318e+00    9.9076978352e-01
        28   -1.2331838514e+02    1.5209269860e+04   -1.9594254613e+02    7.2624160986e+01    9.1952548059e+01   -3.0390066521e+02    1.6005571027e+01    8.2299600000e+05    2.7537974692e+00    9.9085463597e-01
        29   -1.2331834443e+02    1.5209186609e+04   -1.9598247117e+02    7.2664126738e+01    9.2081537852e+01   -3.0403570829e+02    1.5971699271e+01    8.1784800000e+05    2.5903571006e+00    9.9084902919e-01
        30   -1.2331555233e+02    1.5208516036e+04   -1.9589055147e+02    7.2574999145e+01    9.2025927781e+01   -3.0387707409e+02    1.5960594837e+01    8.1153200000e+05    2.4413723343e+00    9.9088024331e-01
        31   -1.2331014233e+02    1.5207205027e+04   -1.9597834761e+02    7.2668205276e+01    9.2010410198e+01   -3.0391578736e+02    1.5927029554e+01    8.1487800000e+05    2.4616879246e+00    9.9086642540e-01
        32   -1.2331387376e+02    1.5208141679e+04   -1.9596986500e+02    7.2655991247e+01    9.2076842677e+01   -3.0400138795e+02    1.5954680268e+01    8.1344000000e+05    2.5467758030e+00    9.9087248548e-01
        33   -1.2331172220e+02    1.5207624236e+04   -1.9635140657e+02    7.3039684373e+01    9.2142595436e+01   -3.0444168009e+02    1.5947678081e+01    8.2373400000e+05    2.7591081948e+00    9.9080912297e-01
        34   -1.2330638761e+02    1.5206256855e+04   -1.9595011157e+02    7.2643723962e+01    9.1945048300e+01   -3.0377641414e+02    1.5881254269e+01    8.2187300000e+05    2.6904689737e+00    9.9085138688e-01
        35   -1.2330880748e+02    1.5206889646e+04   -1.9596298540e+02    7.2654177913e+01    9.1927921276e+01   -3.0384263107e+02    1.5951724399e+01    8.1631000000e+05    2.6136169073e+00    9.9085421820e-01
        36   -1.2331814223e+02    1.5209188421e+04   -1.9604929905e+02    7.2731156825e+01    9.1986102924e+01   -3.0386717610e+02    1.5831774123e+01    8.1725600000e+05    2.5255662692e+00    9.9088694228e-01
        37   -1.2331787413e+02    1.5209081950e+04   -1.9598419610e+02    7.2666321970e+01    9.1947959910e+01   -3.0387229478e+02    1.5940138771e+01    8.1062600000e+05    2.5116890820e+00    9.9086333828e-01
        38   -1.2331809443e+02    1.5209184028e+04   -1.9598685144e+02    7.2668757014e+01    9.1911465960e+01   -3.0381221477e+02    1.5913897363e+01    8.1724800000e+05    2.6754900489e+00    9.9084909216e-01
        39   -1.2330967923e+02    1.5207191070e+04   -1.9639914709e+02    7.3089467864e+01    9.2150029921e+01   -3.0448135343e+02    1.5932176422e+01    8.1947500000e+05    2.6555881614e+00    9.9082399745e-01
        40   -1.2331055470e+02    1.5207310840e+04   -1.9597718839e+02    7.2666633689e+01    9.2030460624e+01   -3.0385931138e+02    1.5851662370e+01    8.2257200000e+05    2.7710732885e+00    9.9087362767e-01
        41   -1.2331380323e+02    1.5208110419e+04   -1.9605900574e+02    7.2745202507e+01    9.1988509222e+01   -3.0395388533e+02    1.5906370362e+01    8.1614100000e+05    2.5557449674e+00    9.9079659458e-01
        42   -1.2331937938e+02    1.5209456417e+04   -1.9625382616e+02    7.2934446776e+01    9.2058333841e+01   -3.0410965364e+02    1.5797493640e+01    8.0994000000e+05    2.5310291701e+00    9.9084014043e-01
        43   -1.2331655356e+02    1.5208776895e+04   -1.9635757734e+02    7.3041023776e+01    9.2188615228e+01   -3.0450296953e+02    1.5956776960e+01    8.1090000000e+05    2.4805058835e+00    9.9081730675e-01
        44   -1.2331405769e+02    1.5208132180e+04   -1.9590395033e+02    7.2589892642e+01    9.1956167876e+01   -3.0374947113e+02    1.5889352922e+01    8.0944800000e+05    2.4966503498e+00    9.9087228445e-01
        45   -1.2332026114e+02    1.5209660091e+04   -1.9562547371e+02    7.2305212564e+01    9.1846067408e+01   -3.0331180866e+02    1.5840267545e+01    8.1453100000e+05    2.5822714095e+00    9.9086725881e-01
        46   -1.2331181089e+02    1.5207624311e+04   -1.9599680099e+02    7.2684990102e+01    9.2068615874e+01   -3.0413286416e+02    1.6067447297e+01    8.1616900000e+05    2.5323261346e+00    9.9085021113e-01
        47   -1.2330962315e+02    1.5207098292e+04   -1.9603968917e+02    7.2730066020e+01    9.1975321907e+01   -3.0388774708e+02    1.5872736006e+01    8.1583700000e+05    2.5464951245e+00    9.9089323206e-01
        48   -1.2332029750e+02    1.5209712706e+04   -1.9579704287e+02    7.2476745374e+01    9.1886827644e+01   -3.0360170971e+02    1.5917839195e+01    8.1086000000e+05    2.4655894763e+00    9.9086446502e-01
        49   -1.2331339013e+02    1.5208008709e+04   -1.9615253168e+02    7.2839141548e+01    9.2167113370e+01   -3.0425795517e+02    1.5938310116e+01    8.1553800000e+05    2.4675900065e+00    9.9083791518e-01
        50   -1.2331325066e+02    1.5207981442e+04   -1.9595963327e+02    7.2646382616e+01    9.2097250775e+01   -3.0396335031e+02    1.5906466263e+01    8.1630000000e+05    2.5455583741e+00    9.9085725389e-01
        51   -1.2331914123e+02    1.5209423659e+04   -1.9625808312e+02    7.2938941898e+01    9.2249522269e+01   -3.0446921274e+02    1.5961607344e+01    8.2356100000e+05    2.7989299416e+00    9.9084088712e-01
        52   -1.2331687826e+02    1.5208862647e+04   -1.9609478144e+02    7.2777903182e+01    9.2228251718e+01   -3.0429377007e+02    1.5970736910e+01    8.2080800000e+05    2.6459401909e+00    9.9082569602e-01
        53   -1.2331578105e+02    1.5208599183e+04   -1.9623120270e+02    7.2915421648e+01    9.2140593420e+01   -3.0440865185e+02    1.6036855727e+01    8.2319500000e+05    2.7741222561e+00    9.9082083924e-01
        54   -1.2329970157e+02    1.5204805654e+04   -1.9607659998e+02    7.2776898409e+01    9.2097909086e+01   -3.0415465149e+02    1.5980142427e+01    8.1794900000e+05    2.6514483779e+00    9.9081596987e-01
        55   -1.2331248267e+02    1.5207735867e+04   -1.9596483784e+02    7.2652355169e+01    9.2145127413e+01   -3.0393968619e+02    1.5829720931e+01    8.2257300000e+05    2.7083097976e+00    9.9088846718e-01
        56   -1.2331778053e+02    1.5209125335e+04   -1.9604027705e+02    7.2722496520e+01    9.2120956057e+01   -3.0405791681e+02    1.5896683704e+01    8.0993400000e+05    2.5058947112e+00    9.9087594767e-01
        57   -1.2331299071e+02    1.5207939661e+04   -1.9588038247e+02    7.2567391759e+01    9.1933410518e+01   -3.0364251926e+02    1.5828726266e+01    8.0658700000e+05    2.4521186759e+00    9.9088800196e-01
        58   -1.2330985822e+02    1.5207162089e+04   -1.9616153599e+02    7.2851677769e+01    9.2139340533e+01   -3.0429322081e+02    1.5992344291e+01    8.0007400000e+05    2.4210839211e+00    9.9086781353e-01
        59   -1.2331585587e+02    1.5208629479e+04   -1.9622957701e+02    7.2913721138e+01    9.2184311103e+01   -3.0435085227e+02    1.5936964157e+01    8.0963200000e+05    2.4690653645e+00    9.9084672783e-01
        60   -1.2330861586e+02    1.5206801180e+04   -1.9641867185e+02    7.3110055990e+01    9.2342062850e+01   -3.0471435868e+02    1.5953623983e+01    8.1705400000e+05    2.6361545024e+00    9.9079659620e-01
        61   -1.2331192654e+02    1.5207653219e+04   -1.9621508312e+02    7.2903156582e+01    9.2204734233e+01   -3.0444713370e+02    1.6027316343e+01    8.2408100000e+05    2.7910562481e+00    9.9077236540e-01
        62   -1.2330635408e+02    1.5206312042e+04   -1.9604237773e+02    7.2736023654e+01    9.2082732098e+01   -3.0407441131e+02    1.5949301481e+01    8.1257900000e+05    2.5015827327e+00    9.9076285337e-01
        63   -1.2331220916e+02    1.5207759249e+04   -1.9591877719e+02    7.2606568027e+01    9.1930432808e+01   -3.0385675580e+02    1.6007545805e+01    8.0652600000e+05    2.4459254874e+00    9.9084196483e-01
        64   -1.2332561589e+02    1.5211038321e+04   -1.9615687700e+02    7.2831261106e+01    9.2094375226e+01   -3.0416411158e+02    1.5912859357e+01    8.0176700000e+05    2.4008307545e+00    9.9082220638e-01
        65   -1.2330940593e+02    1.5206983960e+04   -1.9600720561e+02    7.2697799680e+01    9.2103430669e+01   -3.0408031129e+02    1.5969675005e+01    8.1364800000e+05    2.4473866031e+00    9.9084390735e-01
        66   -1.2331349967e+02    1.5207997214e+04   -1.9597402742e+02    7.2660527755e+01    9.2015946637e+01   -3.0381879549e+02    1.5828821433e+01    8.1275800000e+05    3.2487025419e+00    9.9087430526e-01
        67   -1.2331378761e+02    1.5208115181e+04   -1.9588968311e+02    7.2575895497e+01    9.1977823201e+01   -3.0385152349e+02    1.5984017185e+01    8.2553100000e+05    3.3370812780e+00    9.9085803096e-01
        68   -1.2332081657e+02    1.5209781664e+04   -1.9598668293e+02    7.2665866359e+01    9.1858571721e+01   -3.0376069756e+02    1.5915442909e+01    8.1469000000e+05    2.5284182029e+00    9.9083537492e-01
        69   -1.2331264128e+02    1.5207818322e+04   -1.9620081304e+02    7.2888171767e+01    9.2096658656e+01   -3.0430820217e+02    1.6010730472e+01    8.1824700000e+05    2.5852468482e+00    9.9083628921e-01
        70   -1.2332551852e+02    1.5211041997e+04   -1.9617360819e+02    7.2848089670e+01    9.2084381275e+01   -3.0429636690e+02    1.6038377439e+01    8.2821000000e+05    2.8093245139e+00    9.9082567545e-01
        71   -1.2331409971e+02    1.5208171094e+04   -1.9584491034e+02    7.2530810629e+01    9.1952604067e+01   -3.0375140994e+02    1.5953895532e+01    8.1640700000e+05    2.4717812135e+00    9.9080858367e-01
        72   -1.2331268005e+02    1.5207818982e+04   -1.9607613669e+02    7.2763456639e+01    9.2191730819e+01   -3.0418353561e+02    1.5915668097e+01    8.2045300000e+05    2.6729434426e+00    9.9088703150e-01
        73   -1.2331396358e+02    1.5208152434e+04   -1.9625375571e+02    7.2939792124e+01    9.2161026507e+01   -3.0437579008e+02    1.5961007867e+01    8.1674000000e+05    2.5621642147e+00    9.9083244173e-01
        74   -1.2331200692e+02    1.5207635240e+04   -1.9613649317e+02    7.2824486247e+01    9.2128549989e+01   -3.0429467331e+02    1.6029630159e+01    8.2175800000e+05    2.7342979931e+00    9.9082128515e-01
        75   -1.2332191720e+02    1.5210068362e+04   -1.9596440634e+02    7.2642489143e+01    9.1879793691e+01   -3.0361112632e+02    1.5766926289e+01    8.2278100000e+05    2.8074178440e+00    9.9088916146e-01
        76   -1.2331528687e+02    1.5208504253e+04   -1.9628600978e+02    7.2970722916e+01    9.1991514796e+01   -3.0417934780e+02    1.5901823226e+01    8.2609700000e+05    2.7857404745e+00    9.9082373017e-01
        77   -1.2331648703e+02    1.5208776562e+04   -1.9606374680e+02    7.2747259778e+01    9.2022902295e+01   -3.0396407558e+02    1.5877426484e+01    8.1804000000e+05    2.6411565791e+00    9.9088786278e-01
        78   -1.2332089045e+02    1.5209865447e+04   -1.9607506602e+02    7.2754175574e+01    9.1965124607e+01   -3.0392591722e+02    1.5885726589e+01    8.2689100000e+05    2.8248031107e+00    9.9086436680e-01
        79   -1.2331536236e+02    1.5208524400e+04   -1.9599555934e+02    7.2680196982e+01    9.1865621087e+01   -3.0384057656e+02    1.5979396140e+01    8.1738000000e+05    2.5616955098e+00    9.9086118404e-01
        80   -1.2330983495e+02    1.5207094371e+04   -1.9583044930e+02    7.2520614343e+01    9.1766024340e+01   -3.0354281128e+02    1.5946337640e+01    8.0972900000e+05    2.5317717195e+00    9.9090928356e-01
        81   -1.2331458518e+02    1.5208261340e+04   -1.9577734520e+02    7.2462760019e+01    9.1831100595e+01   -3.0351287742e+02    1.5904431621e+01    8.0639100000e+05    2.4729286130e+00    9.9086781644e-01
        82   -1.2330674956e+02    1.5206363603e+04   -1.9576957183e+02    7.2462822275e+01    9.1848192784e+01   -3.0355322871e+02    1.5935464095e+01    8.0538500000e+05    2.5154862073e+00    9.9085652143e-01
        83   -1.2332137150e+02    1.5209987729e+04   -1.9599631803e+02    7.2674946536e+01    9.2065811985e+01   -3.0405555933e+02    1.5993429309e+01    8.0665900000e+05    2.4844636712e+00    9.9086778846e-01
        84   -1.2331432842e+02    1.5208306228e+04   -1.9631035178e+02    7.2996023360e+01    9.2236262943e+01   -3.0449960848e+02    1.5952993753e+01    8.1841600000e+05    2.7304963234e+00    9.9082966525e-01
        85   -1.2331602570e+02    1.5208663398e+04   -1.9613622343e+02    7.2820197733e+01    9.2069054148e+01   -3.0416881226e+02    1.5963534682e+01    8.1631200000e+05    2.5467917928e+00    9.9084996426e-01
        86   -1.2331757529e+02    1.5209011267e+04   -1.9596174919e+02    7.2644173897e+01    9.1984282084e+01   -3.0386301043e+02    1.5916979156e+01    8.1366800000e+05    2.5291670109e+00    9.9081249682e-01
        87   -1.2331359001e+02    1.5208063632e+04   -1.9628299692e+02    7.2969406910e+01    9.2204466836e+01   -3.0439203022e+02    1.5904566462e+01    8.1848000000e+05    2.6558252966e+00    9.9076837770e-01
        88   -1.2331783828e+02    1.5209170227e+04   -1.9626127422e+02    7.2943435934e+01    9.2319945421e+01   -3.0463036163e+02    1.6049141992e+01    8.2022600000e+05    2.7150582138e+00    9.9082820221e-01
        89   -1.2331073459e+02    1.5207318430e+04   -1.9608634388e+02    7.2775609293e+01    9.2251757240e+01   -3.0436620520e+02    1.6028104080e+01    8.2781500000e+05    2.8196384548e+00    9.9079515351e-01
        90   -1.2330634635e+02    1.5206292516e+04   -1.9611264522e+02    7.2806298866e+01    9.2114468853e+01   -3.0415532617e+02    1.5928212098e+01    8.1516500000e+05    2.6309607313e+00    9.9086617641e-01
        91   -1.2331639150e+02    1.5208715721e+04   -1.9628740140e+02    7.2971009905e+01    9.2198719524e+01   -3.0461933475e+02    1.6133213819e+01    8.0891700000e+05    2.5183036390e+00    9.9086063467e-01
        92   -1.2331357465e+02    1.5208070814e+04   -1.9652687953e+02    7.3213304881e+01    9.2183000169e+01   -3.0466698106e+02    1.5957101357e+01    8.1118700000e+05    2.4543158219e+00    9.9077223438e-01
        93   -1.2331841896e+02    1.5209283253e+04   -1.9632099772e+02    7.3002578759e+01    9.2194385704e+01   -3.0455438431e+02    1.6039000884e+01    8.1771800000e+05    2.6309522777e+00    9.9078196266e-01
        94   -1.2331564134e+02    1.5208529703e+04   -1.9616403366e+02    7.2848392319e+01    9.2039567159e+01   -3.0403415935e+02    1.5830558529e+01    8.3155800000e+05    2.8792818962e+00    9.9086015516e-01
        95   -1.2332019692e+02    1.5209700688e+04   -1.9607041036e+02    7.2750213441e+01    9.1961225070e+01   -3.0386279160e+02    1.5831156175e+01    8.3811600000e+05    2.8866895016e+00    9.9084532187e-01
        96   -1.2331798886e+02    1.5209131150e+04   -1.9594192851e+02    7.2623939648e+01    9.2067098759e+01   -3.0396225757e+02    1.5953230295e+01    8.2453500000e+05    2.7344091381e+00    9.9088930945e-01
        97   -1.2331598780e+02    1.5208645553e+04   -1.9616632727e+02    7.2850339469e+01    9.2121269437e+01   -3.0426137172e+02    1.5973775007e+01    8.1953000000e+05    2.6668678648e+00    9.9080748477e-01
        98   -1.2330959458e+02    1.5207048766e+04   -1.9612782636e+02    7.2818231780e+01    9.2090963831e+01   -3.0431173929e+02    1.6092949096e+01    8.1884700000e+05    2.7461704616e+00    9.9084515450e-01
        99   -1.2331070873e+02    1.5207326529e+04   -1.9628859201e+02    7.2977883277e+01    9.2116414504e+01   -3.0439107426e+02    1.5986067749e+01    8.2065300000e+05    2.7379372518e+00    9.9083519667e-01
       100   -1.2332146488e+02    1.5209999888e+04   -1.9612353660e+02    7.2802071720e+01    9.2088904171e+01   -3.0423295974e+02    1.6020518972e+01    8.1615300000e+05    2.6364795920e+00    9.9084648860e-01
       101   -1.2331498387e+02    1.5208466211e+04   -1.9596487925e+02    7.2649895380e+01    9.2111700088e+01   -3.0409159870e+02    1.6015019358e+01    8.1720600000e+05    2.5962264303e+00    9.9081658099e-01
       102   -1.2331162805e+02    1.5207536729e+04   -1.9564619177e+02    7.2334563721e+01    9.1977723334e+01   -3.0347019820e+02    1.5846283100e+01    8.1335100000e+05    2.5264934080e+00    9.9091932506e-01
       103   -1.2330896327e+02    1.5207004928e+04   -1.9621909153e+02    7.2910128266e+01    9.2257618501e+01   -3.0436612926e+02    1.5889419229e+01    8.2088500000e+05    2.6744812736e+00    9.9079032960e-01
       104   -1.2330833986e+02    1.5206754275e+04   -1.9610574341e+02    7.2797403548e+01    9.2143457325e+01   -3.0426435228e+02    1.6015151542e+01    8.1451600000e+05    2.6358131187e+00    9.9081247078e-01
       105   -1.2331842278e+02    1.5209315549e+04   -1.9581994066e+02    7.2501517876e+01    9.2008227474e+01   -3.0361874706e+02    1.5790578930e+01    8.1295900000e+05    2.4929469137e+00    9.9083139426e-01
       106   -1.2330324160e+02    1.5205470607e+04   -1.9590880132e+02    7.2605559725e+01    9.2040135934e+01   -3.0380819074e+02    1.5859253486e+01    8.1693800000e+05    2.5903332892e+00    9.9084717791e-01
       107   -1.2331143891e+02    1.5207564480e+04   -1.9618868613e+02    7.2877247216e+01    9.2157983296e+01   -3.0424569167e+02    1.5899022240e+01    8.1847300000e+05    2.6113625779e+00    9.9079109367e-01
       108   -1.2331804334e+02    1.5209139165e+04   -1.9608742941e+02    7.2769386067e+01    9.2145835456e+01   -3.0419834622e+02    1.5965081358e+01    8.2833400000e+05    2.8266773066e+00    9.9082807096e-01
       109   -1.2330823296e+02    1.5206727000e+04   -1.9616339785e+02    7.2855164887e+01    9.2142191524e+01   -3.0422870241e+02    1.5923113034e+01    8.2278700000e+05    2.7620180212e+00    9.9080849468e-01
       110   -1.2332011402e+02    1.5209621034e+04   -1.9631189446e+02    7.2991780431e+01    9.2166452850e+01   -3.0447989817e+02    1.6001550864e+01    8.2095300000e+05    2.7028317072e+00    9.9079597817e-01
       111   -1.2330950410e+02    1.5207069969e+04   -1.9602620470e+02    7.2716700608e+01    9.2070671306e+01   -3.0405667274e+02    1.5959796729e+01    8.2068600000e+05    2.7301099324e+00    9.9086840473e-01
       112   -1.2331203476e+02    1.5207680777e+04   -1.9635685645e+02    7.3044821692e+01    9.2335349971e+01   -3.0465111789e+02    1.5958911474e+01    8.1183000000e+05    2.4834339202e+00    9.9075394873e-01
       113   -1.2331910067e+02    1.5209371525e+04   -1.9597811360e+02    7.2659012928e+01    9.2051839293e+01   -3.0397747273e+02    1.5947519838e+01    8.2446500000e+05    2.7476451150e+00    9.9082693669e-01
       114   -1.2331767101e+02    1.5209053794e+04   -1.9608450857e+02    7.2766837561e+01    9.1993321105e+01   -3.0408989101e+02    1.6012061335e+01    8.3213700000e+05    2.8314942345e+00    9.9085706797e-01
       115   -1.2331566804e+02    1.5208569783e+04   -1.9598912746e+02    7.2673459420e+01    9.1980741823e+01   -3.0386903885e+02    1.5899169568e+01    8.2434100000e+05    2.7730137813e+00    9.9081278138e-01
       116   -1.2331457370e+02    1.5208291361e+04   -1.9611080411e+02    7.2796230412e+01    9.1987035134e+01   -3.0413132843e+02    1.6033489182e+01    8.2805900000e+05    2.8012790550e+00    9.9086946198e-01
       117   -1.2331073556e+02    1.5207336388e+04   -1.9629725734e+02    7.2986521778e+01    9.2206396235e+01   -3.0443251483e+02    1.5928861260e+01    8.1532500000e+05    2.5957156757e+00    9.9082899474e-01
       118   -1.2330610671e+02    1.5206163944e+04   -1.9599442650e+02    7.2688319791e+01    9.2040041064e+01   -3.0407788498e+02    1.6043417407e+01    8.1111300000e+05    2.5249738847e+00    9.9085044404e-01
       119   -1.2331103699e+02    1.5207416298e+04   -1.9621668868e+02    7.2905651696e+01    9.2157554685e+01   -3.0428338744e+02    1.5909144071e+01    8.1893100000e+05    2.6552800173e+00    9.9078137777e-01
       120   -1.2330778859e+02    1.5206576914e+04   -1.9601197480e+02    7.2704186206e+01    9.2049187754e+01   -3.0392537369e+02    1.5864211136e+01    8.1630400000e+05    2.5238479276e+00    9.9085245575e-01
       121   -1.2331578973e+02    1.5208594283e+04   -1.9615316162e+02    7.2837371886e+01    9.2111703303e+01   -3.0418876175e+02    1.5923896827e+01    8.2359000000e+05    2.7217431497e+00    9.9081068064e-01
       122   -1.2331277198e+02    1.5207885527e+04   -1.9651298835e+02    7.3200216364e+01    9.2375200230e+01   -3.0486065125e+02    1.5972462670e+01    8.2439900000e+05    2.8280697782e+00    9.9077313420e-01
       123   -1.2331952098e+02    1.5209484922e+04   -1.9594527416e+02    7.2625753181e+01    9.2029117689e+01   -3.0383328284e+02    1.5858890995e+01    8.3064700000e+05    2.9235374948e+00    9.9093298505e-01
       124   -1.2332026917e+02    1.5209904003e+04   -1.9609924284e+02    7.2778973676e+01    9.2020632519e+01   -3.0416428595e+02    1.6044410583e+01    8.2612800000e+05    2.8450746816e+00    9.9083153857e-01
       125   -1.2331638645e+02    1.5208795611e+04   -1.9628928074e+02    7.2972894283e+01    9.2240064396e+01   -3.0467847529e+02    1.6149130158e+01    8.2395800000e+05    2.7808395314e+00    9.9088371514e-01
       126   -1.2331635042e+02    1.5208693555e+04   -1.9597604006e+02    7.2659689635e+01    9.2086427181e+01   -3.0398649577e+02    1.5924028536e+01    8.1619900000e+05    2.4955779465e+00    9.9085054310e-01
       127   -1.2331078180e+02    1.5207375580e+04   -1.9604020178e+02    7.2729419973e+01    9.2109710746e+01   -3.0409024419e+02    1.5940331663e+01    8.2310400000e+05    2.7487337298e+00    9.9085047188e-01
       128   -1.2330207189e+02    1.5205209888e+04   -1.9627439672e+02    7.2972324835e+01    9.2269768768e+01   -3.0441063335e+02    1.5866467857e+01    8.2196600000e+05    2.7073844441e+00    9.9083277908e-01
       129   -1.2331014105e+02    1.5207201411e+04   -1.9608078440e+02    7.2770643348e+01    9.2081599289e+01   -3.0413300489e+02    1.5970621205e+01    8.0612700000e+05    2.5145258515e+00    9.9085199181e-01
       130   -1.2332185995e+02    1.5210132154e+04   -1.9594478278e+02    7.2622922835e+01    9.2045453986e+01   -3.0396954792e+02    1.5979311153e+01    8.1551000000e+05    2.5704037671e+00    9.9083531345e-01
       131   -1.2331630465e+02    1.5208725935e+04   -1.9602885616e+02    7.2712551508e+01    9.2014580552e+01   -3.0404592262e+02    1.6002485904e+01    8.1374200000e+05    2.5063093654e+00    9.9081843200e-01
       132   -1.2331787270e+02    1.5209150147e+04   -1.9605087967e+02    7.2733006966e+01    9.2063953193e+01   -3.0411448002e+02    1.5999647160e+01    8.1751700000e+05    2.5939096778e+00    9.9084209802e-01
       133   -1.2331648826e+02    1.5208769070e+04   -1.9606498891e+02    7.2748500649e+01    9.2194803929e+01   -3.0416240320e+02    1.5902610366e+01    8.1769000000e+05    2.5640163058e+00    9.9088380967e-01
       134   -1.2331434883e+02    1.5208259868e+04   -1.9596977534e+02    7.2655426511e+01    9.2094113325e+01   -3.0391330507e+02    1.5849416398e+01    8.1594800000e+05    2.5711660082e+00    9.9079817094e-01
       135   -1.2332057948e+02    1.5209772615e+04   -1.9575997586e+02    7.2439396387e+01    9.2045067365e+01   -3.0374401344e+02    1.5938970209e+01    8.1053800000e+05    2.5671189923e+00    9.9087083557e-01
       136   -1.2331596164e+02    1.5208696185e+04   -1.9610774792e+02    7.2791786278e+01    9.2124883516e+01   -3.0419240791e+02    1.5959776472e+01    8.1668900000e+05    2.5369724135e+00    9.9085685184e-01
       137   -1.2331430041e+02    1.5208213509e+04   -1.9618554542e+02    7.2871245010e+01    9.2112184955e+01   -3.0421273302e+02    1.5915002650e+01    8.1477200000e+05    2.5688855760e+00    9.9086614732e-01
       138   -1.2331460110e+02    1.5208355970e+04   -1.9609946518e+02    7.2784864078e+01    9.2002241815e+01   -3.0410192316e+02    1.6000216163e+01    8.1460800000e+05    2.5547992864e+00    9.9081283289e-01
       139   -1.2331651530e+02    1.5208801260e+04   -1.9614897044e+02    7.2832455146e+01    9.2162285415e+01   -3.0434104727e+02    1.6029791412e+01    8.1146400000e+05    2.4376078763e+00    9.9089764170e-01
       140   -1.2330811043e+02    1.5206752958e+04   -1.9607262358e+02    7.2764513150e+01    9.2051877906e+01   -3.0406993589e+02    1.5945434404e+01    8.1730600000e+05    2.5675948320e+00    9.9083568942e-01
       141   -1.2331082674e+02    1.5207387290e+04   -1.9611274985e+02    7.2801923114e+01    9.1972315578e+01   -3.0397706081e+02    1.5891995383e+01    8.2044100000e+05    2.6903840764e+00    9.9080654488e-01
       142   -1.2331593739e+02    1.5208632699e+04   -1.9601256333e+02    7.2696625943e+01    9.2021535844e+01   -3.0400407578e+02    1.5969976608e+01    8.1230200000e+05    2.4592124347e+00    9.9082872995e-01
       143   -1.2331843988e+02    1.5209294226e+04   -1.9599347825e+02    7.2675038373e+01    9.1935903037e+01   -3.0379952544e+02    1.5870144156e+01    8.1345600000e+05    2.5242506221e+00    9.9086467254e-01
       144   -1.2331455642e+02    1.5208364011e+04   -1.9608717263e+02    7.2772616208e+01    9.2057384393e+01   -3.0417369935e+02    1.6029142331e+01    8.0845800000e+05    2.4248226502e+00    9.9089108291e-01
       145   -1.2331126186e+02    1.5207458591e+04   -1.9600318206e+02    7.2691920200e+01    9.1973303234e+01   -3.0391672484e+02    1.5940239542e+01    8.1116500000e+05    2.4848095127e+00    9.9085761871e-01
       146   -1.2332245529e+02    1.5210277849e+04   -1.9646155751e+02    7.3139102225e+01    9.2118444091e+01   -3.0448883096e+02    1.5908829362e+01    8.1712600000e+05    2.5786136487e+00    9.9074927849e-01
       147   -1.2330620585e+02    1.5206239367e+04   -1.9610161925e+02    7.2795413400e+01    9.2053154300e+01   -3.0413965948e+02    1.5984885930e+01    8.1861100000e+05    2.5825757203e+00    9.9080684762e-01
       148   -1.2331616379e+02    1.5208697859e+04   -1.9609273678e+02    7.2776572992e+01    9.2092175089e+01   -3.0412604464e+02    1.5941132767e+01    8.0908900000e+05    2.4700968261e+00    9.9081288862e-01
       149   -1.2331970442e+02    1.5209559396e+04   -1.9596895231e+02    7.2649247890e+01    9.2021014687e+01   -3.0395715518e+02    1.5967188176e+01    8.1281600000e+05    2.4903053201e+00    9.9086879486e-01
       150   -1.2331109311e+02    1.5207519675e+04   -1.9604591112e+02    7.2734818006e+01    9.2058373268e+01   -3.0398787774e+02    1.5883593357e+01    8.1589300000e+05    2.5229369411e+00    9.9084562704e-01
       151   -1.2331251877e+02    1.5207731213e+04   -1.9621250870e+02    7.2899989937e+01    9.2168461802e+01   -3.0426656308e+02    1.5885592571e+01    8.1644000000e+05    2.5354571966e+00    9.9084649865e-01
       152   -1.2331059143e+02    1.5207285581e+04   -1.9612904362e+02    7.2818452193e+01    9.2041207443e+01   -3.0413392550e+02    1.5963674438e+01    8.1041000000e+05    2.5495897103e+00    9.9085442603e-01
       153   -1.2330534498e+02    1.5206276029e+04   -1.9622639990e+02    7.2921054913e+01    9.2230028290e+01   -3.0433527933e+02    1.5878851140e+01    8.1779900000e+05    2.6256593172e+00    9.9079435784e-01
       154   -1.2330920655e+02    1.5206960876e+04   -1.9616329588e+02    7.2854089330e+01    9.2057414920e+01   -3.0404654533e+02    1.5825834529e+01    8.0732200000e+05    2.4954523738e+00    9.9083075084e-01
       155   -1.2331870900e+02    1.5209314918e+04   -1.9581543588e+02    7.2496726881e+01    9.1811093557e+01   -3.0345421990e+02    1.5827690461e+01    8.0892700000e+05    2.5244101924e+00    9.9089758954e-01
       156   -1.2332225928e+02    1.5210216311e+04   -1.9607760392e+02    7.2755344638e+01    9.2098562589e+01   -3.0418095380e+02    1.6004787290e+01    8.1727900000e+05    2.6803530217e+00    9.9085798322e-01
       157   -1.2331325572e+02    1.5207944544e+04   -1.9611176707e+02    7.2798511348e+01    9.2136109476e+01   -3.0417495289e+02    1.5927076340e+01    8.1412600000e+05    2.5766228763e+00    9.9086060246e-01
       158   -1.2331592264e+02    1.5208609097e+04   -1.9620007475e+02    7.2884152104e+01    9.2085670115e+01   -3.0423290375e+02    1.5947158887e+01    8.0654300000e+05    2.5189864505e+00    9.9084070479e-01
       159   -1.2331520140e+02    1.5208427773e+04   -1.9588405488e+02    7.2568853486e+01    9.1995077917e+01   -3.0377139555e+02    1.5892262755e+01    8.1389900000e+05    2.4829887135e+00    9.9085714420e-01
       160   -1.2331542152e+02    1.5208537002e+04   -1.9612411618e+02    7.2808694654e+01    9.2119447990e+01   -3.0419079160e+02    1.5947227430e+01    8.2081500000e+05    2.6966488434e+00    9.9080423764e-01
       161   -1.2332037356e+02    1.5209749061e+04   -1.9597334084e+02    7.2652967278e+01    9.2113823663e+01   -3.0409691746e+02    1.6009752954e+01    8.1056700000e+05    2.4987558990e+00    9.9082336329e-01
       162   -1.2330449457e+02    1.5205826351e+04   -1.9611278473e+02    7.2808290158e+01    9.2149752903e+01   -3.0424455076e+02    1.5982013129e+01    8.1867700000e+05    2.6525657715e+00    9.9085135633e-01
       163   -1.2331614377e+02    1.5208693329e+04   -1.9599571799e+02    7.2679574217e+01    9.2001054023e+01   -3.0394915091e+02    1.5952378897e+01    8.1033600000e+05    2.4381599852e+00    9.9088054189e-01
       164   -1.2330769661e+02    1.5206577113e+04   -1.9624600148e+02    7.2938304872e+01    9.2064155059e+01   -3.0416873363e+02    1.5858577092e+01    8.1789400000e+05    2.6165679316e+00    9.9087201225e-01
       165   -1.2331742073e+02    1.5208988754e+04   -1.9618309103e+02    7.2865670305e+01    9.2041659201e+01   -3.0411537143e+02    1.5890621199e+01    8.1530500000e+05    2.5765491640e+00    9.9086716356e-01
       166   -1.2331039814e+02    1.5207279611e+04   -1.9589585722e+02    7.2585459077e+01    9.1976547783e+01   -3.0379326987e+02    1.5920864864e+01    8.1757300000e+05    2.5554689714e+00    9.9088042114e-01
       167   -1.2331378628e+02    1.5208091894e+04   -1.9618430704e+02    7.2870520755e+01    9.2055010261e+01   -3.0421594528e+02    1.5976627983e+01    8.0970500000e+05    2.4920619063e+00    9.9079303158e-01
       168   -1.2331966543e+02    1.5209567345e+04   -1.9644785361e+02    7.3128188183e+01    9.2314983250e+01   -3.0472138238e+02    1.5958545514e+01    8.2011200000e+05    2.6720310645e+00    9.9080053208e-01
       169   -1.2331822498e+02    1.5209152878e+04   -1.9624009415e+02    7.2921869169e+01    9.2178606443e+01   -3.0444444473e+02    1.6025744141e+01    8.1122300000e+05    2.5362625585e+00    9.9084773498e-01
       170   -1.2331590611e+02    1.5208641456e+04   -1.9611355920e+02    7.2797653092e+01    9.2211277084e+01   -3.0448690901e+02    1.6162072718e+01    8.0981000000e+05    2.5424274160e+00    9.9090045536e-01
       171   -1.2331094664e+02    1.5207375886e+04   -1.9615481020e+02    7.2843863560e+01    9.2041089769e+01   -3.0420853599e+02    1.6012636023e+01    8.0692700000e+05    2.5213108454e+00    9.9080484069e-01
       172   -1.2330866217e+02    1.5206813216e+04   -1.9611916993e+02    7.2810507759e+01    9.2040991647e+01   -3.0410428803e+02    1.5944126449e+01    8.0557300000e+05    2.4946736272e+00    9.9082535663e-01
       173   -1.2331121992e+02    1.5207455897e+04   -1.9566055200e+02    7.2349332083e+01    9.1919511837e+01   -3.0340914953e+02    1.5829085693e+01    8.0678500000e+05    2.5191910549e+00    9.9086208283e-01
       174   -1.2331115911e+02    1.5207468323e+04   -1.9593434046e+02    7.2623181344e+01    9.2060398772e+01   -3.0380523298e+02    1.5810493747e+01    8.2304300000e+05    2.7452619555e+00    9.9093084579e-01
       175   -1.2331539171e+02    1.5208507534e+04   -1.9604673215e+02    7.2731340443e+01    9.2033237424e+01   -3.0395760923e+02    1.5877639656e+01    8.1399200000e+05    2.4937287213e+00    9.9089582741e-01
       176   -1.2332222605e+02    1.5210218918e+04   -1.9639277903e+02    7.3070552973e+01    9.2186696443e+01   -3.0469078751e+02    1.6111312040e+01    8.1809700000e+05    2.5725153666e+00    9.9077514434e-01
       177   -1.2331591320e+02    1.5208593640e+04   -1.9609145287e+02    7.2775539668e+01    9.2033777140e+01   -3.0411942193e+02    1.5994191915e+01    8.2453200000e+05    2.8318339265e+00    9.9086995531e-01
       178   -1.2331203383e+02    1.5207661335e+04   -1.9601587345e+02    7.2703839627e+01    9.1979565655e+01   -3.0391248683e+02    1.5917047722e+01    8.1825600000e+05    2.6201013683e+00    9.9080421353e-01
       179   -1.2331714654e+02    1.5208940525e+04   -1.9613780480e+02    7.2820658253e+01    9.2108246510e+01   -3.0407357900e+02    1.5827527694e+01    8.2291500000e+05    2.6965418474e+00    9.9079909177e-01
       180   -1.2332081178e+02    1.5209869318e+04   -1.9618835331e+02    7.2867541533e+01    9.2239124338e+01   -3.0441490048e+02    1.5987422826e+01    8.2325000000e+05    2.7494433343e+00    9.9079884456e-01
       181   -1.2331250272e+02    1.5207771011e+04   -1.9604380290e+02    7.2731300177e+01    9.1979328380e+01   -3.0388866352e+02    1.5865532242e+01    8.2197100000e+05    3.0931782129e+00    9.9085933562e-01
       182   -1.2331123628e+02    1.5207450692e+04   -1.9604434750e+02    7.2733111215e+01    9.2026283721e+01   -3.0393917445e+02    1.5868543230e+01    8.2192400000e+05    3.3560012383e+00    9.9084702626e-01
       183   -1.2332066747e+02    1.5209794232e+04   -1.9624081714e+02    7.2920149675e+01    9.2109211657e+01   -3.0435276228e+02    1.6002733476e+01    8.2340700000e+05    2.8833007854e+00    9.9077926365e-01
       184   -1.2332424500e+02    1.5210608345e+04   -1.9605228518e+02    7.2728040181e+01    9.2143234509e+01   -3.0415391075e+02    1.5958391057e+01    8.2772000000e+05    2.8494336791e+00    9.9088451732e-01
       185   -1.2332099565e+02    1.5209864163e+04   -1.9587572971e+02    7.2554734056e+01    9.2127726439e+01   -3.0390369676e+02    1.5900240613e+01    8.3059900000e+05    2.9727101368e+00    9.9091438461e-01
       186   -1.2331117510e+02    1.5207476757e+04   -1.9608190319e+02    7.2770728090e+01    9.2049197416e+01   -3.0397503411e+02    1.5843933507e+01    8.2412100000e+05    2.8768786846e+00    9.9087441591e-01
       187   -1.2331349173e+02    1.5208057636e+04   -1.9595328284e+02    7.2639791110e+01    9.1986934065e+01   -3.0394417545e+02    1.6003958536e+01    8.2740200000e+05    2.9109320953e+00    9.9085128435e-01
       188   -1.2330518732e+02    1.5205984236e+04   -1.9595626970e+02    7.2651082382e+01    9.1980586130e+01   -3.0387315504e+02    1.5936299204e+01    8.2505500000e+05    2.8957740632e+00    9.9087580203e-01
       189   -1.2331715197e+02    1.5208921489e+04   -1.9604438788e+02    7.2727235911e+01    9.2080229136e+01   -3.0412399216e+02    1.5999375144e+01    8.0798600000e+05    2.9298773252e+00    9.9084699819e-01
       190   -1.2331066834e+02    1.5207329190e+04   -1.9619954151e+02    7.2888873162e+01    9.2154626454e+01   -3.0430045203e+02    1.5946284065e+01    8.1099300000e+05    2.9244847354e+00    9.9082455766e-01
       191   -1.2331894556e+02    1.5209359242e+04   -1.9640385605e+02    7.3084910495e+01    9.2210900144e+01   -3.0457159540e+02    1.5956839203e+01    8.1270800000e+05    2.9504969900e+00    9.9082816371e-01
       192   -1.2331736375e+02    1.5209006528e+04   -1.9616471551e+02    7.2847351757e+01    9.2065593103e+01   -3.0424758537e+02    1.6017276758e+01    8.1434100000e+05    2.9492629534e+00    9.9080962475e-01
       193   -1.2330806676e+02    1.5206686624e+04   -1.9620081383e+02    7.2892747064e+01    9.2074128530e+01   -3.0416644243e+02    1.5891500071e+01    8.1231200000e+05    2.9554236012e+00    9.9084203694e-01
       194   -1.2331345796e+02    1.5208052512e+04   -1.9617170807e+02    7.2858250106e+01    9.2088312926e+01   -3.0420542033e+02    1.5945399340e+01    8.0937200000e+05    2.9262780675e+00    9.9077302285e-01
       195   -1.2331918518e+02    1.5209510496e+04   -1.9595805104e+02    7.2638865856e+01    9.2109984824e+01   -3.0408358614e+02    1.6015550282e+01    8.2254000000e+05    2.9036363959e+00    9.9082614403e-01
       196   -1.2331268406e+02    1.5207828655e+04   -1.9591537234e+02    7.2602688285e+01    9.1964245712e+01   -3.0373367435e+02    1.5854056296e+01    8.1669000000e+05    2.9447711506e+00    9.9084874495e-01
       197   -1.2332265040e+02    1.5210315005e+04   -1.9593829884e+02    7.2615648442e+01    9.2010982137e+01   -3.0396988233e+02    1.6020601351e+01    8.1935500000e+05    2.9614106242e+00    9.9083747746e-01
       198   -1.2331561554e+02    1.5208531724e+04   -1.9619253009e+02    7.2876914550e+01    9.2027230269e+01   -3.0402769421e+02    1.5807933851e+01    8.2155600000e+05    3.0501226778e+00    9.9081087290e-01
       199   -1.2331376421e+02    1.5208182665e+04   -1.9609888273e+02    7.2785118513e+01    9.2061251989e+01   -3.0412650107e+02    1.5966366350e+01    8.2801400000e+05    2.8981876979e+00    9.9082289138e-01
       200   -1.2331138319e+02    1.5207495506e+04   -1.9613920657e+02    7.2827823382e+01    9.2214128825e+01   -3.0428641630e+02    1.5933080898e+01    8.2106800000e+05    3.0501671692e+00    9.9084485316e-01
       201   -1.2331478221e+02    1.5208343240e+04   -1.9615642825e+02    7.2841646041e+01    9.2208609821e+01   -3.0430478448e+02    1.5939746408e+01    8.2373800000e+05    3.1189436547e+00    9.9081872057e-01
       202   -1.2331456384e+02    1.5208335295e+04   -1.9610327909e+02    7.2788715256e+01    9.2213723230e+01   -3.0436095317e+02    1.6043950847e+01    8.2903400000e+05    2.9616657833e+00    9.9082636066e-01
       203   -1.2331560568e+02    1.5208525573e+04   -1.9592366436e+02    7.2608058680e+01    9.2088464074e+01   -3.0391689810e+02    1.5904769667e+01    8.2267500000e+05    2.9424533101e+00    9.9085969678e-01
       204   -1.2332033645e+02    1.5209709291e+04   -1.9606379748e+02    7.2743461030e+01    9.2088509729e+01   -3.0419024390e+02    1.6037936694e+01    8.1737200000e+05    2.9363782029e+00    9.9082171706e-01
       205   -1.2331653786e+02    1.5208796339e+04   -1.9595308893e+02    7.2636551072e+01    9.2062028657e+01   -3.0403169229e+02    1.6016574705e+01    8.1993800000e+05    2.8759449329e+00    9.9087877649e-01
       206   -1.2331266183e+02    1.5207806143e+04   -1.9600200299e+02    7.2689341161e+01    9.2155501031e+01   -3.0402604697e+02    1.5868542955e+01    8.2645100000e+05    3.0058127812e+00    9.9083576663e-01
       207   -1.2330950778e+02    1.5207051170e+04   -1.9620596805e+02    7.2896460270e+01    9.2253580161e+01   -3.0444362724e+02    1.5984079025e+01    8.1609600000e+05    2.8733630185e+00    9.9080015113e-01
       208   -1.2331702267e+02    1.5208884511e+04   -1.9615110441e+02    7.2834081732e+01    9.2178419680e+01   -3.0427667646e+02    1.5947152378e+01    8.1456900000e+05    2.8090128049e+00    9.9082280451e-01
       209   -1.2331422960e+02    1.5208196057e+04   -1.9612454906e+02    7.2810319460e+01    9.2207912613e+01   -3.0425650055e+02    1.5924038879e+01    8.1177000000e+05    2.8567816219e+00    9.9088529312e-01
       210   -1.2331191151e+02    1.5207702091e+04   -1.9579722145e+02    7.2485309940e+01    9.2004217100e+01   -3.0378913602e+02    1.5987697470e+01    8.1060300000e+05    2.6581024369e+00    9.9083815292e-01
       211   -1.2331199065e+02    1.5207676328e+04   -1.9583467339e+02    7.2522682739e+01    9.1922636042e+01   -3.0369113416e+02    1.5933824727e+01    8.0351800000e+05    2.5912976277e+00    9.9086189951e-01
       212   -1.2332038210e+02    1.5209971883e+04   -1.9604066508e+02    7.2720282985e+01    9.1946616714e+01   -3.0390210385e+02    1.5914822048e+01    8.0579200000e+05    2.4894329896e+00    9.9079393189e-01
       213   -1.2331398872e+02    1.5208160075e+04   -1.9600787546e+02    7.2693886741e+01    9.2160246934e+01   -3.0408259121e+02    1.5914468817e+01    8.1804900000e+05    2.6485611873e+00    9.9087894093e-01
       214   -1.2331460718e+02    1.5208268902e+04   -1.9598461391e+02    7.2670006732e+01    9.2244178644e+01   -3.0413667417e+02    1.5907881621e+01    8.1481700000e+05    2.4917884995e+00    9.9085720929e-01
       215   -1.2332443851e+02    1.5210676146e+04   -1.9612116505e+02    7.2796726540e+01    9.2246617019e+01   -3.0441042770e+02    1.6042645626e+01    8.1677100000e+05    2.5609928030e+00    9.9087055584e-01
       216   -1.2331466559e+02    1.5208291660e+04   -1.9622784778e+02    7.2913182188e+01    9.2277785870e+01   -3.0459019766e+02    1.6084564013e+01    8.1397700000e+05    2.4684814152e+00    9.9077615062e-01
       217   -1.2331173428e+02    1.5207603124e+04   -1.9628136824e+02    7.2969633960e+01    9.2313631892e+01   -3.0454349281e+02    1.5948492681e+01    8.1277600000e+05    2.5418919434e+00    9.9083132536e-01
       218   -1.2331284435e+02    1.5207846436e+04   -1.9592819821e+02    7.2615353856e+01    9.2024358788e+01   -3.0386445214e+02    1.5911895145e+01    8.2154400000e+05    2.6920890508e+00    9.9084861435e-01
       219   -1.2331768270e+02    1.5209016765e+04   -1.9600901564e+02    7.2691332939e+01    9.2017565562e+01   -3.0399686422e+02    1.5970283018e+01    8.1229200000e+05    2.4748094645e+00    9.9085056708e-01
       220   -1.2331402301e+02    1.5208117238e+04   -1.9597964533e+02    7.2665622320e+01    9.2096667785e+01   -3.0392715585e+02    1.5850842743e+01    8.1495200000e+05    2.4758919210e+00    9.9086989364e-01
       221   -1.2331451574e+02    1.5208448680e+04   -1.9597979588e+02    7.2665280139e+01    9.1897645616e+01   -3.0378457626e+02    1.5907134761e+01    8.1214800000e+05    2.4905821539e+00    9.9082810078e-01
       222   -1.2331731967e+02    1.5208958611e+04   -1.9592078627e+02    7.2603466598e+01    9.1891856541e+01   -3.0370979529e+02    1.5897152482e+01    8.1087100000e+05    2.4574101586e+00    9.9080151234e-01
       223   -1.2331087314e+02    1.5207387469e+04   -1.9609110118e+02    7.2780228040e+01    9.2070070973e+01   -3.0414777151e+02    1.5986599359e+01    8.1327800000e+05    2.4565877439e+00    9.9079944256e-01
       224   -1.2330601092e+02    1.5206129308e+04   -1.9613860587e+02    7.2832594950e+01    9.2062873523e+01   -3.0410841968e+02    1.5906940282e+01    8.1451200000e+05    2.6002344321e+00    9.9080219792e-01
       225   -1.2331104490e+02    1.5207450658e+04   -1.9577600736e+02    7.2464962453e+01    9.1883390571e+01   -3.0343937105e+02    1.5779973121e+01    8.0787400000e+05    2.4853892133e+00    9.9083735926e-01
       226   -1.2331550445e+02    1.5208546406e+04   -1.9610586884e+02    7.2790364388e+01    9.2080133828e+01   -3.0423190720e+02    1.6045904532e+01    8.1160800000e+05    2.4867263392e+00    9.9086365737e-01
       227   -1.2331733645e+02    1.5209069642e+04   -1.9593746352e+02    7.2620127069e+01    9.1986900013e+01   -3.0382978359e+02    1.5905420055e+01    8.1386800000e+05    2.5006400549e+00    9.9084340511e-01
       228   -1.2331787519e+02    1.5209130476e+04   -1.9604717507e+02    7.2729299875e+01    9.2048586548e+01   -3.0417212498e+02    1.6076363371e+01    8.2098100000e+05    2.7374510148e+00    9.9086271841e-01
       229   -1.2330734376e+02    1.5206477117e+04   -1.9603247599e+02    7.2725132232e+01    9.2080511136e+01   -3.0410841129e+02    1.5995424161e+01    8.2757000000e+05    2.8422225704e+00    9.9087952052e-01
       230   -1.2330989075e+02    1.5207234059e+04   -1.9607864440e+02    7.2768753642e+01    9.2049967614e+01   -3.0401551097e+02    1.5886898962e+01    8.2510600000e+05    2.8059948399e+00    9.9087056733e-01
       231   -1.2331457799e+02    1.5208287890e+04   -1.9593384966e+02    7.2619271669e+01    9.1863780406e+01   -3.0372327573e+02    1.5925645667e+01    8.1637700000e+05    2.6611950183e+00    9.9088616915e-01
       232   -1.2330592950e+02    1.5206151094e+04   -1.9607445016e+02    7.2768520653e+01    9.2071823702e+01   -3.0409839840e+02    1.5952124540e+01    8.0794100000e+05    2.4876463003e+00    9.9080882001e-01
       233   -1.2331209118e+02    1.5207717580e+04   -1.9628167306e+02    7.2969581881e+01    9.2176294602e+01   -3.0452107414e+02    1.6063106475e+01    8.1837300000e+05    2.5698479165e+00    9.9086215949e-01
       234   -1.2331725971e+02    1.5208993444e+04   -1.9610432564e+02    7.2787065925e+01    9.2132816582e+01   -3.0416586421e+02    1.5928721987e+01    8.1335800000e+05    2.4866287662e+00    9.9082842776e-01
       235   -1.2331639600e+02    1.5208745102e+04   -1.9641752319e+02    7.3101127195e+01    9.2234261831e+01   -3.0462723629e+02    1.5975451269e+01    8.1911000000e+05    2.6899671545e+00    9.9079174161e-01
       236   -1.2331057043e+02    1.5207315529e+04   -1.9597697561e+02    7.2666405180e+01    9.1988795004e+01   -3.0382696840e+02    1.5861197785e+01    8.1649800000e+05    2.6153303625e+00    9.9087137496e-01
       237   -1.2331229168e+02    1.5207719334e+04   -1.9595117505e+02    7.2638883370e+01    9.2010355809e+01   -3.0382440881e+02    1.5862877951e+01    8.0691100000e+05    2.4844643928e+00    9.9088546355e-01
       238   -1.2331421332e+02    1.5208208670e+04   -1.9611891407e+02    7.2804700749e+01    9.1994772604e+01   -3.0402240161e+02    1.5908714931e+01    8.1195100000e+05    2.4578993591e+00    9.9083221578e-01
       239   -1.2331457675e+02    1.5208310146e+04   -1.9596870150e+02    7.2654124753e+01    9.2003511491e+01   -3.0376834050e+02    1.5796127508e+01    8.0886200000e+05    2.5165455332e+00    9.9083384736e-01
       240   -1.2331260272e+02    1.5207817518e+04   -1.9576921571e+02    7.2456612985e+01    9.1932760845e+01   -3.0356021463e+02    1.5858238081e+01    8.0859700000e+05    2.4866401581e+00    9.9086907601e-01
       241   -1.2330700562e+02    1.5206402019e+04   -1.9601115362e+02    7.2704147997e+01    9.1972390569e+01   -3.0399583135e+02    1.6012287157e+01    8.1384700000e+05    2.5025073346e+00    9.9087153482e-01
       242   -1.2331659902e+02    1.5208774555e+04   -1.9617815228e+02    7.2861553257e+01    9.2065305892e+01   -3.0413463203e+02    1.5891173857e+01    8.1560500000e+05    2.5220217472e+00    9.9081158619e-01
       243   -1.2330884349e+02    1.5206940116e+04   -1.9619827875e+02    7.2889435255e+01    9.2020021340e+01   -3.0418524458e+02    1.5966944492e+01    8.1464100000e+05    2.5322585688e+00    9.9078581745e-01
       244   -1.2330805210e+02    1.5206712972e+04   -1.9586469538e+02    7.2556643283e+01    9.1893398891e+01   -3.0358123231e+02    1.5823138039e+01    8.1089500000e+05    2.5136562039e+00    9.9089217441e-01
       245   -1.2331315486e+02    1.5207934335e+04   -1.9613319549e+02    7.2820040630e+01    9.2095707780e+01   -3.0420326981e+02    1.5974366537e+01    8.1415200000e+05    2.5389379112e+00    9.9086155855e-01
       246   -1.2331255285e+02    1.5207784606e+04   -1.9581635951e+02    7.2503806658e+01    9.1970578319e+01   -3.0362165964e+02    1.5834721816e+01    8.1906300000e+05    2.6309481587e+00    9.9088071612e-01
       247   -1.2332005282e+02    1.5209671182e+04   -1.9591568424e+02    7.2595631424e+01    9.1978720682e+01   -3.0387682237e+02    1.5982417451e+01    8.2372200000e+05    2.7930723128e+00    9.9081366910e-01
       248   -1.2331888133e+02    1.5209379342e+04   -1.9612180352e+02    7.2802922192e+01    9.2086269780e+01   -3.0411622967e+02    1.5908156377e+01    8.2646800000e+05    2.8372001352e+00    9.9082862473e-01
       249   -1.2331279739e+02    1.5207854765e+04   -1.9610346823e+02    7.2790670834e+01    9.2027247816e+01   -3.0401679498e+02    1.5886078938e+01    8.2816800000e+05    2.8277249208e+00    9.9077632190e-01
