 $DATA  
                                                                                
C1       0
B           5.0      0.0000000000      0.0000000000      0.0000000000
   S       9
     1             11.7605000000 -0.00367570
     2              5.1505200000  0.02505170
     3              2.5782760000 -0.12492280
     4              1.2906480000 -0.06628740
     5              0.6460800000  0.10073410
     6              0.3234180000  0.33754920
     7              0.1618980000  0.43084310
     8              0.0810440000  0.24865580
     9              0.0405690000  0.03172950
   S       1
     1              0.4222170000  1.00000000
   S       1
     1              0.3051330000  1.00000000
   S       1
     1              0.0829680000  1.00000000
   P       9
     1              7.4707010000  0.00473970
     2              3.7357430000  0.03760090
     3              1.8680680000  0.05106000
     4              0.9341320000  0.14565870
     5              0.4671150000  0.22379330
     6              0.2335820000  0.31994670
     7              0.1168030000  0.28501850
     8              0.0584080000  0.14488080
     9              0.0292070000  0.01769620
   P       1
     1              0.4470310000  1.00000000
   P       1
     1              0.1966140000  1.00000000
   P       1
     1              0.0664450000  1.00000000
   D       1
     1              1.1426140000  1.00000000
   D       1
     1              0.4107330000  1.00000000
   D       1
     1              0.1491000000  1.00000000
   F       1
     1              0.8700110000  1.00000000
   F       1
     1              0.3159020000  1.00000000
   G       1
     1              0.7107460000  1.00000000
        
 $END      
--- OPEN SHELL ORBITALS --- GENERATED AT Thu Sep 27 12:38:47 2018
                                                                                
E(ROHF)=       -2.5393002870, E(NUC)=    0.0000000000,    8 ITERS
 $VEC   
 1  1 1.00013037E+00 1.19535649E-04-1.06857315E-04-1.69147231E-04 0.00000000E+00
 1  2 0.00000000E+00 0.00000000E+00 0.00000000E+00 0.00000000E+00 0.00000000E+00
 1  3 0.00000000E+00 0.00000000E+00 0.00000000E+00 0.00000000E+00 0.00000000E+00
 1  4 0.00000000E+00 1.50648816E-03-7.53244081E-04-7.53244080E-04 0.00000000E+00
 1  5 0.00000000E+00 0.00000000E+00-8.01042892E-04 4.00521446E-04 4.00521446E-04
 1  6 0.00000000E+00 0.00000000E+00 0.00000000E+00 7.00812601E-03-3.50406300E-03
 1  7-3.50406300E-03 0.00000000E+00 0.00000000E+00 0.00000000E+00 0.00000000E+00
 1  8 0.00000000E+00 0.00000000E+00 0.00000000E+00 0.00000000E+00 0.00000000E+00
 1  9 0.00000000E+00 0.00000000E+00 0.00000000E+00 0.00000000E+00 0.00000000E+00
 1 10 0.00000000E+00 0.00000000E+00 0.00000000E+00 0.00000000E+00 0.00000000E+00
 1 11 0.00000000E+00 0.00000000E+00 0.00000000E+00 0.00000000E+00-2.53191382E-05
 1 12-9.49467695E-06-9.49467669E-06 0.00000000E+00 0.00000000E+00 0.00000000E+00
 1 13 0.00000000E+00 0.00000000E+00 0.00000000E+00 2.22380542E-05 2.22380537E-05
 1 14-5.55951353E-06 0.00000000E+00 0.00000000E+00 0.00000000E+00
 2  1 0.00000000E+00 0.00000000E+00 0.00000000E+00 0.00000000E+00 9.99868849E-01
 2  2 0.00000000E+00 0.00000000E+00-7.84690579E-06 0.00000000E+00 0.00000000E+00
 2  3-4.77846761E-05 0.00000000E+00 0.00000000E+00 2.51887740E-04 0.00000000E+00
 2  4 0.00000000E+00 0.00000000E+00 0.00000000E+00 0.00000000E+00 0.00000000E+00
 2  5 0.00000000E+00 0.00000000E+00 0.00000000E+00 0.00000000E+00 0.00000000E+00
 2  6 0.00000000E+00 0.00000000E+00 0.00000000E+00 0.00000000E+00 0.00000000E+00
 2  7 0.00000000E+00 0.00000000E+00 0.00000000E+00 0.00000000E+00-4.99357797E-05
 2  8 0.00000000E+00 0.00000000E+00 0.00000000E+00 0.00000000E+00 3.34979399E-05
 2  9 0.00000000E+00 3.34979389E-05 0.00000000E+00 0.00000000E+00-7.08712005E-05
 2 10 0.00000000E+00 0.00000000E+00 0.00000000E+00 0.00000000E+00 4.75418458E-05
 2 11 0.00000000E+00 4.75418474E-05 0.00000000E+00 0.00000000E+00 0.00000000E+00
 2 12 0.00000000E+00 0.00000000E+00 0.00000000E+00 0.00000000E+00 0.00000000E+00
 2 13 0.00000000E+00 0.00000000E+00 0.00000000E+00 0.00000000E+00 0.00000000E+00
 2 14 0.00000000E+00 0.00000000E+00 0.00000000E+00 0.00000000E+00
 3  1 0.00000000E+00 0.00000000E+00 0.00000000E+00 0.00000000E+00 0.00000000E+00
 3  2 0.00000000E+00 5.99298974E-01 0.00000000E+00 0.00000000E+00 4.58035906E-02
 3  3 0.00000000E+00 0.00000000E+00-6.57772676E-02 0.00000000E+00 0.00000000E+00
 3  4 5.04584354E-01 0.00000000E+00 0.00000000E+00 0.00000000E+00 0.00000000E+00
 3  5 0.00000000E+00 0.00000000E+00 0.00000000E+00 0.00000000E+00 0.00000000E+00
 3  6 0.00000000E+00 0.00000000E+00 0.00000000E+00 0.00000000E+00 0.00000000E+00
 3  7 0.00000000E+00 0.00000000E+00 0.00000000E+00 0.00000000E+00 0.00000000E+00
 3  8 0.00000000E+00-9.52643080E-04 0.00000000E+00 1.70413975E-03 0.00000000E+00
 3  9-4.26034937E-04 0.00000000E+00 0.00000000E+00 0.00000000E+00 0.00000000E+00
 3 10 0.00000000E+00-3.54058118E-03 0.00000000E+00 6.33358415E-03 0.00000000E+00
 3 11-1.58339604E-03 0.00000000E+00 0.00000000E+00 0.00000000E+00 0.00000000E+00
 3 12 0.00000000E+00 0.00000000E+00 0.00000000E+00 0.00000000E+00 0.00000000E+00
 3 13 0.00000000E+00 0.00000000E+00 0.00000000E+00 0.00000000E+00 0.00000000E+00
 3 14 0.00000000E+00 0.00000000E+00 0.00000000E+00 0.00000000E+00
 4  1 0.00000000E+00 0.00000000E+00 0.00000000E+00 0.00000000E+00 0.00000000E+00
 4  2 5.99298974E-01 0.00000000E+00 0.00000000E+00 4.58035906E-02 0.00000000E+00
 4  3 0.00000000E+00-6.57772676E-02 0.00000000E+00 0.00000000E+00 5.04584354E-01
 4  4 0.00000000E+00 0.00000000E+00 0.00000000E+00 0.00000000E+00 0.00000000E+00
 4  5 0.00000000E+00 0.00000000E+00 0.00000000E+00 0.00000000E+00 0.00000000E+00
 4  6 0.00000000E+00 0.00000000E+00 0.00000000E+00 0.00000000E+00 0.00000000E+00
 4  7 0.00000000E+00 0.00000000E+00 0.00000000E+00 0.00000000E+00 0.00000000E+00
 4  8-9.52643080E-04 0.00000000E+00 1.70413975E-03 0.00000000E+00 0.00000000E+00
 4  9 0.00000000E+00 0.00000000E+00-4.26034937E-04 0.00000000E+00 0.00000000E+00
 4 10-3.54058117E-03 0.00000000E+00 6.33358415E-03 0.00000000E+00 0.00000000E+00
 4 11 0.00000000E+00 0.00000000E+00-1.58339604E-03 0.00000000E+00 0.00000000E+00
 4 12 0.00000000E+00 0.00000000E+00 0.00000000E+00 0.00000000E+00 0.00000000E+00
 4 13 0.00000000E+00 0.00000000E+00 0.00000000E+00 0.00000000E+00 0.00000000E+00
 4 14 0.00000000E+00 0.00000000E+00 0.00000000E+00 0.00000000E+00
 5  1 0.00000000E+00 0.00000000E+00 0.00000000E+00 0.00000000E+00-8.65970587E-01
 5  2 0.00000000E+00 0.00000000E+00 2.57077580E-01 0.00000000E+00 0.00000000E+00
 5  3-5.53420306E-01 0.00000000E+00 0.00000000E+00 1.59689957E+00 0.00000000E+00
 5  4 0.00000000E+00 0.00000000E+00 0.00000000E+00 0.00000000E+00 0.00000000E+00
 5  5 0.00000000E+00 0.00000000E+00 0.00000000E+00 0.00000000E+00 0.00000000E+00
 5  6 0.00000000E+00 0.00000000E+00 0.00000000E+00 0.00000000E+00 0.00000000E+00
 5  7 0.00000000E+00 0.00000000E+00 0.00000000E+00 0.00000000E+00-2.28343220E-04
 5  8 0.00000000E+00 0.00000000E+00 0.00000000E+00 0.00000000E+00 1.53177288E-04
 5  9 0.00000000E+00 1.53177289E-04 0.00000000E+00 0.00000000E+00-2.13119352E-03
 5 10 0.00000000E+00 0.00000000E+00 0.00000000E+00 0.00000000E+00 1.42964808E-03
 5 11 0.00000000E+00 1.42964808E-03 0.00000000E+00 0.00000000E+00 0.00000000E+00
 5 12 0.00000000E+00 0.00000000E+00 0.00000000E+00 0.00000000E+00 0.00000000E+00
 5 13 0.00000000E+00 0.00000000E+00 0.00000000E+00 0.00000000E+00 0.00000000E+00
 5 14 0.00000000E+00 0.00000000E+00 0.00000000E+00 0.00000000E+00
 6  1 0.00000000E+00 0.00000000E+00 0.00000000E+00 0.00000000E+00 0.00000000E+00
 6  2-1.00654424E+00 0.00000000E+00 0.00000000E+00 3.26260907E-01 0.00000000E+00
 6  3 0.00000000E+00-7.62373776E-01 0.00000000E+00 0.00000000E+00 1.53811286E+00
 6  4 0.00000000E+00 0.00000000E+00 0.00000000E+00 0.00000000E+00 0.00000000E+00
 6  5 0.00000000E+00 0.00000000E+00 0.00000000E+00 0.00000000E+00 0.00000000E+00
 6  6 0.00000000E+00 0.00000000E+00 0.00000000E+00 0.00000000E+00 0.00000000E+00
 6  7 0.00000000E+00 0.00000000E+00 0.00000000E+00 0.00000000E+00 0.00000000E+00
 6  8 4.91135066E-04 0.00000000E+00-8.78569116E-04 0.00000000E+00 0.00000000E+00
 6  9 0.00000000E+00 0.00000000E+00 2.19642279E-04 0.00000000E+00 0.00000000E+00
 6 10 2.53995734E-03 0.00000000E+00-4.54361382E-03 0.00000000E+00 0.00000000E+00
 6 11 0.00000000E+00 0.00000000E+00 1.13590346E-03 0.00000000E+00 0.00000000E+00
 6 12 0.00000000E+00 0.00000000E+00 0.00000000E+00 0.00000000E+00 0.00000000E+00
 6 13 0.00000000E+00 0.00000000E+00 0.00000000E+00 0.00000000E+00 0.00000000E+00
 6 14 0.00000000E+00 0.00000000E+00 0.00000000E+00 0.00000000E+00
 7  1 0.00000000E+00 0.00000000E+00 0.00000000E+00 0.00000000E+00 0.00000000E+00
 7  2 0.00000000E+00-1.00654424E+00 0.00000000E+00 0.00000000E+00 3.26260907E-01
 7  3 0.00000000E+00 0.00000000E+00-7.62373776E-01 0.00000000E+00 0.00000000E+00
 7  4 1.53811286E+00 0.00000000E+00 0.00000000E+00 0.00000000E+00 0.00000000E+00
 7  5 0.00000000E+00 0.00000000E+00 0.00000000E+00 0.00000000E+00 0.00000000E+00
 7  6 0.00000000E+00 0.00000000E+00 0.00000000E+00 0.00000000E+00 0.00000000E+00
 7  7 0.00000000E+00 0.00000000E+00 0.00000000E+00 0.00000000E+00 0.00000000E+00
 7  8 0.00000000E+00 4.91135066E-04 0.00000000E+00-8.78569116E-04 0.00000000E+00
 7  9 2.19642279E-04 0.00000000E+00 0.00000000E+00 0.00000000E+00 0.00000000E+00
 7 10 0.00000000E+00 2.53995734E-03 0.00000000E+00-4.54361382E-03 0.00000000E+00
 7 11 1.13590346E-03 0.00000000E+00 0.00000000E+00 0.00000000E+00 0.00000000E+00
 7 12 0.00000000E+00 0.00000000E+00 0.00000000E+00 0.00000000E+00 0.00000000E+00
 7 13 0.00000000E+00 0.00000000E+00 0.00000000E+00 0.00000000E+00 0.00000000E+00
 7 14 0.00000000E+00 0.00000000E+00 0.00000000E+00 0.00000000E+00
 8  1 4.94541015E-01-1.68895485E+00 2.95473570E+00-1.94910850E+00 0.00000000E+00
 8  2 0.00000000E+00 0.00000000E+00 0.00000000E+00 0.00000000E+00 0.00000000E+00
 8  3 0.00000000E+00 0.00000000E+00 0.00000000E+00 0.00000000E+00 0.00000000E+00
 8  4 0.00000000E+00 7.48003848E-03-3.74001924E-03-3.74001924E-03 0.00000000E+00
 8  5 0.00000000E+00 0.00000000E+00 1.60570697E-03-8.02853487E-04-8.02853487E-04
 8  6 0.00000000E+00 0.00000000E+00 0.00000000E+00 3.61679868E-02-1.80839934E-02
 8  7-1.80839934E-02 0.00000000E+00 0.00000000E+00 0.00000000E+00 0.00000000E+00
 8  8 0.00000000E+00 0.00000000E+00 0.00000000E+00 0.00000000E+00 0.00000000E+00
 8  9 0.00000000E+00 0.00000000E+00 0.00000000E+00 0.00000000E+00 0.00000000E+00
 8 10 0.00000000E+00 0.00000000E+00 0.00000000E+00 0.00000000E+00 0.00000000E+00
 8 11 0.00000000E+00 0.00000000E+00 0.00000000E+00 0.00000000E+00-3.66687297E-05
 8 12-1.37507737E-05-1.37507736E-05 0.00000000E+00 0.00000000E+00 0.00000000E+00
 8 13 0.00000000E+00 0.00000000E+00 0.00000000E+00 3.22065145E-05 3.22065143E-05
 8 14-8.05162861E-06 0.00000000E+00 0.00000000E+00 0.00000000E+00
 9  1-3.15947454E-02 4.68321330E-02-9.11637905E-02 7.52773612E-02 0.00000000E+00
 9  2 0.00000000E+00 0.00000000E+00 0.00000000E+00 0.00000000E+00 0.00000000E+00
 9  3 0.00000000E+00 0.00000000E+00 0.00000000E+00 0.00000000E+00 0.00000000E+00
 9  4 0.00000000E+00 6.14449472E-02-3.07224736E-02-3.07224736E-02 0.00000000E+00
 9  5 0.00000000E+00 0.00000000E+00-1.30847606E-01 6.54238029E-02 6.54238029E-02
 9  6 0.00000000E+00 0.00000000E+00 0.00000000E+00 1.06875613E+00-5.34378066E-01
 9  7-5.34378066E-01 0.00000000E+00 0.00000000E+00 0.00000000E+00 0.00000000E+00
 9  8 0.00000000E+00 0.00000000E+00 0.00000000E+00 0.00000000E+00 0.00000000E+00
 9  9 0.00000000E+00 0.00000000E+00 0.00000000E+00 0.00000000E+00 0.00000000E+00
 9 10 0.00000000E+00 0.00000000E+00 0.00000000E+00 0.00000000E+00 0.00000000E+00
 9 11 0.00000000E+00 0.00000000E+00 0.00000000E+00 0.00000000E+00-4.82587757E-04
 9 12-1.80970409E-04-1.80970409E-04 0.00000000E+00 0.00000000E+00 0.00000000E+00
 9 13 0.00000000E+00 0.00000000E+00 0.00000000E+00 4.23861685E-04 4.23861685E-04
 9 14-1.05965421E-04 0.00000000E+00 0.00000000E+00 0.00000000E+00
10  1 0.00000000E+00 0.00000000E+00 0.00000000E+00 0.00000000E+00 0.00000000E+00
10  2 0.00000000E+00 0.00000000E+00 0.00000000E+00 0.00000000E+00 0.00000000E+00
10  3 0.00000000E+00 0.00000000E+00 0.00000000E+00 0.00000000E+00 0.00000000E+00
10  4 0.00000000E+00 0.00000000E+00 0.00000000E+00 0.00000000E+00 0.00000000E+00
10  5 6.13638294E-02 0.00000000E+00 0.00000000E+00 0.00000000E+00 0.00000000E+00
10  6 0.00000000E+00-1.42129528E-01 0.00000000E+00 0.00000000E+00 0.00000000E+00
10  7 0.00000000E+00 0.00000000E+00 1.07633391E+00 0.00000000E+00 0.00000000E+00
10  8 0.00000000E+00 0.00000000E+00 0.00000000E+00 0.00000000E+00 0.00000000E+00
10  9 0.00000000E+00 0.00000000E+00 0.00000000E+00 0.00000000E+00 0.00000000E+00
10 10 0.00000000E+00 0.00000000E+00 0.00000000E+00 0.00000000E+00 0.00000000E+00
10 11 0.00000000E+00 0.00000000E+00 0.00000000E+00 0.00000000E+00 0.00000000E+00
10 12 0.00000000E+00 0.00000000E+00 0.00000000E+00-5.03338193E-04 0.00000000E+00
10 13 0.00000000E+00 3.77503645E-04 0.00000000E+00 0.00000000E+00 0.00000000E+00
10 14 0.00000000E+00 0.00000000E+00 1.68824763E-04 0.00000000E+00
11  1 0.00000000E+00 0.00000000E+00 0.00000000E+00 0.00000000E+00 0.00000000E+00
11  2 0.00000000E+00 0.00000000E+00 0.00000000E+00 0.00000000E+00 0.00000000E+00
11  3 0.00000000E+00 0.00000000E+00 0.00000000E+00 0.00000000E+00 0.00000000E+00
11  4 0.00000000E+00 0.00000000E+00 0.00000000E+00 0.00000000E+00 6.13638294E-02
11  5 0.00000000E+00 0.00000000E+00 0.00000000E+00 0.00000000E+00 0.00000000E+00
11  6-1.42129528E-01 0.00000000E+00 0.00000000E+00 0.00000000E+00 0.00000000E+00
11  7 0.00000000E+00 1.07633391E+00 0.00000000E+00 0.00000000E+00 0.00000000E+00
11  8 0.00000000E+00 0.00000000E+00 0.00000000E+00 0.00000000E+00 0.00000000E+00
11  9 0.00000000E+00 0.00000000E+00 0.00000000E+00 0.00000000E+00 0.00000000E+00
11 10 0.00000000E+00 0.00000000E+00 0.00000000E+00 0.00000000E+00 0.00000000E+00
11 11 0.00000000E+00 0.00000000E+00 0.00000000E+00 0.00000000E+00 0.00000000E+00
11 12 0.00000000E+00 0.00000000E+00-5.03338193E-04 0.00000000E+00 3.77503645E-04
11 13 0.00000000E+00 0.00000000E+00 0.00000000E+00 0.00000000E+00 0.00000000E+00
11 14 0.00000000E+00 0.00000000E+00 0.00000000E+00 1.68824762E-04
12  1 0.00000000E+00 0.00000000E+00 0.00000000E+00 0.00000000E+00 0.00000000E+00
12  2 0.00000000E+00 0.00000000E+00 0.00000000E+00 0.00000000E+00 0.00000000E+00
12  3 0.00000000E+00 0.00000000E+00 0.00000000E+00 0.00000000E+00 0.00000000E+00
12  4 0.00000000E+00 0.00000000E+00 0.00000000E+00 0.00000000E+00 0.00000000E+00
12  5 0.00000000E+00 6.04089080E-02 0.00000000E+00 0.00000000E+00 0.00000000E+00
12  6 0.00000000E+00 0.00000000E+00-1.78390892E-01 0.00000000E+00 0.00000000E+00
12  7 0.00000000E+00 0.00000000E+00 0.00000000E+00 1.09782565E+00 0.00000000E+00
12  8 0.00000000E+00 0.00000000E+00 0.00000000E+00 0.00000000E+00 0.00000000E+00
12  9 0.00000000E+00 0.00000000E+00 0.00000000E+00 0.00000000E+00 0.00000000E+00
12 10 0.00000000E+00 0.00000000E+00 0.00000000E+00 0.00000000E+00 0.00000000E+00
12 11 0.00000000E+00 0.00000000E+00 0.00000000E+00 0.00000000E+00 0.00000000E+00
12 12 0.00000000E+00 0.00000000E+00 0.00000000E+00 0.00000000E+00 0.00000000E+00
12 13 1.05891949E-04 0.00000000E+00 1.05891949E-04 0.00000000E+00 0.00000000E+00
12 14 0.00000000E+00-2.84137916E-04 0.00000000E+00 0.00000000E+00
13  1 0.00000000E+00 0.00000000E+00 0.00000000E+00 0.00000000E+00 0.00000000E+00
13  2 0.00000000E+00 0.00000000E+00 0.00000000E+00 0.00000000E+00 0.00000000E+00
13  3 0.00000000E+00 0.00000000E+00 0.00000000E+00 0.00000000E+00 0.00000000E+00
13  4 0.00000000E+00 0.00000000E+00-5.23156489E-02 5.23156489E-02 0.00000000E+00
13  5 0.00000000E+00 0.00000000E+00 0.00000000E+00 1.54491044E-01-1.54491044E-01
13  6 0.00000000E+00 0.00000000E+00 0.00000000E+00 0.00000000E+00-9.50744899E-01
13  7 9.50744899E-01 0.00000000E+00 0.00000000E+00 0.00000000E+00 0.00000000E+00
13  8 0.00000000E+00 0.00000000E+00 0.00000000E+00 0.00000000E+00 0.00000000E+00
13  9 0.00000000E+00 0.00000000E+00 0.00000000E+00 0.00000000E+00 0.00000000E+00
13 10 0.00000000E+00 0.00000000E+00 0.00000000E+00 0.00000000E+00 0.00000000E+00
13 11 0.00000000E+00 0.00000000E+00 0.00000000E+00 0.00000000E+00 0.00000000E+00
13 12-1.40081882E-04 1.40081882E-04 0.00000000E+00 0.00000000E+00 0.00000000E+00
13 13 0.00000000E+00 0.00000000E+00 0.00000000E+00 2.46070653E-04-2.46070653E-04
13 14 0.00000000E+00 0.00000000E+00 0.00000000E+00 0.00000000E+00
14  1 0.00000000E+00 0.00000000E+00 0.00000000E+00 0.00000000E+00-8.75654052E-01
14  2 0.00000000E+00 0.00000000E+00-1.39256034E+00 0.00000000E+00 0.00000000E+00
14  3 2.68848966E+00 0.00000000E+00 0.00000000E+00-6.05033222E-01 0.00000000E+00
14  4 0.00000000E+00 0.00000000E+00 0.00000000E+00 0.00000000E+00 0.00000000E+00
14  5 0.00000000E+00 0.00000000E+00 0.00000000E+00 0.00000000E+00 0.00000000E+00
14  6 0.00000000E+00 0.00000000E+00 0.00000000E+00 0.00000000E+00 0.00000000E+00
14  7 0.00000000E+00 0.00000000E+00 0.00000000E+00 0.00000000E+00 4.03002337E-03
14  8 0.00000000E+00 0.00000000E+00 0.00000000E+00 0.00000000E+00-2.70342186E-03
14  9 0.00000000E+00-2.70342186E-03 0.00000000E+00 0.00000000E+00-1.97553862E-02
14 10 0.00000000E+00 0.00000000E+00 0.00000000E+00 0.00000000E+00 1.32523159E-02
14 11 0.00000000E+00 1.32523159E-02 0.00000000E+00 0.00000000E+00 0.00000000E+00
14 12 0.00000000E+00 0.00000000E+00 0.00000000E+00 0.00000000E+00 0.00000000E+00
14 13 0.00000000E+00 0.00000000E+00 0.00000000E+00 0.00000000E+00 0.00000000E+00
14 14 0.00000000E+00 0.00000000E+00 0.00000000E+00 0.00000000E+00
15  1 0.00000000E+00 0.00000000E+00 0.00000000E+00 0.00000000E+00 0.00000000E+00
15  2 0.00000000E+00-8.62161957E-01 0.00000000E+00 0.00000000E+00-1.44627084E+00
15  3 0.00000000E+00 0.00000000E+00 2.60716224E+00 0.00000000E+00 0.00000000E+00
15  4-5.40556696E-01 0.00000000E+00 0.00000000E+00 0.00000000E+00 0.00000000E+00
15  5 0.00000000E+00 0.00000000E+00 0.00000000E+00 0.00000000E+00 0.00000000E+00
15  6 0.00000000E+00 0.00000000E+00 0.00000000E+00 0.00000000E+00 0.00000000E+00
15  7 0.00000000E+00 0.00000000E+00 0.00000000E+00 0.00000000E+00 0.00000000E+00
15  8 0.00000000E+00-2.44998231E-03 0.00000000E+00 4.38266159E-03 0.00000000E+00
15  9-1.09566540E-03 0.00000000E+00 0.00000000E+00 0.00000000E+00 0.00000000E+00
15 10 0.00000000E+00 1.42859644E-02 0.00000000E+00-2.55555101E-02 0.00000000E+00
15 11 6.38887752E-03 0.00000000E+00 0.00000000E+00 0.00000000E+00 0.00000000E+00
15 12 0.00000000E+00 0.00000000E+00 0.00000000E+00 0.00000000E+00 0.00000000E+00
15 13 0.00000000E+00 0.00000000E+00 0.00000000E+00 0.00000000E+00 0.00000000E+00
15 14 0.00000000E+00 0.00000000E+00 0.00000000E+00 0.00000000E+00
16  1 0.00000000E+00 0.00000000E+00 0.00000000E+00 0.00000000E+00 0.00000000E+00
16  2-8.62161957E-01 0.00000000E+00 0.00000000E+00-1.44627084E+00 0.00000000E+00
16  3 0.00000000E+00 2.60716224E+00 0.00000000E+00 0.00000000E+00-5.40556696E-01
16  4 0.00000000E+00 0.00000000E+00 0.00000000E+00 0.00000000E+00 0.00000000E+00
16  5 0.00000000E+00 0.00000000E+00 0.00000000E+00 0.00000000E+00 0.00000000E+00
16  6 0.00000000E+00 0.00000000E+00 0.00000000E+00 0.00000000E+00 0.00000000E+00
16  7 0.00000000E+00 0.00000000E+00 0.00000000E+00 0.00000000E+00 0.00000000E+00
16  8-2.44998231E-03 0.00000000E+00 4.38266159E-03 0.00000000E+00 0.00000000E+00
16  9 0.00000000E+00 0.00000000E+00-1.09566540E-03 0.00000000E+00 0.00000000E+00
16 10 1.42859644E-02 0.00000000E+00-2.55555101E-02 0.00000000E+00 0.00000000E+00
16 11 0.00000000E+00 0.00000000E+00 6.38887751E-03 0.00000000E+00 0.00000000E+00
16 12 0.00000000E+00 0.00000000E+00 0.00000000E+00 0.00000000E+00 0.00000000E+00
16 13 0.00000000E+00 0.00000000E+00 0.00000000E+00 0.00000000E+00 0.00000000E+00
16 14 0.00000000E+00 0.00000000E+00 0.00000000E+00 0.00000000E+00
17  1 0.00000000E+00 0.00000000E+00 0.00000000E+00 0.00000000E+00 0.00000000E+00
17  2 0.00000000E+00 0.00000000E+00 0.00000000E+00 0.00000000E+00 0.00000000E+00
17  3 0.00000000E+00 0.00000000E+00 0.00000000E+00 0.00000000E+00 0.00000000E+00
17  4 0.00000000E+00 0.00000000E+00 0.00000000E+00 0.00000000E+00 0.00000000E+00
17  5 0.00000000E+00 0.00000000E+00 0.00000000E+00 0.00000000E+00 0.00000000E+00
17  6 0.00000000E+00 0.00000000E+00 0.00000000E+00 0.00000000E+00 0.00000000E+00
17  7 0.00000000E+00 0.00000000E+00 0.00000000E+00 0.00000000E+00 0.00000000E+00
17  8 0.00000000E+00 1.10915668E-01 0.00000000E+00 1.22600262E-11 0.00000000E+00
17  9-1.48808984E-01 0.00000000E+00 0.00000000E+00 0.00000000E+00 0.00000000E+00
17 10 0.00000000E+00-8.49065399E-01 0.00000000E+00-9.65628029E-11 0.00000000E+00
17 11 1.13914077E+00 0.00000000E+00 0.00000000E+00 0.00000000E+00 0.00000000E+00
17 12 0.00000000E+00 0.00000000E+00 0.00000000E+00 0.00000000E+00 0.00000000E+00
17 13 0.00000000E+00 0.00000000E+00 0.00000000E+00 0.00000000E+00 0.00000000E+00
17 14 0.00000000E+00 0.00000000E+00 0.00000000E+00 0.00000000E+00
18  1 0.00000000E+00 0.00000000E+00 0.00000000E+00 0.00000000E+00 0.00000000E+00
18  2 1.55115962E-11 0.00000000E+00 0.00000000E+00 0.00000000E+00 0.00000000E+00
18  3 0.00000000E+00-1.94681350E-11 0.00000000E+00 0.00000000E+00 0.00000000E+00
18  4 0.00000000E+00 0.00000000E+00 0.00000000E+00 0.00000000E+00 0.00000000E+00
18  5 0.00000000E+00 0.00000000E+00 0.00000000E+00 0.00000000E+00 0.00000000E+00
18  6 0.00000000E+00 0.00000000E+00 0.00000000E+00 0.00000000E+00 0.00000000E+00
18  7 0.00000000E+00 0.00000000E+00 0.00000000E+00 0.00000000E+00 0.00000000E+00
18  8 1.10915668E-01 0.00000000E+00 7.10578427E-11 0.00000000E+00 0.00000000E+00
18  9 0.00000000E+00 0.00000000E+00-1.48808984E-01 0.00000000E+00 0.00000000E+00
18 10-8.49065398E-01 0.00000000E+00-5.59596553E-10 0.00000000E+00 0.00000000E+00
18 11 0.00000000E+00 0.00000000E+00 1.13914077E+00 0.00000000E+00 0.00000000E+00
18 12 0.00000000E+00 0.00000000E+00 0.00000000E+00 0.00000000E+00 0.00000000E+00
18 13 0.00000000E+00 0.00000000E+00 0.00000000E+00 0.00000000E+00 0.00000000E+00
18 14 0.00000000E+00 0.00000000E+00 0.00000000E+00 0.00000000E+00
19  1 0.00000000E+00 0.00000000E+00 0.00000000E+00 0.00000000E+00 0.00000000E+00
19  2 0.00000000E+00 0.00000000E+00 0.00000000E+00 0.00000000E+00 0.00000000E+00
19  3 0.00000000E+00 0.00000000E+00 0.00000000E+00 0.00000000E+00 0.00000000E+00
19  4 0.00000000E+00 0.00000000E+00 0.00000000E+00 0.00000000E+00 0.00000000E+00
19  5 0.00000000E+00 0.00000000E+00 0.00000000E+00 0.00000000E+00 0.00000000E+00
19  6 0.00000000E+00 0.00000000E+00 0.00000000E+00 0.00000000E+00 0.00000000E+00
19  7 0.00000000E+00 0.00000000E+00 0.00000000E+00 0.00000000E+00 0.00000000E+00
19  8 0.00000000E+00 0.00000000E+00 0.00000000E+00 0.00000000E+00 0.00000000E+00
19  9 0.00000000E+00 0.00000000E+00 0.00000000E+00-1.37662308E-01 0.00000000E+00
19 10 0.00000000E+00 0.00000000E+00 0.00000000E+00 0.00000000E+00 0.00000000E+00
19 11 0.00000000E+00 0.00000000E+00 0.00000000E+00 1.07272468E+00 0.00000000E+00
19 12 0.00000000E+00 0.00000000E+00 0.00000000E+00 0.00000000E+00 0.00000000E+00
19 13 0.00000000E+00 0.00000000E+00 0.00000000E+00 0.00000000E+00 0.00000000E+00
19 14 0.00000000E+00 0.00000000E+00 0.00000000E+00 0.00000000E+00
20  1 0.00000000E+00 0.00000000E+00 0.00000000E+00 0.00000000E+00 1.10661459E-11
20  2 0.00000000E+00 0.00000000E+00 0.00000000E+00 0.00000000E+00 0.00000000E+00
20  3-1.51468154E-11 0.00000000E+00 0.00000000E+00 0.00000000E+00 0.00000000E+00
20  4 0.00000000E+00 0.00000000E+00 0.00000000E+00 0.00000000E+00 0.00000000E+00
20  5 0.00000000E+00 0.00000000E+00 0.00000000E+00 0.00000000E+00 0.00000000E+00
20  6 0.00000000E+00 0.00000000E+00 0.00000000E+00 0.00000000E+00 0.00000000E+00
20  7 0.00000000E+00 0.00000000E+00 0.00000000E+00 0.00000000E+00 5.86796084E-11
20  8 0.00000000E+00 0.00000000E+00 0.00000000E+00 0.00000000E+00-1.19219056E-01
20  9 0.00000000E+00 1.19219056E-01 0.00000000E+00 0.00000000E+00-4.63839298E-10
20 10 0.00000000E+00 0.00000000E+00 0.00000000E+00 0.00000000E+00 9.29006825E-01
20 11 0.00000000E+00-9.29006825E-01 0.00000000E+00 0.00000000E+00 0.00000000E+00
20 12 0.00000000E+00 0.00000000E+00 0.00000000E+00 0.00000000E+00 0.00000000E+00
20 13 0.00000000E+00 0.00000000E+00 0.00000000E+00 0.00000000E+00 0.00000000E+00
20 14 0.00000000E+00 0.00000000E+00 0.00000000E+00 0.00000000E+00
21  1 0.00000000E+00 0.00000000E+00 0.00000000E+00 0.00000000E+00 0.00000000E+00
21  2-3.51424494E-02 0.00000000E+00 0.00000000E+00-2.47207889E-02 0.00000000E+00
21  3 0.00000000E+00 5.45325308E-02 0.00000000E+00 0.00000000E+00-5.00250928E-03
21  4 0.00000000E+00 0.00000000E+00 0.00000000E+00 0.00000000E+00 0.00000000E+00
21  5 0.00000000E+00 0.00000000E+00 0.00000000E+00 0.00000000E+00 0.00000000E+00
21  6 0.00000000E+00 0.00000000E+00 0.00000000E+00 0.00000000E+00 0.00000000E+00
21  7 0.00000000E+00 0.00000000E+00 0.00000000E+00 0.00000000E+00 0.00000000E+00
21  8 8.33192287E-02 0.00000000E+00-1.49045967E-01 0.00000000E+00 0.00000000E+00
21  9 0.00000000E+00 0.00000000E+00 3.72614918E-02 0.00000000E+00 0.00000000E+00
21 10-6.56274785E-01 0.00000000E+00 1.17398002E+00 0.00000000E+00 0.00000000E+00
21 11 0.00000000E+00 0.00000000E+00-2.93495005E-01 0.00000000E+00 0.00000000E+00
21 12 0.00000000E+00 0.00000000E+00 0.00000000E+00 0.00000000E+00 0.00000000E+00
21 13 0.00000000E+00 0.00000000E+00 0.00000000E+00 0.00000000E+00 0.00000000E+00
21 14 0.00000000E+00 0.00000000E+00 0.00000000E+00 0.00000000E+00
22  1 0.00000000E+00 0.00000000E+00 0.00000000E+00 0.00000000E+00 0.00000000E+00
22  2 0.00000000E+00-3.51424494E-02 0.00000000E+00 0.00000000E+00-2.47207889E-02
22  3 0.00000000E+00 0.00000000E+00 5.45325308E-02 0.00000000E+00 0.00000000E+00
22  4-5.00250928E-03 0.00000000E+00 0.00000000E+00 0.00000000E+00 0.00000000E+00
22  5 0.00000000E+00 0.00000000E+00 0.00000000E+00 0.00000000E+00 0.00000000E+00
22  6 0.00000000E+00 0.00000000E+00 0.00000000E+00 0.00000000E+00 0.00000000E+00
22  7 0.00000000E+00 0.00000000E+00 0.00000000E+00 0.00000000E+00 0.00000000E+00
22  8 0.00000000E+00 8.33192287E-02 0.00000000E+00-1.49045967E-01 0.00000000E+00
22  9 3.72614918E-02 0.00000000E+00 0.00000000E+00 0.00000000E+00 0.00000000E+00
22 10 0.00000000E+00-6.56274785E-01 0.00000000E+00 1.17398002E+00 0.00000000E+00
22 11-2.93495006E-01 0.00000000E+00 0.00000000E+00 0.00000000E+00 0.00000000E+00
22 12 0.00000000E+00 0.00000000E+00 0.00000000E+00 0.00000000E+00 0.00000000E+00
22 13 0.00000000E+00 0.00000000E+00 0.00000000E+00 0.00000000E+00 0.00000000E+00
22 14 0.00000000E+00 0.00000000E+00 0.00000000E+00 0.00000000E+00
23  1 0.00000000E+00 0.00000000E+00 0.00000000E+00 0.00000000E+00-2.83539685E-02
23  2 0.00000000E+00 0.00000000E+00-1.76193861E-02 0.00000000E+00 0.00000000E+00
23  3 4.90556964E-02 0.00000000E+00 0.00000000E+00-3.40619239E-03 0.00000000E+00
23  4 0.00000000E+00 0.00000000E+00 0.00000000E+00 0.00000000E+00 0.00000000E+00
23  5 0.00000000E+00 0.00000000E+00 0.00000000E+00 0.00000000E+00 0.00000000E+00
23  6 0.00000000E+00 0.00000000E+00 0.00000000E+00 0.00000000E+00 0.00000000E+00
23  7 0.00000000E+00 0.00000000E+00 0.00000000E+00 0.00000000E+00-1.35513196E-01
23  8 0.00000000E+00 0.00000000E+00 0.00000000E+00 0.00000000E+00 9.09050152E-02
23  9 0.00000000E+00 9.09050153E-02 0.00000000E+00 0.00000000E+00 1.07152666E+00
23 10 0.00000000E+00 0.00000000E+00 0.00000000E+00 0.00000000E+00-7.18801934E-01
23 11 0.00000000E+00-7.18801935E-01 0.00000000E+00 0.00000000E+00 0.00000000E+00
23 12 0.00000000E+00 0.00000000E+00 0.00000000E+00 0.00000000E+00 0.00000000E+00
23 13 0.00000000E+00 0.00000000E+00 0.00000000E+00 0.00000000E+00 0.00000000E+00
23 14 0.00000000E+00 0.00000000E+00 0.00000000E+00 0.00000000E+00
24  1 1.24583799E-01 3.37632175E-01-4.44334250E-01 4.24065512E-04 0.00000000E+00
24  2 0.00000000E+00 0.00000000E+00 0.00000000E+00 0.00000000E+00 0.00000000E+00
24  3 0.00000000E+00 0.00000000E+00 0.00000000E+00 0.00000000E+00 0.00000000E+00
24  4 0.00000000E+00-7.88898197E-02 3.94449098E-02 3.94449098E-02 0.00000000E+00
24  5 0.00000000E+00 0.00000000E+00 1.37949000E+00-6.89745001E-01-6.89745001E-01
24  6 0.00000000E+00 0.00000000E+00 0.00000000E+00-8.19279891E-01 4.09639945E-01
24  7 4.09639945E-01 0.00000000E+00 0.00000000E+00 0.00000000E+00 0.00000000E+00
24  8 0.00000000E+00 0.00000000E+00 0.00000000E+00 0.00000000E+00 0.00000000E+00
24  9 0.00000000E+00 0.00000000E+00 0.00000000E+00 0.00000000E+00 0.00000000E+00
24 10 0.00000000E+00 0.00000000E+00 0.00000000E+00 0.00000000E+00 0.00000000E+00
24 11 0.00000000E+00 0.00000000E+00 0.00000000E+00 0.00000000E+00-3.79713065E-03
24 12-1.42392399E-03-1.42392399E-03 0.00000000E+00 0.00000000E+00 0.00000000E+00
24 13 0.00000000E+00 0.00000000E+00 0.00000000E+00 3.33505807E-03 3.33505807E-03
24 14-8.33764518E-04 0.00000000E+00 0.00000000E+00 0.00000000E+00
25  1 0.00000000E+00 0.00000000E+00 0.00000000E+00 0.00000000E+00 0.00000000E+00
25  2 0.00000000E+00 0.00000000E+00 0.00000000E+00 0.00000000E+00 0.00000000E+00
25  3 0.00000000E+00 0.00000000E+00 0.00000000E+00 0.00000000E+00 0.00000000E+00
25  4 0.00000000E+00 0.00000000E+00 0.00000000E+00 0.00000000E+00 0.00000000E+00
25  5-8.20736581E-02 0.00000000E+00 0.00000000E+00 0.00000000E+00 0.00000000E+00
25  6 0.00000000E+00 1.38230007E+00 0.00000000E+00 0.00000000E+00 0.00000000E+00
25  7 0.00000000E+00 0.00000000E+00-8.11493337E-01 0.00000000E+00 0.00000000E+00
25  8 0.00000000E+00 0.00000000E+00 0.00000000E+00 0.00000000E+00 0.00000000E+00
25  9 0.00000000E+00 0.00000000E+00 0.00000000E+00 0.00000000E+00 0.00000000E+00
25 10 0.00000000E+00 0.00000000E+00 0.00000000E+00 0.00000000E+00 0.00000000E+00
25 11 0.00000000E+00 0.00000000E+00 0.00000000E+00 0.00000000E+00 0.00000000E+00
25 12 0.00000000E+00 0.00000000E+00 0.00000000E+00-4.17437251E-03 0.00000000E+00
25 13 0.00000000E+00 3.13077938E-03 0.00000000E+00 0.00000000E+00 0.00000000E+00
25 14 0.00000000E+00 0.00000000E+00 1.40012710E-03 0.00000000E+00
26  1 0.00000000E+00 0.00000000E+00 0.00000000E+00 0.00000000E+00 0.00000000E+00
26  2 0.00000000E+00 0.00000000E+00 0.00000000E+00 0.00000000E+00 0.00000000E+00
26  3 0.00000000E+00 0.00000000E+00 0.00000000E+00 0.00000000E+00 0.00000000E+00
26  4 0.00000000E+00 0.00000000E+00 0.00000000E+00 0.00000000E+00-8.20736581E-02
26  5 0.00000000E+00 0.00000000E+00 0.00000000E+00 0.00000000E+00 0.00000000E+00
26  6 1.38230007E+00 0.00000000E+00 0.00000000E+00 0.00000000E+00 0.00000000E+00
26  7 0.00000000E+00-8.11493337E-01 0.00000000E+00 0.00000000E+00 0.00000000E+00
26  8 0.00000000E+00 0.00000000E+00 0.00000000E+00 0.00000000E+00 0.00000000E+00
26  9 0.00000000E+00 0.00000000E+00 0.00000000E+00 0.00000000E+00 0.00000000E+00
26 10 0.00000000E+00 0.00000000E+00 0.00000000E+00 0.00000000E+00 0.00000000E+00
26 11 0.00000000E+00 0.00000000E+00 0.00000000E+00 0.00000000E+00 0.00000000E+00
26 12 0.00000000E+00 0.00000000E+00-4.17437251E-03 0.00000000E+00 3.13077938E-03
26 13 0.00000000E+00 0.00000000E+00 0.00000000E+00 0.00000000E+00 0.00000000E+00
26 14 0.00000000E+00 0.00000000E+00 0.00000000E+00 1.40012710E-03
27  1 0.00000000E+00 0.00000000E+00 0.00000000E+00 0.00000000E+00 0.00000000E+00
27  2 0.00000000E+00 0.00000000E+00 0.00000000E+00 0.00000000E+00 0.00000000E+00
27  3 0.00000000E+00 0.00000000E+00 0.00000000E+00 0.00000000E+00 0.00000000E+00
27  4 0.00000000E+00 0.00000000E+00 0.00000000E+00 0.00000000E+00 0.00000000E+00
27  5 0.00000000E+00-9.16004146E-02 0.00000000E+00 0.00000000E+00 0.00000000E+00
27  6 0.00000000E+00 0.00000000E+00 1.38699624E+00 0.00000000E+00 0.00000000E+00
27  7 0.00000000E+00 0.00000000E+00 0.00000000E+00-7.84169608E-01 0.00000000E+00
27  8 0.00000000E+00 0.00000000E+00 0.00000000E+00 0.00000000E+00 0.00000000E+00
27  9 0.00000000E+00 0.00000000E+00 0.00000000E+00 0.00000000E+00 0.00000000E+00
27 10 0.00000000E+00 0.00000000E+00 0.00000000E+00 0.00000000E+00 0.00000000E+00
27 11 0.00000000E+00 0.00000000E+00 0.00000000E+00 0.00000000E+00 0.00000000E+00
27 12 0.00000000E+00 0.00000000E+00 0.00000000E+00 0.00000000E+00 0.00000000E+00
27 13 1.06450339E-03 0.00000000E+00 1.06450339E-03 0.00000000E+00 0.00000000E+00
27 14 0.00000000E+00-2.85636234E-03 0.00000000E+00 0.00000000E+00
28  1 0.00000000E+00 0.00000000E+00 0.00000000E+00 0.00000000E+00 0.00000000E+00
28  2 0.00000000E+00 0.00000000E+00 0.00000000E+00 0.00000000E+00 0.00000000E+00
28  3 0.00000000E+00 0.00000000E+00 0.00000000E+00 0.00000000E+00 0.00000000E+00
28  4 0.00000000E+00 0.00000000E+00-7.93282861E-02 7.93282861E-02 0.00000000E+00
28  5 0.00000000E+00 0.00000000E+00 0.00000000E+00 1.20117398E+00-1.20117398E+00
28  6 0.00000000E+00 0.00000000E+00 0.00000000E+00 0.00000000E+00-6.79110801E-01
28  7 6.79110801E-01 0.00000000E+00 0.00000000E+00 0.00000000E+00 0.00000000E+00
28  8 0.00000000E+00 0.00000000E+00 0.00000000E+00 0.00000000E+00 0.00000000E+00
28  9 0.00000000E+00 0.00000000E+00 0.00000000E+00 0.00000000E+00 0.00000000E+00
28 10 0.00000000E+00 0.00000000E+00 0.00000000E+00 0.00000000E+00 0.00000000E+00
28 11 0.00000000E+00 0.00000000E+00 0.00000000E+00 0.00000000E+00 0.00000000E+00
28 12 1.40820562E-03-1.40820562E-03 0.00000000E+00 0.00000000E+00 0.00000000E+00
28 13 0.00000000E+00 0.00000000E+00 0.00000000E+00-2.47368235E-03 2.47368235E-03
28 14 0.00000000E+00 0.00000000E+00 0.00000000E+00 0.00000000E+00
29  1-3.45727513E+00-8.73890727E+00 1.13152655E+01 4.05572197E-01 0.00000000E+00
29  2 0.00000000E+00 0.00000000E+00 0.00000000E+00 0.00000000E+00 0.00000000E+00
29  3 0.00000000E+00 0.00000000E+00 0.00000000E+00 0.00000000E+00 0.00000000E+00
29  4 0.00000000E+00-6.39750853E-03 3.19875426E-03 3.19875426E-03 0.00000000E+00
29  5 0.00000000E+00 0.00000000E+00 5.39970651E-02-2.69985325E-02-2.69985325E-02
29  6 0.00000000E+00 0.00000000E+00 0.00000000E+00-3.36231104E-02 1.68115552E-02
29  7 1.68115552E-02 0.00000000E+00 0.00000000E+00 0.00000000E+00 0.00000000E+00
29  8 0.00000000E+00 0.00000000E+00 0.00000000E+00 0.00000000E+00 0.00000000E+00
29  9 0.00000000E+00 0.00000000E+00 0.00000000E+00 0.00000000E+00 0.00000000E+00
29 10 0.00000000E+00 0.00000000E+00 0.00000000E+00 0.00000000E+00 0.00000000E+00
29 11 0.00000000E+00 0.00000000E+00 0.00000000E+00 0.00000000E+00-1.64219440E-04
29 12-6.15822901E-05-6.15822899E-05 0.00000000E+00 0.00000000E+00 0.00000000E+00
29 13 0.00000000E+00 0.00000000E+00 0.00000000E+00 1.44235587E-04 1.44235587E-04
29 14-3.60588968E-05 0.00000000E+00 0.00000000E+00 0.00000000E+00
30  1 0.00000000E+00 0.00000000E+00 0.00000000E+00 0.00000000E+00 7.61049119E+00
30  2 0.00000000E+00 0.00000000E+00-4.46015199E+00 0.00000000E+00 0.00000000E+00
30  3-1.86449791E+00 0.00000000E+00 0.00000000E+00-2.58697358E+00 0.00000000E+00
30  4 0.00000000E+00 0.00000000E+00 0.00000000E+00 0.00000000E+00 0.00000000E+00
30  5 0.00000000E+00 0.00000000E+00 0.00000000E+00 0.00000000E+00 0.00000000E+00
30  6 0.00000000E+00 0.00000000E+00 0.00000000E+00 0.00000000E+00 0.00000000E+00
30  7 0.00000000E+00 0.00000000E+00 0.00000000E+00 0.00000000E+00 7.17293731E-03
30  8 0.00000000E+00 0.00000000E+00 0.00000000E+00 0.00000000E+00-4.81175263E-03
30  9 0.00000000E+00-4.81175262E-03 0.00000000E+00 0.00000000E+00-2.00912638E-03
30 10 0.00000000E+00 0.00000000E+00 0.00000000E+00 0.00000000E+00 1.34776295E-03
30 11 0.00000000E+00 1.34776295E-03 0.00000000E+00 0.00000000E+00 0.00000000E+00
30 12 0.00000000E+00 0.00000000E+00 0.00000000E+00 0.00000000E+00 0.00000000E+00
30 13 0.00000000E+00 0.00000000E+00 0.00000000E+00 0.00000000E+00 0.00000000E+00
30 14 0.00000000E+00 0.00000000E+00 0.00000000E+00 0.00000000E+00
31  1 0.00000000E+00 0.00000000E+00 0.00000000E+00 0.00000000E+00 0.00000000E+00
31  2 7.63677636E+00 0.00000000E+00 0.00000000E+00-4.43824065E+00 0.00000000E+00
31  3 0.00000000E+00-1.90452427E+00 0.00000000E+00 0.00000000E+00-2.58767478E+00
31  4 0.00000000E+00 0.00000000E+00 0.00000000E+00 0.00000000E+00 0.00000000E+00
31  5 0.00000000E+00 0.00000000E+00 0.00000000E+00 0.00000000E+00 0.00000000E+00
31  6 0.00000000E+00 0.00000000E+00 0.00000000E+00 0.00000000E+00 0.00000000E+00
31  7 0.00000000E+00 0.00000000E+00 0.00000000E+00 0.00000000E+00 0.00000000E+00
31  8-3.70431915E-03 0.00000000E+00 6.62648754E-03 0.00000000E+00 0.00000000E+00
31  9 0.00000000E+00 0.00000000E+00-1.65662188E-03 0.00000000E+00 0.00000000E+00
31 10 1.11282144E-03 0.00000000E+00-1.99067551E-03 0.00000000E+00 0.00000000E+00
31 11 0.00000000E+00 0.00000000E+00 4.97668876E-04 0.00000000E+00 0.00000000E+00
31 12 0.00000000E+00 0.00000000E+00 0.00000000E+00 0.00000000E+00 0.00000000E+00
31 13 0.00000000E+00 0.00000000E+00 0.00000000E+00 0.00000000E+00 0.00000000E+00
31 14 0.00000000E+00 0.00000000E+00 0.00000000E+00 0.00000000E+00
32  1 0.00000000E+00 0.00000000E+00 0.00000000E+00 0.00000000E+00 0.00000000E+00
32  2 0.00000000E+00 7.63677636E+00 0.00000000E+00 0.00000000E+00-4.43824065E+00
32  3 0.00000000E+00 0.00000000E+00-1.90452427E+00 0.00000000E+00 0.00000000E+00
32  4-2.58767478E+00 0.00000000E+00 0.00000000E+00 0.00000000E+00 0.00000000E+00
32  5 0.00000000E+00 0.00000000E+00 0.00000000E+00 0.00000000E+00 0.00000000E+00
32  6 0.00000000E+00 0.00000000E+00 0.00000000E+00 0.00000000E+00 0.00000000E+00
32  7 0.00000000E+00 0.00000000E+00 0.00000000E+00 0.00000000E+00 0.00000000E+00
32  8 0.00000000E+00-3.70431915E-03 0.00000000E+00 6.62648754E-03 0.00000000E+00
32  9-1.65662188E-03 0.00000000E+00 0.00000000E+00 0.00000000E+00 0.00000000E+00
32 10 0.00000000E+00 1.11282144E-03 0.00000000E+00-1.99067551E-03 0.00000000E+00
32 11 4.97668877E-04 0.00000000E+00 0.00000000E+00 0.00000000E+00 0.00000000E+00
32 12 0.00000000E+00 0.00000000E+00 0.00000000E+00 0.00000000E+00 0.00000000E+00
32 13 0.00000000E+00 0.00000000E+00 0.00000000E+00 0.00000000E+00 0.00000000E+00
32 14 0.00000000E+00 0.00000000E+00 0.00000000E+00 0.00000000E+00
33  1 0.00000000E+00 0.00000000E+00 0.00000000E+00 0.00000000E+00 0.00000000E+00
33  2 0.00000000E+00 0.00000000E+00 0.00000000E+00 0.00000000E+00 0.00000000E+00
33  3 0.00000000E+00 0.00000000E+00 0.00000000E+00 0.00000000E+00 0.00000000E+00
33  4 0.00000000E+00 0.00000000E+00 0.00000000E+00 0.00000000E+00 0.00000000E+00
33  5 0.00000000E+00 0.00000000E+00 0.00000000E+00 0.00000000E+00 0.00000000E+00
33  6 0.00000000E+00 0.00000000E+00 0.00000000E+00 0.00000000E+00 0.00000000E+00
33  7 0.00000000E+00 0.00000000E+00 0.00000000E+00 0.00000000E+00 0.00000000E+00
33  8 0.00000000E+00 0.00000000E+00 0.00000000E+00 0.00000000E+00 0.00000000E+00
33  9 0.00000000E+00 0.00000000E+00 0.00000000E+00 0.00000000E+00 0.00000000E+00
33 10 0.00000000E+00 0.00000000E+00 0.00000000E+00 0.00000000E+00 0.00000000E+00
33 11 0.00000000E+00 0.00000000E+00 0.00000000E+00 0.00000000E+00 0.00000000E+00
33 12 0.00000000E+00 0.00000000E+00 0.00000000E+00 0.00000000E+00 0.00000000E+00
33 13 1.11803399E+00 0.00000000E+00-1.11803399E+00 0.00000000E+00 0.00000000E+00
33 14 0.00000000E+00 0.00000000E+00 0.00000000E+00 0.00000000E+00
34  1 0.00000000E+00 0.00000000E+00 0.00000000E+00 0.00000000E+00 0.00000000E+00
34  2 0.00000000E+00 0.00000000E+00 0.00000000E+00 0.00000000E+00 0.00000000E+00
34  3 0.00000000E+00 0.00000000E+00 0.00000000E+00 0.00000000E+00 0.00000000E+00
34  4 0.00000000E+00 0.00000000E+00 0.00000000E+00 0.00000000E+00 0.00000000E+00
34  5 0.00000000E+00 0.00000000E+00 0.00000000E+00 0.00000000E+00 0.00000000E+00
34  6 0.00000000E+00 0.00000000E+00 0.00000000E+00 0.00000000E+00 0.00000000E+00
34  7 0.00000000E+00 0.00000000E+00 0.00000000E+00 0.00000000E+00 0.00000000E+00
34  8 0.00000000E+00 0.00000000E+00 0.00000000E+00 0.00000000E+00 0.00000000E+00
34  9 0.00000000E+00 0.00000000E+00 0.00000000E+00 0.00000000E+00 0.00000000E+00
34 10 0.00000000E+00 0.00000000E+00 0.00000000E+00 0.00000000E+00 0.00000000E+00
34 11 0.00000000E+00 0.00000000E+00 0.00000000E+00 0.00000000E+00 0.00000000E+00
34 12-7.39509973E-01-7.39509973E-01 0.00000000E+00 0.00000000E+00 0.00000000E+00
34 13 0.00000000E+00 0.00000000E+00 0.00000000E+00 0.00000000E+00-2.14140188E-11
34 14 1.29903811E+00 0.00000000E+00 0.00000000E+00 0.00000000E+00
35  1 0.00000000E+00 0.00000000E+00 0.00000000E+00 0.00000000E+00 0.00000000E+00
35  2 0.00000000E+00 0.00000000E+00 0.00000000E+00 0.00000000E+00 0.00000000E+00
35  3 0.00000000E+00 0.00000000E+00 0.00000000E+00 0.00000000E+00 0.00000000E+00
35  4 0.00000000E+00 0.00000000E+00 0.00000000E+00 0.00000000E+00 0.00000000E+00
35  5 0.00000000E+00 0.00000000E+00 0.00000000E+00 0.00000000E+00 0.00000000E+00
35  6 0.00000000E+00 0.00000000E+00 0.00000000E+00 0.00000000E+00 0.00000000E+00
35  7 0.00000000E+00 0.00000000E+00 0.00000000E+00 0.00000000E+00 0.00000000E+00
35  8 0.00000000E+00 0.00000000E+00 0.00000000E+00 0.00000000E+00 0.00000000E+00
35  9 0.00000000E+00 0.00000000E+00 0.00000000E+00 0.00000000E+00 0.00000000E+00
35 10 0.00000000E+00 0.00000000E+00 0.00000000E+00 0.00000000E+00 0.00000000E+00
35 11 0.00000000E+00 0.00000000E+00 0.00000000E+00 0.00000000E+00 0.00000000E+00
35 12 0.00000000E+00 0.00000000E+00 3.38751214E-11 0.00000000E+00-7.90569415E-01
35 13 0.00000000E+00 0.00000000E+00 0.00000000E+00 0.00000000E+00 0.00000000E+00
35 14 0.00000000E+00 0.00000000E+00 0.00000000E+00 1.06066017E+00
36  1 0.00000000E+00 0.00000000E+00 0.00000000E+00 0.00000000E+00 0.00000000E+00
36  2 0.00000000E+00 0.00000000E+00 0.00000000E+00 0.00000000E+00 0.00000000E+00
36  3 0.00000000E+00 0.00000000E+00 0.00000000E+00 0.00000000E+00 0.00000000E+00
36  4 0.00000000E+00 0.00000000E+00 0.00000000E+00 0.00000000E+00 0.00000000E+00
36  5 0.00000000E+00 0.00000000E+00 0.00000000E+00 0.00000000E+00 0.00000000E+00
36  6 0.00000000E+00 0.00000000E+00 0.00000000E+00 0.00000000E+00 0.00000000E+00
36  7 0.00000000E+00 0.00000000E+00 0.00000000E+00 0.00000000E+00 0.00000000E+00
36  8 0.00000000E+00 0.00000000E+00 0.00000000E+00 0.00000000E+00 0.00000000E+00
36  9 0.00000000E+00 0.00000000E+00 0.00000000E+00 0.00000000E+00 0.00000000E+00
36 10 0.00000000E+00 0.00000000E+00 0.00000000E+00 0.00000000E+00 0.00000000E+00
36 11 0.00000000E+00 0.00000000E+00 0.00000000E+00 0.00000000E+00 0.00000000E+00
36 12 0.00000000E+00 0.00000000E+00 0.00000000E+00 7.37297352E-11 0.00000000E+00
36 13 0.00000000E+00-7.90569415E-01 0.00000000E+00 0.00000000E+00 0.00000000E+00
36 14 0.00000000E+00 0.00000000E+00 1.06066017E+00 0.00000000E+00
37  1 0.00000000E+00 0.00000000E+00 0.00000000E+00 0.00000000E+00 0.00000000E+00
37  2 0.00000000E+00 0.00000000E+00 0.00000000E+00 0.00000000E+00 0.00000000E+00
37  3 0.00000000E+00 0.00000000E+00 0.00000000E+00 0.00000000E+00 0.00000000E+00
37  4 0.00000000E+00 0.00000000E+00-6.11338264E-03 6.11338265E-03 0.00000000E+00
37  5 0.00000000E+00 0.00000000E+00 0.00000000E+00 2.15135010E-03-2.15135010E-03
37  6 0.00000000E+00 0.00000000E+00 0.00000000E+00 0.00000000E+00-3.86757207E-04
37  7 3.86757207E-04 0.00000000E+00 0.00000000E+00 0.00000000E+00 0.00000000E+00
37  8 0.00000000E+00 0.00000000E+00 0.00000000E+00 0.00000000E+00 0.00000000E+00
37  9 0.00000000E+00 0.00000000E+00 0.00000000E+00 0.00000000E+00 0.00000000E+00
37 10 0.00000000E+00 0.00000000E+00 0.00000000E+00 0.00000000E+00 0.00000000E+00
37 11 0.00000000E+00 0.00000000E+00 0.00000000E+00 0.00000000E+00-6.85630842E-11
37 12 5.59007639E-01-5.59007639E-01 0.00000000E+00 0.00000000E+00 0.00000000E+00
37 13 0.00000000E+00 0.00000000E+00 0.00000000E+00-9.81964071E-01 9.81964072E-01
37 14 0.00000000E+00 0.00000000E+00 0.00000000E+00 0.00000000E+00
38  1 0.00000000E+00 0.00000000E+00 0.00000000E+00 0.00000000E+00 0.00000000E+00
38  2 0.00000000E+00 0.00000000E+00 0.00000000E+00 0.00000000E+00 0.00000000E+00
38  3 0.00000000E+00 0.00000000E+00 0.00000000E+00 0.00000000E+00 0.00000000E+00
38  4 0.00000000E+00 0.00000000E+00 0.00000000E+00 0.00000000E+00 0.00000000E+00
38  5 0.00000000E+00 7.05912623E-03 0.00000000E+00 0.00000000E+00 0.00000000E+00
38  6 0.00000000E+00 0.00000000E+00-2.48416512E-03 0.00000000E+00 0.00000000E+00
38  7 0.00000000E+00 0.00000000E+00 0.00000000E+00 4.46588755E-04 0.00000000E+00
38  8 0.00000000E+00 0.00000000E+00 0.00000000E+00 0.00000000E+00 0.00000000E+00
38  9 0.00000000E+00 0.00000000E+00 0.00000000E+00 0.00000000E+00 0.00000000E+00
38 10 0.00000000E+00 0.00000000E+00 0.00000000E+00 0.00000000E+00 0.00000000E+00
38 11 0.00000000E+00 0.00000000E+00 0.00000000E+00 0.00000000E+00 0.00000000E+00
38 12 0.00000000E+00 0.00000000E+00 0.00000000E+00 0.00000000E+00 0.00000000E+00
38 13-4.22570055E-01 0.00000000E+00-4.22570055E-01 0.00000000E+00 0.00000000E+00
38 14 0.00000000E+00 1.13387444E+00 0.00000000E+00 0.00000000E+00
39  1 0.00000000E+00 0.00000000E+00 0.00000000E+00 0.00000000E+00 0.00000000E+00
39  2 0.00000000E+00 0.00000000E+00 0.00000000E+00 0.00000000E+00 0.00000000E+00
39  3 0.00000000E+00 0.00000000E+00 0.00000000E+00 0.00000000E+00 0.00000000E+00
39  4 0.00000000E+00 0.00000000E+00 0.00000000E+00 0.00000000E+00 1.05377639E-02
39  5 0.00000000E+00 0.00000000E+00 0.00000000E+00 0.00000000E+00 0.00000000E+00
39  6-4.11914836E-03 0.00000000E+00 0.00000000E+00 0.00000000E+00 0.00000000E+00
39  7 0.00000000E+00 8.33766653E-04 0.00000000E+00 0.00000000E+00 0.00000000E+00
39  8 0.00000000E+00 0.00000000E+00 0.00000000E+00 0.00000000E+00 0.00000000E+00
39  9 0.00000000E+00 0.00000000E+00 0.00000000E+00 0.00000000E+00 0.00000000E+00
39 10 0.00000000E+00 0.00000000E+00 0.00000000E+00 0.00000000E+00 0.00000000E+00
39 11 0.00000000E+00 0.00000000E+00 0.00000000E+00 0.00000000E+00 0.00000000E+00
39 12 0.00000000E+00 0.00000000E+00 1.19518560E+00 0.00000000E+00-8.96389203E-01
39 13 0.00000000E+00 0.00000000E+00 0.00000000E+00 0.00000000E+00 0.00000000E+00
39 14 0.00000000E+00 0.00000000E+00 0.00000000E+00-4.00877438E-01
40  1 0.00000000E+00 0.00000000E+00 0.00000000E+00 0.00000000E+00 0.00000000E+00
40  2 0.00000000E+00 0.00000000E+00 0.00000000E+00 0.00000000E+00 0.00000000E+00
40  3 0.00000000E+00 0.00000000E+00 0.00000000E+00 0.00000000E+00 0.00000000E+00
40  4 0.00000000E+00 0.00000000E+00 0.00000000E+00 0.00000000E+00 0.00000000E+00
40  5 1.05377639E-02 0.00000000E+00 0.00000000E+00 0.00000000E+00 0.00000000E+00
40  6 0.00000000E+00-4.11914836E-03 0.00000000E+00 0.00000000E+00 0.00000000E+00
40  7 0.00000000E+00 0.00000000E+00 8.33766653E-04 0.00000000E+00 0.00000000E+00
40  8 0.00000000E+00 0.00000000E+00 0.00000000E+00 0.00000000E+00 0.00000000E+00
40  9 0.00000000E+00 0.00000000E+00 0.00000000E+00 0.00000000E+00 0.00000000E+00
40 10 0.00000000E+00 0.00000000E+00 0.00000000E+00 0.00000000E+00 0.00000000E+00
40 11 0.00000000E+00 0.00000000E+00 0.00000000E+00 0.00000000E+00 0.00000000E+00
40 12 0.00000000E+00 0.00000000E+00 0.00000000E+00 1.19518560E+00 0.00000000E+00
40 13 0.00000000E+00-8.96389203E-01 0.00000000E+00 0.00000000E+00 0.00000000E+00
40 14 0.00000000E+00 0.00000000E+00-4.00877439E-01 0.00000000E+00
41  1-3.53323970E-04-4.14952397E-04 5.85200269E-04 1.88797189E-04 0.00000000E+00
41  2 0.00000000E+00 0.00000000E+00 0.00000000E+00 0.00000000E+00 0.00000000E+00
41  3 0.00000000E+00 0.00000000E+00 0.00000000E+00 0.00000000E+00 0.00000000E+00
41  4 0.00000000E+00 1.17437306E-02-5.87186529E-03-5.87186529E-03 0.00000000E+00
41  5 0.00000000E+00 0.00000000E+00-4.73222959E-03 2.36611479E-03 2.36611479E-03
41  6 0.00000000E+00 0.00000000E+00 0.00000000E+00 9.88079446E-04-4.94039723E-04
41  7-4.94039723E-04 0.00000000E+00 0.00000000E+00 0.00000000E+00 0.00000000E+00
41  8 0.00000000E+00 0.00000000E+00 0.00000000E+00 0.00000000E+00 0.00000000E+00
41  9 0.00000000E+00 0.00000000E+00 0.00000000E+00 0.00000000E+00 0.00000000E+00
41 10 0.00000000E+00 0.00000000E+00 0.00000000E+00 0.00000000E+00 0.00000000E+00
41 11 0.00000000E+00 0.00000000E+00 0.00000000E+00 0.00000000E+00 9.99955788E-01
41 12 3.74983420E-01 3.74983420E-01 0.00000000E+00 0.00000000E+00 0.00000000E+00
41 13 0.00000000E+00 0.00000000E+00 0.00000000E+00-8.78271234E-01-8.78271233E-01
41 14 2.19567808E-01 0.00000000E+00 0.00000000E+00 0.00000000E+00
42  1 0.00000000E+00 0.00000000E+00 0.00000000E+00 0.00000000E+00 0.00000000E+00
42  2 0.00000000E+00 0.00000000E+00 0.00000000E+00 0.00000000E+00 0.00000000E+00
42  3 0.00000000E+00 0.00000000E+00 0.00000000E+00 0.00000000E+00 0.00000000E+00
42  4 0.00000000E+00 0.00000000E+00 0.00000000E+00 0.00000000E+00 0.00000000E+00
42  5 0.00000000E+00 0.00000000E+00 0.00000000E+00 0.00000000E+00 0.00000000E+00
42  6 0.00000000E+00 0.00000000E+00 0.00000000E+00 0.00000000E+00 0.00000000E+00
42  7 0.00000000E+00 0.00000000E+00 0.00000000E+00 0.00000000E+00 0.00000000E+00
42  8-9.59514750E-01 0.00000000E+00-3.47969967E-10 0.00000000E+00 0.00000000E+00
42  9 0.00000000E+00 0.00000000E+00 1.28732412E+00 0.00000000E+00 0.00000000E+00
42 10 4.60498415E-01 0.00000000E+00 1.67997359E-10 0.00000000E+00 0.00000000E+00
42 11 0.00000000E+00 0.00000000E+00-6.17823455E-01 0.00000000E+00 0.00000000E+00
42 12 0.00000000E+00 0.00000000E+00 0.00000000E+00 0.00000000E+00 0.00000000E+00
42 13 0.00000000E+00 0.00000000E+00 0.00000000E+00 0.00000000E+00 0.00000000E+00
42 14 0.00000000E+00 0.00000000E+00 0.00000000E+00 0.00000000E+00
43  1 0.00000000E+00 0.00000000E+00 0.00000000E+00 0.00000000E+00 0.00000000E+00
43  2 0.00000000E+00 0.00000000E+00 0.00000000E+00 0.00000000E+00 0.00000000E+00
43  3 0.00000000E+00 0.00000000E+00 0.00000000E+00 0.00000000E+00 0.00000000E+00
43  4 0.00000000E+00 0.00000000E+00 0.00000000E+00 0.00000000E+00 0.00000000E+00
43  5 0.00000000E+00 0.00000000E+00 0.00000000E+00 0.00000000E+00 0.00000000E+00
43  6 0.00000000E+00 0.00000000E+00 0.00000000E+00 0.00000000E+00 0.00000000E+00
43  7 0.00000000E+00 0.00000000E+00 0.00000000E+00 0.00000000E+00 0.00000000E+00
43  8 0.00000000E+00-9.59514750E-01 0.00000000E+00-2.67889264E-10 0.00000000E+00
43  9 1.28732412E+00 0.00000000E+00 0.00000000E+00 0.00000000E+00 0.00000000E+00
43 10 0.00000000E+00 4.60498415E-01 0.00000000E+00 1.29337355E-10 0.00000000E+00
43 11-6.17823455E-01 0.00000000E+00 0.00000000E+00 0.00000000E+00 0.00000000E+00
43 12 0.00000000E+00 0.00000000E+00 0.00000000E+00 0.00000000E+00 0.00000000E+00
43 13 0.00000000E+00 0.00000000E+00 0.00000000E+00 0.00000000E+00 0.00000000E+00
43 14 0.00000000E+00 0.00000000E+00 0.00000000E+00 0.00000000E+00
44  1 0.00000000E+00 0.00000000E+00 0.00000000E+00 0.00000000E+00 0.00000000E+00
44  2 0.00000000E+00 0.00000000E+00 0.00000000E+00 0.00000000E+00 0.00000000E+00
44  3 0.00000000E+00 0.00000000E+00 0.00000000E+00 0.00000000E+00 0.00000000E+00
44  4 0.00000000E+00 0.00000000E+00 0.00000000E+00 0.00000000E+00 0.00000000E+00
44  5 0.00000000E+00 0.00000000E+00 0.00000000E+00 0.00000000E+00 0.00000000E+00
44  6 0.00000000E+00 0.00000000E+00 0.00000000E+00 0.00000000E+00 0.00000000E+00
44  7 0.00000000E+00 0.00000000E+00 0.00000000E+00 0.00000000E+00-3.39296352E-10
44  8 0.00000000E+00 0.00000000E+00 0.00000000E+00 0.00000000E+00-1.05135714E+00
44  9 0.00000000E+00 1.05135714E+00 0.00000000E+00 0.00000000E+00 1.63930574E-10
44 10 0.00000000E+00 0.00000000E+00 0.00000000E+00 0.00000000E+00 5.06469474E-01
44 11 0.00000000E+00-5.06469474E-01 0.00000000E+00 0.00000000E+00 0.00000000E+00
44 12 0.00000000E+00 0.00000000E+00 0.00000000E+00 0.00000000E+00 0.00000000E+00
44 13 0.00000000E+00 0.00000000E+00 0.00000000E+00 0.00000000E+00 0.00000000E+00
44 14 0.00000000E+00 0.00000000E+00 0.00000000E+00 0.00000000E+00
45  1 0.00000000E+00 0.00000000E+00 0.00000000E+00 0.00000000E+00 0.00000000E+00
45  2 0.00000000E+00 0.00000000E+00 0.00000000E+00 0.00000000E+00 0.00000000E+00
45  3 0.00000000E+00 0.00000000E+00 0.00000000E+00 0.00000000E+00 0.00000000E+00
45  4 0.00000000E+00 0.00000000E+00 0.00000000E+00 0.00000000E+00 0.00000000E+00
45  5 0.00000000E+00 0.00000000E+00 0.00000000E+00 0.00000000E+00 0.00000000E+00
45  6 0.00000000E+00 0.00000000E+00 0.00000000E+00 0.00000000E+00 0.00000000E+00
45  7 0.00000000E+00 0.00000000E+00 0.00000000E+00 0.00000000E+00 0.00000000E+00
45  8 0.00000000E+00 0.00000000E+00 0.00000000E+00 0.00000000E+00 0.00000000E+00
45  9 0.00000000E+00 0.00000000E+00 0.00000000E+00 1.21400265E+00 0.00000000E+00
45 10 0.00000000E+00 0.00000000E+00 0.00000000E+00 0.00000000E+00 0.00000000E+00
45 11 0.00000000E+00 0.00000000E+00 0.00000000E+00-5.84820575E-01 0.00000000E+00
45 12 0.00000000E+00 0.00000000E+00 0.00000000E+00 0.00000000E+00 0.00000000E+00
45 13 0.00000000E+00 0.00000000E+00 0.00000000E+00 0.00000000E+00 0.00000000E+00
45 14 0.00000000E+00 0.00000000E+00 0.00000000E+00 0.00000000E+00
46  1 0.00000000E+00 0.00000000E+00 0.00000000E+00 0.00000000E+00 0.00000000E+00
46  2-4.05774575E-02 0.00000000E+00 0.00000000E+00 2.42642087E-02 0.00000000E+00
46  3 0.00000000E+00 6.58935518E-03 0.00000000E+00 0.00000000E+00 1.44822985E-02
46  4 0.00000000E+00 0.00000000E+00 0.00000000E+00 0.00000000E+00 0.00000000E+00
46  5 0.00000000E+00 0.00000000E+00 0.00000000E+00 0.00000000E+00 0.00000000E+00
46  6 0.00000000E+00 0.00000000E+00 0.00000000E+00 0.00000000E+00 0.00000000E+00
46  7 0.00000000E+00 0.00000000E+00 0.00000000E+00 0.00000000E+00 0.00000000E+00
46  8-7.43518351E-01 0.00000000E+00 1.33004606E+00 0.00000000E+00 0.00000000E+00
46  9 0.00000000E+00 0.00000000E+00-3.32511515E-01 0.00000000E+00 0.00000000E+00
46 10 3.58972976E-01 0.00000000E+00-6.42150381E-01 0.00000000E+00 0.00000000E+00
46 11 0.00000000E+00 0.00000000E+00 1.60537595E-01 0.00000000E+00 0.00000000E+00
46 12 0.00000000E+00 0.00000000E+00 0.00000000E+00 0.00000000E+00 0.00000000E+00
46 13 0.00000000E+00 0.00000000E+00 0.00000000E+00 0.00000000E+00 0.00000000E+00
46 14 0.00000000E+00 0.00000000E+00 0.00000000E+00 0.00000000E+00
47  1 0.00000000E+00 0.00000000E+00 0.00000000E+00 0.00000000E+00 0.00000000E+00
47  2 0.00000000E+00-4.05774575E-02 0.00000000E+00 0.00000000E+00 2.42642087E-02
47  3 0.00000000E+00 0.00000000E+00 6.58935518E-03 0.00000000E+00 0.00000000E+00
47  4 1.44822985E-02 0.00000000E+00 0.00000000E+00 0.00000000E+00 0.00000000E+00
47  5 0.00000000E+00 0.00000000E+00 0.00000000E+00 0.00000000E+00 0.00000000E+00
47  6 0.00000000E+00 0.00000000E+00 0.00000000E+00 0.00000000E+00 0.00000000E+00
47  7 0.00000000E+00 0.00000000E+00 0.00000000E+00 0.00000000E+00 0.00000000E+00
47  8 0.00000000E+00-7.43518351E-01 0.00000000E+00 1.33004606E+00 0.00000000E+00
47  9-3.32511515E-01 0.00000000E+00 0.00000000E+00 0.00000000E+00 0.00000000E+00
47 10 0.00000000E+00 3.58972976E-01 0.00000000E+00-6.42150381E-01 0.00000000E+00
47 11 1.60537595E-01 0.00000000E+00 0.00000000E+00 0.00000000E+00 0.00000000E+00
47 12 0.00000000E+00 0.00000000E+00 0.00000000E+00 0.00000000E+00 0.00000000E+00
47 13 0.00000000E+00 0.00000000E+00 0.00000000E+00 0.00000000E+00 0.00000000E+00
47 14 0.00000000E+00 0.00000000E+00 0.00000000E+00 0.00000000E+00
48  1 0.00000000E+00 0.00000000E+00 0.00000000E+00 0.00000000E+00-4.53385495E-02
48  2 0.00000000E+00 0.00000000E+00 2.90520535E-02 0.00000000E+00 0.00000000E+00
48  3 7.46207312E-03 0.00000000E+00 0.00000000E+00 1.72107417E-02 0.00000000E+00
48  4 0.00000000E+00 0.00000000E+00 0.00000000E+00 0.00000000E+00 0.00000000E+00
48  5 0.00000000E+00 0.00000000E+00 0.00000000E+00 0.00000000E+00 0.00000000E+00
48  6 0.00000000E+00 0.00000000E+00 0.00000000E+00 0.00000000E+00 0.00000000E+00
48  7 0.00000000E+00 0.00000000E+00 0.00000000E+00 0.00000000E+00 1.21421653E+00
48  8 0.00000000E+00 0.00000000E+00 0.00000000E+00 0.00000000E+00-8.14521208E-01
48  9 0.00000000E+00-8.14521207E-01 0.00000000E+00 0.00000000E+00-5.86672912E-01
48 10 0.00000000E+00 0.00000000E+00 0.00000000E+00 0.00000000E+00 3.93552154E-01
48 11 0.00000000E+00 3.93552154E-01 0.00000000E+00 0.00000000E+00 0.00000000E+00
48 12 0.00000000E+00 0.00000000E+00 0.00000000E+00 0.00000000E+00 0.00000000E+00
48 13 0.00000000E+00 0.00000000E+00 0.00000000E+00 0.00000000E+00 0.00000000E+00
48 14 0.00000000E+00 0.00000000E+00 0.00000000E+00 0.00000000E+00
49  1-3.51994809E-02-2.68807837E-02 4.28242202E-02 1.88717580E-02 0.00000000E+00
49  2 0.00000000E+00 0.00000000E+00 0.00000000E+00 0.00000000E+00 0.00000000E+00
49  3 0.00000000E+00 0.00000000E+00 0.00000000E+00 0.00000000E+00 0.00000000E+00
49  4 0.00000000E+00 1.39901663E+00-6.99508315E-01-6.99508315E-01 0.00000000E+00
49  5 0.00000000E+00 0.00000000E+00-1.15470769E+00 5.77353847E-01 5.77353847E-01
49  6 0.00000000E+00 0.00000000E+00 0.00000000E+00 4.17730260E-01-2.08865130E-01
49  7-2.08865130E-01 0.00000000E+00 0.00000000E+00 0.00000000E+00 0.00000000E+00
49  8 0.00000000E+00 0.00000000E+00 0.00000000E+00 0.00000000E+00 0.00000000E+00
49  9 0.00000000E+00 0.00000000E+00 0.00000000E+00 0.00000000E+00 0.00000000E+00
49 10 0.00000000E+00 0.00000000E+00 0.00000000E+00 0.00000000E+00 0.00000000E+00
49 11 0.00000000E+00 0.00000000E+00 0.00000000E+00 0.00000000E+00-8.58735238E-03
49 12-3.22025714E-03-3.22025714E-03 0.00000000E+00 0.00000000E+00 0.00000000E+00
49 13 0.00000000E+00 0.00000000E+00 0.00000000E+00 7.54235803E-03 7.54235803E-03
49 14-1.88558951E-03 0.00000000E+00 0.00000000E+00 0.00000000E+00
50  1 0.00000000E+00 0.00000000E+00 0.00000000E+00 0.00000000E+00 0.00000000E+00
50  2 0.00000000E+00 0.00000000E+00 0.00000000E+00 0.00000000E+00 0.00000000E+00
50  3 0.00000000E+00 0.00000000E+00 0.00000000E+00 0.00000000E+00 0.00000000E+00
50  4 0.00000000E+00 0.00000000E+00 0.00000000E+00 0.00000000E+00 0.00000000E+00
50  5 1.39888450E+00 0.00000000E+00 0.00000000E+00 0.00000000E+00 0.00000000E+00
50  6 0.00000000E+00-1.15127714E+00 0.00000000E+00 0.00000000E+00 0.00000000E+00
50  7 0.00000000E+00 0.00000000E+00 4.16449542E-01 0.00000000E+00 0.00000000E+00
50  8 0.00000000E+00 0.00000000E+00 0.00000000E+00 0.00000000E+00 0.00000000E+00
50  9 0.00000000E+00 0.00000000E+00 0.00000000E+00 0.00000000E+00 0.00000000E+00
50 10 0.00000000E+00 0.00000000E+00 0.00000000E+00 0.00000000E+00 0.00000000E+00
50 11 0.00000000E+00 0.00000000E+00 0.00000000E+00 0.00000000E+00 0.00000000E+00
50 12 0.00000000E+00 0.00000000E+00 0.00000000E+00-9.22613912E-03 0.00000000E+00
50 13 0.00000000E+00 6.91960434E-03 0.00000000E+00 0.00000000E+00 0.00000000E+00
50 14 0.00000000E+00 0.00000000E+00 3.09454114E-03 0.00000000E+00
51  1 0.00000000E+00 0.00000000E+00 0.00000000E+00 0.00000000E+00 0.00000000E+00
51  2 0.00000000E+00 0.00000000E+00 0.00000000E+00 0.00000000E+00 0.00000000E+00
51  3 0.00000000E+00 0.00000000E+00 0.00000000E+00 0.00000000E+00 0.00000000E+00
51  4 0.00000000E+00 0.00000000E+00 0.00000000E+00 0.00000000E+00 1.39888450E+00
51  5 0.00000000E+00 0.00000000E+00 0.00000000E+00 0.00000000E+00 0.00000000E+00
51  6-1.15127714E+00 0.00000000E+00 0.00000000E+00 0.00000000E+00 0.00000000E+00
51  7 0.00000000E+00 4.16449542E-01 0.00000000E+00 0.00000000E+00 0.00000000E+00
51  8 0.00000000E+00 0.00000000E+00 0.00000000E+00 0.00000000E+00 0.00000000E+00
51  9 0.00000000E+00 0.00000000E+00 0.00000000E+00 0.00000000E+00 0.00000000E+00
51 10 0.00000000E+00 0.00000000E+00 0.00000000E+00 0.00000000E+00 0.00000000E+00
51 11 0.00000000E+00 0.00000000E+00 0.00000000E+00 0.00000000E+00 0.00000000E+00
51 12 0.00000000E+00 0.00000000E+00-9.22613912E-03 0.00000000E+00 6.91960434E-03
51 13 0.00000000E+00 0.00000000E+00 0.00000000E+00 0.00000000E+00 0.00000000E+00
51 14 0.00000000E+00 0.00000000E+00 0.00000000E+00 3.09454114E-03
52  1 0.00000000E+00 0.00000000E+00 0.00000000E+00 0.00000000E+00 0.00000000E+00
52  2 0.00000000E+00 0.00000000E+00 0.00000000E+00 0.00000000E+00 0.00000000E+00
52  3 0.00000000E+00 0.00000000E+00 0.00000000E+00 0.00000000E+00 0.00000000E+00
52  4 0.00000000E+00-1.46901700E-10-1.21101222E+00 1.21101222E+00 0.00000000E+00
52  5 0.00000000E+00 0.00000000E+00 1.21245950E-10 9.87733108E-01-9.87733108E-01
52  6 0.00000000E+00 0.00000000E+00 0.00000000E+00-4.38628730E-11-3.57390240E-01
52  7 3.57390240E-01 0.00000000E+00 0.00000000E+00 0.00000000E+00 0.00000000E+00
52  8 0.00000000E+00 0.00000000E+00 0.00000000E+00 0.00000000E+00 0.00000000E+00
52  9 0.00000000E+00 0.00000000E+00 0.00000000E+00 0.00000000E+00 0.00000000E+00
52 10 0.00000000E+00 0.00000000E+00 0.00000000E+00 0.00000000E+00 0.00000000E+00
52 11 0.00000000E+00 0.00000000E+00 0.00000000E+00 0.00000000E+00 0.00000000E+00
52 12-2.90815370E-03 2.90815370E-03 0.00000000E+00 0.00000000E+00 0.00000000E+00
52 13 0.00000000E+00 0.00000000E+00 0.00000000E+00 5.10852133E-03-5.10852133E-03
52 14 0.00000000E+00 0.00000000E+00 0.00000000E+00 0.00000000E+00
53  1 0.00000000E+00 0.00000000E+00 0.00000000E+00 0.00000000E+00 0.00000000E+00
53  2 0.00000000E+00 0.00000000E+00 0.00000000E+00 0.00000000E+00 0.00000000E+00
53  3 0.00000000E+00 0.00000000E+00 0.00000000E+00 0.00000000E+00 0.00000000E+00
53  4 0.00000000E+00 0.00000000E+00 0.00000000E+00 0.00000000E+00 0.00000000E+00
53  5 0.00000000E+00 1.39835646E+00 0.00000000E+00 0.00000000E+00 0.00000000E+00
53  6 0.00000000E+00 0.00000000E+00-1.14053595E+00 0.00000000E+00 0.00000000E+00
53  7 0.00000000E+00 0.00000000E+00 0.00000000E+00 4.12678703E-01 0.00000000E+00
53  8 0.00000000E+00 0.00000000E+00 0.00000000E+00 0.00000000E+00 0.00000000E+00
53  9 0.00000000E+00 0.00000000E+00 0.00000000E+00 0.00000000E+00 0.00000000E+00
53 10 0.00000000E+00 0.00000000E+00 0.00000000E+00 0.00000000E+00 0.00000000E+00
53 11 0.00000000E+00 0.00000000E+00 0.00000000E+00 0.00000000E+00 0.00000000E+00
53 12 0.00000000E+00 0.00000000E+00 0.00000000E+00 0.00000000E+00 0.00000000E+00
53 13 2.19835756E-03 0.00000000E+00 2.19835756E-03 0.00000000E+00 0.00000000E+00
53 14 0.00000000E+00-5.89881233E-03 0.00000000E+00 0.00000000E+00
54  1-1.29099482E+01-6.93327353E+00 1.49742198E+01 5.29573420E+00 0.00000000E+00
54  2 0.00000000E+00 0.00000000E+00 0.00000000E+00 0.00000000E+00 0.00000000E+00
54  3 0.00000000E+00 0.00000000E+00 0.00000000E+00 0.00000000E+00 0.00000000E+00
54  4 0.00000000E+00-2.60998117E-03 1.30499059E-03 1.30499059E-03 0.00000000E+00
54  5 0.00000000E+00 0.00000000E+00 2.32016540E-03-1.16008270E-03-1.16008270E-03
54  6 0.00000000E+00 0.00000000E+00 0.00000000E+00-7.28150111E-04 3.64075056E-04
54  7 3.64075056E-04 0.00000000E+00 0.00000000E+00 0.00000000E+00 0.00000000E+00
54  8 0.00000000E+00 0.00000000E+00 0.00000000E+00 0.00000000E+00 0.00000000E+00
54  9 0.00000000E+00 0.00000000E+00 0.00000000E+00 0.00000000E+00 0.00000000E+00
54 10 0.00000000E+00 0.00000000E+00 0.00000000E+00 0.00000000E+00 0.00000000E+00
54 11 0.00000000E+00 0.00000000E+00 0.00000000E+00 0.00000000E+00 1.19624265E-06
54 12 4.48591001E-07 4.48591011E-07 0.00000000E+00 0.00000000E+00 0.00000000E+00
54 13 0.00000000E+00 0.00000000E+00 0.00000000E+00-1.05067195E-06-1.05067197E-06
54 14 2.62667968E-07 0.00000000E+00 0.00000000E+00 0.00000000E+00
 $END   
 POPULATION ANALYSIS
B            3.00000  -0.00000   3.00000  -0.00000
 MOMENTS AT POINT    1 X,Y,Z=  0.000000  0.000000  0.000000
 DIPOLE       0.000000  0.000000  0.000000
