#   index    LocalEnergy         LocalEnergy_sq      LocalPotential      Kinetic             ElecElec            LocalECP            NonLocalECP         BlockWeight         BlockCPU            AcceptRatio         
         0   -1.2331342531e+02    1.5207363219e+04   -1.9617774475e+02    7.2864319443e+01    9.1592061980e+01   -3.0401929709e+02    1.6249490363e+01    1.0880000000e+03    3.9826940088e-01    5.2951899510e-01
         1   -1.2334056541e+02    1.5214491830e+04   -1.9544312103e+02    7.2102555625e+01    9.1750242070e+01   -3.0277660228e+02    1.5583239179e+01    1.0880000000e+03    4.1267136090e-01    5.2935431985e-01
         2   -1.2319858208e+02    1.5178976609e+04   -1.9573226048e+02    7.2533678407e+01    9.1971782738e+01   -3.0381357291e+02    1.6109529687e+01    1.0880000000e+03    4.1273484905e-01    5.2852519914e-01
         3   -1.2326822165e+02    1.5196237722e+04   -1.9519071198e+02    7.1922490325e+01    9.1954087192e+01   -3.0419356874e+02    1.7048769568e+01    1.0880000000e+03    4.1258633400e-01    5.2780713848e-01
         4   -1.2328170608e+02    1.5199635178e+04   -1.9544705953e+02    7.2165353446e+01    9.1270687360e+01   -3.0216776029e+02    1.5450013407e+01    1.0880000000e+03    4.1225822730e-01    5.2953048407e-01
         5   -1.2322238493e+02    1.5188009869e+04   -1.9688337094e+02    7.3660986009e+01    9.1974813719e+01   -3.0417778949e+02    1.5319604830e+01    1.0880000000e+03    4.1360741744e-01    5.2825329350e-01
         6   -1.2332860859e+02    1.5211767615e+04   -1.9559319747e+02    7.2264588884e+01    9.2128598445e+01   -3.0481866891e+02    1.7096872989e+01    1.0880000000e+03    4.1280703049e-01    5.2911688113e-01
         7   -1.2328488902e+02    1.5200565146e+04   -1.9520059791e+02    7.1915708891e+01    9.1797387514e+01   -3.0391235949e+02    1.6914374062e+01    1.0880000000e+03    4.1277358703e-01    5.2960133272e-01
         8   -1.2327260781e+02    1.5197251884e+04   -1.9524980428e+02    7.1977196469e+01    9.1520810368e+01   -3.0282231865e+02    1.6051704008e+01    1.0880000000e+03    4.1290614162e-01    5.2968367034e-01
         9   -1.2328122954e+02    1.5199406066e+04   -1.9712307699e+02    7.3841847447e+01    9.2021156268e+01   -3.0553037508e+02    1.6386141821e+01    1.0880000000e+03    4.1304640494e-01    5.2814989277e-01
        10   -1.2325142680e+02    1.5192779808e+04   -1.9511145843e+02    7.1860031630e+01    9.1677628401e+01   -3.0358339530e+02    1.6794308473e+01    1.0880000000e+03    4.1276313978e-01    5.2923560049e-01
        11   -1.2327394168e+02    1.5197756229e+04   -1.9611405485e+02    7.2840113178e+01    9.1440610247e+01   -3.0377771734e+02    1.6223052241e+01    1.0880000000e+03    4.1318524629e-01    5.2920879289e-01
        12   -1.2328020946e+02    1.5199596530e+04   -1.9543079352e+02    7.2150584064e+01    9.1891224135e+01   -3.0435177543e+02    1.7029757771e+01    1.0880000000e+03    4.1329635285e-01    5.2860753676e-01
        13   -1.2326453825e+02    1.5195428835e+04   -1.9692231101e+02    7.3657772756e+01    9.1530445049e+01   -3.0406810207e+02    1.5615346014e+01    1.0880000000e+03    4.1296730125e-01    5.2890433517e-01
        14   -1.2326320775e+02    1.5194900176e+04   -1.9617268231e+02    7.2909474564e+01    9.1605918976e+01   -3.0439017170e+02    1.6611570415e+01    1.0880000000e+03    4.1274431260e-01    5.2833371630e-01
        15   -1.2325736530e+02    1.5193740157e+04   -1.9516160492e+02    7.1904239620e+01    9.1361546401e+01   -3.0258513709e+02    1.6061985768e+01    1.0880000000e+03    4.1294121370e-01    5.2822457108e-01
        16   -1.2331289448e+02    1.5207265430e+04   -1.9551010968e+02    7.2197215198e+01    9.1655932003e+01   -3.0287896658e+02    1.5712924896e+01    1.0880000000e+03    4.1279837643e-01    5.2931793811e-01
        17   -1.2332693972e+02    1.5211312033e+04   -1.9545854473e+02    7.2131605013e+01    9.1629838209e+01   -3.0320831325e+02    1.6119930307e+01    1.0880000000e+03    4.1273828684e-01    5.2996323529e-01
        18   -1.2329952404e+02    1.5204674562e+04   -1.9607096826e+02    7.2771444216e+01    9.1668318713e+01   -3.0416706808e+02    1.6427781109e+01    1.0880000000e+03    4.1265060095e-01    5.2902879902e-01
        19   -1.2326639341e+02    1.5195717876e+04   -1.9598213298e+02    7.2715739569e+01    9.1767569801e+01   -3.0315668372e+02    1.5406980946e+01    1.0880000000e+03    4.1299309319e-01    5.2918772978e-01
        20   -1.2331560869e+02    1.5207989859e+04   -1.9694422969e+02    7.3628621000e+01    9.1832629192e+01   -3.0412415372e+02    1.5347294845e+01    1.0880000000e+03    4.1288815877e-01    5.2883731618e-01
        21   -1.2333708939e+02    1.5213248691e+04   -1.9573905778e+02    7.2401968385e+01    9.1702984878e+01   -3.0318747890e+02    1.5745436245e+01    1.0880000000e+03    4.1281371980e-01    5.2928730086e-01
        22   -1.2338178911e+02    1.5224549741e+04   -1.9636933494e+02    7.2987545831e+01    9.1720333836e+01   -3.0455408526e+02    1.6464416486e+01    1.0880000000e+03    4.1286160293e-01    5.2778416054e-01
        23   -1.2326227011e+02    1.5195326511e+04   -1.9614766434e+02    7.2885394235e+01    9.1689583489e+01   -3.0379425385e+02    1.5957006021e+01    1.0880000000e+03    4.1265699004e-01    5.2952665441e-01
        24   -1.2327515056e+02    1.5199712824e+04   -1.9592118403e+02    7.2646033469e+01    9.1659560204e+01   -3.0401021774e+02    1.6429473501e+01    1.0880000000e+03    4.1275941077e-01    5.3074640012e-01
        25   -1.2332431540e+02    1.5210266074e+04   -1.9547053370e+02    7.2146218296e+01    9.1697541480e+01   -3.0287733188e+02    1.5709256700e+01    1.0880000000e+03    4.1312013873e-01    5.2927772672e-01
        26   -1.2329159462e+02    1.5201995679e+04   -1.9522927565e+02    7.1937681031e+01    9.1926252201e+01   -3.0378883833e+02    1.6633310479e+01    1.0880000000e+03    4.1331356326e-01    5.2997472426e-01
        27   -1.2324452775e+02    1.5190238729e+04   -1.9592242502e+02    7.2677897269e+01    9.1546971903e+01   -3.0277086972e+02    1.5301472795e+01    1.0880000000e+03    4.1272748788e-01    5.2911305147e-01
        28   -1.2332711080e+02    1.5210732074e+04   -1.9534398168e+02    7.2016870878e+01    9.1687512515e+01   -3.0380490312e+02    1.6773408920e+01    1.0880000000e+03    4.1256821353e-01    5.2892731311e-01
        29   -1.2333745734e+02    1.5213858436e+04   -1.9641096571e+02    7.3073508367e+01    9.1512468938e+01   -3.0356163423e+02    1.5638199585e+01    1.0880000000e+03    4.1271202507e-01    5.3098383885e-01
        30   -1.2329653199e+02    1.5203323974e+04   -1.9684277741e+02    7.3546245419e+01    9.2228930167e+01   -3.0505612855e+02    1.5984420973e+01    1.0880000000e+03    4.1273711885e-01    5.2866881127e-01
        31   -1.2334715972e+02    1.5216204699e+04   -1.9627682840e+02    7.2929668681e+01    9.1335513055e+01   -3.0388889453e+02    1.6276553073e+01    1.0880000000e+03    4.1258389897e-01    5.2950750613e-01
        32   -1.2325989800e+02    1.5194801156e+04   -1.9679955833e+02    7.3539660332e+01    9.1374520392e+01   -3.0387209864e+02    1.5698019912e+01    1.0880000000e+03    4.1264833970e-01    5.2812691483e-01
        33   -1.2330196663e+02    1.5205078669e+04   -1.9539682427e+02    7.2094857642e+01    9.1916250063e+01   -3.0344899035e+02    1.6135916022e+01    1.0880000000e+03    4.1261321065e-01    5.2730736826e-01
        34   -1.2333772347e+02    1.5213538182e+04   -1.9561101523e+02    7.2273291762e+01    9.2247325401e+01   -3.0406749228e+02    1.6209151651e+01    1.0880000000e+03    4.1348891355e-01    5.2956878064e-01
        35   -1.2322229754e+02    1.5184901285e+04   -1.9602091394e+02    7.2798616408e+01    9.1852503125e+01   -3.0351503025e+02    1.5641613182e+01    1.0880000000e+03    4.1292920051e-01    5.2843711703e-01
        36   -1.2334068319e+02    1.5214105929e+04   -1.9655687518e+02    7.3216191991e+01    9.1639000209e+01   -3.0339465088e+02    1.5198775486e+01    1.0880000000e+03    4.1300385862e-01    5.2829924939e-01
        37   -1.2325357684e+02    1.5193493772e+04   -1.9562787583e+02    7.2374298999e+01    9.1865463812e+01   -3.0356430319e+02    1.6070963548e+01    1.0880000000e+03    4.1244942980e-01    5.2886795343e-01
        38   -1.2331317111e+02    1.5207329491e+04   -1.9638263173e+02    7.3069460615e+01    9.1570958146e+01   -3.0440762561e+02    1.6454035739e+01    1.0880000000e+03    4.1257491182e-01    5.3012982537e-01
        39   -1.2333052272e+02    1.5212004808e+04   -1.9677183422e+02    7.3441311500e+01    9.1872355746e+01   -3.0476838750e+02    1.6124197534e+01    1.0880000000e+03    4.1250004313e-01    5.2908049939e-01
        40   -1.2326737931e+02    1.5195982670e+04   -1.9470992794e+02    7.1442548629e+01    9.1738504004e+01   -3.0343823807e+02    1.6989806133e+01    1.0880000000e+03    4.1251661891e-01    5.2826286765e-01
        41   -1.2330328464e+02    1.5204865731e+04   -1.9570447458e+02    7.2401189940e+01    9.1812281770e+01   -3.0367221399e+02    1.6155457637e+01    1.0880000000e+03    4.1224095751e-01    5.2903837316e-01
        42   -1.2330460622e+02    1.5205624644e+04   -1.9402931800e+02    7.0724711780e+01    9.1184023939e+01   -3.0175162008e+02    1.6538278144e+01    1.0880000000e+03    4.1232491832e-01    5.3015663297e-01
        43   -1.2324371102e+02    1.5190170560e+04   -1.9510354622e+02    7.1859835195e+01    9.1628176607e+01   -3.0392966595e+02    1.7197943129e+01    1.0880000000e+03    4.1289502338e-01    5.2849073223e-01
        44   -1.2325513922e+02    1.5192901664e+04   -1.9661851171e+02    7.3363372490e+01    9.2046351301e+01   -3.0483324985e+02    1.6168386838e+01    1.0880000000e+03    4.1298738407e-01    5.2964920343e-01
        45   -1.2322263882e+02    1.5185177099e+04   -1.9592740263e+02    7.2704763811e+01    9.1257787714e+01   -3.0254160906e+02    1.5356418713e+01    1.0880000000e+03    4.1242932046e-01    5.2964728860e-01
        46   -1.2327793937e+02    1.5198539950e+04   -1.9684111243e+02    7.3563173055e+01    9.1800175090e+01   -3.0454898279e+02    1.5907695275e+01    1.0880000000e+03    4.1244303172e-01    5.3020258885e-01
        47   -1.2321877718e+02    1.5184155527e+04   -1.9682776391e+02    7.3608986730e+01    9.2269274352e+01   -3.0539567497e+02    1.6298636711e+01    1.0880000000e+03    4.1302511469e-01    5.2940410539e-01
        48   -1.2324418222e+02    1.5190257496e+04   -1.9629347068e+02    7.3049288459e+01    9.1903495277e+01   -3.0449126637e+02    1.6294300415e+01    1.0880000000e+03    4.1287166910e-01    5.2749885110e-01
        49   -1.2326931530e+02    1.5196299267e+04   -1.9535999252e+02    7.2090677226e+01    9.1748288678e+01   -3.0363191275e+02    1.6523631545e+01    1.0880000000e+03    4.1269462227e-01    5.2848115809e-01
        50   -1.2331485225e+02    1.5208415136e+04   -1.9646911952e+02    7.3154267267e+01    9.2088289243e+01   -3.0437749702e+02    1.5820088253e+01    1.0880000000e+03    4.1319736312e-01    5.2897518382e-01
        51   -1.2325873076e+02    1.5194014087e+04   -1.9559191210e+02    7.2333181342e+01    9.1590427322e+01   -3.0286653849e+02    1.5684199070e+01    1.0880000000e+03    4.1250380567e-01    5.3032896752e-01
        52   -1.2333835230e+02    1.5214711465e+04   -1.9616423979e+02    7.2825887490e+01    9.1902353199e+01   -3.0470126228e+02    1.6634669291e+01    1.0880000000e+03    4.1263969812e-01    5.2852328431e-01
        53   -1.2329832837e+02    1.5203486214e+04   -1.9569427769e+02    7.2395949318e+01    9.1576193625e+01   -3.0311769377e+02    1.5847222459e+01    1.0880000000e+03    4.1262309209e-01    5.2938112745e-01
        54   -1.2330926383e+02    1.5206145557e+04   -1.9515039757e+02    7.1841133735e+01    9.1821005112e+01   -3.0340894133e+02    1.6437538649e+01    1.0880000000e+03    4.1274155348e-01    5.2830690870e-01
        55   -1.2325542040e+02    1.5193173141e+04   -1.9727707591e+02    7.4021655505e+01    9.2206121269e+01   -3.0679907886e+02    1.7315881685e+01    1.0880000000e+03    4.1310974890e-01    5.2944623162e-01
        56   -1.2326318416e+02    1.5194860067e+04   -1.9442727607e+02    7.1164091919e+01    9.1634493169e+01   -3.0274705838e+02    1.6685289137e+01    1.0880000000e+03    4.1263380997e-01    5.2875114890e-01
        57   -1.2330653918e+02    1.5206826146e+04   -1.9622834935e+02    7.2921810170e+01    9.1923327289e+01   -3.0503526788e+02    1.6883591241e+01    1.0880000000e+03    4.1260008711e-01    5.2887178309e-01
        58   -1.2326258809e+02    1.5195019430e+04   -1.9567754497e+02    7.2414956879e+01    9.1849372938e+01   -3.0411905062e+02    1.6592132720e+01    1.0880000000e+03    4.1282183502e-01    5.2838541667e-01
        59   -1.2322842473e+02    1.5190503763e+04   -1.9436366033e+02    7.1135235600e+01    9.1711307736e+01   -3.0264439892e+02    1.6569430855e+01    1.0880000000e+03    4.1269650069e-01    5.2831265319e-01
        60   -1.2330385287e+02    1.5204957749e+04   -1.9611293170e+02    7.2809078826e+01    9.1902769778e+01   -3.0371626360e+02    1.5700562123e+01    1.0880000000e+03    4.1282261798e-01    5.2879710478e-01
        61   -1.2331597039e+02    1.5208028423e+04   -1.9678047917e+02    7.3464508783e+01    9.1911779907e+01   -3.0429224734e+02    1.5599988258e+01    1.0880000000e+03    4.1277817681e-01    5.2789522059e-01
        62   -1.2321786623e+02    1.5183774810e+04   -1.9682309719e+02    7.3605230967e+01    9.1881080343e+01   -3.0399345351e+02    1.5289275971e+01    1.0880000000e+03    4.1259211236e-01    5.2873774510e-01
        63   -1.2329355772e+02    1.5202415509e+04   -1.9735946278e+02    7.4065905065e+01    9.2017361192e+01   -3.0490146146e+02    1.5524637486e+01    1.0880000000e+03    4.1226554509e-01    5.2838924632e-01
        64   -1.2327482378e+02    1.5197841457e+04   -1.9581697293e+02    7.2542149154e+01    9.1659379243e+01   -3.0376643132e+02    1.6290079148e+01    1.0880000000e+03    4.1231685044e-01    5.2882008272e-01
        65   -1.2327255310e+02    1.5197139954e+04   -1.9616684668e+02    7.2894293575e+01    9.1715516309e+01   -3.0423120533e+02    1.6348842347e+01    1.0880000000e+03    4.1265865766e-01    5.2826095282e-01
        66   -1.2319434648e+02    1.5178149257e+04   -1.9523979594e+02    7.2045449463e+01    9.2037486896e+01   -3.0341713155e+02    1.6139848718e+01    1.0880000000e+03    4.1280147411e-01    5.2844860600e-01
        67   -1.2331016808e+02    1.5206826732e+04   -1.9706958619e+02    7.3759418109e+01    9.2289890935e+01   -3.0547009203e+02    1.6110614907e+01    1.0880000000e+03    4.1295109492e-01    5.2948644301e-01
        68   -1.2334041161e+02    1.5213922018e+04   -1.9610511683e+02    7.2764705225e+01    9.2226418532e+01   -3.0407734471e+02    1.5745809346e+01    1.0880000000e+03    4.1281286255e-01    5.2736672794e-01
        69   -1.2329000428e+02    1.5201767767e+04   -1.9602575654e+02    7.2735752260e+01    9.1534400949e+01   -3.0241207079e+02    1.4851913299e+01    1.0880000000e+03    4.1257945580e-01    5.2959558824e-01
        70   -1.2324477058e+02    1.5190451057e+04   -1.9479402540e+02    7.1549254811e+01    9.1387982531e+01   -3.0222716772e+02    1.6045159793e+01    1.0880000000e+03    4.1259393227e-01    5.2936580882e-01
        71   -1.2330744385e+02    1.5206455247e+04   -1.9645184110e+02    7.3144397257e+01    9.1307334957e+01   -3.0340471838e+02    1.5645542320e+01    1.0880000000e+03    4.1228311684e-01    5.2882008272e-01
        72   -1.2334141017e+02    1.5214565339e+04   -1.9549584549e+02    7.2154435319e+01    9.1683132491e+01   -3.0326462688e+02    1.6085648894e+01    1.0880000000e+03    4.1246406033e-01    5.2901731005e-01
        73   -1.2333358094e+02    1.5212244655e+04   -1.9513178252e+02    7.1798201588e+01    9.1325397911e+01   -3.0287674938e+02    1.6419568948e+01    1.0880000000e+03    4.1211507382e-01    5.2979281556e-01
        74   -1.2327771055e+02    1.5198987976e+04   -1.9380135116e+02    7.0523640610e+01    9.1007684398e+01   -3.0182054374e+02    1.7011508188e+01    1.0880000000e+03    4.1221052627e-01    5.2860179228e-01
        75   -1.2330101664e+02    1.5204351584e+04   -1.9593533111e+02    7.2634314476e+01    9.1558892537e+01   -3.0453632227e+02    1.7042098617e+01    1.0880000000e+03    4.1239338543e-01    5.2961665135e-01
        76   -1.2327618643e+02    1.5198152273e+04   -1.9647490915e+02    7.3198722719e+01    9.2024684124e+01   -3.0434454982e+02    1.5844956547e+01    1.0880000000e+03    4.1304142510e-01    5.3008003983e-01
        77   -1.2327106932e+02    1.5197071291e+04   -1.9704495598e+02    7.3773886661e+01    9.1956515845e+01   -3.0532057767e+02    1.6319105842e+01    1.0880000000e+03    4.1260717349e-01    5.2884880515e-01
        78   -1.2328580267e+02    1.5201253584e+04   -1.9583720357e+02    7.2551400899e+01    9.2323489929e+01   -3.0512909277e+02    1.6968399270e+01    1.0880000000e+03    4.1300755958e-01    5.2941176471e-01
        79   -1.2327909451e+02    1.5199947476e+04   -1.9540300655e+02    7.2123912039e+01    9.1522188824e+01   -3.0309623639e+02    1.6171041014e+01    1.0880000000e+03    4.1220415055e-01    5.2847924326e-01
        80   -1.2321632634e+02    1.5183521822e+04   -1.9515273369e+02    7.1936407349e+01    9.1886264152e+01   -3.0397090897e+02    1.6931911127e+01    1.0880000000e+03    4.1253648830e-01    5.2992302390e-01
        81   -1.2328194913e+02    1.5199676043e+04   -1.9652255167e+02    7.3240602541e+01    9.2143461893e+01   -3.0554051034e+02    1.6874496780e+01    1.0880000000e+03    4.1277423720e-01    5.2885646446e-01
        82   -1.2335622985e+02    1.5218082246e+04   -1.9619824258e+02    7.2842012725e+01    9.1858238412e+01   -3.0355634412e+02    1.5499863130e+01    1.0880000000e+03    4.1293137608e-01    5.2948644301e-01
        83   -1.2327759725e+02    1.5199154521e+04   -1.9586931674e+02    7.2591719497e+01    9.1891287193e+01   -3.0449807673e+02    1.6737472798e+01    1.0880000000e+03    4.1247125321e-01    5.2921836703e-01
        84   -1.2328269707e+02    1.5199717372e+04   -1.9524289592e+02    7.1960198849e+01    9.1522846033e+01   -3.0263659466e+02    1.5870852710e+01    1.0880000000e+03    4.1210548843e-01    5.2848307292e-01
        85   -1.2331079531e+02    1.5207870575e+04   -1.9622083483e+02    7.2910039517e+01    9.1707287421e+01   -3.0358347231e+02    1.5655350067e+01    1.0880000000e+03    4.1289583550e-01    5.2853094363e-01
        86   -1.2321110528e+02    1.5182012948e+04   -1.9627762693e+02    7.3066521651e+01    9.2333260225e+01   -3.0496061335e+02    1.6349726191e+01    1.0880000000e+03    4.1291908657e-01    5.3008386949e-01
        87   -1.2327838284e+02    1.5198964632e+04   -1.9601645061e+02    7.2738067765e+01    9.1733273277e+01   -3.0365644411e+02    1.5906720228e+01    1.0880000000e+03    4.1246140617e-01    5.2813457414e-01
        88   -1.2328211261e+02    1.5199654112e+04   -1.9628134998e+02    7.2999237370e+01    9.1611753825e+01   -3.0373607542e+02    1.5842971614e+01    1.0880000000e+03    4.1230155944e-01    5.2795075061e-01
        89   -1.2325771495e+02    1.5193473144e+04   -1.9486893130e+02    7.1611216342e+01    9.1493108587e+01   -3.0250077072e+02    1.6138730834e+01    1.0880000000e+03    4.1249010821e-01    5.3064299939e-01
        90   -1.2327410570e+02    1.5197754098e+04   -1.9626220455e+02    7.2988098846e+01    9.1549930159e+01   -3.0456150927e+02    1.6749374562e+01    1.0880000000e+03    4.1207427531e-01    5.3031173407e-01
        91   -1.2332528331e+02    1.5210998358e+04   -1.9580666294e+02    7.2481379633e+01    9.1766094824e+01   -3.0310683227e+02    1.5534074502e+01    1.0880000000e+03    4.1227198173e-01    5.2940027574e-01
        92   -1.2330820702e+02    1.5206417064e+04   -1.9671611713e+02    7.3407910112e+01    9.1426133969e+01   -3.0384523268e+02    1.5702981574e+01    1.0880000000e+03    4.1234976404e-01    5.2878944547e-01
        93   -1.2330745599e+02    1.5205743938e+04   -1.9726501469e+02    7.3957558702e+01    9.2046464064e+01   -3.0442207820e+02    1.5110599450e+01    1.0880000000e+03    4.1296516468e-01    5.2841605392e-01
        94   -1.2333228925e+02    1.5212494257e+04   -1.9552396682e+02    7.2191677567e+01    9.1589370302e+01   -3.0322359212e+02    1.6110254997e+01    1.0880000000e+03    4.1245121005e-01    5.2790287990e-01
        95   -1.2329187672e+02    1.5202196805e+04   -1.9626114388e+02    7.2969267164e+01    9.1497844270e+01   -3.0440419082e+02    1.6645202666e+01    1.0880000000e+03    4.1240213702e-01    5.3049938725e-01
        96   -1.2328851350e+02    1.5203333172e+04   -1.9573802668e+02    7.2449513186e+01    9.1900816130e+01   -3.0345397924e+02    1.5815136426e+01    1.0880000000e+03    4.1325676222e-01    5.3040556066e-01
        97   -1.2332628718e+02    1.5210711382e+04   -1.9742069916e+02    7.4094411980e+01    9.2333627060e+01   -3.0725464896e+02    1.7500322741e+01    1.0880000000e+03    4.1269711120e-01    5.2925474877e-01
        98   -1.2329660653e+02    1.5203521814e+04   -1.9583035555e+02    7.2533749025e+01    9.1475076698e+01   -3.0335286967e+02    1.6047437417e+01    1.0880000000e+03    4.1215708523e-01    5.2870327819e-01
        99   -1.2332900041e+02    1.5211253310e+04   -1.9641501965e+02    7.3086019233e+01    9.2057049633e+01   -3.0462259041e+02    1.6150521135e+01    1.0880000000e+03    4.1226240269e-01    5.2798713235e-01
       100   -1.2331572953e+02    1.5207933845e+04   -1.9528057477e+02    7.1964845240e+01    9.1317776772e+01   -3.0369900642e+02    1.7100654878e+01    1.0880000000e+03    4.1260172492e-01    5.2991344975e-01
       101   -1.2331818171e+02    1.5208577263e+04   -1.9651620700e+02    7.3198025295e+01    9.2281984615e+01   -3.0487515307e+02    1.6076961453e+01    1.0880000000e+03    4.1299324680e-01    5.2898284314e-01
       102   -1.2332398103e+02    1.5210114750e+04   -1.9497457766e+02    7.1650596629e+01    9.1654795086e+01   -3.0304183975e+02    1.6412467001e+01    1.0880000000e+03    4.1231592109e-01    5.2816521140e-01
       103   -1.2325237160e+02    1.5192450115e+04   -1.9454725813e+02    7.1294886529e+01    9.1768179383e+01   -3.0370006864e+02    1.7384631125e+01    1.0880000000e+03    4.1247915345e-01    5.2780139400e-01
       104   -1.2331746400e+02    1.5208279257e+04   -1.9728083097e+02    7.3963366967e+01    9.1975104850e+01   -3.0501360054e+02    1.5757664719e+01    1.0880000000e+03    4.1241546808e-01    5.2900199142e-01
       105   -1.2332090150e+02    1.5209928215e+04   -1.9655640983e+02    7.3235508338e+01    9.2197994056e+01   -3.0432801284e+02    1.5573608948e+01    1.0880000000e+03    4.1320514000e-01    5.2864966299e-01
       106   -1.2335927629e+02    1.5218884370e+04   -1.9587902435e+02    7.2519748058e+01    9.2283934889e+01   -3.0481126515e+02    1.6648305911e+01    1.0880000000e+03    4.1324303190e-01    5.2910347733e-01
       107   -1.2327488013e+02    1.5197916142e+04   -1.9705853283e+02    7.3783652697e+01    9.2053879194e+01   -3.0481200545e+02    1.5699593431e+01    1.0880000000e+03    4.1300191007e-01    5.2837201287e-01
       108   -1.2336230338e+02    1.5219840302e+04   -1.9621207302e+02    7.2849769640e+01    9.1867326139e+01   -3.0459066640e+02    1.6511267242e+01    1.0880000000e+03    4.1245695247e-01    5.2950750613e-01
       109   -1.2325589261e+02    1.5193152000e+04   -1.9643975303e+02    7.3183860423e+01    9.2117780143e+01   -3.0475350131e+02    1.6195968138e+01    1.0880000000e+03    4.1277044792e-01    5.2850222120e-01
       110   -1.2326109962e+02    1.5194382783e+04   -1.9690744904e+02    7.3646349428e+01    9.2024108882e+01   -3.0460943833e+02    1.5677880409e+01    1.0880000000e+03    4.1263766850e-01    5.2781862745e-01
       111   -1.2331013240e+02    1.5206828344e+04   -1.9509674851e+02    7.1786616107e+01    9.1269569767e+01   -3.0210692320e+02    1.5740604924e+01    1.0880000000e+03    4.1290631211e-01    5.2847924326e-01
       112   -1.2329663046e+02    1.5203521892e+04   -1.9536128994e+02    7.2064659471e+01    9.1818622264e+01   -3.0387038969e+02    1.6690477488e+01    1.0880000000e+03    4.1273396594e-01    5.2919921875e-01
       113   -1.2328190183e+02    1.5199879606e+04   -1.9639414630e+02    7.3112244465e+01    9.1463604288e+01   -3.0382352771e+02    1.5965777120e+01    1.0880000000e+03    4.1234328817e-01    5.2835094975e-01
       114   -1.2327630322e+02    1.5198371066e+04   -1.9664913456e+02    7.3372831343e+01    9.1732195124e+01   -3.0462493889e+02    1.6243609199e+01    1.0880000000e+03    4.1258468545e-01    5.2903454350e-01
       115   -1.2327904184e+02    1.5199203016e+04   -1.9540311376e+02    7.2124071921e+01    9.1399746180e+01   -3.0157640330e+02    1.4773543358e+01    1.0880000000e+03    4.1221593211e-01    5.2879710478e-01
       116   -1.2324661518e+02    1.5191023454e+04   -1.9670772050e+02    7.3461105318e+01    9.1954833060e+01   -3.0555744148e+02    1.6894887927e+01    1.0880000000e+03    4.1283018756e-01    5.2955346201e-01
       117   -1.2326744504e+02    1.5196043894e+04   -1.9445654553e+02    7.1189100491e+01    9.1416015978e+01   -3.0238391471e+02    1.6511353198e+01    1.0880000000e+03    4.1247205787e-01    5.2790862439e-01
       118   -1.2329853318e+02    1.5204167436e+04   -1.9723390228e+02    7.3935369101e+01    9.1930857805e+01   -3.0579026792e+02    1.6625507833e+01    1.0880000000e+03    4.1238579965e-01    5.2928538603e-01
       119   -1.2333900701e+02    1.5213745482e+04   -1.9640328910e+02    7.3064282086e+01    9.2136133348e+01   -3.0388670161e+02    1.5347279172e+01    1.0880000000e+03    4.1315747710e-01    5.2889667586e-01
       120   -1.2326263126e+02    1.5195072519e+04   -1.9579530351e+02    7.2532672255e+01    9.1940677837e+01   -3.0489366902e+02    1.7157687667e+01    1.0880000000e+03    4.1247714574e-01    5.2747395833e-01
       121   -1.2333679756e+02    1.5213309362e+04   -1.9623607637e+02    7.2899278817e+01    9.2179472241e+01   -3.0518284221e+02    1.6767293601e+01    1.0880000000e+03    4.1260525080e-01    5.2930070466e-01
       122   -1.2334889378e+02    1.5215918514e+04   -1.9588411509e+02    7.2535221308e+01    9.2027208881e+01   -3.0327444786e+02    1.5363123890e+01    1.0880000000e+03    4.1279897948e-01    5.2907475490e-01
       123   -1.2326548193e+02    1.5195563146e+04   -1.9612198840e+02    7.2856506471e+01    9.2055290810e+01   -3.0424534186e+02    1.6068062651e+01    1.0880000000e+03    4.1239302846e-01    5.2854817708e-01
       124   -1.2330269048e+02    1.5204619554e+04   -1.9568428007e+02    7.2381589596e+01    9.1656112421e+01   -3.0359120152e+02    1.6250809024e+01    1.0880000000e+03    4.1277344437e-01    5.2798138787e-01
       125   -1.2330104347e+02    1.5204573118e+04   -1.9553875256e+02    7.2237709087e+01    9.2035014330e+01   -3.0322584895e+02    1.5652082058e+01    1.0880000000e+03    4.1292451607e-01    5.2914751838e-01
       126   -1.2332845701e+02    1.5211509894e+04   -1.9558936288e+02    7.2260905866e+01    9.1841792217e+01   -3.0408620050e+02    1.6655045401e+01    1.0880000000e+03    4.1248662397e-01    5.2787415748e-01
       127   -1.2334056253e+02    1.5214870991e+04   -1.9644880488e+02    7.3108242351e+01    9.1863319624e+01   -3.0435590617e+02    1.6043781662e+01    1.0880000000e+03    4.1250941639e-01    5.2783011642e-01
       128   -1.2332367057e+02    1.5210812569e+04   -1.9589628366e+02    7.2572613092e+01    9.1595600366e+01   -3.0425439299e+02    1.6762508961e+01    1.0880000000e+03    4.1206676973e-01    5.2857498468e-01
       129   -1.2328480986e+02    1.5200358053e+04   -1.9728710624e+02    7.4002296379e+01    9.2053824744e+01   -3.0603008064e+02    1.6689149659e+01    1.0880000000e+03    4.1289512923e-01    5.2882965686e-01
       130   -1.2323314395e+02    1.5187424035e+04   -1.9500235428e+02    7.1769210329e+01    9.1460426381e+01   -3.0280229825e+02    1.6339517592e+01    1.0880000000e+03    4.1250866169e-01    5.2884306066e-01
       131   -1.2327658756e+02    1.5198380100e+04   -1.9527098602e+02    7.1994398458e+01    9.1550869621e+01   -3.0286542314e+02    1.6043567494e+01    1.0880000000e+03    4.1245984242e-01    5.2908624387e-01
       132   -1.2334583868e+02    1.5215812751e+04   -1.9523822135e+02    7.1892382668e+01    9.1620300576e+01   -3.0297030997e+02    1.6111788045e+01    1.0880000000e+03    4.1240890828e-01    5.2820733762e-01
       133   -1.2328783554e+02    1.5201779138e+04   -1.9717835147e+02    7.3890515927e+01    9.2013509122e+01   -3.0566589817e+02    1.6474037580e+01    1.0880000000e+03    4.1287530608e-01    5.2959367341e-01
       134   -1.2330718873e+02    1.5205870983e+04   -1.9679832447e+02    7.3491135739e+01    9.1812855479e+01   -3.0458395855e+02    1.5972778611e+01    1.0880000000e+03    4.1270313018e-01    5.2860945159e-01
       135   -1.2328790875e+02    1.5201135781e+04   -1.9571423747e+02    7.2426328721e+01    9.1741746910e+01   -3.0460336201e+02    1.7147377635e+01    1.0880000000e+03    4.1264820406e-01    5.2917049632e-01
       136   -1.2325402868e+02    1.5193961014e+04   -1.9594280553e+02    7.2688776848e+01    9.2005526306e+01   -3.0482012688e+02    1.6871795040e+01    1.0880000000e+03    4.1270624014e-01    5.2933325674e-01
       137   -1.2331332187e+02    1.5207584473e+04   -1.9751680426e+02    7.4203482395e+01    9.2016600017e+01   -3.0626121287e+02    1.6727808592e+01    1.0880000000e+03    4.1314054763e-01    5.2676164216e-01
       138   -1.2329219309e+02    1.5202305219e+04   -1.9558159114e+02    7.2289398052e+01    9.1873365325e+01   -3.0422879089e+02    1.6773834426e+01    1.0880000000e+03    4.1244765766e-01    5.2981962316e-01
       139   -1.2329069738e+02    1.5201949645e+04   -1.9571489495e+02    7.2424197562e+01    9.2017971957e+01   -3.0407898378e+02    1.6346116877e+01    1.0880000000e+03    4.1252476875e-01    5.2911688113e-01
       140   -1.2325815289e+02    1.5193888077e+04   -1.9695916117e+02    7.3701008282e+01    9.2093142943e+01   -3.0490464843e+02    1.5852344316e+01    1.0880000000e+03    4.1270610800e-01    5.3027918199e-01
       141   -1.2326608103e+02    1.5195752531e+04   -1.9598613929e+02    7.2720058267e+01    9.1787476968e+01   -3.0439656429e+02    1.6622948031e+01    1.0880000000e+03    4.1291937079e-01    5.2946537990e-01
       142   -1.2328657922e+02    1.5200884702e+04   -1.9676576458e+02    7.3479185364e+01    9.1648783679e+01   -3.0380636269e+02    1.5391814429e+01    1.0880000000e+03    4.1348200905e-01    5.2834137561e-01
       143   -1.2334915298e+02    1.5216949382e+04   -1.9670093707e+02    7.3351784094e+01    9.1894079760e+01   -3.0405358184e+02    1.5458565008e+01    1.0880000000e+03    4.1378993147e-01    5.2962814032e-01
       144   -1.2324024973e+02    1.5189999937e+04   -1.9517447712e+02    7.1934227393e+01    9.1711646046e+01   -3.0247364354e+02    1.5587520374e+01    1.0880000000e+03    4.1345013547e-01    5.2913411458e-01
       145   -1.2324915089e+02    1.5192161122e+04   -1.9684197672e+02    7.3592825827e+01    9.1240011189e+01   -3.0364609357e+02    1.5564105661e+01    1.0880000000e+03    4.1317218542e-01    5.2869561887e-01
       146   -1.2323607713e+02    1.5188358465e+04   -1.9709445160e+02    7.3858374477e+01    9.1974871271e+01   -3.0477277238e+02    1.5703449508e+01    1.0880000000e+03    4.1370877536e-01    5.2823797488e-01
       147   -1.2335106981e+02    1.5216962773e+04   -1.9457613636e+02    7.1225066554e+01    9.1557190627e+01   -3.0279847551e+02    1.6665148520e+01    1.0880000000e+03    4.1346858157e-01    5.2752182904e-01
       148   -1.2329946954e+02    1.5203892830e+04   -1.9769069710e+02    7.4391227564e+01    9.2228108892e+01   -3.0580981838e+02    1.5891012391e+01    1.0880000000e+03    4.1419184383e-01    5.2878178615e-01
       149   -1.2329144458e+02    1.5201861109e+04   -1.9582615222e+02    7.2534707637e+01    9.1516973845e+01   -3.0415345041e+02    1.6810324345e+01    1.0880000000e+03    4.1441469486e-01    5.2977366728e-01
       150   -1.2324008916e+02    1.5189302212e+04   -1.9592343754e+02    7.2683348378e+01    9.1651599619e+01   -3.0362699629e+02    1.6051959133e+01    1.0880000000e+03    4.1369055233e-01    5.2957069547e-01
       151   -1.2325557942e+02    1.5193432895e+04   -1.9742484693e+02    7.4169267519e+01    9.2113070741e+01   -3.0548746137e+02    1.5949543697e+01    1.0880000000e+03    4.1269355289e-01    5.2784160539e-01
       152   -1.2328908102e+02    1.5201506385e+04   -1.9577778889e+02    7.2488707873e+01    9.1986645630e+01   -3.0352225518e+02    1.5757820655e+01    1.0880000000e+03    4.1254930636e-01    5.2794692096e-01
       153   -1.2326003551e+02    1.5194625688e+04   -1.9533002747e+02    7.2069991961e+01    9.1641580745e+01   -3.0326510141e+02    1.6293493193e+01    1.0880000000e+03    4.1240087699e-01    5.2888901654e-01
       154   -1.2324084411e+02    1.5190004013e+04   -1.9593329585e+02    7.2692451734e+01    9.1807807244e+01   -3.0463228722e+02    1.6891184123e+01    1.0880000000e+03    4.1288737427e-01    5.2839882047e-01
       155   -1.2331948246e+02    1.5208723502e+04   -1.9653741577e+02    7.3217933303e+01    9.1669808329e+01   -3.0482054561e+02    1.6613321516e+01    1.0880000000e+03    4.1242402113e-01    5.2922794118e-01
       156   -1.2326745772e+02    1.5196189520e+04   -1.9670000796e+02    7.3432550245e+01    9.1683142620e+01   -3.0389933155e+02    1.5516180970e+01    1.0880000000e+03    4.1294429561e-01    5.2794500613e-01
       157   -1.2334634668e+02    1.5215352213e+04   -1.9594330925e+02    7.2596962576e+01    9.1556059403e+01   -3.0363466869e+02    1.6135300037e+01    1.0880000000e+03    4.1243234803e-01    5.2918964461e-01
       158   -1.2327828876e+02    1.5198955773e+04   -1.9617791191e+02    7.2899623152e+01    9.1850956911e+01   -3.0422856245e+02    1.6199693628e+01    1.0880000000e+03    4.1286554757e-01    5.2818435968e-01
       159   -1.2324167671e+02    1.5190316421e+04   -1.9617457680e+02    7.2932900089e+01    9.1677592429e+01   -3.0338646517e+02    1.5534295940e+01    1.0880000000e+03    4.1233693721e-01    5.2963196998e-01
       160   -1.2329361475e+02    1.5202682072e+04   -1.9604422215e+02    7.2750607403e+01    9.1501832297e+01   -3.0315101896e+02    1.5604964514e+01    1.0880000000e+03    4.1282818970e-01    5.2725183824e-01
       161   -1.2331505415e+02    1.5208471300e+04   -1.9719532522e+02    7.3880271069e+01    9.2331647588e+01   -3.0567182818e+02    1.6144855371e+01    1.0880000000e+03    4.1247831679e-01    5.2820542279e-01
       162   -1.2329352156e+02    1.5202741270e+04   -1.9644728312e+02    7.3153761560e+01    9.1541518803e+01   -3.0492092938e+02    1.6932127453e+01    1.0880000000e+03    4.1266268755e-01    5.2838924632e-01
       163   -1.2330150753e+02    1.5204537877e+04   -1.9473739590e+02    7.1435888369e+01    9.1604913598e+01   -3.0240848081e+02    1.6066171312e+01    1.0880000000e+03    4.1247694150e-01    5.2925666360e-01
       164   -1.2323322079e+02    1.5187520641e+04   -1.9607673821e+02    7.2843517417e+01    9.2090856279e+01   -3.0513423738e+02    1.6966642892e+01    1.0880000000e+03    4.1261236501e-01    5.2906326593e-01
       165   -1.2331980514e+02    1.5208966590e+04   -1.9539261033e+02    7.2072805190e+01    9.1924051180e+01   -3.0390115923e+02    1.6584497711e+01    1.0880000000e+03    4.1301514668e-01    5.2822648591e-01
       166   -1.2327584379e+02    1.5198046398e+04   -1.9684338957e+02    7.3567545778e+01    9.2171982256e+01   -3.0515382811e+02    1.6138456281e+01    1.0880000000e+03    4.1259782279e-01    5.2851945466e-01
       167   -1.2330311755e+02    1.5204924767e+04   -1.9601588597e+02    7.2712768419e+01    9.1508128906e+01   -3.0529652936e+02    1.7772514488e+01    1.0880000000e+03    4.1175504401e-01    5.2891007966e-01
       168   -1.2326883013e+02    1.5196892603e+04   -1.9647795085e+02    7.3209120720e+01    9.1984105082e+01   -3.0383943595e+02    1.5377380022e+01    1.0880000000e+03    4.1266342384e-01    5.2944240196e-01
       169   -1.2321137966e+02    1.5182737374e+04   -1.9656503129e+02    7.3353651627e+01    9.2645375297e+01   -3.0541976763e+02    1.6209361042e+01    1.0880000000e+03    4.1328086770e-01    5.2753523284e-01
       170   -1.2332523212e+02    1.5210664003e+04   -1.9537986168e+02    7.2054629558e+01    9.1904346540e+01   -3.0453963275e+02    1.7255424529e+01    1.0880000000e+03    4.1221078157e-01    5.2729204963e-01
       171   -1.2330839120e+02    1.5206166881e+04   -1.9528514070e+02    7.1976749502e+01    9.1702477502e+01   -3.0325141483e+02    1.6263796634e+01    1.0880000000e+03    4.1221927983e-01    5.2890816483e-01
       172   -1.2334079804e+02    1.5214470121e+04   -1.9425658940e+02    7.0915791358e+01    9.1401677854e+01   -3.0256570837e+02    1.6907441120e+01    1.0880000000e+03    4.1235213288e-01    5.2986557904e-01
       173   -1.2329321167e+02    1.5202365614e+04   -1.9552163099e+02    7.2228419327e+01    9.1554614022e+01   -3.0247643627e+02    1.5400191256e+01    1.0880000000e+03    4.1268277672e-01    5.2939261642e-01
       174   -1.2325665539e+02    1.5193303641e+04   -1.9643164155e+02    7.3174986157e+01    9.2198185275e+01   -3.0431622842e+02    1.5686401602e+01    1.0880000000e+03    4.1245451964e-01    5.2941559436e-01
       175   -1.2331632036e+02    1.5208251423e+04   -1.9525058642e+02    7.1934266053e+01    9.2699787896e+01   -3.0525184508e+02    1.7301470764e+01    1.0880000000e+03    4.1313777053e-01    5.2988472733e-01
       176   -1.2325761364e+02    1.5193623060e+04   -1.9598206213e+02    7.2724448487e+01    9.2147416966e+01   -3.0445661795e+02    1.6327138852e+01    1.0880000000e+03    4.1293827642e-01    5.2858264400e-01
       177   -1.2322844693e+02    1.5187384640e+04   -1.9712881592e+02    7.3900368989e+01    9.2114153471e+01   -3.0670371937e+02    1.7460749984e+01    1.0880000000e+03    4.1197333770e-01    5.2898858762e-01
       178   -1.2331723537e+02    1.5208372882e+04   -1.9690860789e+02    7.3591372515e+01    9.2019905874e+01   -3.0551690264e+02    1.6588388881e+01    1.0880000000e+03    4.1263516247e-01    5.2888135723e-01
       179   -1.2330452215e+02    1.5205391886e+04   -1.9454680373e+02    7.1242281585e+01    9.1710521220e+01   -3.0233203744e+02    1.6074712489e+01    1.0880000000e+03    4.1239221920e-01    5.2962431066e-01
       180   -1.2331756824e+02    1.5208594464e+04   -1.9611623017e+02    7.2798661933e+01    9.2155212209e+01   -3.0499870145e+02    1.6727259063e+01    1.0880000000e+03    4.1258059420e-01    5.3006663603e-01
       181   -1.2328403010e+02    1.5200116312e+04   -1.9547094716e+02    7.2186917061e+01    9.2219310329e+01   -3.0344125351e+02    1.5750996026e+01    1.0880000000e+03    4.1301501849e-01    5.2980813419e-01
       182   -1.2327603787e+02    1.5198805954e+04   -1.9514374195e+02    7.1867704089e+01    9.1454558056e+01   -3.0299543783e+02    1.6397137823e+01    1.0880000000e+03    4.1241072337e-01    5.2883731618e-01
       183   -1.2333262490e+02    1.5212280433e+04   -1.9628607351e+02    7.2953448608e+01    9.1669291534e+01   -3.0398700512e+02    1.6031640079e+01    1.0880000000e+03    4.1233804537e-01    5.3025620404e-01
       184   -1.2327486228e+02    1.5197984019e+04   -1.9582123215e+02    7.2546369862e+01    9.2246311256e+01   -3.0482296190e+02    1.6755418502e+01    1.0880000000e+03    4.1272070763e-01    5.2822840074e-01
       185   -1.2332453282e+02    1.5209985657e+04   -1.9610333208e+02    7.2778799265e+01    9.1813667844e+01   -3.0475684962e+02    1.6839849692e+01    1.0880000000e+03    4.1255768827e-01    5.2988089767e-01
       186   -1.2328722971e+02    1.5200973533e+04   -1.9643180647e+02    7.3144576757e+01    9.1862924089e+01   -3.0395539129e+02    1.5660660733e+01    1.0880000000e+03    4.1290385276e-01    5.2931219363e-01
       187   -1.2324628259e+02    1.5190919133e+04   -1.9560945472e+02    7.2363172126e+01    9.1509068354e+01   -3.0369043368e+02    1.6571910604e+01    1.0880000000e+03    4.1252040381e-01    5.2901731005e-01
       188   -1.2326817981e+02    1.5196159688e+04   -1.9684139076e+02    7.3573210950e+01    9.1746404671e+01   -3.0433179815e+02    1.5744002722e+01    1.0880000000e+03    4.1267340214e-01    5.2715418199e-01
       189   -1.2335717653e+02    1.5218570229e+04   -1.9600763493e+02    7.2650458398e+01    9.1950827120e+01   -3.0322073057e+02    1.5262268521e+01    1.0880000000e+03    4.1287758070e-01    5.2980430453e-01
       190   -1.2329161368e+02    1.5202492331e+04   -1.9705461173e+02    7.3762998050e+01    9.2452291314e+01   -3.0691663340e+02    1.7409730356e+01    1.0880000000e+03    4.1269377005e-01    5.2819201900e-01
       191   -1.2324859508e+02    1.5191266216e+04   -1.9661224247e+02    7.3363647394e+01    9.1521336365e+01   -3.0389396949e+02    1.5760390647e+01    1.0880000000e+03    4.1249263177e-01    5.2874923407e-01
       192   -1.2326410069e+02    1.5195268763e+04   -1.9608559275e+02    7.2821492065e+01    9.1643837639e+01   -3.0428014947e+02    1.6550719079e+01    1.0880000000e+03    4.1245329117e-01    5.2903837316e-01
       193   -1.2331342509e+02    1.5207461406e+04   -1.9604902124e+02    7.2735596144e+01    9.1715976577e+01   -3.0419372089e+02    1.6428723075e+01    1.0880000000e+03    4.1270033993e-01    5.2843328738e-01
       194   -1.2326829259e+02    1.5196341233e+04   -1.9620240438e+02    7.2934111791e+01    9.1916064837e+01   -3.0398373799e+02    1.5865268770e+01    1.0880000000e+03    4.1282425317e-01    5.2957261029e-01
       195   -1.2328304011e+02    1.5200010389e+04   -1.9656532724e+02    7.3282287133e+01    9.1731299935e+01   -3.0420087700e+02    1.5904249829e+01    1.0880000000e+03    4.1281258994e-01    5.2993259804e-01
       196   -1.2328412458e+02    1.5200012200e+04   -1.9708898932e+02    7.3804864744e+01    9.1857171257e+01   -3.0524834233e+02    1.6302181749e+01    1.0880000000e+03    4.1223440626e-01    5.2860370711e-01
       197   -1.2328044969e+02    1.5199393891e+04   -1.9629406546e+02    7.3013615766e+01    9.1655010209e+01   -3.0470190944e+02    1.6752833769e+01    1.0880000000e+03    4.1216556947e-01    5.2994408701e-01
       198   -1.2318944942e+02    1.5177707549e+04   -1.9617613767e+02    7.2986688247e+01    9.1425089911e+01   -3.0343735834e+02    1.5836130761e+01    1.0880000000e+03    4.1237710460e-01    5.2839882047e-01
       199   -1.2325465199e+02    1.5192829522e+04   -1.9657041580e+02    7.3315763819e+01    9.1523651844e+01   -3.0309937639e+02    1.5005308744e+01    1.0880000000e+03    4.1252724629e-01    5.2924134498e-01
