#   index    LocalEnergy         LocalEnergy_sq      LocalPotential      Kinetic             ElecElec            LocalECP            NonLocalECP         BlockWeight         BlockCPU            AcceptRatio         
         0   -1.2325664256e+02    1.5193468909e+04   -1.9500644041e+02    7.1749797851e+01    9.2384676944e+01   -3.0430742243e+02    1.6916305078e+01    1.0880000000e+03    1.6231768425e-01    2.7830882353e-01
         1   -1.2333209864e+02    1.5212148048e+04   -1.9550124018e+02    7.2169141545e+01    9.2618623649e+01   -3.0553872047e+02    1.7418856637e+01    1.0880000000e+03    1.6572788993e-01    2.8019301471e-01
         2   -1.2335081812e+02    1.5216666605e+04   -1.9659481838e+02    7.3244000262e+01    9.1983257310e+01   -3.0495918281e+02    1.6381107113e+01    1.0880000000e+03    1.6588058191e-01    2.7899816176e-01
         3   -1.2335510798e+02    1.5217985977e+04   -1.9583059539e+02    7.2475487404e+01    9.2232397974e+01   -3.0342019307e+02    1.5357199711e+01    1.0880000000e+03    1.6563781877e-01    2.7975643382e-01
         4   -1.2325472281e+02    1.5193006330e+04   -1.9608112247e+02    7.2826399664e+01    9.2482073535e+01   -3.0466197340e+02    1.6098777391e+01    1.0880000000e+03    1.6610945301e-01    2.7807904412e-01
         5   -1.2332644753e+02    1.5210817559e+04   -1.9599863101e+02    7.2672183478e+01    9.2072404701e+01   -3.0415861350e+02    1.6087577788e+01    1.0880000000e+03    1.6576709248e-01    2.7769990809e-01
         6   -1.2327536241e+02    1.5197984212e+04   -1.9582035514e+02    7.2544992721e+01    9.2148088209e+01   -3.0427344855e+02    1.6305005205e+01    1.0880000000e+03    1.6622438873e-01    2.7899816176e-01
         7   -1.2326191712e+02    1.5194654542e+04   -1.9589640217e+02    7.2634485042e+01    9.1969853244e+01   -3.0486114432e+02    1.6994888913e+01    1.0880000000e+03    1.6587437733e-01    2.7768841912e-01
         8   -1.2333047861e+02    1.5212583221e+04   -1.9643184788e+02    7.3101369269e+01    9.1874386254e+01   -3.0551382171e+02    1.7207587584e+01    1.0880000000e+03    1.6587145911e-01    2.7698759191e-01
         9   -1.2328676157e+02    1.5201921747e+04   -1.9643280229e+02    7.3146040727e+01    9.1686273250e+01   -3.0413189102e+02    1.6012815477e+01    1.0880000000e+03    1.6558778286e-01    2.8005514706e-01
        10   -1.2332356583e+02    1.5209793397e+04   -1.9622253524e+02    7.2898969410e+01    9.1798617217e+01   -3.0425879775e+02    1.6237645296e+01    1.0880000000e+03    1.6579550373e-01    2.7787224265e-01
        11   -1.2334380154e+02    1.5214840387e+04   -1.9547364999e+02    7.2129848456e+01    9.1723576078e+01   -3.0389673555e+02    1.6699509478e+01    1.0880000000e+03    1.6562988587e-01    2.7820542279e-01
        12   -1.2332263210e+02    1.5210104083e+04   -1.9605877666e+02    7.2736144555e+01    9.1552711860e+01   -3.0298951111e+02    1.5378022590e+01    1.0880000000e+03    1.6526771271e-01    2.7960707721e-01
        13   -1.2329131876e+02    1.5202762086e+04   -1.9625937385e+02    7.2968055084e+01    9.2203116915e+01   -3.0468611733e+02    1.6223626567e+01    1.0880000000e+03    1.6608223188e-01    2.7786075368e-01
        14   -1.2333649893e+02    1.5213303419e+04   -1.9648714832e+02    7.3150649390e+01    9.2137675778e+01   -3.0472463504e+02    1.6099810937e+01    1.0880000000e+03    1.6646106322e-01    2.7994025735e-01
        15   -1.2325958362e+02    1.5194266935e+04   -1.9602201478e+02    7.2762431160e+01    9.1989471740e+01   -3.0356236801e+02    1.5550881488e+01    1.0880000000e+03    1.6654134936e-01    2.7686121324e-01
        16   -1.2329398745e+02    1.5203194611e+04   -1.9423047683e+02    7.0936489383e+01    9.1843748852e+01   -3.0283398661e+02    1.6759760922e+01    1.0880000000e+03    1.6631130085e-01    2.7689568015e-01
        17   -1.2332986983e+02    1.5211457891e+04   -1.9570148223e+02    7.2371612400e+01    9.2005071467e+01   -3.0378128577e+02    1.6074732066e+01    1.0880000000e+03    1.6607011460e-01    2.7728630515e-01
        18   -1.2328265408e+02    1.5200753396e+04   -1.9653346697e+02    7.3250812888e+01    9.1671640219e+01   -3.0429611757e+02    1.6091010379e+01    1.0880000000e+03    1.6571007581e-01    2.7853860294e-01
        19   -1.2333023768e+02    1.5211648081e+04   -1.9572050724e+02    7.2390269566e+01    9.1425903766e+01   -3.0365729337e+02    1.6510882359e+01    1.0880000000e+03    1.6558506011e-01    2.8110064338e-01
        20   -1.2331722823e+02    1.5208726360e+04   -1.9617484710e+02    7.2857618862e+01    9.1660353914e+01   -3.0386836360e+02    1.6033162593e+01    1.0880000000e+03    1.6544073469e-01    2.8014705882e-01
        21   -1.2329579654e+02    1.5203018144e+04   -1.9702765635e+02    7.3731859806e+01    9.1819504266e+01   -3.0469346763e+02    1.5846307010e+01    1.0880000000e+03    1.6592440031e-01    2.7775735294e-01
        22   -1.2328873911e+02    1.5201341692e+04   -1.9593450472e+02    7.2645765610e+01    9.1764458840e+01   -3.0434498345e+02    1.6646019882e+01    1.0880000000e+03    1.6569781939e-01    2.7675781250e-01
        23   -1.2327376705e+02    1.5197608695e+04   -1.9599416464e+02    7.2720397596e+01    9.1696226185e+01   -3.0355530181e+02    1.5864910981e+01    1.0880000000e+03    1.6575292082e-01    2.7641314338e-01
        24   -1.2324840371e+02    1.5191250203e+04   -1.9565653098e+02    7.2408127265e+01    9.1662341262e+01   -3.0355851220e+02    1.6239639956e+01    1.0880000000e+03    1.6601533574e-01    2.7670036765e-01
        25   -1.2332401096e+02    1.5210127640e+04   -1.9551234613e+02    7.2188335166e+01    9.1625601779e+01   -3.0275790421e+02    1.5619956298e+01    1.0880000000e+03    1.6562448201e-01    2.7724034926e-01
        26   -1.2338015349e+02    1.5223838630e+04   -1.9497053832e+02    7.1590384838e+01    9.1995772842e+01   -3.0330421131e+02    1.6337900143e+01    1.0880000000e+03    1.6599887478e-01    2.7855009191e-01
        27   -1.2332041882e+02    1.5209513556e+04   -1.9594708040e+02    7.2626661578e+01    9.1979264714e+01   -3.0505980737e+02    1.7133462256e+01    1.0880000000e+03    1.6576918960e-01    2.7832031250e-01
        28   -1.2322847358e+02    1.5186568764e+04   -1.9524586018e+02    7.2017386606e+01    9.1757571231e+01   -3.0396389623e+02    1.6960464822e+01    1.0880000000e+03    1.6581724979e-01    2.8087086397e-01
        29   -1.2330646755e+02    1.5205632994e+04   -1.9604676774e+02    7.2740300197e+01    9.1738002731e+01   -3.0502842741e+02    1.7243656941e+01    1.0880000000e+03    1.6556206762e-01    2.7887178309e-01
        30   -1.2323400352e+02    1.5187571593e+04   -1.9595588854e+02    7.2721885025e+01    9.2009403288e+01   -3.0448603338e+02    1.6520741544e+01    1.0880000000e+03    1.6573355303e-01    2.7998621324e-01
        31   -1.2322975890e+02    1.5187885056e+04   -1.9588881382e+02    7.2659054924e+01    9.1781937095e+01   -3.0413107390e+02    1.6460322982e+01    1.0880000000e+03    1.6587246867e-01    2.7941176471e-01
        32   -1.2322863132e+02    1.5186555501e+04   -1.9632206890e+02    7.3093437581e+01    9.1560620754e+01   -3.0305171713e+02    1.5169027481e+01    1.0880000000e+03    1.6588585451e-01    2.7630974265e-01
        33   -1.2325397565e+02    1.5192962331e+04   -1.9595230752e+02    7.2698331875e+01    9.1600661246e+01   -3.0359535924e+02    1.6042390469e+01    1.0880000000e+03    1.6546986208e-01    2.8062959559e-01
        34   -1.2327550882e+02    1.5198060505e+04   -1.9435616611e+02    7.1080657297e+01    9.1593800278e+01   -3.0208313685e+02    1.6133170459e+01    1.0880000000e+03    1.6616886547e-01    2.7988281250e-01
        35   -1.2328877731e+02    1.5201267234e+04   -1.9557249099e+02    7.2283713679e+01    9.1657390179e+01   -3.0396142686e+02    1.6731545689e+01    1.0880000000e+03    1.6603453238e-01    2.7895220588e-01
        36   -1.2327170507e+02    1.5196956996e+04   -1.9555932830e+02    7.2287623232e+01    9.1806824164e+01   -3.0339449577e+02    1.6028343298e+01    1.0880000000e+03    1.6597078324e-01    2.7759650735e-01
        37   -1.2335985050e+02    1.5219128434e+04   -1.9703261329e+02    7.3672762783e+01    9.1929325116e+01   -3.0591305032e+02    1.6951111914e+01    1.0880000000e+03    1.6571553271e-01    2.7907858456e-01
        38   -1.2321520966e+02    1.5186424635e+04   -1.9602637472e+02    7.2811165059e+01    9.2120246081e+01   -3.0545668441e+02    1.7310063611e+01    1.0880000000e+03    1.6626122287e-01    2.8126148897e-01
        39   -1.2330289066e+02    1.5204799547e+04   -1.9714967727e+02    7.3846786608e+01    9.2285736280e+01   -3.0630630738e+02    1.6870893825e+01    1.0880000000e+03    1.6604042272e-01    2.8066406250e-01
