 $DATA  
                                                                                
C1       0
S          16.0      0.0000000000      0.0000000000      0.0000000000
   S      12
     1            306.3179030000  0.00006400
     2            146.6028010000 -0.00078500
     3             70.1636470000  0.02247100
     4             33.5801040000 -0.16987100
     5             16.0713340000 -0.06189700
     6              7.6916910000  0.24003900
     7              3.6812190000  0.55164900
     8              1.7618200000  0.33438600
     9              0.8432020000  0.03132300
    10              0.4035540000  0.00443600
    11              0.1931400000 -0.00101500
    12              0.0924360000  0.00050700
   S      12
     1            306.3179030000  0.00002100
     2            146.6028010000 -0.00000400
     3             70.1636470000 -0.00611900
     4             33.5801040000  0.05447100
     5             16.0713340000  0.01934400
     6              7.6916910000 -0.08383900
     7              3.6812190000 -0.26532200
     8              1.7618200000 -0.29306500
     9              0.8432020000  0.11373000
    10              0.4035540000  0.52928200
    11              0.1931400000  0.46625400
    12              0.0924360000  0.12580000
   S       1
     1             14.2852590000  1.00000000
   S       1
     1              2.6755980000  1.00000000
   S       1
     1              0.8988450000  1.00000000
   S       1
     1              0.1463640000  1.00000000
   P      12
     1             55.1482710000  0.01344700
     2             29.0565880000  0.10167000
     3             15.3093710000  0.18519200
     4              8.0662200000  0.27583600
     5              4.2499400000  0.31707300
     6              2.2392130000  0.21706600
     7              1.1797990000  0.06576500
     8              0.6216140000  0.00651700
     9              0.3275170000  0.00111100
    10              0.1725620000  0.00022200
    11              0.0909200000  0.00018100
    12              0.0479040000  0.00000800
   P      12
     1             55.1482710000  0.00354200
     2             29.0565880000  0.02579700
     3             15.3093710000  0.04726000
     4              8.0662200000  0.07559400
     5              4.2499400000  0.09198000
     6              2.2392130000  0.06206700
     7              1.1797990000 -0.07125300
     8              0.6216140000 -0.25020600
     9              0.3275170000 -0.34929500
    10              0.1725620000 -0.31270000
    11              0.0909200000 -0.15589800
    12              0.0479040000 -0.03041800
   P       1
     1              7.1501710000  1.00000000
   P       1
     1              2.8268360000  1.00000000
   P       1
     1              0.8011690000  1.00000000
   P       1
     1              0.1104700000  1.00000000
   D       1
     1             15.7685240000  1.00000000
   D       1
     1              4.9188530000  1.00000000
   D       1
     1              0.8123010000  1.00000000
   D       1
     1              0.2680880000  1.00000000
   F       1
     1             10.3962760000  1.00000000
   F       1
     1              0.5555650000  1.00000000
        
 $END      
--- OPEN SHELL ORBITALS --- GENERATED AT Wed Jan 16 15:53:56 2019
                                                                                
E(ROHF)=     -151.9188863223, E(NUC)=    0.0000000000,    8 ITERS
 $VEC   
 1  1 9.99965952E-01-1.85447827E-03-5.56364150E-06 3.17271192E-05 7.28467975E-07
 1  2 1.04431400E-05 0.00000000E+00 0.00000000E+00 0.00000000E+00 0.00000000E+00
 1  3 0.00000000E+00 0.00000000E+00 0.00000000E+00 0.00000000E+00 0.00000000E+00
 1  4 0.00000000E+00 0.00000000E+00 0.00000000E+00 0.00000000E+00 0.00000000E+00
 1  5 0.00000000E+00 0.00000000E+00 0.00000000E+00 0.00000000E+00 4.36777639E-05
 1  6-2.18388816E-05-2.18388823E-05 0.00000000E+00 0.00000000E+00 0.00000000E+00
 1  7-7.85837100E-04 3.92918550E-04 3.92918550E-04 0.00000000E+00 0.00000000E+00
 1  8 0.00000000E+00-4.51957719E-04 2.25978859E-04 2.25978859E-04 0.00000000E+00
 1  9 0.00000000E+00 0.00000000E+00 3.24842427E-04-1.62421214E-04-1.62421213E-04
 1 10 0.00000000E+00 0.00000000E+00 0.00000000E+00 0.00000000E+00 0.00000000E+00
 1 11 0.00000000E+00 0.00000000E+00 0.00000000E+00 0.00000000E+00 0.00000000E+00
 1 12 0.00000000E+00 0.00000000E+00 0.00000000E+00 0.00000000E+00 0.00000000E+00
 1 13 0.00000000E+00 0.00000000E+00 0.00000000E+00 0.00000000E+00 0.00000000E+00
 1 14 0.00000000E+00 0.00000000E+00 0.00000000E+00
 2  1 0.00000000E+00 0.00000000E+00 0.00000000E+00 0.00000000E+00 0.00000000E+00
 2  2 0.00000000E+00 1.00195471E+00 0.00000000E+00 0.00000000E+00 6.88410292E-04
 2  3 0.00000000E+00 0.00000000E+00 2.51379076E-04 0.00000000E+00 0.00000000E+00
 2  4-1.56343102E-03 0.00000000E+00 0.00000000E+00-1.68645234E-03 0.00000000E+00
 2  5 0.00000000E+00-4.31961737E-04 0.00000000E+00 0.00000000E+00 0.00000000E+00
 2  6 0.00000000E+00 0.00000000E+00 0.00000000E+00 0.00000000E+00 0.00000000E+00
 2  7 0.00000000E+00 0.00000000E+00 0.00000000E+00 0.00000000E+00 0.00000000E+00
 2  8 0.00000000E+00 0.00000000E+00 0.00000000E+00 0.00000000E+00 0.00000000E+00
 2  9 0.00000000E+00 0.00000000E+00 0.00000000E+00 0.00000000E+00 0.00000000E+00
 2 10 0.00000000E+00 0.00000000E+00 0.00000000E+00-2.30486673E-04 0.00000000E+00
 2 11 0.00000000E+00 0.00000000E+00 0.00000000E+00 1.54615162E-04 0.00000000E+00
 2 12 1.54615159E-04 0.00000000E+00 0.00000000E+00-1.62178802E-04 0.00000000E+00
 2 13 0.00000000E+00 0.00000000E+00 0.00000000E+00 1.08792848E-04 0.00000000E+00
 2 14 1.08792848E-04 0.00000000E+00 0.00000000E+00
 3  1 0.00000000E+00 0.00000000E+00 0.00000000E+00 0.00000000E+00 0.00000000E+00
 3  2 0.00000000E+00 0.00000000E+00 0.00000000E+00 9.99016938E-01 0.00000000E+00
 3  3 0.00000000E+00 8.46115258E-04 0.00000000E+00 0.00000000E+00-1.20090291E-04
 3  4 0.00000000E+00 0.00000000E+00 7.81987128E-04 0.00000000E+00 0.00000000E+00
 3  5 8.42762829E-04 0.00000000E+00 0.00000000E+00 1.90200871E-04 0.00000000E+00
 3  6 0.00000000E+00 0.00000000E+00 0.00000000E+00 0.00000000E+00 0.00000000E+00
 3  7 0.00000000E+00 0.00000000E+00 0.00000000E+00 0.00000000E+00 0.00000000E+00
 3  8 0.00000000E+00 0.00000000E+00 0.00000000E+00 0.00000000E+00 0.00000000E+00
 3  9 0.00000000E+00 0.00000000E+00 0.00000000E+00 0.00000000E+00 0.00000000E+00
 3 10 0.00000000E+00 0.00000000E+00 0.00000000E+00 0.00000000E+00 0.00000000E+00
 3 11 1.15191075E-04 0.00000000E+00-2.06060063E-04 0.00000000E+00 5.15150181E-05
 3 12 0.00000000E+00 0.00000000E+00 0.00000000E+00 0.00000000E+00 0.00000000E+00
 3 13 8.69681555E-05 0.00000000E+00-1.55573366E-04 0.00000000E+00 3.88933414E-05
 3 14 0.00000000E+00 0.00000000E+00 0.00000000E+00
 4  1 0.00000000E+00 0.00000000E+00 0.00000000E+00 0.00000000E+00 0.00000000E+00
 4  2 0.00000000E+00 0.00000000E+00 9.99016938E-01 0.00000000E+00 0.00000000E+00
 4  3 8.46115258E-04 0.00000000E+00 0.00000000E+00-1.20090291E-04 0.00000000E+00
 4  4 0.00000000E+00 7.81987128E-04 0.00000000E+00 0.00000000E+00 8.42762829E-04
 4  5 0.00000000E+00 0.00000000E+00 1.90200871E-04 0.00000000E+00 0.00000000E+00
 4  6 0.00000000E+00 0.00000000E+00 0.00000000E+00 0.00000000E+00 0.00000000E+00
 4  7 0.00000000E+00 0.00000000E+00 0.00000000E+00 0.00000000E+00 0.00000000E+00
 4  8 0.00000000E+00 0.00000000E+00 0.00000000E+00 0.00000000E+00 0.00000000E+00
 4  9 0.00000000E+00 0.00000000E+00 0.00000000E+00 0.00000000E+00 0.00000000E+00
 4 10 0.00000000E+00 0.00000000E+00 0.00000000E+00 0.00000000E+00 1.15191074E-04
 4 11 0.00000000E+00-2.06060063E-04 0.00000000E+00 0.00000000E+00 0.00000000E+00
 4 12 0.00000000E+00 5.15150191E-05 0.00000000E+00 0.00000000E+00 8.69681555E-05
 4 13 0.00000000E+00-1.55573366E-04 0.00000000E+00 0.00000000E+00 0.00000000E+00
 4 14 0.00000000E+00 3.88933414E-05 0.00000000E+00
 5  1 1.92233259E-03 1.00017008E+00 3.24905079E-06 2.67196389E-05-7.08403702E-05
 5  2-1.68044295E-04 0.00000000E+00 0.00000000E+00 0.00000000E+00 0.00000000E+00
 5  3 0.00000000E+00 0.00000000E+00 0.00000000E+00 0.00000000E+00 0.00000000E+00
 5  4 0.00000000E+00 0.00000000E+00 0.00000000E+00 0.00000000E+00 0.00000000E+00
 5  5 0.00000000E+00 0.00000000E+00 0.00000000E+00 0.00000000E+00-7.72446654E-05
 5  6 3.86223326E-05 3.86223329E-05 0.00000000E+00 0.00000000E+00 0.00000000E+00
 5  7 1.97901770E-04-9.89508850E-05-9.89508853E-05 0.00000000E+00 0.00000000E+00
 5  8 0.00000000E+00-2.32010386E-04 1.16005193E-04 1.16005193E-04 0.00000000E+00
 5  9 0.00000000E+00 0.00000000E+00 5.40972940E-03-2.70486470E-03-2.70486470E-03
 5 10 0.00000000E+00 0.00000000E+00 0.00000000E+00 0.00000000E+00 0.00000000E+00
 5 11 0.00000000E+00 0.00000000E+00 0.00000000E+00 0.00000000E+00 0.00000000E+00
 5 12 0.00000000E+00 0.00000000E+00 0.00000000E+00 0.00000000E+00 0.00000000E+00
 5 13 0.00000000E+00 0.00000000E+00 0.00000000E+00 0.00000000E+00 0.00000000E+00
 5 14 0.00000000E+00 0.00000000E+00 0.00000000E+00
 6  1 0.00000000E+00 0.00000000E+00 0.00000000E+00 0.00000000E+00 0.00000000E+00
 6  2 0.00000000E+00 5.57648288E-03 0.00000000E+00 0.00000000E+00 9.56942571E-01
 6  3 0.00000000E+00 0.00000000E+00 6.04518530E-04 0.00000000E+00 0.00000000E+00
 6  4-4.53429083E-04 0.00000000E+00 0.00000000E+00-1.07654062E-02 0.00000000E+00
 6  5 0.00000000E+00-4.27005218E-02 0.00000000E+00 0.00000000E+00 0.00000000E+00
 6  6 0.00000000E+00 0.00000000E+00 0.00000000E+00 0.00000000E+00 0.00000000E+00
 6  7 0.00000000E+00 0.00000000E+00 0.00000000E+00 0.00000000E+00 0.00000000E+00
 6  8 0.00000000E+00 0.00000000E+00 0.00000000E+00 0.00000000E+00 0.00000000E+00
 6  9 0.00000000E+00 0.00000000E+00 0.00000000E+00 0.00000000E+00 0.00000000E+00
 6 10 0.00000000E+00 0.00000000E+00 0.00000000E+00 1.02997485E-05 0.00000000E+00
 6 11 0.00000000E+00 0.00000000E+00 0.00000000E+00-6.90928099E-06 0.00000000E+00
 6 12-6.90928170E-06 0.00000000E+00 0.00000000E+00 7.94840597E-03 0.00000000E+00
 6 13 0.00000000E+00 0.00000000E+00 0.00000000E+00-5.33195282E-03 0.00000000E+00
 6 14-5.33195282E-03 0.00000000E+00 0.00000000E+00
 7  1 0.00000000E+00 0.00000000E+00 0.00000000E+00 0.00000000E+00 0.00000000E+00
 7  2 0.00000000E+00 0.00000000E+00 0.00000000E+00-7.95745547E-03 0.00000000E+00
 7  3 0.00000000E+00 1.04334514E+00 0.00000000E+00 0.00000000E+00-7.09780632E-04
 7  4 0.00000000E+00 0.00000000E+00 6.52004320E-04 0.00000000E+00 0.00000000E+00
 7  5 1.03914278E-02 0.00000000E+00 0.00000000E+00 4.39333490E-02 0.00000000E+00
 7  6 0.00000000E+00 0.00000000E+00 0.00000000E+00 0.00000000E+00 0.00000000E+00
 7  7 0.00000000E+00 0.00000000E+00 0.00000000E+00 0.00000000E+00 0.00000000E+00
 7  8 0.00000000E+00 0.00000000E+00 0.00000000E+00 0.00000000E+00 0.00000000E+00
 7  9 0.00000000E+00 0.00000000E+00 0.00000000E+00 0.00000000E+00 0.00000000E+00
 7 10 0.00000000E+00 0.00000000E+00 0.00000000E+00 0.00000000E+00 0.00000000E+00
 7 11-1.03616101E-05 0.00000000E+00 1.85354110E-05 0.00000000E+00-4.63385225E-06
 7 12 0.00000000E+00 0.00000000E+00 0.00000000E+00 0.00000000E+00 0.00000000E+00
 7 13-8.77272461E-03 0.00000000E+00 1.56931269E-02 0.00000000E+00-3.92328172E-03
 7 14 0.00000000E+00 0.00000000E+00 0.00000000E+00
 8  1 0.00000000E+00 0.00000000E+00 0.00000000E+00 0.00000000E+00 0.00000000E+00
 8  2 0.00000000E+00 0.00000000E+00-7.95745547E-03 0.00000000E+00 0.00000000E+00
 8  3 1.04334514E+00 0.00000000E+00 0.00000000E+00-7.09780632E-04 0.00000000E+00
 8  4 0.00000000E+00 6.52004320E-04 0.00000000E+00 0.00000000E+00 1.03914278E-02
 8  5 0.00000000E+00 0.00000000E+00 4.39333490E-02 0.00000000E+00 0.00000000E+00
 8  6 0.00000000E+00 0.00000000E+00 0.00000000E+00 0.00000000E+00 0.00000000E+00
 8  7 0.00000000E+00 0.00000000E+00 0.00000000E+00 0.00000000E+00 0.00000000E+00
 8  8 0.00000000E+00 0.00000000E+00 0.00000000E+00 0.00000000E+00 0.00000000E+00
 8  9 0.00000000E+00 0.00000000E+00 0.00000000E+00 0.00000000E+00 0.00000000E+00
 8 10 0.00000000E+00 0.00000000E+00 0.00000000E+00 0.00000000E+00-1.03616102E-05
 8 11 0.00000000E+00 1.85354110E-05 0.00000000E+00 0.00000000E+00 0.00000000E+00
 8 12 0.00000000E+00-4.63385205E-06 0.00000000E+00 0.00000000E+00-8.77272461E-03
 8 13 0.00000000E+00 1.56931269E-02 0.00000000E+00 0.00000000E+00 0.00000000E+00
 8 14 0.00000000E+00-3.92328172E-03 0.00000000E+00
 9  1 0.00000000E+00 0.00000000E+00 0.00000000E+00 0.00000000E+00 0.00000000E+00
 9  2 0.00000000E+00 0.00000000E+00 0.00000000E+00-3.91962142E-01 0.00000000E+00
 9  3 0.00000000E+00 2.21289905E+00 0.00000000E+00 0.00000000E+00 1.23368768E-03
 9  4 0.00000000E+00 0.00000000E+00-4.29000257E-02 0.00000000E+00 0.00000000E+00
 9  5 5.68362859E-01 0.00000000E+00 0.00000000E+00 2.23329273E+00 0.00000000E+00
 9  6 0.00000000E+00 0.00000000E+00 0.00000000E+00 0.00000000E+00 0.00000000E+00
 9  7 0.00000000E+00 0.00000000E+00 0.00000000E+00 0.00000000E+00 0.00000000E+00
 9  8 0.00000000E+00 0.00000000E+00 0.00000000E+00 0.00000000E+00 0.00000000E+00
 9  9 0.00000000E+00 0.00000000E+00 0.00000000E+00 0.00000000E+00 0.00000000E+00
 9 10 0.00000000E+00 0.00000000E+00 0.00000000E+00 0.00000000E+00 0.00000000E+00
 9 11-6.02562480E-06 0.00000000E+00 1.07789650E-05 0.00000000E+00-2.69474098E-06
 9 12 0.00000000E+00 0.00000000E+00 0.00000000E+00 0.00000000E+00 0.00000000E+00
 9 13-5.73331331E-03 0.00000000E+00 1.02560626E-02 0.00000000E+00-2.56401566E-03
 9 14 0.00000000E+00 0.00000000E+00 0.00000000E+00
10  1 0.00000000E+00 0.00000000E+00 0.00000000E+00 0.00000000E+00 0.00000000E+00
10  2 0.00000000E+00 0.00000000E+00-3.91962142E-01 0.00000000E+00 0.00000000E+00
10  3 2.21289905E+00 0.00000000E+00 0.00000000E+00 1.23368768E-03 0.00000000E+00
10  4 0.00000000E+00-4.29000257E-02 0.00000000E+00 0.00000000E+00 5.68362859E-01
10  5 0.00000000E+00 0.00000000E+00 2.23329273E+00 0.00000000E+00 0.00000000E+00
10  6 0.00000000E+00 0.00000000E+00 0.00000000E+00 0.00000000E+00 0.00000000E+00
10  7 0.00000000E+00 0.00000000E+00 0.00000000E+00 0.00000000E+00 0.00000000E+00
10  8 0.00000000E+00 0.00000000E+00 0.00000000E+00 0.00000000E+00 0.00000000E+00
10  9 0.00000000E+00 0.00000000E+00 0.00000000E+00 0.00000000E+00 0.00000000E+00
10 10 0.00000000E+00 0.00000000E+00 0.00000000E+00 0.00000000E+00-6.02562488E-06
10 11 0.00000000E+00 1.07789650E-05 0.00000000E+00 0.00000000E+00 0.00000000E+00
10 12 0.00000000E+00-2.69474087E-06 0.00000000E+00 0.00000000E+00-5.73331331E-03
10 13 0.00000000E+00 1.02560626E-02 0.00000000E+00 0.00000000E+00 0.00000000E+00
10 14 0.00000000E+00-2.56401566E-03 0.00000000E+00
11  1 0.00000000E+00 0.00000000E+00 0.00000000E+00 0.00000000E+00 0.00000000E+00
11  2 0.00000000E+00 0.00000000E+00 0.00000000E+00 0.00000000E+00 0.00000000E+00
11  3 0.00000000E+00 0.00000000E+00 0.00000000E+00 0.00000000E+00 0.00000000E+00
11  4 0.00000000E+00 0.00000000E+00 0.00000000E+00 0.00000000E+00 0.00000000E+00
11  5 0.00000000E+00 0.00000000E+00 0.00000000E+00 0.00000000E+00 0.00000000E+00
11  6-1.83934823E-03 1.83934823E-03 0.00000000E+00 0.00000000E+00 0.00000000E+00
11  7 0.00000000E+00-3.78652266E-02 3.78652266E-02 0.00000000E+00 0.00000000E+00
11  8 0.00000000E+00 0.00000000E+00-1.67322983E-01 1.67322983E-01 0.00000000E+00
11  9 0.00000000E+00 0.00000000E+00 0.00000000E+00-7.50392896E-01 7.50392896E-01
11 10 0.00000000E+00 0.00000000E+00 0.00000000E+00 0.00000000E+00 0.00000000E+00
11 11 0.00000000E+00 0.00000000E+00 0.00000000E+00 0.00000000E+00 0.00000000E+00
11 12 0.00000000E+00 0.00000000E+00 0.00000000E+00 0.00000000E+00 0.00000000E+00
11 13 0.00000000E+00 0.00000000E+00 0.00000000E+00 0.00000000E+00 0.00000000E+00
11 14 0.00000000E+00 0.00000000E+00 0.00000000E+00
12  1 0.00000000E+00 0.00000000E+00 0.00000000E+00 0.00000000E+00 0.00000000E+00
12  2 0.00000000E+00 0.00000000E+00 0.00000000E+00 0.00000000E+00 0.00000000E+00
12  3 0.00000000E+00 0.00000000E+00 0.00000000E+00 0.00000000E+00 0.00000000E+00
12  4 0.00000000E+00 0.00000000E+00 0.00000000E+00 0.00000000E+00 0.00000000E+00
12  5 0.00000000E+00 0.00000000E+00 0.00000000E+00 0.00000000E+00 0.00000000E+00
12  6 0.00000000E+00 0.00000000E+00 0.00000000E+00 0.00000000E+00 2.12389640E-03
12  7 0.00000000E+00 0.00000000E+00 0.00000000E+00 0.00000000E+00 0.00000000E+00
12  8 4.37229976E-02 0.00000000E+00 0.00000000E+00 0.00000000E+00 0.00000000E+00
12  9 0.00000000E+00 1.93207939E-01 0.00000000E+00 0.00000000E+00 0.00000000E+00
12 10 0.00000000E+00 0.00000000E+00 8.66479081E-01 0.00000000E+00 0.00000000E+00
12 11 0.00000000E+00 0.00000000E+00 0.00000000E+00 0.00000000E+00 0.00000000E+00
12 12 0.00000000E+00 0.00000000E+00 0.00000000E+00 0.00000000E+00 0.00000000E+00
12 13 0.00000000E+00 0.00000000E+00 0.00000000E+00 0.00000000E+00 0.00000000E+00
12 14 0.00000000E+00 0.00000000E+00 0.00000000E+00
13  1 0.00000000E+00 0.00000000E+00 0.00000000E+00 0.00000000E+00 0.00000000E+00
13  2 0.00000000E+00-4.16057153E-01 0.00000000E+00 0.00000000E+00 2.31497864E+00
13  3 0.00000000E+00 0.00000000E+00 2.55749208E-03 0.00000000E+00 0.00000000E+00
13  4-4.80665909E-02 0.00000000E+00 0.00000000E+00 6.19025588E-01 0.00000000E+00
13  5 0.00000000E+00 2.26884348E+00 0.00000000E+00 0.00000000E+00 0.00000000E+00
13  6 0.00000000E+00 0.00000000E+00 0.00000000E+00 0.00000000E+00 0.00000000E+00
13  7 0.00000000E+00 0.00000000E+00 0.00000000E+00 0.00000000E+00 0.00000000E+00
13  8 0.00000000E+00 0.00000000E+00 0.00000000E+00 0.00000000E+00 0.00000000E+00
13  9 0.00000000E+00 0.00000000E+00 0.00000000E+00 0.00000000E+00 0.00000000E+00
13 10 0.00000000E+00 0.00000000E+00 0.00000000E+00 1.28233973E-05 0.00000000E+00
13 11 0.00000000E+00 0.00000000E+00 0.00000000E+00-8.60219621E-06 0.00000000E+00
13 12-8.60219662E-06 0.00000000E+00 0.00000000E+00 1.24435766E-02 0.00000000E+00
13 13 0.00000000E+00 0.00000000E+00 0.00000000E+00-8.34740494E-03 0.00000000E+00
13 14-8.34740494E-03 0.00000000E+00 0.00000000E+00
14  1 0.00000000E+00 0.00000000E+00 0.00000000E+00 0.00000000E+00 0.00000000E+00
14  2 0.00000000E+00 0.00000000E+00 0.00000000E+00 0.00000000E+00 0.00000000E+00
14  3 0.00000000E+00 0.00000000E+00 0.00000000E+00 0.00000000E+00 0.00000000E+00
14  4 0.00000000E+00 0.00000000E+00 0.00000000E+00 0.00000000E+00 0.00000000E+00
14  5 0.00000000E+00 0.00000000E+00 0.00000000E+00 0.00000000E+00 0.00000000E+00
14  6 0.00000000E+00 0.00000000E+00 1.93137369E-03 0.00000000E+00 0.00000000E+00
14  7 0.00000000E+00 0.00000000E+00 0.00000000E+00 4.37271097E-02 0.00000000E+00
14  8 0.00000000E+00 0.00000000E+00 0.00000000E+00 0.00000000E+00 1.75367395E-01
14  9 0.00000000E+00 0.00000000E+00 0.00000000E+00 0.00000000E+00 0.00000000E+00
14 10 8.79512995E-01 0.00000000E+00 0.00000000E+00 0.00000000E+00 0.00000000E+00
14 11 0.00000000E+00 0.00000000E+00 0.00000000E+00 0.00000000E+00 0.00000000E+00
14 12 0.00000000E+00 0.00000000E+00 0.00000000E+00 0.00000000E+00 0.00000000E+00
14 13 0.00000000E+00 0.00000000E+00 0.00000000E+00 0.00000000E+00 0.00000000E+00
14 14 0.00000000E+00 0.00000000E+00 0.00000000E+00
15  1 0.00000000E+00 0.00000000E+00 0.00000000E+00 0.00000000E+00 0.00000000E+00
15  2 0.00000000E+00 0.00000000E+00 0.00000000E+00 0.00000000E+00 0.00000000E+00
15  3 0.00000000E+00 0.00000000E+00 0.00000000E+00 0.00000000E+00 0.00000000E+00
15  4 0.00000000E+00 0.00000000E+00 0.00000000E+00 0.00000000E+00 0.00000000E+00
15  5 0.00000000E+00 0.00000000E+00 0.00000000E+00 0.00000000E+00 0.00000000E+00
15  6 0.00000000E+00 0.00000000E+00 0.00000000E+00 1.93137369E-03 0.00000000E+00
15  7 0.00000000E+00 0.00000000E+00 0.00000000E+00 0.00000000E+00 4.37271097E-02
15  8 0.00000000E+00 0.00000000E+00 0.00000000E+00 0.00000000E+00 0.00000000E+00
15  9 1.75367395E-01 0.00000000E+00 0.00000000E+00 0.00000000E+00 0.00000000E+00
15 10 0.00000000E+00 8.79512995E-01 0.00000000E+00 0.00000000E+00 0.00000000E+00
15 11 0.00000000E+00 0.00000000E+00 0.00000000E+00 0.00000000E+00 0.00000000E+00
15 12 0.00000000E+00 0.00000000E+00 0.00000000E+00 0.00000000E+00 0.00000000E+00
15 13 0.00000000E+00 0.00000000E+00 0.00000000E+00 0.00000000E+00 0.00000000E+00
15 14 0.00000000E+00 0.00000000E+00 0.00000000E+00
16  1-8.53583431E-01-3.25257620E+00-5.34529983E-03-6.27964209E-01 6.01161677E-01
16  2 3.28508659E+00 0.00000000E+00 0.00000000E+00 0.00000000E+00 0.00000000E+00
16  3 0.00000000E+00 0.00000000E+00 0.00000000E+00 0.00000000E+00 0.00000000E+00
16  4 0.00000000E+00 0.00000000E+00 0.00000000E+00 0.00000000E+00 0.00000000E+00
16  5 0.00000000E+00 0.00000000E+00 0.00000000E+00 0.00000000E+00-8.30957121E-04
16  6 4.15478560E-04 4.15478560E-04 0.00000000E+00 0.00000000E+00 0.00000000E+00
16  7-2.33076751E-02 1.16538376E-02 1.16538376E-02 0.00000000E+00 0.00000000E+00
16  8 0.00000000E+00-6.75583037E-02 3.37791518E-02 3.37791518E-02 0.00000000E+00
16  9 0.00000000E+00 0.00000000E+00-5.25421313E-01 2.62710657E-01 2.62710657E-01
16 10 0.00000000E+00 0.00000000E+00 0.00000000E+00 0.00000000E+00 0.00000000E+00
16 11 0.00000000E+00 0.00000000E+00 0.00000000E+00 0.00000000E+00 0.00000000E+00
16 12 0.00000000E+00 0.00000000E+00 0.00000000E+00 0.00000000E+00 0.00000000E+00
16 13 0.00000000E+00 0.00000000E+00 0.00000000E+00 0.00000000E+00 0.00000000E+00
16 14 0.00000000E+00 0.00000000E+00 0.00000000E+00
17  1 6.15867890E-01 2.32252542E+00 3.66959512E-03 4.61286595E-01-4.62456900E-01
17  2-2.32139885E+00 0.00000000E+00 0.00000000E+00 0.00000000E+00 0.00000000E+00
17  3 0.00000000E+00 0.00000000E+00 0.00000000E+00 0.00000000E+00 0.00000000E+00
17  4 0.00000000E+00 0.00000000E+00 0.00000000E+00 0.00000000E+00 0.00000000E+00
17  5 0.00000000E+00 0.00000000E+00 0.00000000E+00 0.00000000E+00-1.72008792E-03
17  6 8.60043961E-04 8.60043961E-04 0.00000000E+00 0.00000000E+00 0.00000000E+00
17  7-3.70283298E-02 1.85141649E-02 1.85141649E-02 0.00000000E+00 0.00000000E+00
17  8 0.00000000E+00-1.61270244E-01 8.06351221E-02 8.06351221E-02 0.00000000E+00
17  9 0.00000000E+00 0.00000000E+00-7.09712301E-01 3.54856150E-01 3.54856150E-01
17 10 0.00000000E+00 0.00000000E+00 0.00000000E+00 0.00000000E+00 0.00000000E+00
17 11 0.00000000E+00 0.00000000E+00 0.00000000E+00 0.00000000E+00 0.00000000E+00
17 12 0.00000000E+00 0.00000000E+00 0.00000000E+00 0.00000000E+00 0.00000000E+00
17 13 0.00000000E+00 0.00000000E+00 0.00000000E+00 0.00000000E+00 0.00000000E+00
17 14 0.00000000E+00 0.00000000E+00 0.00000000E+00
18  1 0.00000000E+00 0.00000000E+00 0.00000000E+00 0.00000000E+00 0.00000000E+00
18  2 0.00000000E+00 0.00000000E+00 0.00000000E+00 0.00000000E+00 0.00000000E+00
18  3 0.00000000E+00 0.00000000E+00 0.00000000E+00 0.00000000E+00 0.00000000E+00
18  4 0.00000000E+00 0.00000000E+00 0.00000000E+00 0.00000000E+00 0.00000000E+00
18  5 0.00000000E+00 0.00000000E+00 0.00000000E+00 0.00000000E+00 0.00000000E+00
18  6-1.08959122E-02 1.08959122E-02 0.00000000E+00 0.00000000E+00 0.00000000E+00
18  7 0.00000000E+00-9.70149782E-02 9.70149782E-02 0.00000000E+00 0.00000000E+00
18  8 0.00000000E+00 0.00000000E+00-1.01989801E+00 1.01989801E+00 0.00000000E+00
18  9 0.00000000E+00 0.00000000E+00 0.00000000E+00 7.65989258E-01-7.65989258E-01
18 10 0.00000000E+00 0.00000000E+00 0.00000000E+00 0.00000000E+00 0.00000000E+00
18 11 0.00000000E+00 0.00000000E+00 0.00000000E+00 0.00000000E+00 0.00000000E+00
18 12 0.00000000E+00 0.00000000E+00 0.00000000E+00 0.00000000E+00 0.00000000E+00
18 13 0.00000000E+00 0.00000000E+00 0.00000000E+00 0.00000000E+00 0.00000000E+00
18 14 0.00000000E+00 0.00000000E+00 0.00000000E+00
19  1 0.00000000E+00 0.00000000E+00 0.00000000E+00 0.00000000E+00 0.00000000E+00
19  2 0.00000000E+00 0.00000000E+00 0.00000000E+00 0.00000000E+00 0.00000000E+00
19  3 0.00000000E+00 0.00000000E+00 0.00000000E+00 0.00000000E+00 0.00000000E+00
19  4 0.00000000E+00 0.00000000E+00 0.00000000E+00 0.00000000E+00 0.00000000E+00
19  5 0.00000000E+00 0.00000000E+00 0.00000000E+00 0.00000000E+00 0.00000000E+00
19  6 0.00000000E+00 0.00000000E+00 0.00000000E+00 0.00000000E+00 1.25815157E-02
19  7 0.00000000E+00 0.00000000E+00 0.00000000E+00 0.00000000E+00 0.00000000E+00
19  8 1.12023248E-01 0.00000000E+00 0.00000000E+00 0.00000000E+00 0.00000000E+00
19  9 0.00000000E+00 1.17767678E+00 0.00000000E+00 0.00000000E+00 0.00000000E+00
19 10 0.00000000E+00 0.00000000E+00-8.84488209E-01 0.00000000E+00 0.00000000E+00
19 11 0.00000000E+00 0.00000000E+00 0.00000000E+00 0.00000000E+00 0.00000000E+00
19 12 0.00000000E+00 0.00000000E+00 0.00000000E+00 0.00000000E+00 0.00000000E+00
19 13 0.00000000E+00 0.00000000E+00 0.00000000E+00 0.00000000E+00 0.00000000E+00
19 14 0.00000000E+00 0.00000000E+00 0.00000000E+00
20  1 0.00000000E+00 0.00000000E+00 0.00000000E+00 0.00000000E+00 0.00000000E+00
20  2 0.00000000E+00 0.00000000E+00 0.00000000E+00 0.00000000E+00 0.00000000E+00
20  3 0.00000000E+00 0.00000000E+00 0.00000000E+00 0.00000000E+00 0.00000000E+00
20  4 0.00000000E+00 0.00000000E+00 0.00000000E+00 0.00000000E+00 0.00000000E+00
20  5 0.00000000E+00 0.00000000E+00 0.00000000E+00 0.00000000E+00 0.00000000E+00
20  6 0.00000000E+00 0.00000000E+00 1.26316617E-02 0.00000000E+00 0.00000000E+00
20  7 0.00000000E+00 0.00000000E+00 0.00000000E+00 1.14443915E-01 0.00000000E+00
20  8 0.00000000E+00 0.00000000E+00 0.00000000E+00 0.00000000E+00 1.17937490E+00
20  9 0.00000000E+00 0.00000000E+00 0.00000000E+00 0.00000000E+00 0.00000000E+00
20 10-8.71486347E-01 0.00000000E+00 0.00000000E+00 0.00000000E+00 0.00000000E+00
20 11 0.00000000E+00 0.00000000E+00 0.00000000E+00 0.00000000E+00 0.00000000E+00
20 12 0.00000000E+00 0.00000000E+00 0.00000000E+00 0.00000000E+00 0.00000000E+00
20 13 0.00000000E+00 0.00000000E+00 0.00000000E+00 0.00000000E+00 0.00000000E+00
20 14 0.00000000E+00 0.00000000E+00 0.00000000E+00
21  1 0.00000000E+00 0.00000000E+00 0.00000000E+00 0.00000000E+00 0.00000000E+00
21  2 0.00000000E+00 0.00000000E+00 0.00000000E+00 0.00000000E+00 0.00000000E+00
21  3 0.00000000E+00 0.00000000E+00 0.00000000E+00 0.00000000E+00 0.00000000E+00
21  4 0.00000000E+00 0.00000000E+00 0.00000000E+00 0.00000000E+00 0.00000000E+00
21  5 0.00000000E+00 0.00000000E+00 0.00000000E+00 0.00000000E+00 0.00000000E+00
21  6 0.00000000E+00 0.00000000E+00 0.00000000E+00 1.26316617E-02 0.00000000E+00
21  7 0.00000000E+00 0.00000000E+00 0.00000000E+00 0.00000000E+00 1.14443915E-01
21  8 0.00000000E+00 0.00000000E+00 0.00000000E+00 0.00000000E+00 0.00000000E+00
21  9 1.17937490E+00 0.00000000E+00 0.00000000E+00 0.00000000E+00 0.00000000E+00
21 10 0.00000000E+00-8.71486347E-01 0.00000000E+00 0.00000000E+00 0.00000000E+00
21 11 0.00000000E+00 0.00000000E+00 0.00000000E+00 0.00000000E+00 0.00000000E+00
21 12 0.00000000E+00 0.00000000E+00 0.00000000E+00 0.00000000E+00 0.00000000E+00
21 13 0.00000000E+00 0.00000000E+00 0.00000000E+00 0.00000000E+00 0.00000000E+00
21 14 0.00000000E+00 0.00000000E+00 0.00000000E+00
22  1 4.52158355E-02 1.64444906E-01-9.66670419E-04 4.79774556E-02-5.69385121E-02
22  2-1.51243444E-01 0.00000000E+00 0.00000000E+00 0.00000000E+00 0.00000000E+00
22  3 0.00000000E+00 0.00000000E+00 0.00000000E+00 0.00000000E+00 0.00000000E+00
22  4 0.00000000E+00 0.00000000E+00 0.00000000E+00 0.00000000E+00 0.00000000E+00
22  5 0.00000000E+00 0.00000000E+00 0.00000000E+00 0.00000000E+00 1.26386621E-02
22  6-6.31933104E-03-6.31933104E-03 0.00000000E+00 0.00000000E+00 0.00000000E+00
22  7 1.15119063E-01-5.75595313E-02-5.75595313E-02 0.00000000E+00 0.00000000E+00
22  8 0.00000000E+00 1.17912220E+00-5.89561098E-01-5.89561098E-01 0.00000000E+00
22  9 0.00000000E+00 0.00000000E+00-8.67779377E-01 4.33889688E-01 4.33889688E-01
22 10 0.00000000E+00 0.00000000E+00 0.00000000E+00 0.00000000E+00 0.00000000E+00
22 11 0.00000000E+00 0.00000000E+00 0.00000000E+00 0.00000000E+00 0.00000000E+00
22 12 0.00000000E+00 0.00000000E+00 0.00000000E+00 0.00000000E+00 0.00000000E+00
22 13 0.00000000E+00 0.00000000E+00 0.00000000E+00 0.00000000E+00 0.00000000E+00
22 14 0.00000000E+00 0.00000000E+00 0.00000000E+00
23  1 0.00000000E+00 0.00000000E+00 0.00000000E+00 0.00000000E+00 0.00000000E+00
23  2 0.00000000E+00 0.00000000E+00 0.00000000E+00 0.00000000E+00 0.00000000E+00
23  3 0.00000000E+00 0.00000000E+00 0.00000000E+00 0.00000000E+00 0.00000000E+00
23  4 0.00000000E+00 0.00000000E+00 0.00000000E+00 0.00000000E+00 0.00000000E+00
23  5 0.00000000E+00 0.00000000E+00 0.00000000E+00 0.00000000E+00 0.00000000E+00
23  6 0.00000000E+00 0.00000000E+00 0.00000000E+00 0.00000000E+00 0.00000000E+00
23  7 0.00000000E+00 0.00000000E+00 0.00000000E+00 0.00000000E+00 0.00000000E+00
23  8 0.00000000E+00 0.00000000E+00 0.00000000E+00 0.00000000E+00 0.00000000E+00
23  9 0.00000000E+00 0.00000000E+00 0.00000000E+00 0.00000000E+00 0.00000000E+00
23 10 0.00000000E+00 0.00000000E+00 0.00000000E+00 0.00000000E+00-3.18520814E-03
23 11 0.00000000E+00 0.00000000E+00 0.00000000E+00 0.00000000E+00 0.00000000E+00
23 12 0.00000000E+00 4.27340515E-03 0.00000000E+00 0.00000000E+00-7.90484712E-01
23 13 0.00000000E+00 0.00000000E+00 0.00000000E+00 0.00000000E+00 0.00000000E+00
23 14 0.00000000E+00 1.06054653E+00 0.00000000E+00
24  1 0.00000000E+00 0.00000000E+00 0.00000000E+00 0.00000000E+00 0.00000000E+00
24  2 0.00000000E+00 0.00000000E+00 0.00000000E+00 0.00000000E+00 0.00000000E+00
24  3 0.00000000E+00-1.11187013E-11 0.00000000E+00 0.00000000E+00 0.00000000E+00
24  4 0.00000000E+00 0.00000000E+00 0.00000000E+00 0.00000000E+00 0.00000000E+00
24  5 0.00000000E+00 0.00000000E+00 0.00000000E+00 0.00000000E+00 0.00000000E+00
24  6 0.00000000E+00 0.00000000E+00 0.00000000E+00 0.00000000E+00 0.00000000E+00
24  7 0.00000000E+00 0.00000000E+00 0.00000000E+00 0.00000000E+00 0.00000000E+00
24  8 0.00000000E+00 0.00000000E+00 0.00000000E+00 0.00000000E+00 0.00000000E+00
24  9 0.00000000E+00 0.00000000E+00 0.00000000E+00 0.00000000E+00 0.00000000E+00
24 10 0.00000000E+00 0.00000000E+00 0.00000000E+00 0.00000000E+00 0.00000000E+00
24 11-3.18520814E-03 0.00000000E+00 0.00000000E+00 0.00000000E+00 4.27340515E-03
24 12 0.00000000E+00 0.00000000E+00 0.00000000E+00 0.00000000E+00 0.00000000E+00
24 13-7.90484712E-01 0.00000000E+00 0.00000000E+00 0.00000000E+00 1.06054653E+00
24 14 0.00000000E+00 0.00000000E+00 0.00000000E+00
25  1 0.00000000E+00 0.00000000E+00 0.00000000E+00 0.00000000E+00 0.00000000E+00
25  2 0.00000000E+00 0.00000000E+00 0.00000000E+00 0.00000000E+00 0.00000000E+00
25  3 0.00000000E+00 0.00000000E+00 0.00000000E+00 0.00000000E+00 0.00000000E+00
25  4 0.00000000E+00 0.00000000E+00 0.00000000E+00 0.00000000E+00 0.00000000E+00
25  5 0.00000000E+00 0.00000000E+00 0.00000000E+00 0.00000000E+00 0.00000000E+00
25  6 0.00000000E+00 0.00000000E+00 0.00000000E+00 0.00000000E+00 0.00000000E+00
25  7 0.00000000E+00 0.00000000E+00 0.00000000E+00 0.00000000E+00 0.00000000E+00
25  8 0.00000000E+00 0.00000000E+00 0.00000000E+00 0.00000000E+00 0.00000000E+00
25  9 0.00000000E+00 0.00000000E+00 0.00000000E+00 0.00000000E+00 0.00000000E+00
25 10 0.00000000E+00 0.00000000E+00 0.00000000E+00 0.00000000E+00 0.00000000E+00
25 11 0.00000000E+00 0.00000000E+00 0.00000000E+00 0.00000000E+00 0.00000000E+00
25 12 0.00000000E+00 0.00000000E+00 4.05982761E-03 0.00000000E+00 0.00000000E+00
25 13 0.00000000E+00 0.00000000E+00 0.00000000E+00 0.00000000E+00 0.00000000E+00
25 14 0.00000000E+00 0.00000000E+00 9.99891976E-01
26  1 0.00000000E+00 0.00000000E+00 0.00000000E+00 0.00000000E+00 0.00000000E+00
26  2 0.00000000E+00 0.00000000E+00 0.00000000E+00 0.00000000E+00 0.00000000E+00
26  3 0.00000000E+00 0.00000000E+00 0.00000000E+00 0.00000000E+00 0.00000000E+00
26  4 0.00000000E+00 0.00000000E+00 0.00000000E+00 0.00000000E+00 0.00000000E+00
26  5 0.00000000E+00 0.00000000E+00 0.00000000E+00 0.00000000E+00 0.00000000E+00
26  6 0.00000000E+00 0.00000000E+00 0.00000000E+00 0.00000000E+00 0.00000000E+00
26  7 0.00000000E+00 0.00000000E+00 0.00000000E+00 0.00000000E+00 0.00000000E+00
26  8 0.00000000E+00 0.00000000E+00 0.00000000E+00 0.00000000E+00 0.00000000E+00
26  9 0.00000000E+00 0.00000000E+00 0.00000000E+00 0.00000000E+00 0.00000000E+00
26 10 0.00000000E+00 0.00000000E+00 0.00000000E+00 0.00000000E+00 0.00000000E+00
26 11 0.00000000E+00 0.00000000E+00 0.00000000E+00 3.51591385E-03 0.00000000E+00
26 12-3.51591385E-03 0.00000000E+00 0.00000000E+00 0.00000000E+00 0.00000000E+00
26 13 0.00000000E+00 0.00000000E+00 0.00000000E+00 8.65931852E-01 0.00000000E+00
26 14-8.65931852E-01 0.00000000E+00 0.00000000E+00
27  1 0.00000000E+00 0.00000000E+00 0.00000000E+00 0.00000000E+00 0.00000000E+00
27  2 0.00000000E+00 0.00000000E+00 0.00000000E+00-1.19334949E-01 0.00000000E+00
27  3 0.00000000E+00 2.97089226E-01 0.00000000E+00 0.00000000E+00 1.15417875E-04
27  4 0.00000000E+00 0.00000000E+00-1.55249474E-02 0.00000000E+00 0.00000000E+00
27  5 2.56724563E-01 0.00000000E+00 0.00000000E+00 1.66437826E-01 0.00000000E+00
27  6 0.00000000E+00 0.00000000E+00 0.00000000E+00 0.00000000E+00 0.00000000E+00
27  7 0.00000000E+00 0.00000000E+00 0.00000000E+00 0.00000000E+00 0.00000000E+00
27  8 0.00000000E+00 0.00000000E+00 0.00000000E+00 0.00000000E+00 0.00000000E+00
27  9 0.00000000E+00 0.00000000E+00 0.00000000E+00 0.00000000E+00 0.00000000E+00
27 10 0.00000000E+00 0.00000000E+00 0.00000000E+00 0.00000000E+00 0.00000000E+00
27 11-2.48968022E-03 0.00000000E+00 4.45367538E-03 0.00000000E+00-1.11341884E-03
27 12 0.00000000E+00 0.00000000E+00 0.00000000E+00 0.00000000E+00 0.00000000E+00
27 13-6.10187097E-01 0.00000000E+00 1.09153586E+00 0.00000000E+00-2.72883965E-01
27 14 0.00000000E+00 0.00000000E+00 0.00000000E+00
28  1 0.00000000E+00 0.00000000E+00 0.00000000E+00 0.00000000E+00 0.00000000E+00
28  2 0.00000000E+00 0.00000000E+00-1.19334949E-01 0.00000000E+00 0.00000000E+00
28  3 2.97089226E-01 0.00000000E+00 0.00000000E+00 1.15417875E-04 0.00000000E+00
28  4 0.00000000E+00-1.55249474E-02 0.00000000E+00 0.00000000E+00 2.56724563E-01
28  5 0.00000000E+00 0.00000000E+00 1.66437826E-01 0.00000000E+00 0.00000000E+00
28  6 0.00000000E+00 0.00000000E+00 0.00000000E+00 0.00000000E+00 0.00000000E+00
28  7 0.00000000E+00 0.00000000E+00 0.00000000E+00 0.00000000E+00 0.00000000E+00
28  8 0.00000000E+00 0.00000000E+00 0.00000000E+00 0.00000000E+00 0.00000000E+00
28  9 0.00000000E+00 0.00000000E+00 0.00000000E+00 0.00000000E+00 0.00000000E+00
28 10 0.00000000E+00 0.00000000E+00 0.00000000E+00 0.00000000E+00-2.48968022E-03
28 11 0.00000000E+00 4.45367538E-03 0.00000000E+00 0.00000000E+00 0.00000000E+00
28 12 0.00000000E+00-1.11341884E-03 0.00000000E+00 0.00000000E+00-6.10187097E-01
28 13 0.00000000E+00 1.09153586E+00 0.00000000E+00 0.00000000E+00 0.00000000E+00
28 14 0.00000000E+00-2.72883965E-01 0.00000000E+00
29  1 0.00000000E+00 0.00000000E+00 0.00000000E+00 0.00000000E+00 0.00000000E+00
29  2 0.00000000E+00-8.10127230E-02 0.00000000E+00 0.00000000E+00 1.95109893E-01
29  3 0.00000000E+00 0.00000000E+00-5.30600583E-04 0.00000000E+00 0.00000000E+00
29  4-9.44293874E-03 0.00000000E+00 0.00000000E+00 1.75534999E-01 0.00000000E+00
29  5 0.00000000E+00 1.02084364E-01 0.00000000E+00 0.00000000E+00 0.00000000E+00
29  6 0.00000000E+00 0.00000000E+00 0.00000000E+00 0.00000000E+00 0.00000000E+00
29  7 0.00000000E+00 0.00000000E+00 0.00000000E+00 0.00000000E+00 0.00000000E+00
29  8 0.00000000E+00 0.00000000E+00 0.00000000E+00 0.00000000E+00 0.00000000E+00
29  9 0.00000000E+00 0.00000000E+00 0.00000000E+00 0.00000000E+00 0.00000000E+00
29 10 0.00000000E+00 0.00000000E+00 0.00000000E+00 4.07777844E-03 0.00000000E+00
29 11 0.00000000E+00 0.00000000E+00 0.00000000E+00-2.73545693E-03 0.00000000E+00
29 12-2.73545693E-03 0.00000000E+00 0.00000000E+00 9.98139972E-01 0.00000000E+00
29 13 0.00000000E+00 0.00000000E+00 0.00000000E+00-6.69572649E-01 0.00000000E+00
29 14-6.69572649E-01 0.00000000E+00 0.00000000E+00
30  1 0.00000000E+00 0.00000000E+00 0.00000000E+00 0.00000000E+00 0.00000000E+00
30  2 0.00000000E+00 0.00000000E+00 0.00000000E+00-1.51198825E+00 0.00000000E+00
30  3 0.00000000E+00 4.09971601E+00 0.00000000E+00 0.00000000E+00 1.62566558E-02
30  4 0.00000000E+00 0.00000000E+00-2.23661252E-01 0.00000000E+00 0.00000000E+00
30  5 3.23749635E+00 0.00000000E+00 0.00000000E+00 2.31530121E+00 0.00000000E+00
30  6 0.00000000E+00 0.00000000E+00 0.00000000E+00 0.00000000E+00 0.00000000E+00
30  7 0.00000000E+00 0.00000000E+00 0.00000000E+00 0.00000000E+00 0.00000000E+00
30  8 0.00000000E+00 0.00000000E+00 0.00000000E+00 0.00000000E+00 0.00000000E+00
30  9 0.00000000E+00 0.00000000E+00 0.00000000E+00 0.00000000E+00 0.00000000E+00
30 10 0.00000000E+00 0.00000000E+00 0.00000000E+00 0.00000000E+00 0.00000000E+00
30 11 1.90260179E-04 0.00000000E+00-3.40347755E-04 0.00000000E+00 8.50869383E-05
30 12 0.00000000E+00 0.00000000E+00 0.00000000E+00 0.00000000E+00 0.00000000E+00
30 13 4.98010566E-02 0.00000000E+00-8.90868384E-02 0.00000000E+00 2.22717096E-02
30 14 0.00000000E+00 0.00000000E+00 0.00000000E+00
31  1 0.00000000E+00 0.00000000E+00 0.00000000E+00 0.00000000E+00 0.00000000E+00
31  2 0.00000000E+00 0.00000000E+00-1.51198825E+00 0.00000000E+00 0.00000000E+00
31  3 4.09971601E+00 0.00000000E+00 0.00000000E+00 1.62566558E-02 0.00000000E+00
31  4 0.00000000E+00-2.23661252E-01 0.00000000E+00 0.00000000E+00 3.23749635E+00
31  5 0.00000000E+00 0.00000000E+00 2.31530121E+00 0.00000000E+00 0.00000000E+00
31  6 0.00000000E+00 0.00000000E+00 0.00000000E+00 0.00000000E+00 0.00000000E+00
31  7 0.00000000E+00 0.00000000E+00 0.00000000E+00 0.00000000E+00 0.00000000E+00
31  8 0.00000000E+00 0.00000000E+00 0.00000000E+00 0.00000000E+00 0.00000000E+00
31  9 0.00000000E+00 0.00000000E+00 0.00000000E+00 0.00000000E+00 0.00000000E+00
31 10 0.00000000E+00 0.00000000E+00 0.00000000E+00 0.00000000E+00 1.90260179E-04
31 11 0.00000000E+00-3.40347755E-04 0.00000000E+00 0.00000000E+00 0.00000000E+00
31 12 0.00000000E+00 8.50869382E-05 0.00000000E+00 0.00000000E+00 4.98010566E-02
31 13 0.00000000E+00-8.90868384E-02 0.00000000E+00 0.00000000E+00 0.00000000E+00
31 14 0.00000000E+00 2.22717096E-02 0.00000000E+00
32  1 0.00000000E+00 0.00000000E+00 0.00000000E+00 0.00000000E+00 0.00000000E+00
32  2 0.00000000E+00-1.50702832E+00 0.00000000E+00 0.00000000E+00 4.07157857E+00
32  3 0.00000000E+00 0.00000000E+00 1.62505198E-02 0.00000000E+00 0.00000000E+00
32  4-2.23073160E-01 0.00000000E+00 0.00000000E+00 3.23376219E+00 0.00000000E+00
32  5 0.00000000E+00 2.28492463E+00 0.00000000E+00 0.00000000E+00 0.00000000E+00
32  6 0.00000000E+00 0.00000000E+00 0.00000000E+00 0.00000000E+00 0.00000000E+00
32  7 0.00000000E+00 0.00000000E+00 0.00000000E+00 0.00000000E+00 0.00000000E+00
32  8 0.00000000E+00 0.00000000E+00 0.00000000E+00 0.00000000E+00 0.00000000E+00
32  9 0.00000000E+00 0.00000000E+00 0.00000000E+00 0.00000000E+00 0.00000000E+00
32 10 0.00000000E+00 0.00000000E+00 0.00000000E+00-2.05345158E-04 0.00000000E+00
32 11 0.00000000E+00 0.00000000E+00 0.00000000E+00 1.37749719E-04 0.00000000E+00
32 12 1.37749720E-04 0.00000000E+00 0.00000000E+00-5.72708861E-02 0.00000000E+00
32 13 0.00000000E+00 0.00000000E+00 0.00000000E+00 3.84184783E-02 0.00000000E+00
32 14 3.84184783E-02 0.00000000E+00 0.00000000E+00
33  1 2.49930739E+00 6.35883042E+00-2.64538966E-02 2.90599954E+00-5.02645796E+00
33  2-4.41474085E+00 0.00000000E+00 0.00000000E+00 0.00000000E+00 0.00000000E+00
33  3 0.00000000E+00 0.00000000E+00 0.00000000E+00 0.00000000E+00 0.00000000E+00
33  4 0.00000000E+00 0.00000000E+00 0.00000000E+00 0.00000000E+00 0.00000000E+00
33  5 0.00000000E+00 0.00000000E+00 0.00000000E+00 0.00000000E+00-4.74703874E-04
33  6 2.37351937E-04 2.37351936E-04 0.00000000E+00 0.00000000E+00 0.00000000E+00
33  7 8.47170255E-04-4.23585128E-04-4.23585127E-04 0.00000000E+00 0.00000000E+00
33  8 0.00000000E+00-6.83309544E-03 3.41654772E-03 3.41654772E-03 0.00000000E+00
33  9 0.00000000E+00 0.00000000E+00 1.23125511E-02-6.15627553E-03-6.15627553E-03
33 10 0.00000000E+00 0.00000000E+00 0.00000000E+00 0.00000000E+00 0.00000000E+00
33 11 0.00000000E+00 0.00000000E+00 0.00000000E+00 0.00000000E+00 0.00000000E+00
33 12 0.00000000E+00 0.00000000E+00 0.00000000E+00 0.00000000E+00 0.00000000E+00
33 13 0.00000000E+00 0.00000000E+00 0.00000000E+00 0.00000000E+00 0.00000000E+00
33 14 0.00000000E+00 0.00000000E+00 0.00000000E+00
34  1 0.00000000E+00 0.00000000E+00 0.00000000E+00 0.00000000E+00 0.00000000E+00
34  2 0.00000000E+00 0.00000000E+00 0.00000000E+00 0.00000000E+00 0.00000000E+00
34  3 0.00000000E+00 0.00000000E+00 0.00000000E+00 0.00000000E+00 0.00000000E+00
34  4 0.00000000E+00 0.00000000E+00 0.00000000E+00 0.00000000E+00 0.00000000E+00
34  5 0.00000000E+00 0.00000000E+00 0.00000000E+00 0.00000000E+00 0.00000000E+00
34  6 0.00000000E+00 0.00000000E+00 0.00000000E+00 0.00000000E+00 2.40313318E-02
34  7 0.00000000E+00 0.00000000E+00 0.00000000E+00 0.00000000E+00 0.00000000E+00
34  8 1.03135835E+00 0.00000000E+00 0.00000000E+00 0.00000000E+00 0.00000000E+00
34  9 0.00000000E+00-5.51361389E-01 0.00000000E+00 0.00000000E+00 0.00000000E+00
34 10 0.00000000E+00 0.00000000E+00 2.47928714E-01 0.00000000E+00 0.00000000E+00
34 11 0.00000000E+00 0.00000000E+00 0.00000000E+00 0.00000000E+00 0.00000000E+00
34 12 0.00000000E+00 0.00000000E+00 0.00000000E+00 0.00000000E+00 0.00000000E+00
34 13 0.00000000E+00 0.00000000E+00 0.00000000E+00 0.00000000E+00 0.00000000E+00
34 14 0.00000000E+00 0.00000000E+00 0.00000000E+00
35  1 0.00000000E+00 0.00000000E+00 0.00000000E+00 0.00000000E+00 0.00000000E+00
35  2 0.00000000E+00 0.00000000E+00 0.00000000E+00 0.00000000E+00 0.00000000E+00
35  3 0.00000000E+00 0.00000000E+00 0.00000000E+00 0.00000000E+00 0.00000000E+00
35  4 0.00000000E+00 0.00000000E+00 0.00000000E+00 0.00000000E+00 0.00000000E+00
35  5 0.00000000E+00 0.00000000E+00 0.00000000E+00 0.00000000E+00 0.00000000E+00
35  6 2.08117439E-02-2.08117439E-02 0.00000000E+00 0.00000000E+00 0.00000000E+00
35  7-2.31142165E-11 8.93182530E-01-8.93182530E-01 0.00000000E+00 0.00000000E+00
35  8 0.00000000E+00 1.24271541E-11-4.77492969E-01 4.77492969E-01 0.00000000E+00
35  9 0.00000000E+00 0.00000000E+00 0.00000000E+00 2.14712565E-01-2.14712565E-01
35 10 0.00000000E+00 0.00000000E+00 0.00000000E+00 0.00000000E+00 0.00000000E+00
35 11 0.00000000E+00 0.00000000E+00 0.00000000E+00 0.00000000E+00 0.00000000E+00
35 12 0.00000000E+00 0.00000000E+00 0.00000000E+00 0.00000000E+00 0.00000000E+00
35 13 0.00000000E+00 0.00000000E+00 0.00000000E+00 0.00000000E+00 0.00000000E+00
35 14 0.00000000E+00 0.00000000E+00 0.00000000E+00
36  1 0.00000000E+00 0.00000000E+00 0.00000000E+00 0.00000000E+00 0.00000000E+00
36  2 0.00000000E+00 0.00000000E+00 0.00000000E+00 0.00000000E+00 0.00000000E+00
36  3 0.00000000E+00 0.00000000E+00 0.00000000E+00 0.00000000E+00 0.00000000E+00
36  4 0.00000000E+00 0.00000000E+00 0.00000000E+00 0.00000000E+00 0.00000000E+00
36  5 0.00000000E+00 0.00000000E+00 0.00000000E+00 0.00000000E+00 0.00000000E+00
36  6 0.00000000E+00 0.00000000E+00 0.00000000E+00 2.40720461E-02 0.00000000E+00
36  7 0.00000000E+00 0.00000000E+00 0.00000000E+00 0.00000000E+00 1.03105379E+00
36  8 0.00000000E+00 0.00000000E+00 0.00000000E+00 0.00000000E+00 0.00000000E+00
36  9-5.53669541E-01 0.00000000E+00 0.00000000E+00 0.00000000E+00 0.00000000E+00
36 10 0.00000000E+00 2.48079760E-01 0.00000000E+00 0.00000000E+00 0.00000000E+00
36 11 0.00000000E+00 0.00000000E+00 0.00000000E+00 0.00000000E+00 0.00000000E+00
36 12 0.00000000E+00 0.00000000E+00 0.00000000E+00 0.00000000E+00 0.00000000E+00
36 13 0.00000000E+00 0.00000000E+00 0.00000000E+00 0.00000000E+00 0.00000000E+00
36 14 0.00000000E+00 0.00000000E+00 0.00000000E+00
37  1 0.00000000E+00 0.00000000E+00 0.00000000E+00 0.00000000E+00 0.00000000E+00
37  2 0.00000000E+00 0.00000000E+00 0.00000000E+00 0.00000000E+00 0.00000000E+00
37  3 0.00000000E+00 0.00000000E+00 0.00000000E+00 0.00000000E+00 0.00000000E+00
37  4 0.00000000E+00 0.00000000E+00 0.00000000E+00 0.00000000E+00 0.00000000E+00
37  5 0.00000000E+00 0.00000000E+00 0.00000000E+00 0.00000000E+00 0.00000000E+00
37  6 0.00000000E+00 0.00000000E+00 2.40720461E-02 0.00000000E+00 0.00000000E+00
37  7 0.00000000E+00 0.00000000E+00 0.00000000E+00 1.03105379E+00 0.00000000E+00
37  8 0.00000000E+00 0.00000000E+00 0.00000000E+00 0.00000000E+00-5.53669541E-01
37  9 0.00000000E+00 0.00000000E+00 0.00000000E+00 0.00000000E+00 0.00000000E+00
37 10 2.48079760E-01 0.00000000E+00 0.00000000E+00 0.00000000E+00 0.00000000E+00
37 11 0.00000000E+00 0.00000000E+00 0.00000000E+00 0.00000000E+00 0.00000000E+00
37 12 0.00000000E+00 0.00000000E+00 0.00000000E+00 0.00000000E+00 0.00000000E+00
37 13 0.00000000E+00 0.00000000E+00 0.00000000E+00 0.00000000E+00 0.00000000E+00
37 14 0.00000000E+00 0.00000000E+00 0.00000000E+00
38  1 1.36005337E-03-1.51261777E-02 1.50718790E-03-1.26075473E-02 8.94858842E-03
38  2 1.22408875E-02 0.00000000E+00 0.00000000E+00 0.00000000E+00 0.00000000E+00
38  3 0.00000000E+00 0.00000000E+00 0.00000000E+00 0.00000000E+00 0.00000000E+00
38  4 0.00000000E+00 0.00000000E+00 0.00000000E+00 0.00000000E+00 0.00000000E+00
38  5 0.00000000E+00 0.00000000E+00 0.00000000E+00 0.00000000E+00 2.40829329E-02
38  6-1.20414664E-02-1.20414664E-02 0.00000000E+00 0.00000000E+00 0.00000000E+00
38  7 1.03096606E+00-5.15483028E-01-5.15483028E-01 0.00000000E+00 0.00000000E+00
38  8 0.00000000E+00-5.54321559E-01 2.77160779E-01 2.77160779E-01 0.00000000E+00
38  9 0.00000000E+00 0.00000000E+00 2.48180627E-01-1.24090313E-01-1.24090313E-01
38 10 0.00000000E+00 0.00000000E+00 0.00000000E+00 0.00000000E+00 0.00000000E+00
38 11 0.00000000E+00 0.00000000E+00 0.00000000E+00 0.00000000E+00 0.00000000E+00
38 12 0.00000000E+00 0.00000000E+00 0.00000000E+00 0.00000000E+00 0.00000000E+00
38 13 0.00000000E+00 0.00000000E+00 0.00000000E+00 0.00000000E+00 0.00000000E+00
38 14 0.00000000E+00 0.00000000E+00 0.00000000E+00
39  1 0.00000000E+00 0.00000000E+00 0.00000000E+00 0.00000000E+00 0.00000000E+00
39  2 0.00000000E+00 0.00000000E+00-2.18978341E-01 0.00000000E+00 0.00000000E+00
39  3-1.76445248E+00 0.00000000E+00 0.00000000E+00-1.00171824E+00 0.00000000E+00
39  4 0.00000000E+00 2.51465880E+00 0.00000000E+00 0.00000000E+00-2.04614013E+00
39  5 0.00000000E+00 0.00000000E+00-9.35584504E-01 0.00000000E+00 0.00000000E+00
39  6 0.00000000E+00 0.00000000E+00 0.00000000E+00 0.00000000E+00 0.00000000E+00
39  7 0.00000000E+00 0.00000000E+00 0.00000000E+00 0.00000000E+00 0.00000000E+00
39  8 0.00000000E+00 0.00000000E+00 0.00000000E+00 0.00000000E+00 0.00000000E+00
39  9 0.00000000E+00 0.00000000E+00 0.00000000E+00 0.00000000E+00 0.00000000E+00
39 10 0.00000000E+00 0.00000000E+00 0.00000000E+00 0.00000000E+00 3.62794661E-05
39 11 0.00000000E+00-6.48986828E-05 0.00000000E+00 0.00000000E+00 0.00000000E+00
39 12 0.00000000E+00 1.62246713E-05 0.00000000E+00 0.00000000E+00 5.77550813E-04
39 13 0.00000000E+00-1.03315430E-03 0.00000000E+00 0.00000000E+00 0.00000000E+00
39 14 0.00000000E+00 2.58288576E-04 0.00000000E+00
40  1 0.00000000E+00 0.00000000E+00 0.00000000E+00 0.00000000E+00 0.00000000E+00
40  2 0.00000000E+00 0.00000000E+00 0.00000000E+00-2.18978341E-01 0.00000000E+00
40  3 0.00000000E+00-1.76445248E+00 0.00000000E+00 0.00000000E+00-1.00171824E+00
40  4 0.00000000E+00 0.00000000E+00 2.51465880E+00 0.00000000E+00 0.00000000E+00
40  5-2.04614013E+00 0.00000000E+00 0.00000000E+00-9.35584504E-01 0.00000000E+00
40  6 0.00000000E+00 0.00000000E+00 0.00000000E+00 0.00000000E+00 0.00000000E+00
40  7 0.00000000E+00 0.00000000E+00 0.00000000E+00 0.00000000E+00 0.00000000E+00
40  8 0.00000000E+00 0.00000000E+00 0.00000000E+00 0.00000000E+00 0.00000000E+00
40  9 0.00000000E+00 0.00000000E+00 0.00000000E+00 0.00000000E+00 0.00000000E+00
40 10 0.00000000E+00 0.00000000E+00 0.00000000E+00 0.00000000E+00 0.00000000E+00
40 11 3.62794663E-05 0.00000000E+00-6.48986828E-05 0.00000000E+00 1.62246712E-05
40 12 0.00000000E+00 0.00000000E+00 0.00000000E+00 0.00000000E+00 0.00000000E+00
40 13 5.77550813E-04 0.00000000E+00-1.03315430E-03 0.00000000E+00 2.58288576E-04
40 14 0.00000000E+00 0.00000000E+00 0.00000000E+00
41  1 0.00000000E+00 0.00000000E+00 0.00000000E+00 0.00000000E+00 0.00000000E+00
41  2 0.00000000E+00-2.19128190E-01 0.00000000E+00 0.00000000E+00-1.76182912E+00
41  3 0.00000000E+00 0.00000000E+00-1.00093367E+00 0.00000000E+00 0.00000000E+00
41  4 2.51479137E+00 0.00000000E+00 0.00000000E+00-2.04576542E+00 0.00000000E+00
41  5 0.00000000E+00-9.34047530E-01 0.00000000E+00 0.00000000E+00 0.00000000E+00
41  6 0.00000000E+00 0.00000000E+00 0.00000000E+00 0.00000000E+00 0.00000000E+00
41  7 0.00000000E+00 0.00000000E+00 0.00000000E+00 0.00000000E+00 0.00000000E+00
41  8 0.00000000E+00 0.00000000E+00 0.00000000E+00 0.00000000E+00 0.00000000E+00
41  9 0.00000000E+00 0.00000000E+00 0.00000000E+00 0.00000000E+00 0.00000000E+00
41 10 0.00000000E+00 0.00000000E+00 0.00000000E+00-7.07763033E-05 0.00000000E+00
41 11 0.00000000E+00 0.00000000E+00 0.00000000E+00 4.74781880E-05 0.00000000E+00
41 12 4.74781873E-05 0.00000000E+00 0.00000000E+00-1.11391095E-03 0.00000000E+00
41 13 0.00000000E+00 0.00000000E+00 0.00000000E+00 7.47234184E-04 0.00000000E+00
41 14 7.47234184E-04 0.00000000E+00 0.00000000E+00
42  1-4.23269625E+00 2.88248152E+00-1.42524650E+00 8.00512341E+00-2.84072850E+00
42  2-1.91055242E+00 0.00000000E+00 0.00000000E+00 0.00000000E+00 0.00000000E+00
42  3 0.00000000E+00 0.00000000E+00 0.00000000E+00 0.00000000E+00 0.00000000E+00
42  4 0.00000000E+00 0.00000000E+00 0.00000000E+00 0.00000000E+00 0.00000000E+00
42  5 0.00000000E+00 0.00000000E+00 0.00000000E+00 0.00000000E+00 9.35146971E-04
42  6-4.67573488E-04-4.67573483E-04 0.00000000E+00 0.00000000E+00 0.00000000E+00
42  7 4.23941303E-04-2.11970650E-04-2.11970653E-04 0.00000000E+00 0.00000000E+00
42  8 0.00000000E+00-1.29103871E-03 6.45519353E-04 6.45519354E-04 0.00000000E+00
42  9 0.00000000E+00 0.00000000E+00 7.14897685E-04-3.57448842E-04-3.57448842E-04
42 10 0.00000000E+00 0.00000000E+00 0.00000000E+00 0.00000000E+00 0.00000000E+00
42 11 0.00000000E+00 0.00000000E+00 0.00000000E+00 0.00000000E+00 0.00000000E+00
42 12 0.00000000E+00 0.00000000E+00 0.00000000E+00 0.00000000E+00 0.00000000E+00
42 13 0.00000000E+00 0.00000000E+00 0.00000000E+00 0.00000000E+00 0.00000000E+00
42 14 0.00000000E+00 0.00000000E+00 0.00000000E+00
43  1 0.00000000E+00 0.00000000E+00 0.00000000E+00 0.00000000E+00 0.00000000E+00
43  2 0.00000000E+00 0.00000000E+00-6.29747094E-11 0.00000000E+00 0.00000000E+00
43  3 0.00000000E+00 0.00000000E+00 0.00000000E+00 4.96512637E-11 0.00000000E+00
43  4 0.00000000E+00 1.10934236E-11 0.00000000E+00 0.00000000E+00 1.37083080E-11
43  5 0.00000000E+00 0.00000000E+00 0.00000000E+00 0.00000000E+00 0.00000000E+00
43  6 0.00000000E+00 0.00000000E+00 0.00000000E+00 0.00000000E+00 0.00000000E+00
43  7 0.00000000E+00 0.00000000E+00 0.00000000E+00 0.00000000E+00 0.00000000E+00
43  8 0.00000000E+00 0.00000000E+00 0.00000000E+00 0.00000000E+00 0.00000000E+00
43  9 0.00000000E+00 0.00000000E+00 0.00000000E+00 0.00000000E+00 0.00000000E+00
43 10 0.00000000E+00 0.00000000E+00 0.00000000E+00 0.00000000E+00-7.90801933E-01
43 11 0.00000000E+00 2.53703605E-08 0.00000000E+00 0.00000000E+00 0.00000000E+00
43 12 0.00000000E+00 1.06097210E+00 0.00000000E+00 0.00000000E+00 2.26216894E-02
43 13 0.00000000E+00-7.26967055E-10 0.00000000E+00 0.00000000E+00 0.00000000E+00
43 14 0.00000000E+00-3.03501804E-02 0.00000000E+00
44  1 0.00000000E+00 0.00000000E+00 0.00000000E+00 0.00000000E+00 0.00000000E+00
44  2 0.00000000E+00 0.00000000E+00 0.00000000E+00-4.38133011E-11 0.00000000E+00
44  3 0.00000000E+00 0.00000000E+00 0.00000000E+00 0.00000000E+00 3.45430403E-11
44  4 0.00000000E+00 0.00000000E+00 0.00000000E+00 0.00000000E+00 0.00000000E+00
44  5 0.00000000E+00 0.00000000E+00 0.00000000E+00 0.00000000E+00 0.00000000E+00
44  6 0.00000000E+00 0.00000000E+00 0.00000000E+00 0.00000000E+00 0.00000000E+00
44  7 0.00000000E+00 0.00000000E+00 0.00000000E+00 0.00000000E+00 0.00000000E+00
44  8 0.00000000E+00 0.00000000E+00 0.00000000E+00 0.00000000E+00 0.00000000E+00
44  9 0.00000000E+00 0.00000000E+00 0.00000000E+00 0.00000000E+00 0.00000000E+00
44 10 0.00000000E+00 0.00000000E+00 0.00000000E+00 0.00000000E+00 0.00000000E+00
44 11-7.90801929E-01 0.00000000E+00 1.79439495E-08 0.00000000E+00 1.06097210E+00
44 12 0.00000000E+00 0.00000000E+00 0.00000000E+00 0.00000000E+00 0.00000000E+00
44 13 2.26216893E-02 0.00000000E+00-5.14169216E-10 0.00000000E+00-3.03501805E-02
44 14 0.00000000E+00 0.00000000E+00 0.00000000E+00
45  1 0.00000000E+00 0.00000000E+00 0.00000000E+00 0.00000000E+00 0.00000000E+00
45  2 0.00000000E+00 0.00000000E+00 0.00000000E+00 0.00000000E+00 0.00000000E+00
45  3 0.00000000E+00 0.00000000E+00 0.00000000E+00 0.00000000E+00 0.00000000E+00
45  4 0.00000000E+00 0.00000000E+00 0.00000000E+00 0.00000000E+00 0.00000000E+00
45  5 0.00000000E+00 0.00000000E+00 0.00000000E+00 0.00000000E+00 0.00000000E+00
45  6 0.00000000E+00 0.00000000E+00 0.00000000E+00 0.00000000E+00 0.00000000E+00
45  7 0.00000000E+00 0.00000000E+00 0.00000000E+00 0.00000000E+00 0.00000000E+00
45  8 0.00000000E+00 0.00000000E+00 0.00000000E+00 0.00000000E+00 0.00000000E+00
45  9 0.00000000E+00 0.00000000E+00 0.00000000E+00 0.00000000E+00 0.00000000E+00
45 10 0.00000000E+00 0.00000000E+00 0.00000000E+00 0.00000000E+00 0.00000000E+00
45 11 0.00000000E+00 0.00000000E+00 0.00000000E+00 0.00000000E+00 0.00000000E+00
45 12 0.00000000E+00 0.00000000E+00 1.00029397E+00 0.00000000E+00 0.00000000E+00
45 13 0.00000000E+00 0.00000000E+00 0.00000000E+00 0.00000000E+00 0.00000000E+00
45 14 0.00000000E+00 0.00000000E+00-2.86452349E-02
46  1 0.00000000E+00 0.00000000E+00 0.00000000E+00 0.00000000E+00 0.00000000E+00
46  2 0.00000000E+00 3.92146643E-11 0.00000000E+00 0.00000000E+00 0.00000000E+00
46  3 0.00000000E+00 0.00000000E+00-3.09814256E-11 0.00000000E+00 0.00000000E+00
46  4 0.00000000E+00 0.00000000E+00 0.00000000E+00 0.00000000E+00 0.00000000E+00
46  5 0.00000000E+00 0.00000000E+00 0.00000000E+00 0.00000000E+00 0.00000000E+00
46  6 0.00000000E+00 0.00000000E+00 0.00000000E+00 0.00000000E+00 0.00000000E+00
46  7 0.00000000E+00 0.00000000E+00 0.00000000E+00 0.00000000E+00 0.00000000E+00
46  8 0.00000000E+00 0.00000000E+00 0.00000000E+00 0.00000000E+00 0.00000000E+00
46  9 0.00000000E+00 0.00000000E+00 0.00000000E+00 0.00000000E+00 0.00000000E+00
46 10 0.00000000E+00 0.00000000E+00 0.00000000E+00-1.20084100E-08 0.00000000E+00
46 11 0.00000000E+00 0.00000000E+00 0.00000000E+00-8.66279983E-01 0.00000000E+00
46 12 8.66279999E-01 0.00000000E+00 0.00000000E+00 3.44161247E-10 0.00000000E+00
46 13 0.00000000E+00 0.00000000E+00 0.00000000E+00 2.48075009E-02 0.00000000E+00
46 14-2.48075014E-02 0.00000000E+00 0.00000000E+00
47  1 0.00000000E+00 0.00000000E+00 0.00000000E+00 0.00000000E+00 0.00000000E+00
47  2 0.00000000E+00 0.00000000E+00 0.00000000E+00 2.81966519E-03 0.00000000E+00
47  3 0.00000000E+00-4.64312217E-04 0.00000000E+00 0.00000000E+00-2.12811822E-03
47  4 0.00000000E+00 0.00000000E+00-2.44867585E-04 0.00000000E+00 0.00000000E+00
47  5-7.70344355E-04 0.00000000E+00 0.00000000E+00-2.40364635E-04 0.00000000E+00
47  6 0.00000000E+00 0.00000000E+00 0.00000000E+00 0.00000000E+00 0.00000000E+00
47  7 0.00000000E+00 0.00000000E+00 0.00000000E+00 0.00000000E+00 0.00000000E+00
47  8 0.00000000E+00 0.00000000E+00 0.00000000E+00 0.00000000E+00 0.00000000E+00
47  9 0.00000000E+00 0.00000000E+00 0.00000000E+00 0.00000000E+00 0.00000000E+00
47 10 0.00000000E+00 0.00000000E+00 0.00000000E+00 0.00000000E+00 0.00000000E+00
47 11-6.12552331E-01 0.00000000E+00 1.09576694E+00 0.00000000E+00-2.73941754E-01
47 12 0.00000000E+00 0.00000000E+00 0.00000000E+00 0.00000000E+00 0.00000000E+00
47 13 1.75522285E-02 0.00000000E+00-3.13983816E-02 0.00000000E+00 7.84959589E-03
47 14 0.00000000E+00 0.00000000E+00 0.00000000E+00
48  1 0.00000000E+00 0.00000000E+00 0.00000000E+00 0.00000000E+00 0.00000000E+00
48  2 0.00000000E+00 0.00000000E+00 2.81966519E-03 0.00000000E+00 0.00000000E+00
48  3-4.64312217E-04 0.00000000E+00 0.00000000E+00-2.12811822E-03 0.00000000E+00
48  4 0.00000000E+00-2.44867585E-04 0.00000000E+00 0.00000000E+00-7.70344356E-04
48  5 0.00000000E+00 0.00000000E+00-2.40364635E-04 0.00000000E+00 0.00000000E+00
48  6 0.00000000E+00 0.00000000E+00 0.00000000E+00 0.00000000E+00 0.00000000E+00
48  7 0.00000000E+00 0.00000000E+00 0.00000000E+00 0.00000000E+00 0.00000000E+00
48  8 0.00000000E+00 0.00000000E+00 0.00000000E+00 0.00000000E+00 0.00000000E+00
48  9 0.00000000E+00 0.00000000E+00 0.00000000E+00 0.00000000E+00 0.00000000E+00
48 10 0.00000000E+00 0.00000000E+00 0.00000000E+00 0.00000000E+00-6.12552326E-01
48 11 0.00000000E+00 1.09576694E+00 0.00000000E+00 0.00000000E+00 0.00000000E+00
48 12 0.00000000E+00-2.73941761E-01 0.00000000E+00 0.00000000E+00 1.75522284E-02
48 13 0.00000000E+00-3.13983816E-02 0.00000000E+00 0.00000000E+00 0.00000000E+00
48 14 0.00000000E+00 7.84959610E-03 0.00000000E+00
49  1 0.00000000E+00 0.00000000E+00 0.00000000E+00 0.00000000E+00 0.00000000E+00
49  2 0.00000000E+00 3.45529860E-03 0.00000000E+00 0.00000000E+00-5.96633000E-04
49  3 0.00000000E+00 0.00000000E+00-2.60350380E-03 0.00000000E+00 0.00000000E+00
49  4-3.03858508E-04 0.00000000E+00 0.00000000E+00-9.46273518E-04 0.00000000E+00
49  5 0.00000000E+00-2.92778192E-04 0.00000000E+00 0.00000000E+00 0.00000000E+00
49  6 0.00000000E+00 0.00000000E+00 0.00000000E+00 0.00000000E+00 0.00000000E+00
49  7 0.00000000E+00 0.00000000E+00 0.00000000E+00 0.00000000E+00 0.00000000E+00
49  8 0.00000000E+00 0.00000000E+00 0.00000000E+00 0.00000000E+00 0.00000000E+00
49  9 0.00000000E+00 0.00000000E+00 0.00000000E+00 0.00000000E+00 0.00000000E+00
49 10 0.00000000E+00 0.00000000E+00 0.00000000E+00 1.00029371E+00 0.00000000E+00
49 11 0.00000000E+00 0.00000000E+00 0.00000000E+00-6.71017431E-01 0.00000000E+00
49 12-6.71017411E-01 0.00000000E+00 0.00000000E+00-2.86681834E-02 0.00000000E+00
49 13 0.00000000E+00 0.00000000E+00 0.00000000E+00 1.92312024E-02 0.00000000E+00
49 14 1.92312018E-02 0.00000000E+00 0.00000000E+00
50  1 0.00000000E+00 0.00000000E+00 0.00000000E+00 0.00000000E+00 0.00000000E+00
50  2 0.00000000E+00 0.00000000E+00 0.00000000E+00 0.00000000E+00 0.00000000E+00
50  3 0.00000000E+00 0.00000000E+00 0.00000000E+00 0.00000000E+00 0.00000000E+00
50  4 0.00000000E+00 0.00000000E+00 0.00000000E+00 0.00000000E+00 0.00000000E+00
50  5 0.00000000E+00 0.00000000E+00 0.00000000E+00 0.00000000E+00 0.00000000E+00
50  6 0.00000000E+00 0.00000000E+00 0.00000000E+00 0.00000000E+00 1.23095244E+00
50  7 0.00000000E+00 0.00000000E+00 0.00000000E+00 0.00000000E+00 0.00000000E+00
50  8-7.74653042E-01 0.00000000E+00 0.00000000E+00 0.00000000E+00 0.00000000E+00
50  9 0.00000000E+00 1.99141203E-01 0.00000000E+00 0.00000000E+00 0.00000000E+00
50 10 0.00000000E+00 0.00000000E+00-8.45812174E-02 0.00000000E+00 0.00000000E+00
50 11 0.00000000E+00 0.00000000E+00 0.00000000E+00 0.00000000E+00 0.00000000E+00
50 12 0.00000000E+00 0.00000000E+00 0.00000000E+00 0.00000000E+00 0.00000000E+00
50 13 0.00000000E+00 0.00000000E+00 0.00000000E+00 0.00000000E+00 0.00000000E+00
50 14 0.00000000E+00 0.00000000E+00 0.00000000E+00
51  1 0.00000000E+00 0.00000000E+00 0.00000000E+00 0.00000000E+00 0.00000000E+00
51  2 0.00000000E+00 0.00000000E+00 0.00000000E+00 0.00000000E+00 0.00000000E+00
51  3 0.00000000E+00 0.00000000E+00 0.00000000E+00 0.00000000E+00 0.00000000E+00
51  4 0.00000000E+00 0.00000000E+00 0.00000000E+00 0.00000000E+00 0.00000000E+00
51  5 0.00000000E+00 0.00000000E+00 0.00000000E+00 0.00000000E+00-3.69778817E-09
51  6-1.06603608E+00 1.06603609E+00 0.00000000E+00 0.00000000E+00 0.00000000E+00
51  7 2.32726254E-09 6.70869212E-01-6.70869214E-01 0.00000000E+00 0.00000000E+00
51  8 0.00000000E+00-5.98438817E-10-1.72461341E-01 1.72461341E-01 0.00000000E+00
51  9 0.00000000E+00 0.00000000E+00 2.54060657E-10 7.32494828E-02-7.32494830E-02
51 10 0.00000000E+00 0.00000000E+00 0.00000000E+00 0.00000000E+00 0.00000000E+00
51 11 0.00000000E+00 0.00000000E+00 0.00000000E+00 0.00000000E+00 0.00000000E+00
51 12 0.00000000E+00 0.00000000E+00 0.00000000E+00 0.00000000E+00 0.00000000E+00
51 13 0.00000000E+00 0.00000000E+00 0.00000000E+00 0.00000000E+00 0.00000000E+00
51 14 0.00000000E+00 0.00000000E+00 0.00000000E+00
52  1 0.00000000E+00 0.00000000E+00 0.00000000E+00 0.00000000E+00 0.00000000E+00
52  2 0.00000000E+00 0.00000000E+00 0.00000000E+00 0.00000000E+00 0.00000000E+00
52  3 0.00000000E+00 0.00000000E+00 0.00000000E+00 0.00000000E+00 0.00000000E+00
52  4 0.00000000E+00 0.00000000E+00 0.00000000E+00 0.00000000E+00 0.00000000E+00
52  5 0.00000000E+00 0.00000000E+00 0.00000000E+00 0.00000000E+00 0.00000000E+00
52  6 0.00000000E+00 0.00000000E+00 1.23095145E+00 0.00000000E+00 0.00000000E+00
52  7 0.00000000E+00 0.00000000E+00 0.00000000E+00-7.74704395E-01 0.00000000E+00
52  8 0.00000000E+00 0.00000000E+00 0.00000000E+00 0.00000000E+00 1.99197546E-01
52  9 0.00000000E+00 0.00000000E+00 0.00000000E+00 0.00000000E+00 0.00000000E+00
52 10-8.45747607E-02 0.00000000E+00 0.00000000E+00 0.00000000E+00 0.00000000E+00
52 11 0.00000000E+00 0.00000000E+00 0.00000000E+00 0.00000000E+00 0.00000000E+00
52 12 0.00000000E+00 0.00000000E+00 0.00000000E+00 0.00000000E+00 0.00000000E+00
52 13 0.00000000E+00 0.00000000E+00 0.00000000E+00 0.00000000E+00 0.00000000E+00
52 14 0.00000000E+00 0.00000000E+00 0.00000000E+00
53  1 0.00000000E+00 0.00000000E+00 0.00000000E+00 0.00000000E+00 0.00000000E+00
53  2 0.00000000E+00 0.00000000E+00 0.00000000E+00 0.00000000E+00 0.00000000E+00
53  3 0.00000000E+00 0.00000000E+00 0.00000000E+00 0.00000000E+00 0.00000000E+00
53  4 0.00000000E+00 0.00000000E+00 0.00000000E+00 0.00000000E+00 0.00000000E+00
53  5 0.00000000E+00 0.00000000E+00 0.00000000E+00 0.00000000E+00 0.00000000E+00
53  6 0.00000000E+00 0.00000000E+00 0.00000000E+00 1.23095145E+00 0.00000000E+00
53  7 0.00000000E+00 0.00000000E+00 0.00000000E+00 0.00000000E+00-7.74704395E-01
53  8 0.00000000E+00 0.00000000E+00 0.00000000E+00 0.00000000E+00 0.00000000E+00
53  9 1.99197546E-01 0.00000000E+00 0.00000000E+00 0.00000000E+00 0.00000000E+00
53 10 0.00000000E+00-8.45747607E-02 0.00000000E+00 0.00000000E+00 0.00000000E+00
53 11 0.00000000E+00 0.00000000E+00 0.00000000E+00 0.00000000E+00 0.00000000E+00
53 12 0.00000000E+00 0.00000000E+00 0.00000000E+00 0.00000000E+00 0.00000000E+00
53 13 0.00000000E+00 0.00000000E+00 0.00000000E+00 0.00000000E+00 0.00000000E+00
53 14 0.00000000E+00 0.00000000E+00 0.00000000E+00
54  1 3.68753123E-03 2.46050831E-05 1.07112924E-03-4.71450190E-03 3.62425721E-04
54  2 8.03794660E-06 0.00000000E+00 0.00000000E+00 0.00000000E+00 0.00000000E+00
54  3 0.00000000E+00 0.00000000E+00 0.00000000E+00 0.00000000E+00 0.00000000E+00
54  4 0.00000000E+00 0.00000000E+00 0.00000000E+00 0.00000000E+00 0.00000000E+00
54  5 0.00000000E+00 0.00000000E+00 0.00000000E+00 0.00000000E+00 1.23095075E+00
54  6-6.15475376E-01-6.15475370E-01 0.00000000E+00 0.00000000E+00 0.00000000E+00
54  7-7.74718643E-01 3.87359323E-01 3.87359319E-01 0.00000000E+00 0.00000000E+00
54  8 0.00000000E+00 1.99213740E-01-9.96068705E-02-9.96068694E-02 0.00000000E+00
54  9 0.00000000E+00 0.00000000E+00-8.45739971E-02 4.22869988E-02 4.22869983E-02
54 10 0.00000000E+00 0.00000000E+00 0.00000000E+00 0.00000000E+00 0.00000000E+00
54 11 0.00000000E+00 0.00000000E+00 0.00000000E+00 0.00000000E+00 0.00000000E+00
54 12 0.00000000E+00 0.00000000E+00 0.00000000E+00 0.00000000E+00 0.00000000E+00
54 13 0.00000000E+00 0.00000000E+00 0.00000000E+00 0.00000000E+00 0.00000000E+00
54 14 0.00000000E+00 0.00000000E+00 0.00000000E+00
55  1 0.00000000E+00 0.00000000E+00 0.00000000E+00 0.00000000E+00 0.00000000E+00
55  2 0.00000000E+00 0.00000000E+00 6.14317509E+00 0.00000000E+00 0.00000000E+00
55  3-9.04222620E-01 0.00000000E+00 0.00000000E+00-4.85147120E+00 0.00000000E+00
55  4 0.00000000E+00-9.07868898E-01 0.00000000E+00 0.00000000E+00-1.41725130E+00
55  5 0.00000000E+00 0.00000000E+00-4.79540971E-01 0.00000000E+00 0.00000000E+00
55  6 0.00000000E+00 0.00000000E+00 0.00000000E+00 0.00000000E+00 0.00000000E+00
55  7 0.00000000E+00 0.00000000E+00 0.00000000E+00 0.00000000E+00 0.00000000E+00
55  8 0.00000000E+00 0.00000000E+00 0.00000000E+00 0.00000000E+00 0.00000000E+00
55  9 0.00000000E+00 0.00000000E+00 0.00000000E+00 0.00000000E+00 0.00000000E+00
55 10 0.00000000E+00 0.00000000E+00 0.00000000E+00 0.00000000E+00 2.61783199E-04
55 11 0.00000000E+00-4.68292052E-04 0.00000000E+00 0.00000000E+00 0.00000000E+00
55 12 0.00000000E+00 1.17073034E-04 0.00000000E+00 0.00000000E+00 2.52333530E-05
55 13 0.00000000E+00-4.51387932E-05 0.00000000E+00 0.00000000E+00 0.00000000E+00
55 14 0.00000000E+00 1.12846977E-05 0.00000000E+00
56  1 0.00000000E+00 0.00000000E+00 0.00000000E+00 0.00000000E+00 0.00000000E+00
56  2 0.00000000E+00 0.00000000E+00 0.00000000E+00 6.14317509E+00 0.00000000E+00
56  3 0.00000000E+00-9.04222620E-01 0.00000000E+00 0.00000000E+00-4.85147120E+00
56  4 0.00000000E+00 0.00000000E+00-9.07868898E-01 0.00000000E+00 0.00000000E+00
56  5-1.41725130E+00 0.00000000E+00 0.00000000E+00-4.79540971E-01 0.00000000E+00
56  6 0.00000000E+00 0.00000000E+00 0.00000000E+00 0.00000000E+00 0.00000000E+00
56  7 0.00000000E+00 0.00000000E+00 0.00000000E+00 0.00000000E+00 0.00000000E+00
56  8 0.00000000E+00 0.00000000E+00 0.00000000E+00 0.00000000E+00 0.00000000E+00
56  9 0.00000000E+00 0.00000000E+00 0.00000000E+00 0.00000000E+00 0.00000000E+00
56 10 0.00000000E+00 0.00000000E+00 0.00000000E+00 0.00000000E+00 0.00000000E+00
56 11 2.61783204E-04 0.00000000E+00-4.68292052E-04 0.00000000E+00 1.17073028E-04
56 12 0.00000000E+00 0.00000000E+00 0.00000000E+00 0.00000000E+00 0.00000000E+00
56 13 2.52333528E-05 0.00000000E+00-4.51387932E-05 0.00000000E+00 1.12846979E-05
56 14 0.00000000E+00 0.00000000E+00 0.00000000E+00
57  1 0.00000000E+00 0.00000000E+00 0.00000000E+00 0.00000000E+00 0.00000000E+00
57  2 0.00000000E+00 6.14295263E+00 0.00000000E+00 0.00000000E+00-9.04217310E-01
57  3 0.00000000E+00 0.00000000E+00-4.85163238E+00 0.00000000E+00 0.00000000E+00
57  4-9.07470175E-01 0.00000000E+00 0.00000000E+00-1.41747225E+00 0.00000000E+00
57  5 0.00000000E+00-4.79483973E-01 0.00000000E+00 0.00000000E+00 0.00000000E+00
57  6 0.00000000E+00 0.00000000E+00 0.00000000E+00 0.00000000E+00 0.00000000E+00
57  7 0.00000000E+00 0.00000000E+00 0.00000000E+00 0.00000000E+00 0.00000000E+00
57  8 0.00000000E+00 0.00000000E+00 0.00000000E+00 0.00000000E+00 0.00000000E+00
57  9 0.00000000E+00 0.00000000E+00 0.00000000E+00 0.00000000E+00 0.00000000E+00
57 10 0.00000000E+00 0.00000000E+00 0.00000000E+00-5.23317813E-04 0.00000000E+00
57 11 0.00000000E+00 0.00000000E+00 0.00000000E+00 3.51052272E-04 0.00000000E+00
57 12 3.51052250E-04 0.00000000E+00 0.00000000E+00-4.82555280E-05 0.00000000E+00
57 13 0.00000000E+00 0.00000000E+00 0.00000000E+00 3.23707919E-05 0.00000000E+00
57 14 3.23707926E-05 0.00000000E+00 0.00000000E+00
58  1-7.09808785E+00 1.19505643E+00 4.71869337E-01 7.70924027E+00-7.49044549E-01
58  2-7.96139802E-01 0.00000000E+00 0.00000000E+00 0.00000000E+00 0.00000000E+00
58  3 0.00000000E+00 0.00000000E+00 0.00000000E+00 0.00000000E+00 0.00000000E+00
58  4 0.00000000E+00 0.00000000E+00 0.00000000E+00 0.00000000E+00 0.00000000E+00
58  5 0.00000000E+00 0.00000000E+00 0.00000000E+00 0.00000000E+00-4.33582713E-05
58  6 2.16791357E-05 2.16791356E-05 0.00000000E+00 0.00000000E+00 0.00000000E+00
58  7 5.33318882E-05-2.66659441E-05-2.66659441E-05 0.00000000E+00 0.00000000E+00
58  8 0.00000000E+00-5.98246491E-05 2.99123246E-05 2.99123246E-05 0.00000000E+00
58  9 0.00000000E+00 0.00000000E+00 3.83689700E-05-1.91844850E-05-1.91844850E-05
58 10 0.00000000E+00 0.00000000E+00 0.00000000E+00 0.00000000E+00 0.00000000E+00
58 11 0.00000000E+00 0.00000000E+00 0.00000000E+00 0.00000000E+00 0.00000000E+00
58 12 0.00000000E+00 0.00000000E+00 0.00000000E+00 0.00000000E+00 0.00000000E+00
58 13 0.00000000E+00 0.00000000E+00 0.00000000E+00 0.00000000E+00 0.00000000E+00
58 14 0.00000000E+00 0.00000000E+00 0.00000000E+00
 $END   
 POPULATION ANALYSIS
S           14.00000   0.00000  14.00000  -0.00000
 MOMENTS AT POINT    1 X,Y,Z=  0.000000  0.000000  0.000000
 DIPOLE       0.000000  0.000000  0.000000
