#   index    LocalEnergy         LocalEnergy_sq      LocalPotential      Kinetic             ElecElec            LocalECP            NonLocalECP         BlockWeight         BlockCPU            AcceptRatio         
         0   -7.1331563595e+01    5.0892850822e+03   -1.0616195116e+02    3.4830387563e+01    4.9640174496e+01   -1.6748456073e+02    1.1682435073e+01    1.0240000000e+03    2.8976066969e-03    5.9666466346e-01
         1   -7.1349374776e+01    5.0916778649e+03   -1.0685078849e+02    3.5501413709e+01    4.9813484328e+01   -1.6846674175e+02    1.1802468938e+01    1.0240000000e+03    2.7933476958e-03    6.0190805288e-01
         2   -7.1271109395e+01    5.0805639702e+03   -1.0615819420e+02    3.4887084809e+01    4.9671775369e+01   -1.6740097425e+02    1.1571004681e+01    1.0240000000e+03    2.7713945601e-03    5.9924879808e-01
         3   -7.1294312003e+01    5.0837867046e+03   -1.0608463304e+02    3.4790321041e+01    4.9509726358e+01   -1.6796593315e+02    1.2371573745e+01    1.0240000000e+03    2.7538849972e-03    5.9827223558e-01
         4   -7.1310907997e+01    5.0862313587e+03   -1.0602546536e+02    3.4714557359e+01    4.9870064228e+01   -1.6847645732e+02    1.2580927735e+01    1.0240000000e+03    2.7325032279e-03    5.9529747596e-01
         5   -7.1322557220e+01    5.0880279521e+03   -1.0603916794e+02    3.4716610723e+01    4.9575304963e+01   -1.6718259679e+02    1.1568123883e+01    1.0240000000e+03    2.7328424621e-03    5.9752103365e-01
         6   -7.1332967870e+01    5.0891809757e+03   -1.0608155002e+02    3.4748582152e+01    4.9369202812e+01   -1.6633493547e+02    1.0884182633e+01    1.0240000000e+03    2.7253907174e-03    5.9631911058e-01
         7   -7.1332294634e+01    5.0893462840e+03   -1.0580245400e+02    3.4470159368e+01    4.9474189671e+01   -1.6700477930e+02    1.1728135627e+01    1.0240000000e+03    2.7541650925e-03    5.9821213942e-01
         8   -7.1303401487e+01    5.0854835465e+03   -1.0665491728e+02    3.5351515797e+01    4.9731605167e+01   -1.6775469444e+02    1.1368171991e+01    1.0240000000e+03    2.7372967452e-03    5.9908353365e-01
         9   -7.1294606888e+01    5.0838728995e+03   -1.0554086315e+02    3.4246256265e+01    4.9694191990e+01   -1.6649365325e+02    1.1258598107e+01    1.0240000000e+03    2.7143000625e-03    5.9549278846e-01
        10   -7.1377304459e+01    5.0956832567e+03   -1.0630739864e+02    3.4930094179e+01    4.9561525911e+01   -1.6797149649e+02    1.2102571939e+01    1.0240000000e+03    2.7079957072e-03    5.9546274038e-01
        11   -7.1373580396e+01    5.0951723992e+03   -1.0618971384e+02    3.4816133443e+01    4.9529712780e+01   -1.6766394450e+02    1.1944517877e+01    1.0240000000e+03    2.7087985072e-03    5.9604867788e-01
        12   -7.1366168370e+01    5.0946107086e+03   -1.0668604512e+02    3.5319876754e+01    4.9661595385e+01   -1.6808740357e+02    1.1739763058e+01    1.0240000000e+03    2.7314531617e-03    5.9711538462e-01
        13   -7.1335296420e+01    5.0899297737e+03   -1.0588568515e+02    3.4550388734e+01    4.9750910555e+01   -1.6813517877e+02    1.2498583062e+01    1.0240000000e+03    2.7119480073e-03    5.9858774038e-01
        14   -7.1337163615e+01    5.0898238402e+03   -1.0621592438e+02    3.4878760768e+01    4.9659887007e+01   -1.6803141779e+02    1.2155606397e+01    1.0240000000e+03    2.7197056916e-03    5.9798677885e-01
        15   -7.1376179897e+01    5.0955129282e+03   -1.0667649418e+02    3.5300314282e+01    4.9668735232e+01   -1.6797414216e+02    1.1628912754e+01    1.0240000000e+03    2.7075510006e-03    5.9577824519e-01
        16   -7.1377215531e+01    5.0956348024e+03   -1.0654215881e+02    3.5164943278e+01    4.9474223341e+01   -1.6812001371e+02    1.2103631565e+01    1.0240000000e+03    2.7215841692e-03    5.9941406250e-01
        17   -7.1413221073e+01    5.1023681073e+03   -1.0648340242e+02    3.5070181351e+01    4.9527724537e+01   -1.6756994587e+02    1.1558818905e+01    1.0240000000e+03    2.7115135454e-03    5.9594350962e-01
        18   -7.1329492132e+01    5.0890046296e+03   -1.0650783388e+02    3.5178341747e+01    4.9610028733e+01   -1.6833418204e+02    1.2216319430e+01    1.0240000000e+03    2.6942391414e-03    5.9679987981e-01
        19   -7.1323229668e+01    5.0885636879e+03   -1.0672341917e+02    3.5400189504e+01    4.9765973049e+01   -1.6828149481e+02    1.1792102588e+01    1.0240000000e+03    2.7100241277e-03    5.9957932692e-01
        20   -7.1342467975e+01    5.0906548341e+03   -1.0607018507e+02    3.4727717095e+01    4.9594956005e+01   -1.6699264103e+02    1.1327499959e+01    1.0240000000e+03    2.6954547502e-03    5.9298377404e-01
        21   -7.1323336339e+01    5.0878255900e+03   -1.0663230237e+02    3.5308966036e+01    4.9692694038e+01   -1.6801610476e+02    1.1691108350e+01    1.0240000000e+03    2.7315763291e-03    5.9753605769e-01
        22   -7.1308970542e+01    5.0859855071e+03   -1.0637887212e+02    3.5069901575e+01    4.9732913887e+01   -1.6878194408e+02    1.2670158074e+01    1.0240000000e+03    2.7139433660e-03    5.9806189904e-01
        23   -7.1373574288e+01    5.0951980615e+03   -1.0676174704e+02    3.5388172757e+01    4.9984541993e+01   -1.6846567538e+02    1.1719386346e+01    1.0240000000e+03    2.7182446793e-03    5.9737079327e-01
        24   -7.1312225026e+01    5.0866688394e+03   -1.0652872101e+02    3.5216495981e+01    4.9872493460e+01   -1.6882713707e+02    1.2425922605e+01    1.0240000000e+03    2.7087235358e-03    5.9800180288e-01
        25   -7.1317944894e+01    5.0874795163e+03   -1.0640203193e+02    3.5084087035e+01    4.9974203273e+01   -1.6798568913e+02    1.1609453931e+01    1.0240000000e+03    2.7104171459e-03    5.9621394231e-01
        26   -7.1386796252e+01    5.0969740349e+03   -1.0683006133e+02    3.5443265077e+01    4.9662070326e+01   -1.6731325190e+02    1.0821120248e+01    1.0240000000e+03    2.7234326117e-03    5.9737079327e-01
        27   -7.1337451783e+01    5.0898970673e+03   -1.0646027582e+02    3.5122824041e+01    4.9754376974e+01   -1.6700595442e+02    1.0791301624e+01    1.0240000000e+03    2.7229464613e-03    5.9794170673e-01
        28   -7.1323202878e+01    5.0878684745e+03   -1.0636856812e+02    3.5045365244e+01    4.9718523858e+01   -1.6739853803e+02    1.1311446048e+01    1.0240000000e+03    2.7111845557e-03    5.9810697115e-01
        29   -7.1301287873e+01    5.0849174685e+03   -1.0694040558e+02    3.5639117710e+01    4.9770238200e+01   -1.6829997434e+02    1.1589330558e+01    1.0240000000e+03    2.6945460122e-03    5.9830228365e-01
        30   -7.1311237266e+01    5.0863779045e+03   -1.0649732553e+02    3.5186088266e+01    4.9727189322e+01   -1.6831930932e+02    1.2094794467e+01    1.0240000000e+03    2.7159999590e-03    5.9770132212e-01
        31   -7.1336252894e+01    5.0899226293e+03   -1.0658861225e+02    3.5252359356e+01    4.9787358079e+01   -1.6798282906e+02    1.1606858729e+01    1.0240000000e+03    2.6992813218e-03    5.9888822115e-01
        32   -7.1347539602e+01    5.0915495929e+03   -1.0626608748e+02    3.4918547878e+01    4.9682730345e+01   -1.6838448572e+02    1.2435667893e+01    1.0240000000e+03    2.7014005464e-03    5.9717548077e-01
        33   -7.1354033070e+01    5.0923105121e+03   -1.0623583577e+02    3.4881802702e+01    4.9562729162e+01   -1.6704760240e+02    1.1249037462e+01    1.0240000000e+03    2.7100187726e-03    5.9657451923e-01
        34   -7.1327194506e+01    5.0886345633e+03   -1.0703959364e+02    3.5712399136e+01    4.9625371861e+01   -1.6845815820e+02    1.1793192697e+01    1.0240000000e+03    2.7174905408e-03    5.9920372596e-01
        35   -7.1315563618e+01    5.0868248173e+03   -1.0696484690e+02    3.5649283280e+01    4.9692358920e+01   -1.6800762240e+02    1.1350416585e+01    1.0240000000e+03    2.7097612619e-03    5.9375000000e-01
        36   -7.1323550450e+01    5.0879511336e+03   -1.0620307005e+02    3.4879519604e+01    4.9541165236e+01   -1.6691069070e+02    1.1166455407e+01    1.0240000000e+03    2.7016983368e-03    5.9687500000e-01
        37   -7.1291537448e+01    5.0836203167e+03   -1.0687865362e+02    3.5587116173e+01    4.9821484794e+01   -1.6879233622e+02    1.2092197801e+01    1.0240000000e+03    2.7270226274e-03    6.0010516827e-01
        38   -7.1320860041e+01    5.0875442243e+03   -1.0605897169e+02    3.4738111652e+01    4.9681428944e+01   -1.6722694963e+02    1.1486548989e+01    1.0240000000e+03    2.7224326041e-03    6.0036057692e-01
        39   -7.1317957873e+01    5.0870620661e+03   -1.0655059445e+02    3.5232636575e+01    4.9654315053e+01   -1.6815862999e+02    1.1953720492e+01    1.0240000000e+03    2.7183280326e-03    6.0004507212e-01
        40   -7.1275496330e+01    5.0816972018e+03   -1.0567259308e+02    3.4397096747e+01    4.9452333806e+01   -1.6688043988e+02    1.1755512993e+01    1.0240000000e+03    2.7127170470e-03    5.9625901442e-01
        41   -7.1307997390e+01    5.0857422341e+03   -1.0662664722e+02    3.5318649834e+01    4.9741072816e+01   -1.6814058130e+02    1.1772861260e+01    1.0240000000e+03    2.7052180376e-03    5.9824218750e-01
        42   -7.1344236237e+01    5.0908375818e+03   -1.0690175004e+02    3.5557513803e+01    4.9872500204e+01   -1.6900804437e+02    1.2233794128e+01    1.0240000000e+03    2.6994377840e-03    5.9741586538e-01
        43   -7.1376563570e+01    5.0956655903e+03   -1.0709419600e+02    3.5717632432e+01    4.9898579921e+01   -1.6902144614e+02    1.2028670219e+01    1.0240000000e+03    2.7073193341e-03    5.9857271635e-01
        44   -7.1340617026e+01    5.0904282994e+03   -1.0665284024e+02    3.5312223214e+01    4.9756471972e+01   -1.6843283944e+02    1.2023527228e+01    1.0240000000e+03    2.7048198972e-03    6.0025540865e-01
        45   -7.1365586448e+01    5.0941171463e+03   -1.0652700593e+02    3.5161419482e+01    4.9716871941e+01   -1.6863170360e+02    1.2387825727e+01    1.0240000000e+03    2.6921681128e-03    5.9878305288e-01
        46   -7.1361348939e+01    5.0933929631e+03   -1.0636357935e+02    3.5002230415e+01    4.9614804408e+01   -1.6855304584e+02    1.2574662083e+01    1.0240000000e+03    2.7056231629e-03    5.9807692308e-01
        47   -7.1332448789e+01    5.0892210305e+03   -1.0626039252e+02    3.4927943733e+01    4.9703996444e+01   -1.6831718876e+02    1.2352799797e+01    1.0240000000e+03    2.7282154188e-03    5.9779146635e-01
        48   -7.1291754866e+01    5.0844564506e+03   -1.0588939047e+02    3.4597635608e+01    4.9583464457e+01   -1.6766105790e+02    1.2188202970e+01    1.0240000000e+03    2.7108816430e-03    5.9837740385e-01
        49   -7.1269475118e+01    5.0805448710e+03   -1.0536441819e+02    3.4094943073e+01    4.9394533046e+01   -1.6780795839e+02    1.3049007152e+01    1.0240000000e+03    2.7104490437e-03    5.9804687500e-01
        50   -7.1339471527e+01    5.0902436536e+03   -1.0648968172e+02    3.5150210189e+01    4.9459359675e+01   -1.6675702280e+02    1.0807981409e+01    1.0240000000e+03    2.7007961180e-03    6.0112680288e-01
        51   -7.1347367391e+01    5.0916131320e+03   -1.0641463236e+02    3.5067264965e+01    4.9566885049e+01   -1.6776066913e+02    1.1779151724e+01    1.0240000000e+03    2.6915548369e-03    5.9716045673e-01
        52   -7.1280464097e+01    5.0822139452e+03   -1.0603218653e+02    3.4751722436e+01    4.9518568632e+01   -1.6777372160e+02    1.2222966437e+01    1.0240000000e+03    2.7051372454e-03    5.9627403846e-01
        53   -7.1334326015e+01    5.0895087906e+03   -1.0621150586e+02    3.4877179840e+01    4.9624516673e+01   -1.6807249615e+02    1.2236473618e+01    1.0240000000e+03    2.6971383486e-03    5.9804687500e-01
        54   -7.1315051191e+01    5.0866626017e+03   -1.0624423112e+02    3.4929179931e+01    4.9589909129e+01   -1.6703325319e+02    1.1199112941e+01    1.0240000000e+03    2.7201129124e-03    5.9905348558e-01
        55   -7.1371672234e+01    5.0947963922e+03   -1.0650666226e+02    3.5134990023e+01    4.9603916728e+01   -1.6783168015e+02    1.1721101163e+01    1.0240000000e+03    2.7170437388e-03    5.9857271635e-01
        56   -7.1376938886e+01    5.0955122647e+03   -1.0638567734e+02    3.5008738451e+01    4.9484725784e+01   -1.6674631395e+02    1.0875910830e+01    1.0240000000e+03    2.7068171185e-03    6.0202824519e-01
        57   -7.1352713560e+01    5.0920443831e+03   -1.0622324533e+02    3.4870531774e+01    4.9171042381e+01   -1.6625071622e+02    1.0856428509e+01    1.0240000000e+03    2.7304852847e-03    5.9804687500e-01
        58   -7.1305863560e+01    5.0855702695e+03   -1.0592309753e+02    3.4617233970e+01    4.9451580937e+01   -1.6704304065e+02    1.1668362186e+01    1.0240000000e+03    2.7041702997e-03    5.9938401442e-01
        59   -7.1390732266e+01    5.0975875124e+03   -1.0643673878e+02    3.5046006516e+01    4.9526971562e+01   -1.6736966274e+02    1.1405952395e+01    1.0240000000e+03    2.7017144021e-03    5.9938401442e-01
        60   -7.1397017053e+01    5.0984556605e+03   -1.0656268189e+02    3.5165664836e+01    4.9503422991e+01   -1.6756114258e+02    1.1495037703e+01    1.0240000000e+03    2.7128020301e-03    5.9797175481e-01
        61   -7.1327958278e+01    5.0885460746e+03   -1.0738804379e+02    3.6060085516e+01    4.9694147387e+01   -1.6849156201e+02    1.1409370826e+01    1.0240000000e+03    2.6890446898e-03    5.9556790865e-01
        62   -7.1314207915e+01    5.0869467981e+03   -1.0642066372e+02    3.5106455803e+01    4.9704403722e+01   -1.6830286446e+02    1.2177797015e+01    1.0240000000e+03    2.7027309407e-03    5.9878305288e-01
        63   -7.1329719710e+01    5.0892320637e+03   -1.0644970309e+02    3.5119983380e+01    4.9780063229e+01   -1.6887415167e+02    1.2644385351e+01    1.0240000000e+03    2.7170043904e-03    5.9828725962e-01
        64   -7.1344098762e+01    5.0909594371e+03   -1.0628894964e+02    3.4944850878e+01    4.9640173653e+01   -1.6777036308e+02    1.1841239789e+01    1.0240000000e+03    2.7016119566e-03    5.9750600962e-01
        65   -7.1382455644e+01    5.0964638958e+03   -1.0657779575e+02    3.5195340105e+01    4.9781847904e+01   -1.6783832177e+02    1.1478678118e+01    1.0240000000e+03    2.7201585472e-03    5.9957932692e-01
        66   -7.1342747458e+01    5.0908083070e+03   -1.0653004250e+02    3.5187295038e+01    4.9623604587e+01   -1.6763224187e+02    1.1478594783e+01    1.0240000000e+03    2.7068289928e-03    5.9936899038e-01
        67   -7.1287848415e+01    5.0827416627e+03   -1.0605813341e+02    3.4770284994e+01    4.9745221553e+01   -1.6635448287e+02    1.0551127909e+01    1.0240000000e+03    2.7268412523e-03    5.9795673077e-01
        68   -7.1354561523e+01    5.0924412984e+03   -1.0600101867e+02    3.4646457143e+01    4.9549387442e+01   -1.6744472227e+02    1.1894316160e+01    1.0240000000e+03    2.7393889613e-03    6.0042067308e-01
        69   -7.1314891055e+01    5.0867432586e+03   -1.0695822058e+02    3.5643329525e+01    4.9639263602e+01   -1.6763047467e+02    1.1032990489e+01    1.0240000000e+03    2.7116888668e-03    5.9822716346e-01
        70   -7.1326608774e+01    5.0883690812e+03   -1.0658800094e+02    3.5261392165e+01    4.9619205728e+01   -1.6772355730e+02    1.1516350630e+01    1.0240000000e+03    2.7038534172e-03    5.9483173077e-01
        71   -7.1396362906e+01    5.0984150149e+03   -1.0636112698e+02    3.4964764071e+01    4.9431056921e+01   -1.6709084827e+02    1.1298664372e+01    1.0240000000e+03    2.7104045730e-03    5.9682992788e-01
        72   -7.1344588552e+01    5.0909404508e+03   -1.0632780863e+02    3.4983220076e+01    4.9343650075e+01   -1.6706591574e+02    1.1394457042e+01    1.0240000000e+03    2.7198251337e-03    5.9777644231e-01
        73   -7.1287761414e+01    5.0829667684e+03   -1.0630613897e+02    3.5018377554e+01    4.9641428934e+01   -1.6773304608e+02    1.1785478177e+01    1.0240000000e+03    2.7037700638e-03    6.0111177885e-01
        74   -7.1324527574e+01    5.0883634891e+03   -1.0587856147e+02    3.4554033891e+01    4.9589141108e+01   -1.6746851388e+02    1.2000811308e+01    1.0240000000e+03    2.7139016893e-03    6.0090144231e-01
        75   -7.1333007219e+01    5.0894199802e+03   -1.0641436721e+02    3.5081359989e+01    4.9634013936e+01   -1.6808137236e+02    1.2032991212e+01    1.0240000000e+03    2.7137743309e-03    5.9939903846e-01
        76   -7.1285883292e+01    5.0827983414e+03   -1.0631286126e+02    3.5026977970e+01    4.9594096976e+01   -1.6811701613e+02    1.2210057892e+01    1.0240000000e+03    2.7245015372e-03    5.9915865385e-01
        77   -7.1378777206e+01    5.0958029777e+03   -1.0684278167e+02    3.5464004463e+01    4.9547331808e+01   -1.6700658809e+02    1.0616474611e+01    1.0240000000e+03    2.7089116629e-03    5.9780649038e-01
        78   -7.1319158500e+01    5.0872721952e+03   -1.0630910652e+02    3.4989948015e+01    4.9505741260e+01   -1.6675201216e+02    1.0937164388e+01    1.0240000000e+03    2.7167841326e-03    5.9968449519e-01
        79   -7.1365462536e+01    5.0939360043e+03   -1.0614959795e+02    3.4784135415e+01    4.9483916341e+01   -1.6792711813e+02    1.2293603838e+01    1.0240000000e+03    2.6978806127e-03    5.9667968750e-01
        80   -7.1343796382e+01    5.0909686555e+03   -1.0630903744e+02    3.4965241062e+01    4.9463445711e+01   -1.6748239264e+02    1.1709909480e+01    1.0240000000e+03    2.7186279185e-03    6.0067608173e-01
        81   -7.1337107316e+01    5.0899726350e+03   -1.0670972078e+02    3.5372613466e+01    4.9393466922e+01   -1.6720006249e+02    1.1096874783e+01    1.0240000000e+03    2.7196668088e-03    5.9702524038e-01
        82   -7.1335447210e+01    5.0897732448e+03   -1.0603421111e+02    3.4698763901e+01    4.9656649122e+01   -1.6715150002e+02    1.1460639783e+01    1.0240000000e+03    2.7058948763e-03    5.9648437500e-01
        83   -7.1316875742e+01    5.0874214651e+03   -1.0668188384e+02    3.5365008097e+01    4.9742525119e+01   -1.6826349670e+02    1.1839087737e+01    1.0240000000e+03    2.7110562660e-03    5.9834735577e-01
        84   -7.1283595578e+01    5.0824054448e+03   -1.0665226725e+02    3.5368671669e+01    4.9864835061e+01   -1.6799996644e+02    1.1482864136e+01    1.0240000000e+03    2.7141545434e-03    5.9921875000e-01
        85   -7.1292759978e+01    5.0836304080e+03   -1.0641536978e+02    3.5122609807e+01    4.9539696365e+01   -1.6693142865e+02    1.0976362500e+01    1.0240000000e+03    2.7075130492e-03    5.9806189904e-01
        86   -7.1346703014e+01    5.0912736939e+03   -1.0635728833e+02    3.5010585314e+01    4.9591021356e+01   -1.6800978306e+02    1.2061473375e+01    1.0240000000e+03    2.6972505730e-03    5.9809194712e-01
        87   -7.1342523871e+01    5.0906643133e+03   -1.0631902490e+02    3.4976501026e+01    4.9636880485e+01   -1.6823980870e+02    1.2283903314e+01    1.0240000000e+03    2.7136979625e-03    5.9725060096e-01
        88   -7.1304821924e+01    5.0854687708e+03   -1.0620693298e+02    3.4902111056e+01    4.9587013054e+01   -1.6771390965e+02    1.1919963619e+01    1.0240000000e+03    2.6934111957e-03    5.9723557692e-01
        89   -7.1290740451e+01    5.0835939966e+03   -1.0687037224e+02    3.5579631792e+01    4.9864143349e+01   -1.6857067756e+02    1.1836161968e+01    1.0240000000e+03    2.7057603002e-03    5.9483173077e-01
        90   -7.1316591165e+01    5.0870087628e+03   -1.0632498443e+02    3.5008393263e+01    4.9566786827e+01   -1.6735669713e+02    1.1464925875e+01    1.0240000000e+03    2.7023064904e-03    5.9890324519e-01
        91   -7.1308360675e+01    5.0858014513e+03   -1.0665311462e+02    3.5344753948e+01    4.9555301021e+01   -1.6732808545e+02    1.1119669805e+01    1.0240000000e+03    2.6976880617e-03    5.9604867788e-01
        92   -7.1333098056e+01    5.0893696019e+03   -1.0676261866e+02    3.5429520608e+01    4.9748636223e+01   -1.6827293491e+02    1.1761680024e+01    1.0240000000e+03    2.7113168035e-03    5.9669471154e-01
        93   -7.1384738015e+01    5.0966698221e+03   -1.0644534849e+02    3.5060610479e+01    4.9658148462e+01   -1.6765732071e+02    1.1553823755e+01    1.0240000000e+03    2.6971183252e-03    5.9442608173e-01
        94   -7.1393913010e+01    5.0980330689e+03   -1.0663935863e+02    3.5245445619e+01    4.9510409120e+01   -1.6725498804e+02    1.1105220287e+01    1.0240000000e+03    2.6917583309e-03    5.9684495192e-01
        95   -7.1393102848e+01    5.0984783695e+03   -1.0670425263e+02    3.5311149782e+01    4.9600296764e+01   -1.6761390812e+02    1.1309358722e+01    1.0240000000e+03    2.7110413648e-03    5.9465144231e-01
        96   -7.1290628885e+01    5.0834738759e+03   -1.0595256095e+02    3.4661932068e+01    4.9798704999e+01   -1.6741808661e+02    1.1666820656e+01    1.0240000000e+03    2.7155538555e-03    5.9789663462e-01
        97   -7.1340561539e+01    5.0903669104e+03   -1.0627163459e+02    3.4931073054e+01    4.9497887286e+01   -1.6671423728e+02    1.0944715401e+01    1.0240000000e+03    2.7145305648e-03    6.0003004808e-01
        98   -7.1344869004e+01    5.0909797610e+03   -1.0594488541e+02    3.4600016410e+01    4.9738252211e+01   -1.6682802256e+02    1.1144884932e+01    1.0240000000e+03    2.7428658213e-03    5.9634915865e-01
        99   -7.1287675388e+01    5.0829768354e+03   -1.0604048946e+02    3.4752814070e+01    4.9784984778e+01   -1.6797408514e+02    1.2148610907e+01    1.0240000000e+03    2.7268615086e-03    5.9764122596e-01
       100   -7.1255871255e+01    5.0782673614e+03   -1.0635702770e+02    3.5101156441e+01    4.9687831468e+01   -1.6780677648e+02    1.1761917318e+01    1.0240000000e+03    2.7057428379e-03    5.9634915865e-01
       101   -7.1350483654e+01    5.0918650183e+03   -1.0677827227e+02    3.5427788617e+01    4.9706133080e+01   -1.6811501587e+02    1.1630610519e+01    1.0240000000e+03    2.7123787440e-03    5.9529747596e-01
       102   -7.1324946909e+01    5.0881684488e+03   -1.0646199911e+02    3.5137052200e+01    4.9810679505e+01   -1.6748106862e+02    1.1208390004e+01    1.0240000000e+03    2.7092776727e-03    5.9983473558e-01
       103   -7.1322577459e+01    5.0879256182e+03   -1.0592959686e+02    3.4607019401e+01    4.9665896649e+01   -1.6755157646e+02    1.1956082951e+01    1.0240000000e+03    2.7083419263e-03    5.9592848558e-01
       104   -7.1283656950e+01    5.0831710302e+03   -1.0741681647e+02    3.6133159524e+01    4.9756941418e+01   -1.6828333581e+02    1.1109577922e+01    1.0240000000e+03    2.7107610367e-03    5.9791165865e-01
       105   -7.1324754735e+01    5.0881667836e+03   -1.0649155671e+02    3.5166801973e+01    4.9946961414e+01   -1.6845146431e+02    1.2012946190e+01    1.0240000000e+03    2.7046713512e-03    5.9627403846e-01
       106   -7.1292586855e+01    5.0835183324e+03   -1.0705508526e+02    3.5762498410e+01    5.0072067106e+01   -1.6918033067e+02    1.2053178302e+01    1.0240000000e+03    2.7134108823e-03    5.9776141827e-01
       107   -7.1266158776e+01    5.0799358395e+03   -1.0569431515e+02    3.4428156373e+01    4.9680623931e+01   -1.6712780790e+02    1.1752868815e+01    1.0240000000e+03    2.7115126140e-03    5.9687500000e-01
       108   -7.1318586259e+01    5.0875466657e+03   -1.0626839555e+02    3.4949809294e+01    4.9750425405e+01   -1.6811500993e+02    1.2096188975e+01    1.0240000000e+03    2.7111798991e-03    6.0063100962e-01
       109   -7.1367299564e+01    5.0942774663e+03   -1.0670435887e+02    3.5337059305e+01    4.9704124429e+01   -1.6880467541e+02    1.2396192108e+01    1.0240000000e+03    2.7083596215e-03    5.9977463942e-01
       110   -7.1315585943e+01    5.0874220746e+03   -1.0704228932e+02    3.5726703380e+01    4.9823596065e+01   -1.6826343258e+02    1.1397547196e+01    1.0240000000e+03    2.6937483344e-03    5.9579326923e-01
       111   -7.1306788981e+01    5.0856362009e+03   -1.0674133792e+02    3.5434548942e+01    4.9878512097e+01   -1.6823679598e+02    1.1616945963e+01    1.0240000000e+03    2.6925862767e-03    5.9619891827e-01
       112   -7.1306324990e+01    5.0856646455e+03   -1.0578189351e+02    3.4475568515e+01    4.9348134256e+01   -1.6621799569e+02    1.1087967925e+01    1.0240000000e+03    2.7048545890e-03    5.9609375000e-01
       113   -7.1329974954e+01    5.0887080630e+03   -1.0624261602e+02    3.4912641065e+01    4.9416039320e+01   -1.6730562516e+02    1.1646969817e+01    1.0240000000e+03    2.7236749884e-03    6.0094651442e-01
       114   -7.1308016071e+01    5.0857425557e+03   -1.0585495063e+02    3.4546934560e+01    4.9279824923e+01   -1.6683838342e+02    1.1703607865e+01    1.0240000000e+03    2.7229723055e-03    5.9711538462e-01
       115   -7.1352802406e+01    5.0920971334e+03   -1.0620050009e+02    3.4847697680e+01    4.9555742492e+01   -1.6735466471e+02    1.1598422130e+01    1.0240000000e+03    2.7242475189e-03    6.0075120192e-01
       116   -7.1327722828e+01    5.0886252440e+03   -1.0656638686e+02    3.5238664035e+01    4.9659469194e+01   -1.6737021083e+02    1.1144354773e+01    1.0240000000e+03    2.6981951669e-03    5.9679987981e-01
       117   -7.1280884932e+01    5.0818542379e+03   -1.0632757158e+02    3.5046686647e+01    4.9551567552e+01   -1.6748986855e+02    1.1610729416e+01    1.0240000000e+03    2.7125584893e-03    5.9762620192e-01
       118   -7.1345516269e+01    5.0915390081e+03   -1.0606861286e+02    3.4723096595e+01    4.9599744407e+01   -1.6754766498e+02    1.1879307709e+01    1.0240000000e+03    2.7007907629e-03    5.9520733173e-01
       119   -7.1327059637e+01    5.0883209682e+03   -1.0649354606e+02    3.5166486426e+01    4.9382611763e+01   -1.6651208634e+02    1.0635928513e+01    1.0240000000e+03    2.7055186220e-03    5.9704026442e-01
       120   -7.1356416724e+01    5.0926728841e+03   -1.0574922754e+02    3.4392810814e+01    4.9517099473e+01   -1.6725673613e+02    1.1990409119e+01    1.0240000000e+03    2.7119128499e-03    6.0066105769e-01
       121   -7.1403323544e+01    5.0992793088e+03   -1.0627668548e+02    3.4873361932e+01    4.9508288336e+01   -1.6723635972e+02    1.1451385905e+01    1.0240000000e+03    2.7122253086e-03    5.9681490385e-01
       122   -7.1356827310e+01    5.0929123105e+03   -1.0675237236e+02    3.5395545045e+01    4.9640154117e+01   -1.6764434786e+02    1.1251821388e+01    1.0240000000e+03    2.7035376988e-03    5.9664963942e-01
       123   -7.1341671111e+01    5.0907628451e+03   -1.0627668163e+02    3.4935010516e+01    4.9627136576e+01   -1.6764146795e+02    1.1737649749e+01    1.0240000000e+03    2.7039085981e-03    5.9704026442e-01
       124   -7.1315518668e+01    5.0868460784e+03   -1.0629417698e+02    3.4978658310e+01    4.9473942520e+01   -1.6714319847e+02    1.1375078975e+01    1.0240000000e+03    2.6965183206e-03    5.9771634615e-01
       125   -7.1340875179e+01    5.0903993460e+03   -1.0618101293e+02    3.4840137754e+01    4.9645898677e+01   -1.6774955419e+02    1.1922642581e+01    1.0240000000e+03    2.7044846211e-03    5.9804687500e-01
       126   -7.1289429159e+01    5.0834892633e+03   -1.0605193319e+02    3.4762504029e+01    4.9819227041e+01   -1.6814737515e+02    1.2276214920e+01    1.0240000000e+03    2.7018198743e-03    5.9861778846e-01
       127   -7.1279556754e+01    5.0819228552e+03   -1.0608651084e+02    3.4806954082e+01    4.9408372349e+01   -1.6735531357e+02    1.1860430383e+01    1.0240000000e+03    2.7055586688e-03    5.9800180288e-01
       128   -7.1315876206e+01    5.0873345354e+03   -1.0583655491e+02    3.4520678706e+01    4.9339492346e+01   -1.6632172784e+02    1.1145680582e+01    1.0240000000e+03    2.6908339933e-03    5.9396033654e-01
       129   -7.1360493040e+01    5.0934269521e+03   -1.0617997273e+02    3.4819479691e+01    4.9622666146e+01   -1.6701757322e+02    1.1214934339e+01    1.0240000000e+03    2.7012496721e-03    5.9672475962e-01
       130   -7.1255032899e+01    5.0782669495e+03   -1.0606150066e+02    3.4806467757e+01    4.9512170028e+01   -1.6733027126e+02    1.1756600575e+01    1.0240000000e+03    2.7087258641e-03    5.9768629808e-01
       131   -7.1251473467e+01    5.0779604946e+03   -1.0743816875e+02    3.6186695287e+01    4.9762868803e+01   -1.6823098540e+02    1.1029947840e+01    1.0240000000e+03    2.6996543165e-03    5.9625901442e-01
       132   -7.1317949763e+01    5.0872747127e+03   -1.0641241463e+02    3.5094464864e+01    4.9722199639e+01   -1.6854722894e+02    1.2412614676e+01    1.0240000000e+03    2.7026943862e-03    5.9672475962e-01
       133   -7.1351589014e+01    5.0920069369e+03   -1.0660190504e+02    3.5250316023e+01    4.9644102052e+01   -1.6763695376e+02    1.1390946671e+01    1.0240000000e+03    2.6938964147e-03    5.9716045673e-01
       134   -7.1324340790e+01    5.0884283131e+03   -1.0583523834e+02    3.4510897548e+01    4.9686303383e+01   -1.6711880217e+02    1.1597260452e+01    1.0240000000e+03    2.7094630059e-03    6.0078125000e-01
       135   -7.1315618445e+01    5.0869810033e+03   -1.0665624019e+02    3.5340621744e+01    4.9748528472e+01   -1.6776011252e+02    1.1355343861e+01    1.0240000000e+03    2.7227201499e-03    5.9689002404e-01
       136   -7.1313789255e+01    5.0866926506e+03   -1.0647446498e+02    3.5160675726e+01    4.9735082150e+01   -1.6826684029e+02    1.2057293159e+01    1.0240000000e+03    2.6980852708e-03    5.9797175481e-01
       137   -7.1346524192e+01    5.0913145125e+03   -1.0670192196e+02    3.5355397772e+01    4.9876413689e+01   -1.6785341665e+02    1.1275080995e+01    1.0240000000e+03    2.7188891545e-03    5.9815204327e-01
       138   -7.1365460809e+01    5.0941193537e+03   -1.0612438793e+02    3.4758927124e+01    5.0002427859e+01   -1.6784393330e+02    1.1717117505e+01    1.0240000000e+03    2.6953157503e-03    5.9200721154e-01
       139   -7.1280757379e+01    5.0820811985e+03   -1.0623469483e+02    3.4953937446e+01    4.9780575692e+01   -1.6742900085e+02    1.1413730331e+01    1.0240000000e+03    2.6912486646e-03    5.9516225962e-01
       140   -7.1291921706e+01    5.0834999261e+03   -1.0667940092e+02    3.5387479219e+01    4.9836846490e+01   -1.6880577901e+02    1.2289531592e+01    1.0240000000e+03    2.6972615160e-03    5.9713040865e-01
       141   -7.1312886303e+01    5.0863927914e+03   -1.0573430145e+02    3.4421415148e+01    4.9743683557e+01   -1.6723096377e+02    1.1752978765e+01    1.0240000000e+03    2.7031700592e-03    5.9600360577e-01
       142   -7.1352012276e+01    5.0920911241e+03   -1.0638602898e+02    3.5034016702e+01    4.9673658781e+01   -1.6754820861e+02    1.1488520856e+01    1.0240000000e+03    2.7071030345e-03    5.9705528846e-01
       143   -7.1331163548e+01    5.0890100438e+03   -1.0637301674e+02    3.5041853195e+01    4.9538231065e+01   -1.6734011149e+02    1.1428863683e+01    1.0240000000e+03    2.7119682636e-03    6.0100661058e-01
       144   -7.1277249035e+01    5.0813779201e+03   -1.0601187305e+02    3.4734624013e+01    4.9536049731e+01   -1.6736863669e+02    1.1820713917e+01    1.0240000000e+03    2.7089987416e-03    5.9785156250e-01
       145   -7.1292551359e+01    5.0837241266e+03   -1.0590693058e+02    3.4614379224e+01    4.9624924024e+01   -1.6784699833e+02    1.2315143727e+01    1.0240000000e+03    2.7103759348e-03    6.0013521635e-01
       146   -7.1328545369e+01    5.0888668793e+03   -1.0677116075e+02    3.5442615384e+01    4.9781708686e+01   -1.6836907239e+02    1.1816202955e+01    1.0240000000e+03    2.6977118105e-03    6.0025540865e-01
       147   -7.1273369777e+01    5.0807691565e+03   -1.0628775103e+02    3.5014381251e+01    4.9626805855e+01   -1.6738214898e+02    1.1467592097e+01    1.0240000000e+03    2.7125466149e-03    5.9978966346e-01
       148   -7.1308151469e+01    5.0858184558e+03   -1.0650145259e+02    3.5193301120e+01    4.9384038706e+01   -1.6703368683e+02    1.1148195535e+01    1.0240000000e+03    2.6999961119e-03    5.9660456731e-01
       149   -7.1357809328e+01    5.0929347743e+03   -1.0597902988e+02    3.4621220556e+01    4.9683677669e+01   -1.6696001933e+02    1.1297311776e+01    1.0240000000e+03    2.6916558854e-03    5.9606370192e-01
       150   -7.1360374632e+01    5.0932719875e+03   -1.0656084166e+02    3.5200467027e+01    4.9532350938e+01   -1.6739409554e+02    1.1300902948e+01    1.0240000000e+03    2.7248801198e-03    5.9579326923e-01
       151   -7.1325043919e+01    5.0882507639e+03   -1.0676010654e+02    3.5435062617e+01    5.0003767487e+01   -1.6835204953e+02    1.1588175506e+01    1.0240000000e+03    2.7049789205e-03    5.9676983173e-01
       152   -7.1356475358e+01    5.0927973212e+03   -1.0631400506e+02    3.4957529697e+01    4.9691177070e+01   -1.6748281683e+02    1.1477634702e+01    1.0240000000e+03    2.7033896185e-03    5.9699519231e-01
       153   -7.1311037635e+01    5.0862903448e+03   -1.0583593814e+02    3.4524900502e+01    4.9588099832e+01   -1.6686717750e+02    1.1443139527e+01    1.0240000000e+03    2.7101358864e-03    5.9866286058e-01
       154   -7.1279263700e+01    5.0816298731e+03   -1.0658453842e+02    3.5305274716e+01    4.9526664152e+01   -1.6749358856e+02    1.1382385989e+01    1.0240000000e+03    2.7099708095e-03    5.9989483173e-01
       155   -7.1347244458e+01    5.0913557404e+03   -1.0583625293e+02    3.4489008471e+01    4.9425309747e+01   -1.6710893875e+02    1.1847376076e+01    1.0240000000e+03    2.7157375589e-03    5.9873798077e-01
       156   -7.1310235928e+01    5.0861944842e+03   -1.0584880169e+02    3.4538565759e+01    4.9568182319e+01   -1.6737440226e+02    1.1957418252e+01    1.0240000000e+03    2.6976182126e-03    5.9332932692e-01
       157   -7.1280035691e+01    5.0819586087e+03   -1.0595252766e+02    3.4672491971e+01    4.9638886966e+01   -1.6752748778e+02    1.1936073155e+01    1.0240000000e+03    2.7173794806e-03    6.0129206731e-01
       158   -7.1379816866e+01    5.0961238400e+03   -1.0596953246e+02    3.4589715596e+01    4.9446358775e+01   -1.6663265957e+02    1.1216768334e+01    1.0240000000e+03    2.7067812625e-03    5.9664963942e-01
       159   -7.1368135527e+01    5.0944802326e+03   -1.0640612677e+02    3.5037991248e+01    4.9638077985e+01   -1.6752309731e+02    1.1478892555e+01    1.0240000000e+03    2.7124457993e-03    6.0094651442e-01
       160   -7.1322820441e+01    5.0880406037e+03   -1.0602551714e+02    3.4702696703e+01    4.9328610195e+01   -1.6709784060e+02    1.1743713256e+01    1.0240000000e+03    2.7062529698e-03    5.9962439904e-01
       161   -7.1307968230e+01    5.0857253319e+03   -1.0600360648e+02    3.4695638252e+01    4.9365973635e+01   -1.6677770010e+02    1.1408119985e+01    1.0240000000e+03    2.7046389878e-03    6.0109675481e-01
       162   -7.1304954337e+01    5.0855294500e+03   -1.0647243455e+02    3.5167480216e+01    4.9748807384e+01   -1.6840763665e+02    1.2186394715e+01    1.0240000000e+03    2.6868474670e-03    6.0030048077e-01
       163   -7.1278852963e+01    5.0817835244e+03   -1.0570209113e+02    3.4423238169e+01    4.9361432353e+01   -1.6616552632e+02    1.1102002837e+01    1.0240000000e+03    2.6870160364e-03    5.9444110577e-01
       164   -7.1326386914e+01    5.0883647662e+03   -1.0656019245e+02    3.5233805539e+01    4.9611257651e+01   -1.6759095655e+02    1.1419506447e+01    1.0240000000e+03    2.7147734072e-03    5.9876802885e-01
       165   -7.1283503752e+01    5.0823650839e+03   -1.0649926339e+02    3.5215759633e+01    4.9610464570e+01   -1.6782045407e+02    1.1710726111e+01    1.0240000000e+03    2.7348436415e-03    6.0139723558e-01
       166   -7.1250572899e+01    5.0781196040e+03   -1.0667181947e+02    3.5421246566e+01    4.9786103791e+01   -1.6841226211e+02    1.1954338852e+01    1.0240000000e+03    2.7162092738e-03    5.9836237981e-01
       167   -7.1321640098e+01    5.0878556182e+03   -1.0608335882e+02    3.4761718720e+01    4.9703531365e+01   -1.6728207418e+02    1.1495184000e+01    1.0240000000e+03    2.7171738911e-03    6.0088641827e-01
       168   -7.1297859419e+01    5.0843755672e+03   -1.0651946207e+02    3.5221602647e+01    4.9721880883e+01   -1.6770213882e+02    1.1460795873e+01    1.0240000000e+03    2.7190500405e-03    5.9792668269e-01
       169   -7.1312286680e+01    5.0866336873e+03   -1.0642062897e+02    3.5108342290e+01    4.9917686737e+01   -1.6859374263e+02    1.2255426922e+01    1.0240000000e+03    2.7130581439e-03    5.9995492788e-01
       170   -7.1260733712e+01    5.0790739015e+03   -1.0657195370e+02    3.5311219984e+01    4.9892943655e+01   -1.6795155792e+02    1.1486660570e+01    1.0240000000e+03    2.7028603945e-03    5.9920372596e-01
       171   -7.1349344762e+01    5.0917734454e+03   -1.0734588977e+02    3.5996545006e+01    4.9897668077e+01   -1.6892910066e+02    1.1685542820e+01    1.0240000000e+03    2.7115631383e-03    5.9779146635e-01
       172   -7.1282254560e+01    5.0822583432e+03   -1.0698555246e+02    3.5703297903e+01    4.9819921575e+01   -1.6845450292e+02    1.1649028884e+01    1.0240000000e+03    2.7195012663e-03    5.9654447115e-01
       173   -7.1315123665e+01    5.0867017536e+03   -1.0612545783e+02    3.4810334167e+01    4.9764825118e+01   -1.6772116488e+02    1.1830881930e+01    1.0240000000e+03    2.6967644226e-03    5.9788161058e-01
       174   -7.1333962224e+01    5.0896306130e+03   -1.0659110874e+02    3.5257146514e+01    4.9706394171e+01   -1.6756309358e+02    1.1265590673e+01    1.0240000000e+03    2.7136390563e-03    5.9978966346e-01
       175   -7.1317566236e+01    5.0871084489e+03   -1.0684507515e+02    3.5527508912e+01    4.9665688087e+01   -1.6819202284e+02    1.1681259608e+01    1.0240000000e+03    2.7134360280e-03    5.9881310096e-01
       176   -7.1315253853e+01    5.0868321721e+03   -1.0629146382e+02    3.4976209968e+01    4.9714714290e+01   -1.6776368810e+02    1.1757509993e+01    1.0240000000e+03    2.7101354208e-03    6.0411658654e-01
       177   -7.1346108447e+01    5.0911024252e+03   -1.0611653788e+02    3.4770429430e+01    4.9573822850e+01   -1.6743800651e+02    1.1747645787e+01    1.0240000000e+03    2.7044552844e-03    5.9708533654e-01
       178   -7.1347031228e+01    5.0913927082e+03   -1.0691532179e+02    3.5568290565e+01    4.9781431800e+01   -1.6843481285e+02    1.1738059258e+01    1.0240000000e+03    2.7181101032e-03    6.0168269231e-01
       179   -7.1326584087e+01    5.0884690653e+03   -1.0609367035e+02    3.4767086264e+01    4.9622685855e+01   -1.6692001090e+02    1.1203654695e+01    1.0240000000e+03    2.7074455284e-03    5.9903846154e-01
       180   -7.1319101079e+01    5.0874378676e+03   -1.0593688885e+02    3.4617787768e+01    4.9501516577e+01   -1.6697177451e+02    1.1533369090e+01    1.0240000000e+03    2.6961816475e-03    5.9707031250e-01
       181   -7.1328683754e+01    5.0885940734e+03   -1.0615853628e+02    3.4829852528e+01    4.9622018749e+01   -1.6782411088e+02    1.2043555852e+01    1.0240000000e+03    2.7103668544e-03    5.9628906250e-01
       182   -7.1342512702e+01    5.0908021252e+03   -1.0669190588e+02    3.5349393177e+01    4.9952356372e+01   -1.6893836368e+02    1.2294101430e+01    1.0240000000e+03    2.6900914963e-03    5.9573317308e-01
       183   -7.1313638211e+01    5.0865305154e+03   -1.0641999017e+02    3.5106351958e+01    4.9720634842e+01   -1.6778260673e+02    1.1641981722e+01    1.0240000000e+03    2.7091957163e-03    5.9634915865e-01
       184   -7.1337483399e+01    5.0905056396e+03   -1.0638816935e+02    3.5050685953e+01    4.9574372937e+01   -1.6770184349e+02    1.1739301201e+01    1.0240000000e+03    2.7130551171e-03    5.9717548077e-01
       185   -7.1295219816e+01    5.0841316646e+03   -1.0582844321e+02    3.4533223399e+01    4.9737093471e+01   -1.6772309687e+02    1.2157560182e+01    1.0240000000e+03    2.7045377064e-03    5.9645432692e-01
       186   -7.1313204329e+01    5.0865052167e+03   -1.0676050967e+02    3.5447305341e+01    4.9836612619e+01   -1.6777463310e+02    1.1177510812e+01    1.0240000000e+03    2.7199373581e-03    5.9729567308e-01
       187   -7.1326968183e+01    5.0885285165e+03   -1.0681558513e+02    3.5488616949e+01    4.9941465780e+01   -1.6804814294e+02    1.1291092029e+01    1.0240000000e+03    2.7048380580e-03    5.9695012019e-01
       188   -7.1291183098e+01    5.0835503246e+03   -1.0734626721e+02    3.6055084109e+01    5.0074842594e+01   -1.6906604906e+02    1.1644939257e+01    1.0240000000e+03    2.7075372636e-03    5.9487680288e-01
       189   -7.1312535085e+01    5.0864957701e+03   -1.0655004351e+02    3.5237508423e+01    4.9901234815e+01   -1.6808447946e+02    1.1633201135e+01    1.0240000000e+03    2.7203098871e-03    6.0028545673e-01
       190   -7.1338519362e+01    5.0908094501e+03   -1.0673984368e+02    3.5401324315e+01    4.9988991078e+01   -1.6881029479e+02    1.2081460031e+01    1.0240000000e+03    2.6866584085e-03    5.9517728365e-01
       191   -7.1306161601e+01    5.0853896599e+03   -1.0625473927e+02    3.4948577673e+01    4.9669674550e+01   -1.6730409126e+02    1.1379677439e+01    1.0240000000e+03    2.7019660920e-03    5.9570312500e-01
       192   -7.1283757439e+01    5.0827812913e+03   -1.0587622511e+02    3.4592467666e+01    4.9648948373e+01   -1.6782479219e+02    1.2299618714e+01    1.0240000000e+03    2.7143780608e-03    5.9735576923e-01
       193   -7.1332650903e+01    5.0893365275e+03   -1.0599838580e+02    3.4665734893e+01    4.9646660104e+01   -1.6711217858e+02    1.1467132680e+01    1.0240000000e+03    2.7180339675e-03    6.0147235577e-01
       194   -7.1245070434e+01    5.0780664803e+03   -1.0607765505e+02    3.4832584611e+01    4.9588356734e+01   -1.6723571750e+02    1.1569705718e+01    1.0240000000e+03    2.7102325112e-03    5.9950420673e-01
       195   -7.1353955291e+01    5.0924994546e+03   -1.0617488113e+02    3.4820925835e+01    4.9673059303e+01   -1.6778437419e+02    1.1936433759e+01    1.0240000000e+03    2.6966617443e-03    5.9589843750e-01
       196   -7.1340350528e+01    5.0909182492e+03   -1.0630093600e+02    3.4960585469e+01    4.9629189555e+01   -1.6860528060e+02    1.2675155052e+01    1.0240000000e+03    2.7123747859e-03    5.9884314904e-01
       197   -7.1335641948e+01    5.0896219206e+03   -1.0605862390e+02    3.4722981947e+01    4.9626499870e+01   -1.6734428784e+02    1.1659164077e+01    1.0240000000e+03    2.7070445940e-03    5.9658954327e-01
       198   -7.1289291567e+01    5.0833200674e+03   -1.0700418023e+02    3.5714888664e+01    4.9632875479e+01   -1.6810748512e+02    1.1470429407e+01    1.0240000000e+03    2.7091070078e-03    5.9821213942e-01
       199   -7.1379406839e+01    5.0960041009e+03   -1.0650867936e+02    3.5129272524e+01    4.9569747976e+01   -1.6772914064e+02    1.1650713301e+01    1.0240000000e+03    2.7125626802e-03    5.9528245192e-01
       200   -7.1285566057e+01    5.0824999846e+03   -1.0637699894e+02    3.5091432879e+01    4.9563017764e+01   -1.6729020647e+02    1.1350189770e+01    1.0240000000e+03    2.7008526959e-03    5.9690504808e-01
       201   -7.1359468162e+01    5.0930963419e+03   -1.0651374509e+02    3.5154276929e+01    4.9698420473e+01   -1.6778478181e+02    1.1572616244e+01    1.0240000000e+03    2.7138032019e-03    5.9764122596e-01
       202   -7.1333886559e+01    5.0894863624e+03   -1.0685193327e+02    3.5518046710e+01    4.9576739578e+01   -1.6784914940e+02    1.1420476555e+01    1.0240000000e+03    2.6951667387e-03    5.9498197115e-01
       203   -7.1286672630e+01    5.0828283706e+03   -1.0668352448e+02    3.5396851852e+01    4.9455700920e+01   -1.6749593002e+02    1.1356704621e+01    1.0240000000e+03    2.7186817024e-03    5.9972956731e-01
       204   -7.1371212083e+01    5.0948159067e+03   -1.0608972948e+02    3.4718517401e+01    4.9295349969e+01   -1.6666757654e+02    1.1282497082e+01    1.0240000000e+03    2.6989064645e-03    5.9699519231e-01
       205   -7.1327729858e+01    5.0886548840e+03   -1.0633353298e+02    3.5005803124e+01    4.9468971572e+01   -1.6752997690e+02    1.1727472350e+01    1.0240000000e+03    2.7010338381e-03    5.9804687500e-01
       206   -7.1347898328e+01    5.0913838583e+03   -1.0652159734e+02    3.5173699011e+01    4.9618363929e+01   -1.6786326329e+02    1.1723302023e+01    1.0240000000e+03    2.7110413648e-03    5.9438100962e-01
       207   -7.1374020969e+01    5.0952110067e+03   -1.0679446025e+02    3.5420439278e+01    4.9562571443e+01   -1.6806448057e+02    1.1707448880e+01    1.0240000000e+03    2.7010249905e-03    5.9695012019e-01
       208   -7.1420620684e+01    5.1017730041e+03   -1.0540967628e+02    3.3989055599e+01    4.9417591184e+01   -1.6607633408e+02    1.1249066612e+01    1.0240000000e+03    2.7053421363e-03    5.9864783654e-01
       209   -7.1287053091e+01    5.0827783166e+03   -1.0563582919e+02    3.4348776099e+01    4.9431351504e+01   -1.6631561305e+02    1.1248432355e+01    1.0240000000e+03    2.7174227871e-03    5.9867788462e-01
       210   -7.1309626078e+01    5.0859057995e+03   -1.0603426153e+02    3.4724635450e+01    4.9678972737e+01   -1.6732748862e+02    1.1614254358e+01    1.0240000000e+03    2.7230533306e-03    5.9960937500e-01
       211   -7.1306812178e+01    5.0858104771e+03   -1.0700300322e+02    3.5696191047e+01    4.9783248121e+01   -1.6837320481e+02    1.1586953464e+01    1.0240000000e+03    2.7122292668e-03    5.9729567308e-01
       212   -7.1258677466e+01    5.0787051267e+03   -1.0633564258e+02    3.5076965119e+01    4.9811249970e+01   -1.6793230141e+02    1.1785408858e+01    1.0240000000e+03    2.7176628355e-03    5.9779146635e-01
       213   -7.1298680207e+01    5.0844873604e+03   -1.0653940730e+02    3.5240727098e+01    5.0000185687e+01   -1.6823655188e+02    1.1696958892e+01    1.0240000000e+03    2.7174660936e-03    5.9866286058e-01
       214   -7.1286049982e+01    5.0826622639e+03   -1.0681635490e+02    3.5530304915e+01    5.0091079644e+01   -1.6906265523e+02    1.2155220690e+01    1.0240000000e+03    2.6920195669e-03    5.9887319712e-01
       215   -7.1297188540e+01    5.0844539400e+03   -1.0712838501e+02    3.5831196466e+01    4.9929738429e+01   -1.6868244323e+02    1.1624319793e+01    1.0240000000e+03    2.7029816993e-03    5.9708533654e-01
       216   -7.1362541525e+01    5.0935426999e+03   -1.0601437342e+02    3.4651831893e+01    4.9545456855e+01   -1.6746046996e+02    1.1900639686e+01    1.0240000000e+03    2.7097791899e-03    6.0058593750e-01
       217   -7.1290767547e+01    5.0832939676e+03   -1.0621712794e+02    3.4926360392e+01    4.9746859066e+01   -1.6774993472e+02    1.1785947718e+01    1.0240000000e+03    2.7130481321e-03    5.9634915865e-01
       218   -7.1305047574e+01    5.0858773742e+03   -1.0559318520e+02    3.4288137628e+01    4.9608300855e+01   -1.6691863129e+02    1.1717145238e+01    1.0240000000e+03    2.6836094912e-03    5.9537259615e-01
       219   -7.1365365020e+01    5.0940305852e+03   -1.0579425480e+02    3.4428889780e+01    4.9513856346e+01   -1.6715861439e+02    1.1850503240e+01    1.0240000000e+03    2.7209180407e-03    5.9806189904e-01
       220   -7.1349065556e+01    5.0918709837e+03   -1.0665780007e+02    3.5308734509e+01    4.9769491450e+01   -1.6821159942e+02    1.1784307902e+01    1.0240000000e+03    2.7035970706e-03    5.9408052885e-01
       221   -7.1352421463e+01    5.0924446674e+03   -1.0735625757e+02    3.6003836111e+01    4.9730196247e+01   -1.6885500817e+02    1.1768554354e+01    1.0240000000e+03    2.6932554320e-03    5.9750600962e-01
       222   -7.1275650519e+01    5.0813302646e+03   -1.0700965824e+02    3.5734007725e+01    4.9899285729e+01   -1.6903020098e+02    1.2121257010e+01    1.0240000000e+03    2.7011381462e-03    5.9906850962e-01
       223   -7.1340341299e+01    5.0907099245e+03   -1.0615744593e+02    3.4817104628e+01    4.9714672903e+01   -1.6717737164e+02    1.1305252809e+01    1.0240000000e+03    2.7208891697e-03    5.9615384615e-01
       224   -7.1357106379e+01    5.0927776492e+03   -1.0684259624e+02    3.5485489858e+01    4.9914115969e+01   -1.6889924534e+02    1.2142533133e+01    1.0240000000e+03    2.7068613563e-03    5.9933894231e-01
       225   -7.1302879354e+01    5.0851975247e+03   -1.0612370617e+02    3.4820826816e+01    4.9623031550e+01   -1.6728597688e+02    1.1539239157e+01    1.0240000000e+03    2.7057609987e-03    5.9765625000e-01
       226   -7.1297557867e+01    5.0842162409e+03   -1.0672729848e+02    3.5429740617e+01    4.9485024072e+01   -1.6747413407e+02    1.1261811518e+01    1.0240000000e+03    2.7047456242e-03    5.9912860577e-01
       227   -7.1345129655e+01    5.0911017333e+03   -1.0573745912e+02    3.4392329463e+01    4.9505139689e+01   -1.6744337697e+02    1.2200778165e+01    1.0240000000e+03    2.7004808653e-03    5.9821213942e-01
       228   -7.1327235129e+01    5.0884129376e+03   -1.0659766303e+02    3.5270427902e+01    4.9513774397e+01   -1.6751244327e+02    1.1401005844e+01    1.0240000000e+03    2.7146530338e-03    5.9875300481e-01
       229   -7.1303302575e+01    5.0852052436e+03   -1.0671264004e+02    3.5409337461e+01    4.9710557492e+01   -1.6798975143e+02    1.1566553902e+01    1.0240000000e+03    2.7073579840e-03    5.9738581731e-01
       230   -7.1370496720e+01    5.0946932438e+03   -1.0665806033e+02    3.5287563608e+01    5.0018326039e+01   -1.6853876605e+02    1.1862379680e+01    1.0240000000e+03    2.6963814162e-03    5.9780649038e-01
       231   -7.1315546114e+01    5.0868682467e+03   -1.0699468446e+02    3.5679138344e+01    4.9974105033e+01   -1.6792480073e+02    1.0956011242e+01    1.0240000000e+03    2.7082050219e-03    5.9771634615e-01
       232   -7.1347389272e+01    5.0913921894e+03   -1.0629871236e+02    3.4951323093e+01    4.9871119529e+01   -1.6795165810e+02    1.1781826204e+01    1.0240000000e+03    2.6919506490e-03    5.9678485577e-01
       233   -7.1294151886e+01    5.0838888433e+03   -1.0638785986e+02    3.5093707977e+01    4.9895614563e+01   -1.6869699294e+02    1.2413518518e+01    1.0240000000e+03    2.7238051407e-03    5.9589843750e-01
       234   -7.1330671885e+01    5.0895266122e+03   -1.0593690062e+02    3.4606228739e+01    4.9601095040e+01   -1.6749594696e+02    1.1957951293e+01    1.0240000000e+03    2.7084595058e-03    5.9445612981e-01
       235   -7.1325563749e+01    5.0882548486e+03   -1.0615331833e+02    3.4827754579e+01    4.9636851975e+01   -1.6754016638e+02    1.1749996082e+01    1.0240000000e+03    2.7248053811e-03    6.0262920673e-01
       236   -7.1308099414e+01    5.0857179134e+03   -1.0589669465e+02    3.4588595240e+01    4.9526611099e+01   -1.6691369040e+02    1.1490384647e+01    1.0240000000e+03    2.7191047557e-03    5.9726562500e-01
       237   -7.1332030869e+01    5.0893859605e+03   -1.0547481629e+02    3.4142785416e+01    4.9492363888e+01   -1.6660355121e+02    1.1636371034e+01    1.0240000000e+03    2.7127685025e-03    6.0082632212e-01
       238   -7.1344830753e+01    5.0912406442e+03   -1.0613730245e+02    3.4792471693e+01    4.9674626843e+01   -1.6747000110e+02    1.1658071808e+01    1.0240000000e+03    2.7249332052e-03    5.9894831731e-01
       239   -7.1321524308e+01    5.0884334264e+03   -1.0656599102e+02    3.5244466717e+01    4.9631285705e+01   -1.6744242353e+02    1.1245146798e+01    1.0240000000e+03    2.7172749396e-03    5.9710036058e-01
       240   -7.1325541649e+01    5.0886245230e+03   -1.0559286943e+02    3.4267327782e+01    4.9794044159e+01   -1.6675901308e+02    1.1372099487e+01    1.0240000000e+03    2.7113601100e-03    5.9833233173e-01
       241   -7.1179736800e+01    5.0800572097e+03   -1.0544182923e+02    3.4262092428e+01    4.9569267766e+01   -1.6771353410e+02    1.2702437103e+01    1.0240000000e+03    2.6999632828e-03    5.9858774038e-01
       242   -7.1312474545e+01    5.0865227960e+03   -1.0682657728e+02    3.5514102733e+01    4.9471346030e+01   -1.6808046736e+02    1.1782544056e+01    1.0240000000e+03    2.7150174137e-03    5.9729567308e-01
       243   -7.1328888002e+01    5.0889018842e+03   -1.0646675383e+02    3.5137865833e+01    4.9979736926e+01   -1.6892261964e+02    1.2476128875e+01    1.0240000000e+03    2.7237790637e-03    6.0007512019e-01
       244   -7.1311268510e+01    5.0862332987e+03   -1.0636287344e+02    3.5051604929e+01    4.9586863431e+01   -1.6738912650e+02    1.1439389632e+01    1.0240000000e+03    2.7030305937e-03    5.9689002404e-01
       245   -7.1331355290e+01    5.0890775512e+03   -1.0681053257e+02    3.5479177285e+01    4.9452872461e+01   -1.6744910775e+02    1.1185702719e+01    1.0240000000e+03    2.6874602772e-03    5.9758112981e-01
       246   -7.1351374224e+01    5.0919613499e+03   -1.0673785338e+02    3.5386479157e+01    4.9552518794e+01   -1.6738349796e+02    1.1093125785e+01    1.0240000000e+03    2.7064085007e-03    6.0136718750e-01
       247   -7.1348669575e+01    5.0918576918e+03   -1.0684894969e+02    3.5500280110e+01    4.9598789647e+01   -1.6768551061e+02    1.1237771279e+01    1.0240000000e+03    2.7240274940e-03    6.0033052885e-01
       248   -7.1264339900e+01    5.0796896463e+03   -1.0682938626e+02    3.5565046361e+01    4.9568616958e+01   -1.6712782291e+02    1.0729819691e+01    1.0240000000e+03    2.7113398537e-03    5.9552283654e-01
       249   -7.1265972483e+01    5.0799465513e+03   -1.0671582299e+02    3.5449850505e+01    4.9756669269e+01   -1.6851523064e+02    1.2042738379e+01    1.0240000000e+03    2.6986249723e-03    5.9535757212e-01
       250   -7.1298439466e+01    5.0848431970e+03   -1.0657037754e+02    3.5271938075e+01    4.9502168554e+01   -1.6809307331e+02    1.2020527214e+01    1.0240000000e+03    2.6974875946e-03    5.9819711538e-01
       251   -7.1337328691e+01    5.0900015789e+03   -1.0648436411e+02    3.5147035423e+01    4.9916389480e+01   -1.6774274869e+02    1.1341995091e+01    1.0240000000e+03    2.6998009998e-03    5.9679987981e-01
       252   -7.1333944519e+01    5.0894131947e+03   -1.0673260663e+02    3.5398662115e+01    4.9937453940e+01   -1.6790022767e+02    1.1230167098e+01    1.0240000000e+03    2.7081489097e-03    5.9986478365e-01
       253   -7.1327284635e+01    5.0884648717e+03   -1.0751721122e+02    3.6189926587e+01    4.9908610242e+01   -1.6863398390e+02    1.1208162439e+01    1.0240000000e+03    2.7153957635e-03    5.9675480769e-01
       254   -7.1361231384e+01    5.0933418083e+03   -1.0691248479e+02    3.5551253403e+01    4.9706527790e+01   -1.6796099589e+02    1.1341983316e+01    1.0240000000e+03    2.7118469588e-03    5.9687500000e-01
       255   -7.1347682600e+01    5.0915623591e+03   -1.0654969034e+02    3.5202007738e+01    4.9813612568e+01   -1.6799998993e+02    1.1636687020e+01    1.0240000000e+03    2.7029339690e-03    5.9689002404e-01
       256   -7.1288803083e+01    5.0828915863e+03   -1.0650855683e+02    3.5219753749e+01    4.9846840841e+01   -1.6746839898e+02    1.1113001307e+01    1.0240000000e+03    2.6877564378e-03    5.9628906250e-01
       257   -7.1327325849e+01    5.0884371241e+03   -1.0550805675e+02    3.4180730898e+01    4.9680940766e+01   -1.6709731759e+02    1.1908320078e+01    1.0240000000e+03    2.6931844186e-03    6.0073617788e-01
       258   -7.1335325181e+01    5.0896424519e+03   -1.0614008579e+02    3.4804760612e+01    4.9439001919e+01   -1.6781293766e+02    1.2233849948e+01    1.0240000000e+03    2.7221264318e-03    5.9933894231e-01
       259   -7.1346475952e+01    5.0913253872e+03   -1.0577254822e+02    3.4426072266e+01    4.9510312033e+01   -1.6711982215e+02    1.1836961901e+01    1.0240000000e+03    2.6846386027e-03    5.9540264423e-01
       260   -7.1368135559e+01    5.0944744202e+03   -1.0594054798e+02    3.4572412422e+01    4.9380286059e+01   -1.6719814326e+02    1.1877309224e+01    1.0240000000e+03    2.7063358575e-03    5.9812199519e-01
       261   -7.1331272838e+01    5.0891126857e+03   -1.0550354933e+02    3.4172276491e+01    4.9420253618e+01   -1.6676556131e+02    1.1841758359e+01    1.0240000000e+03    2.7014238294e-03    5.9658954327e-01
       262   -7.1380449441e+01    5.0960270166e+03   -1.0631194076e+02    3.4931491319e+01    4.9497387741e+01   -1.6775715638e+02    1.1947827881e+01    1.0240000000e+03    2.7056497056e-03    5.9511718750e-01
       263   -7.1362032298e+01    5.0936181508e+03   -1.0623010848e+02    3.4868076182e+01    4.9650478501e+01   -1.6842604695e+02    1.2545459966e+01    1.0240000000e+03    2.7091370430e-03    5.9716045673e-01
       264   -7.1288028318e+01    5.0830987395e+03   -1.0625213189e+02    3.4964103568e+01    4.9415240994e+01   -1.6694326296e+02    1.1275890076e+01    1.0240000000e+03    2.7061710134e-03    5.9854266827e-01
       265   -7.1323794814e+01    5.0880646765e+03   -1.0633262674e+02    3.5008831923e+01    4.9513895383e+01   -1.6706935142e+02    1.1222829297e+01    1.0240000000e+03    2.6911464520e-03    6.0172776442e-01
       266   -7.1322166473e+01    5.0878058357e+03   -1.0622187405e+02    3.4899707578e+01    4.9627647055e+01   -1.6773403496e+02    1.1884513857e+01    1.0240000000e+03    2.7047428302e-03    6.0064603365e-01
       267   -7.1336049877e+01    5.0897881300e+03   -1.0658816601e+02    3.5252116137e+01    4.9709094616e+01   -1.6760035047e+02    1.1303089839e+01    1.0240000000e+03    2.6929499581e-03    5.9649939904e-01
       268   -7.1272297647e+01    5.0805773808e+03   -1.0544589326e+02    3.4173595608e+01    4.9409871151e+01   -1.6659061229e+02    1.1734847881e+01    1.0240000000e+03    2.7010082267e-03    5.9867788462e-01
       269   -7.1329810275e+01    5.0889559323e+03   -1.0568697617e+02    3.4357165896e+01    4.9665860326e+01   -1.6759053227e+02    1.2237695771e+01    1.0240000000e+03    2.7078685816e-03    6.0021033654e-01
       270   -7.1281536873e+01    5.0822989001e+03   -1.0564590452e+02    3.4364367649e+01    4.9412302045e+01   -1.6724422731e+02    1.2186020747e+01    1.0240000000e+03    2.7098890860e-03    5.9966947115e-01
       271   -7.1311649423e+01    5.0863819737e+03   -1.0547515074e+02    3.4163501319e+01    4.9460798651e+01   -1.6666992893e+02    1.1733979533e+01    1.0240000000e+03    2.7031698264e-03    5.9725060096e-01
       272   -7.1337928665e+01    5.0898867972e+03   -1.0622207522e+02    3.4884146560e+01    4.9402370836e+01   -1.6660493002e+02    1.0980483956e+01    1.0240000000e+03    2.7031190693e-03    5.9583834135e-01
       273   -7.1337008333e+01    5.0900981769e+03   -1.0640059183e+02    3.5063583501e+01    4.9383508921e+01   -1.6744109306e+02    1.1656992305e+01    1.0240000000e+03    2.7041020803e-03    5.9466646635e-01
       274   -7.1360100422e+01    5.0930664475e+03   -1.0687576449e+02    3.5515664063e+01    4.9526155368e+01   -1.6740257049e+02    1.1000650639e+01    1.0240000000e+03    2.6959325187e-03    5.9687500000e-01
       275   -7.1322695280e+01    5.0879425046e+03   -1.0637312017e+02    3.5050424891e+01    4.9696449500e+01   -1.6798880858e+02    1.1919238912e+01    1.0240000000e+03    2.7157007717e-03    6.0013521635e-01
       276   -7.1322108841e+01    5.0883594962e+03   -1.0663477172e+02    3.5312662884e+01    4.9720221675e+01   -1.6875810431e+02    1.2403110906e+01    1.0240000000e+03    2.7047900949e-03    5.9777644231e-01
       277   -7.1346718261e+01    5.0912907156e+03   -1.0534923462e+02    3.4002516356e+01    4.9484805253e+01   -1.6651214206e+02    1.1678102185e+01    1.0240000000e+03    2.6935625356e-03    5.9980468750e-01
       278   -7.1331378632e+01    5.0892294119e+03   -1.0505909721e+02    3.3727718573e+01    4.9130183159e+01   -1.6583319603e+02    1.1643915665e+01    1.0240000000e+03    2.7010946069e-03    5.9804687500e-01
       279   -7.1332832204e+01    5.0895963669e+03   -1.0576874730e+02    3.4435915095e+01    4.9258092101e+01   -1.6760098590e+02    1.2574146503e+01    1.0240000000e+03    2.6975143701e-03    6.0088641827e-01
       280   -7.1238059329e+01    5.0758410491e+03   -1.0646742724e+02    3.5229367911e+01    4.9395645226e+01   -1.6716656246e+02    1.1303489990e+01    1.0240000000e+03    2.6979846880e-03    5.9902343750e-01
       281   -7.1249279544e+01    5.0773687459e+03   -1.0682419577e+02    3.5574916229e+01    4.9523058887e+01   -1.6745380322e+02    1.1106548557e+01    1.0240000000e+03    2.7142807376e-03    6.0037560096e-01
       282   -7.1333105729e+01    5.0893520476e+03   -1.0600466145e+02    3.4671555716e+01    4.9324433359e+01   -1.6724365258e+02    1.1914557777e+01    1.0240000000e+03    2.6954018977e-03    5.9699519231e-01
       283   -7.1357159862e+01    5.0926584099e+03   -1.0653270990e+02    3.5175550038e+01    4.9673796098e+01   -1.6798611354e+02    1.1779607539e+01    1.0240000000e+03    2.7005707379e-03    5.9927884615e-01
       284   -7.1401824646e+01    5.0994732832e+03   -1.0676116705e+02    3.5359342408e+01    4.9771915883e+01   -1.6751692112e+02    1.0983838187e+01    1.0240000000e+03    2.6882460807e-03    5.9731069712e-01
       285   -7.1323921813e+01    5.0880022783e+03   -1.0646170731e+02    3.5137785495e+01    4.9623101526e+01   -1.6789482913e+02    1.1810020299e+01    1.0240000000e+03    2.6986559387e-03    5.9987980769e-01
       286   -7.1389059582e+01    5.0974250521e+03   -1.0661514124e+02    3.5226081659e+01    4.9525665287e+01   -1.6786528798e+02    1.1724481453e+01    1.0240000000e+03    2.7023437433e-03    5.9642427885e-01
       287   -7.1328752007e+01    5.0889201138e+03   -1.0674774198e+02    3.5418989971e+01    4.9752099803e+01   -1.6811277474e+02    1.1612932954e+01    1.0240000000e+03    2.7030601632e-03    5.9873798077e-01
       288   -7.1348925989e+01    5.0915548395e+03   -1.0664455138e+02    3.5295625388e+01    4.9693758684e+01   -1.6858353428e+02    1.2245224215e+01    1.0240000000e+03    2.7095600963e-03    5.9631911058e-01
       289   -7.1297058201e+01    5.0843990492e+03   -1.0699114008e+02    3.5694081877e+01    4.9764300361e+01   -1.6830080146e+02    1.1545361023e+01    1.0240000000e+03    2.7134274133e-03    5.9830228365e-01
       290   -7.1327598013e+01    5.0885824876e+03   -1.0618482053e+02    3.4857222517e+01    4.9391185809e+01   -1.6720522473e+02    1.1629218388e+01    1.0240000000e+03    2.7032056823e-03    5.9909855769e-01
       291   -7.1317326571e+01    5.0869922458e+03   -1.0624437843e+02    3.4927051857e+01    4.9795613317e+01   -1.6805767674e+02    1.2017684999e+01    1.0240000000e+03    2.6983539574e-03    5.9911358173e-01
       292   -7.1346104307e+01    5.0911968558e+03   -1.0617763766e+02    3.4831533349e+01    4.9645116081e+01   -1.6726443089e+02    1.1441677150e+01    1.0240000000e+03    2.7092783712e-03    5.9930889423e-01
       293   -7.1304062695e+01    5.0852779382e+03   -1.0652878336e+02    3.5224720663e+01    4.9781635371e+01   -1.6778528297e+02    1.1474864241e+01    1.0240000000e+03    2.7132886462e-03    5.9816706731e-01
       294   -7.1325614065e+01    5.0882276581e+03   -1.0582364069e+02    3.4498026626e+01    4.9670331128e+01   -1.6748486105e+02    1.1990889233e+01    1.0240000000e+03    2.7077579871e-03    5.9818209135e-01
       295   -7.1302891443e+01    5.0851147844e+03   -1.0616486507e+02    3.4861973628e+01    4.9766512872e+01   -1.6784061051e+02    1.1909232570e+01    1.0240000000e+03    2.6915441267e-03    5.9678485577e-01
       296   -7.1288841478e+01    5.0831627763e+03   -1.0599325466e+02    3.4704413184e+01    4.9568883057e+01   -1.6723606791e+02    1.1673930195e+01    1.0240000000e+03    2.7111319359e-03    5.9732572115e-01
       297   -7.1332482657e+01    5.0892813390e+03   -1.0588524347e+02    3.4552760817e+01    4.9595005874e+01   -1.6701774379e+02    1.1537494441e+01    1.0240000000e+03    2.6971003972e-03    5.9654447115e-01
       298   -7.1358135303e+01    5.0931117758e+03   -1.0608638885e+02    3.4728253549e+01    4.9570217612e+01   -1.6715520866e+02    1.1498602191e+01    1.0240000000e+03    2.7024762239e-03    5.9935396635e-01
       299   -7.1335510028e+01    5.0898719816e+03   -1.0618218104e+02    3.4846671009e+01    4.9747686654e+01   -1.6751571916e+02    1.1585851472e+01    1.0240000000e+03    2.7025595773e-03    5.9666466346e-01
       300   -7.1384771963e+01    5.0968051441e+03   -1.0616935743e+02    3.4784585466e+01    4.9783814668e+01   -1.6755953291e+02    1.1606360815e+01    1.0240000000e+03    2.7108753566e-03    5.9827223558e-01
       301   -7.1345045292e+01    5.0911405647e+03   -1.0664598057e+02    3.5300935274e+01    4.9735409074e+01   -1.6737982819e+02    1.0998438547e+01    1.0240000000e+03    2.6953916531e-03    5.9607872596e-01
       302   -7.1341441630e+01    5.0905855715e+03   -1.0672959282e+02    3.5388151187e+01    4.9898246102e+01   -1.6858133786e+02    1.1953498943e+01    1.0240000000e+03    2.7104071341e-03    5.9559795673e-01
       303   -7.1310792024e+01    5.0863876495e+03   -1.0649283887e+02    3.5182046843e+01    4.9630862088e+01   -1.6770058296e+02    1.1576882001e+01    1.0240000000e+03    2.6918605436e-03    5.9962439904e-01
       304   -7.1345440841e+01    5.0912815114e+03   -1.0647480875e+02    3.5129367910e+01    4.9716170283e+01   -1.6793319105e+02    1.1742212012e+01    1.0240000000e+03    2.7108078357e-03    5.9855769231e-01
       305   -7.1372965291e+01    5.0950881421e+03   -1.0691739664e+02    3.5544431346e+01    4.9609677213e+01   -1.6780830904e+02    1.1281235185e+01    1.0240000000e+03    2.7060592547e-03    5.9860276442e-01
       306   -7.1294880199e+01    5.0839540750e+03   -1.0694888792e+02    3.5654007716e+01    4.9914020022e+01   -1.6901686492e+02    1.2153956983e+01    1.0240000000e+03    2.6990186889e-03    5.9843750000e-01
       307   -7.1327963133e+01    5.0886163376e+03   -1.0625948825e+02    3.4931525118e+01    4.9895802230e+01   -1.6812141287e+02    1.1966122384e+01    1.0240000000e+03    2.7016028762e-03    6.0022536058e-01
       308   -7.1324350134e+01    5.0882169051e+03   -1.0654413423e+02    3.5219784094e+01    4.9690607854e+01   -1.6786726108e+02    1.1632518995e+01    1.0240000000e+03    2.6881843805e-03    5.9490685096e-01
       309   -7.1305962995e+01    5.0856505345e+03   -1.0600096090e+02    3.4694997908e+01    4.9548209095e+01   -1.6746472863e+02    1.1915558630e+01    1.0240000000e+03    2.7055232786e-03    5.9921875000e-01
       310   -7.1323520640e+01    5.0880517501e+03   -1.0595759720e+02    3.4634076557e+01    4.9707720845e+01   -1.6744907066e+02    1.1783752617e+01    1.0240000000e+03    2.6976843365e-03    6.0081129808e-01
       311   -7.1324711952e+01    5.0881443068e+03   -1.0654259945e+02    3.5217887503e+01    4.9734967436e+01   -1.6769521127e+02    1.1417644379e+01    1.0240000000e+03    2.6912705507e-03    5.9819711538e-01
       312   -7.1316965728e+01    5.0875980378e+03   -1.0665323425e+02    3.5336268517e+01    4.9766774185e+01   -1.6796782384e+02    1.1547815409e+01    1.0240000000e+03    2.7149831876e-03    5.9549278846e-01
       313   -7.1309294868e+01    5.0860801326e+03   -1.0674760190e+02    3.5438307031e+01    4.9869809537e+01   -1.6837056150e+02    1.1753150060e+01    1.0240000000e+03    2.7049544733e-03    5.9981971154e-01
       314   -7.1380410816e+01    5.0962721889e+03   -1.0701901464e+02    3.5638603828e+01    4.9680709225e+01   -1.6831664822e+02    1.1616924349e+01    1.0240000000e+03    2.7036543470e-03    6.0033052885e-01
       315   -7.1274518570e+01    5.0810152453e+03   -1.0629060541e+02    3.5016086837e+01    4.9687819918e+01   -1.6833097848e+02    1.2352553155e+01    1.0240000000e+03    2.6900046505e-03    5.9529747596e-01
       316   -7.1320031262e+01    5.0873938269e+03   -1.0613121824e+02    3.4811186974e+01    4.9478608222e+01   -1.6728734976e+02    1.1677523305e+01    1.0240000000e+03    2.7020920534e-03    5.9725060096e-01
       317   -7.1357730405e+01    5.0928315873e+03   -1.0624681204e+02    3.4889081639e+01    4.9646794560e+01   -1.6710821790e+02    1.1214611296e+01    1.0240000000e+03    2.6918256190e-03    5.9842247596e-01
       318   -7.1386426940e+01    5.0972330440e+03   -1.0747037155e+02    3.6083944609e+01    4.9858372922e+01   -1.6846751963e+02    1.1138775158e+01    1.0240000000e+03    2.6969956234e-03    5.9732572115e-01
       319   -7.1343873333e+01    5.0910735474e+03   -1.0740778461e+02    3.6063911277e+01    4.9986201882e+01   -1.6891206870e+02    1.1518082207e+01    1.0240000000e+03    2.7043726295e-03    5.9983473558e-01
       320   -7.1368108766e+01    5.0943871684e+03   -1.0693681381e+02    3.5568705048e+01    4.9721039509e+01   -1.6791880362e+02    1.1260950295e+01    1.0240000000e+03    2.7176258154e-03    5.9795673077e-01
       321   -7.1301878548e+01    5.0849435645e+03   -1.0654944609e+02    3.5247567546e+01    4.9851483878e+01   -1.6806635230e+02    1.1665422322e+01    1.0240000000e+03    2.7084616013e-03    5.9783653846e-01
       322   -7.1375860484e+01    5.0955460141e+03   -1.0588720599e+02    3.4511345503e+01    4.9777890386e+01   -1.6808578669e+02    1.2420690321e+01    1.0240000000e+03    2.6949173771e-03    5.9824218750e-01
       323   -7.1317806252e+01    5.0872104682e+03   -1.0703655757e+02    3.5718751319e+01    4.9647743730e+01   -1.6747490447e+02    1.0790603166e+01    1.0240000000e+03    2.7128644288e-03    6.0076622596e-01
       324   -7.1352560017e+01    5.0923425418e+03   -1.0664490311e+02    3.5292343093e+01    4.9773105047e+01   -1.6815784891e+02    1.1739840758e+01    1.0240000000e+03    2.6980794501e-03    5.9960937500e-01
       325   -7.1284457557e+01    5.0825405080e+03   -1.0650991655e+02    3.5225458988e+01    4.9740792819e+01   -1.6777899968e+02    1.1528290316e+01    1.0240000000e+03    2.7135941200e-03    5.9986478365e-01
       326   -7.1331383074e+01    5.0892127051e+03   -1.0721003403e+02    3.5878650952e+01    4.9659373369e+01   -1.6903458723e+02    1.2165179833e+01    1.0240000000e+03    2.7164993808e-03    5.9743088942e-01
       327   -7.1309675196e+01    5.0862023946e+03   -1.0653936371e+02    3.5229688511e+01    4.9687372529e+01   -1.6847871028e+02    1.2251974046e+01    1.0240000000e+03    2.7052012738e-03    5.9447115385e-01
       328   -7.1331624444e+01    5.0893291254e+03   -1.0679567584e+02    3.5464051395e+01    4.9688324652e+01   -1.6814966766e+02    1.1665667168e+01    1.0240000000e+03    2.7062285226e-03    5.9765625000e-01
       329   -7.1313210799e+01    5.0863974695e+03   -1.0569074301e+02    3.4377532215e+01    4.9650462142e+01   -1.6695762339e+02    1.1616418235e+01    1.0240000000e+03    2.6952938642e-03    5.9564302885e-01
       330   -7.1371955542e+01    5.0950503866e+03   -1.0652232455e+02    3.5150369010e+01    4.9521700680e+01   -1.6804598973e+02    1.2001964494e+01    1.0240000000e+03    2.7080548462e-03    6.0067608173e-01
       331   -7.1309478504e+01    5.0858623949e+03   -1.0638973458e+02    3.5080256079e+01    4.9537986145e+01   -1.6700142913e+02    1.1073708405e+01    1.0240000000e+03    2.7043723967e-03    5.9755108173e-01
       332   -7.1284524449e+01    5.0825300471e+03   -1.0599774864e+02    3.4713224190e+01    4.9451876539e+01   -1.6699298132e+02    1.1543356144e+01    1.0240000000e+03    2.7100013103e-03    5.9744591346e-01
       333   -7.1322000970e+01    5.0881686572e+03   -1.0665432591e+02    3.5332324936e+01    4.9552455567e+01   -1.6757395311e+02    1.1367171640e+01    1.0240000000e+03    2.7333884500e-03    5.9936899038e-01
       334   -7.1304151881e+01    5.0851040247e+03   -1.0660040692e+02    3.5296255038e+01    4.9708142645e+01   -1.6796354945e+02    1.1654999892e+01    1.0240000000e+03    2.7241634671e-03    5.9929387019e-01
       335   -7.1358777273e+01    5.0934475722e+03   -1.0658456317e+02    3.5225785896e+01    4.9692499781e+01   -1.6812986556e+02    1.1852802609e+01    1.0240000000e+03    2.6999746915e-03    5.9597355769e-01
       336   -7.1390722372e+01    5.0979416684e+03   -1.0658827138e+02    3.5197549008e+01    4.9852720107e+01   -1.6815777918e+02    1.1716787696e+01    1.0240000000e+03    2.7002962306e-03    5.9523737981e-01
       337   -7.1298822964e+01    5.0845644805e+03   -1.0609791401e+02    3.4799091044e+01    4.9608680787e+01   -1.6740067054e+02    1.1694075748e+01    1.0240000000e+03    2.7174889110e-03    5.9998497596e-01
       338   -7.1295671151e+01    5.0841470115e+03   -1.0567241599e+02    3.4376744835e+01    4.9448003854e+01   -1.6728669785e+02    1.2166278010e+01    1.0240000000e+03    2.7074895333e-03    6.0040564904e-01
       339   -7.1313497980e+01    5.0865322388e+03   -1.0609692351e+02    3.4783425531e+01    4.9236705554e+01   -1.6640857746e+02    1.1074948393e+01    1.0240000000e+03    2.7148597874e-03    5.9806189904e-01
       340   -7.1355985682e+01    5.0926292184e+03   -1.0652392418e+02    3.5167938500e+01    4.9496364116e+01   -1.6793943990e+02    1.1919151604e+01    1.0240000000e+03    2.7063644957e-03    6.0078125000e-01
       341   -7.1313781869e+01    5.0866878493e+03   -1.0611249895e+02    3.4798717080e+01    4.9405323934e+01   -1.6822680241e+02    1.2708979530e+01    1.0240000000e+03    2.7082122397e-03    6.0214843750e-01
       342   -7.1297663706e+01    5.0847571204e+03   -1.0621808028e+02    3.4920416571e+01    4.9860531857e+01   -1.6841717596e+02    1.2338563827e+01    1.0240000000e+03    2.7045093011e-03    5.9971454327e-01
       343   -7.1380842357e+01    5.0961961409e+03   -1.0604727122e+02    3.4666428868e+01    4.9774137659e+01   -1.6711018094e+02    1.1288772060e+01    1.0240000000e+03    2.7038552798e-03    5.9827223558e-01
       344   -7.1293788952e+01    5.0838674485e+03   -1.0650486063e+02    3.5211071677e+01    4.9961239944e+01   -1.6794739962e+02    1.1481299045e+01    1.0240000000e+03    2.6867310517e-03    5.9759615385e-01
       345   -7.1412989867e+01    5.1008084659e+03   -1.0590603327e+02    3.4493043405e+01    4.9709492565e+01   -1.6760687510e+02    1.1991349267e+01    1.0240000000e+03    2.7008776087e-03    6.0015024038e-01
       346   -7.1302063100e+01    5.0849986569e+03   -1.0609090921e+02    3.4788846110e+01    4.9586024223e+01   -1.6708802351e+02    1.1411090081e+01    1.0240000000e+03    2.7052382939e-03    5.9755108173e-01
       347   -7.1273518386e+01    5.0807962073e+03   -1.0603312290e+02    3.4759604511e+01    4.9611036889e+01   -1.6741040665e+02    1.1766246859e+01    1.0240000000e+03    2.7271334548e-03    6.0093149038e-01
       348   -7.1347853979e+01    5.0915445119e+03   -1.0640830359e+02    3.5060449610e+01    4.9554538572e+01   -1.6750305999e+02    1.1540217831e+01    1.0240000000e+03    2.6905671693e-03    5.9609375000e-01
       349   -7.1334161268e+01    5.0895092521e+03   -1.0665877969e+02    3.5324618423e+01    4.9410368292e+01   -1.6751774006e+02    1.1448592073e+01    1.0240000000e+03    2.6997586247e-03    6.0003004808e-01
       350   -7.1304603646e+01    5.0853238328e+03   -1.0601061980e+02    3.4706016158e+01    4.9644071018e+01   -1.6801808445e+02    1.2363393631e+01    1.0240000000e+03    2.6896167547e-03    5.9740084135e-01
       351   -7.1269831317e+01    5.0803526200e+03   -1.0652316724e+02    3.5253335926e+01    4.9604880799e+01   -1.6798911517e+02    1.1861067126e+01    1.0240000000e+03    2.7114141267e-03    5.9555288462e-01
       352   -7.1347392589e+01    5.0913614116e+03   -1.0655372629e+02    3.5206333705e+01    4.9587060602e+01   -1.6763157123e+02    1.1490784334e+01    1.0240000000e+03    2.8893412091e-03    5.9836237981e-01
       353   -7.1351517595e+01    5.0919463329e+03   -1.0622916272e+02    3.4877645123e+01    4.9602139496e+01   -1.6776493915e+02    1.1933636936e+01    1.0240000000e+03    2.7569935191e-03    6.0037560096e-01
       354   -7.1319236391e+01    5.0873961921e+03   -1.0660520190e+02    3.5285965513e+01    4.9610545246e+01   -1.6785098783e+02    1.1635240675e+01    1.0240000000e+03    2.7452232316e-03    5.9785156250e-01
       355   -7.1339562924e+01    5.0901984311e+03   -1.0636759716e+02    3.5028034238e+01    4.9611588764e+01   -1.6825901563e+02    1.2279829705e+01    1.0240000000e+03    2.7344513219e-03    6.0021033654e-01
       356   -7.1349057558e+01    5.0917654171e+03   -1.0615747717e+02    3.4808419612e+01    4.9461980515e+01   -1.6738137032e+02    1.1761912636e+01    1.0240000000e+03    2.6912447065e-03    5.9499699519e-01
       357   -7.1337614663e+01    5.0898433721e+03   -1.0546224624e+02    3.4124631577e+01    4.9546177063e+01   -1.6646315971e+02    1.1454736409e+01    1.0240000000e+03    2.7101684827e-03    5.9699519231e-01
       358   -7.1304146872e+01    5.0854961916e+03   -1.0645127735e+02    3.5147130477e+01    4.9504696959e+01   -1.6775763348e+02    1.1801659168e+01    1.0240000000e+03    2.7136963326e-03    6.0019531250e-01
       359   -7.1337804909e+01    5.0900035497e+03   -1.0598006915e+02    3.4642264242e+01    4.9352307467e+01   -1.6730944987e+02    1.1977073248e+01    1.0240000000e+03    2.6923138648e-03    5.9583834135e-01
       360   -7.1279324877e+01    5.0822741143e+03   -1.0690700297e+02    3.5627678089e+01    4.9808725700e+01   -1.6870087629e+02    1.1985147620e+01    1.0240000000e+03    2.6841945946e-03    5.9426081731e-01
       361   -7.1337188271e+01    5.0900332674e+03   -1.0692185468e+02    3.5584666411e+01    4.9986266360e+01   -1.6919928199e+02    1.2291160953e+01    1.0240000000e+03    2.6982005220e-03    5.9520733173e-01
       362   -7.1311375445e+01    5.0863148118e+03   -1.0740492115e+02    3.6093545706e+01    4.9737881851e+01   -1.6902864343e+02    1.1885840426e+01    1.0240000000e+03    2.7014943771e-03    5.9531250000e-01
       363   -7.1330701081e+01    5.0890436919e+03   -1.0635096364e+02    3.5020262557e+01    4.9633838566e+01   -1.6708230151e+02    1.1097499304e+01    1.0240000000e+03    2.7007472236e-03    5.9630408654e-01
       364   -7.1304799553e+01    5.0856614785e+03   -1.0636145119e+02    3.5056651642e+01    4.9559509693e+01   -1.6746550634e+02    1.1544545450e+01    1.0240000000e+03    2.7069479693e-03    5.9854266827e-01
       365   -7.1360807005e+01    5.0932388283e+03   -1.0602402733e+02    3.4663220325e+01    4.9637780103e+01   -1.6784018716e+02    1.2178379729e+01    1.0240000000e+03    2.6907108258e-03    5.9974459135e-01
       366   -7.1331174054e+01    5.0889983727e+03   -1.0610641677e+02    3.4775242712e+01    4.9603872322e+01   -1.6758419212e+02    1.1873903034e+01    1.0240000000e+03    2.7018256951e-03    5.9550781250e-01
       367   -7.1329513086e+01    5.0891393885e+03   -1.0605883925e+02    3.4729326162e+01    4.9711606228e+01   -1.6745708620e+02    1.1686640728e+01    1.0240000000e+03    2.7001930866e-03    5.9507211538e-01
       368   -7.1286000284e+01    5.0826802926e+03   -1.0664650345e+02    3.5360503166e+01    4.9878053644e+01   -1.6835716049e+02    1.1832603392e+01    1.0240000000e+03    2.7208188549e-03    5.9684495192e-01
       369   -7.1287000453e+01    5.0829469959e+03   -1.0668694807e+02    3.5399947619e+01    4.9770569712e+01   -1.6858001431e+02    1.2122496527e+01    1.0240000000e+03    2.7040205896e-03    5.9966947115e-01
       370   -7.1374640220e+01    5.0951851222e+03   -1.0609942104e+02    3.4724780816e+01    4.9632401476e+01   -1.6719324494e+02    1.1461422427e+01    1.0240000000e+03    2.7102867607e-03    5.9738581731e-01
       371   -7.1328609236e+01    5.0887222271e+03   -1.0597264737e+02    3.4644038130e+01    4.9855505008e+01   -1.6778174613e+02    1.1953593756e+01    1.0240000000e+03    2.7075300459e-03    5.9966947115e-01
       372   -7.1317793477e+01    5.0873975951e+03   -1.0640219497e+02    3.5084401495e+01    4.9778308459e+01   -1.6885048476e+02    1.2669981329e+01    1.0240000000e+03    2.7077000123e-03    5.9630408654e-01
       373   -7.1289638181e+01    5.0830778248e+03   -1.0627990460e+02    3.4990266421e+01    4.9441921818e+01   -1.6727531424e+02    1.1553487819e+01    1.0240000000e+03    2.6948968880e-03    5.9586838942e-01
       374   -7.1325748652e+01    5.0884757296e+03   -1.0698815268e+02    3.5662404024e+01    4.9621692828e+01   -1.6796485726e+02    1.1355011753e+01    1.0240000000e+03    2.7034466621e-03    5.9906850962e-01
       375   -7.1355756856e+01    5.0925139595e+03   -1.0617978224e+02    3.4824025382e+01    4.9661280682e+01   -1.6822731824e+02    1.2386255324e+01    1.0240000000e+03    2.7207764797e-03    5.9813701923e-01
       376   -7.1334157169e+01    5.0895514784e+03   -1.0630832173e+02    3.4974164557e+01    4.9793829016e+01   -1.6735772317e+02    1.1255572430e+01    1.0240000000e+03    2.7021726128e-03    5.9722055288e-01
       377   -7.1351927081e+01    5.0921973037e+03   -1.0565710684e+02    3.4305179761e+01    4.9482201766e+01   -1.6657740826e+02    1.1438099650e+01    1.0240000000e+03    2.7259953786e-03    5.9863281250e-01
       378   -7.1278411832e+01    5.0819000033e+03   -1.0580340730e+02    3.4524995471e+01    4.9666298328e+01   -1.6698902191e+02    1.1519316278e+01    1.0240000000e+03    2.7160027530e-03    5.9882812500e-01
       379   -7.1269136236e+01    5.0802854028e+03   -1.0663511879e+02    3.5365982556e+01    4.9589374407e+01   -1.6676685469e+02    1.0542361489e+01    1.0240000000e+03    2.6977560483e-03    5.9456129808e-01
       380   -7.1347879989e+01    5.0915594974e+03   -1.0742347102e+02    3.6075591036e+01    4.9601119194e+01   -1.6795160725e+02    1.0927017034e+01    1.0240000000e+03    2.7111158706e-03    5.9767127404e-01
       381   -7.1397103679e+01    5.0983951867e+03   -1.0670557666e+02    3.5308472978e+01    4.9757030685e+01   -1.6740876545e+02    1.0946158103e+01    1.0240000000e+03    2.7056601830e-03    5.9728064904e-01
       382   -7.1270320733e+01    5.0806916215e+03   -1.0643430678e+02    3.5163986043e+01    4.9794878207e+01   -1.6860878247e+02    1.2379597491e+01    1.0240000000e+03    2.7014028747e-03    5.9972956731e-01
       383   -7.1315288064e+01    5.0869157600e+03   -1.0697816993e+02    3.5662881871e+01    4.9706561184e+01   -1.6827006447e+02    1.1585333349e+01    1.0240000000e+03    2.7046441101e-03    5.9905348558e-01
       384   -7.1298583035e+01    5.0845369397e+03   -1.0608390524e+02    3.4785322202e+01    4.9833729951e+01   -1.6786941250e+02    1.1951777308e+01    1.0240000000e+03    2.7118609287e-03    5.9750600962e-01
       385   -7.1393740287e+01    5.0979842446e+03   -1.0617791758e+02    3.4784177292e+01    4.9608799615e+01   -1.6698224450e+02    1.1195527304e+01    1.0240000000e+03    2.7170474641e-03    5.9594350962e-01
       386   -7.1384932799e+01    5.0965051582e+03   -1.0665941242e+02    3.5274479619e+01    4.9498852176e+01   -1.6697864833e+02    1.0820383734e+01    1.0240000000e+03    2.7049803175e-03    5.9762620192e-01
       387   -7.1341805938e+01    5.0907316552e+03   -1.0649242801e+02    3.5150622070e+01    4.9501434300e+01   -1.6780394640e+02    1.1810084089e+01    1.0240000000e+03    2.7013535146e-03    5.9902343750e-01
       388   -7.1340781576e+01    5.0904442420e+03   -1.0652636115e+02    3.5185579573e+01    4.9353663818e+01   -1.6691259548e+02    1.1032570514e+01    1.0240000000e+03    2.7024701703e-03    5.9923377404e-01
       389   -7.1373211511e+01    5.0951143641e+03   -1.0580810697e+02    3.4434895461e+01    4.9416246613e+01   -1.6694292992e+02    1.1718576333e+01    1.0240000000e+03    2.7062657755e-03    5.9842247596e-01
       390   -7.1338630556e+01    5.0901714659e+03   -1.0559062571e+02    3.4251995159e+01    4.9451711090e+01   -1.6706772475e+02    1.2025387949e+01    1.0240000000e+03    2.6983234566e-03    6.0058593750e-01
       391   -7.1293671746e+01    5.0837738095e+03   -1.0581449139e+02    3.4520819645e+01    4.9465466740e+01   -1.6705942715e+02    1.1779469015e+01    1.0240000000e+03    2.6865375694e-03    5.9592848558e-01
       392   -7.1343533665e+01    5.0909024178e+03   -1.0598779810e+02    3.4644264436e+01    4.9390614068e+01   -1.6659327828e+02    1.1214866108e+01    1.0240000000e+03    2.7027965989e-03    5.9854266827e-01
       393   -7.1358321175e+01    5.0930054497e+03   -1.0572244522e+02    3.4364124046e+01    4.9496246570e+01   -1.6752614041e+02    1.2307448620e+01    1.0240000000e+03    2.7062944137e-03    6.0016526442e-01
       394   -7.1325602628e+01    5.0884194050e+03   -1.0631504726e+02    3.4989444633e+01    4.9368632047e+01   -1.6732987986e+02    1.1646200549e+01    1.0240000000e+03    2.6990121696e-03    5.9978966346e-01
       395   -7.1296573253e+01    5.0842028854e+03   -1.0596140345e+02    3.4664830197e+01    4.9619998093e+01   -1.6768311071e+02    1.2101709166e+01    1.0240000000e+03    2.6913878974e-03    5.9792668269e-01
       396   -7.1323094335e+01    5.0880203432e+03   -1.0634482324e+02    3.5021728901e+01    4.9503389140e+01   -1.6749613260e+02    1.1647920226e+01    1.0240000000e+03    2.7127363719e-03    5.9743088942e-01
       397   -7.1342041462e+01    5.0904656005e+03   -1.0588328527e+02    3.4541243810e+01    4.9540444461e+01   -1.6647129460e+02    1.1047564863e+01    1.0240000000e+03    2.7143729385e-03    5.9975961538e-01
       398   -7.1318199464e+01    5.0873321302e+03   -1.0601534979e+02    3.4697150323e+01    4.9771259353e+01   -1.6766800802e+02    1.1881398886e+01    1.0240000000e+03    2.7028780896e-03    5.9771634615e-01
       399   -7.1298313988e+01    5.0843263206e+03   -1.0589015785e+02    3.4591843867e+01    4.9572565297e+01   -1.6751779091e+02    1.2055067761e+01    1.0240000000e+03    2.7043663431e-03    5.9685997596e-01
