#   index    LocalEnergy         LocalEnergy_sq      LocalPotential      Kinetic             ElecElec            LocalECP            NonLocalECP         BlockWeight         BlockCPU            AcceptRatio         
         0   -7.1347413615e+01    5.0914225917e+03   -1.0645993101e+02    3.5112517397e+01    4.9815099450e+01   -1.6843938052e+02    1.2164350055e+01    2.0480000000e+03    5.3958722856e-03    5.9569561298e-01
         1   -7.1307009722e+01    5.0858062111e+03   -1.0674711487e+02    3.5440105146e+01    4.9841773146e+01   -1.6860474087e+02    1.2015852860e+01    2.0480000000e+03    5.2614428569e-03    5.9579326923e-01
         2   -7.1331314905e+01    5.0893428966e+03   -1.0732689835e+02    3.5995583446e+01    4.9855089686e+01   -1.6880272701e+02    1.1620738973e+01    2.0480000000e+03    5.2003068849e-03    5.9716045673e-01
         3   -7.1291447539e+01    5.0834724760e+03   -1.0638430783e+02    3.5092860295e+01    4.9646063566e+01   -1.6735145445e+02    1.1321083053e+01    2.0480000000e+03    5.1973978989e-03    5.9932391827e-01
         4   -7.1343030143e+01    5.0912177210e+03   -1.0593124992e+02    3.4588219778e+01    4.9496775149e+01   -1.6715847333e+02    1.1730448264e+01    2.0480000000e+03    5.1711637061e-03    5.9781400240e-01
         5   -7.1352291615e+01    5.0922721772e+03   -1.0592339493e+02    3.4571103311e+01    4.9608269614e+01   -1.6801387187e+02    1.2482207332e+01    2.0480000000e+03    5.1511384081e-03    5.9679987981e-01
         6   -7.1338587229e+01    5.0901197155e+03   -1.0649891682e+02    3.5160329589e+01    4.9667293250e+01   -1.6794594256e+02    1.1779732494e+01    2.0480000000e+03    5.1528324839e-03    5.9788161058e-01
         7   -7.1337433757e+01    5.0900992165e+03   -1.0620761055e+02    3.4870176795e+01    4.9646728475e+01   -1.6809219923e+02    1.2237860207e+01    2.0480000000e+03    5.1419623196e-03    5.9550781250e-01
         8   -7.1287814043e+01    5.0829731537e+03   -1.0612351105e+02    3.4835697008e+01    4.9622413102e+01   -1.6764398449e+02    1.1898060333e+01    2.0480000000e+03    5.1497241948e-03    5.9925631010e-01
         9   -7.1336830317e+01    5.0899576468e+03   -1.0650641178e+02    3.5169581466e+01    4.9496083335e+01   -1.6726560035e+02    1.1263105231e+01    2.0480000000e+03    5.1423110999e-03    5.9801682692e-01
        10   -7.1322622446e+01    5.0878722664e+03   -1.0569927606e+02    3.4376653612e+01    4.9186193516e+01   -1.6679006953e+02    1.1904599956e+01    2.0480000000e+03    5.1268199459e-03    5.9722055288e-01
        11   -7.1343425041e+01    5.0908861133e+03   -1.0578173893e+02    3.4438313892e+01    4.9326591783e+01   -1.6651518122e+02    1.1406850503e+01    2.0480000000e+03    5.1455197390e-03    5.9891826923e-01
        12   -7.1359823374e+01    5.0932120032e+03   -1.0591729038e+02    3.4557467008e+01    4.9554310196e+01   -1.6811399160e+02    1.2642391026e+01    2.0480000000e+03    5.1371683367e-03    5.9829477163e-01
        13   -7.1313138047e+01    5.0866107486e+03   -1.0674680754e+02    3.5433669496e+01    4.9565806509e+01   -1.6793604535e+02    1.1623431301e+01    2.0480000000e+03    5.1297773607e-03    5.9873046875e-01
        14   -7.1307445037e+01    5.0857129508e+03   -1.0647308277e+02    3.5165637729e+01    4.9721462002e+01   -1.6753450776e+02    1.1339962996e+01    2.0480000000e+03    5.1238541491e-03    5.9846003606e-01
        15   -7.1296514872e+01    5.0841510551e+03   -1.0638375378e+02    3.5087238905e+01    4.9636099135e+01   -1.6735719137e+02    1.1337338454e+01    2.0480000000e+03    5.1256995648e-03    5.9904597356e-01
        16   -7.1329293587e+01    5.0888420077e+03   -1.0637497176e+02    3.5045678172e+01    4.9472654714e+01   -1.6762500623e+02    1.1777379756e+01    2.0480000000e+03    5.1250322722e-03    5.9803185096e-01
        17   -7.1333271187e+01    5.0894173683e+03   -1.0603774454e+02    3.4704473349e+01    4.9509299238e+01   -1.6697782896e+02    1.1430785190e+01    2.0480000000e+03    5.1271857228e-03    5.9973707933e-01
        18   -7.1292848808e+01    5.0837071524e+03   -1.0620098873e+02    3.4908139926e+01    4.9672695534e+01   -1.6736662776e+02    1.1492943489e+01    2.0480000000e+03    5.1214557607e-03    5.9710787260e-01
        19   -7.1313982310e+01    5.0867239156e+03   -1.0622499078e+02    3.4911008469e+01    4.9699536075e+01   -1.6806845236e+02    1.2143925508e+01    2.0480000000e+03    5.1246432122e-03    5.9873798077e-01
        20   -7.1322789681e+01    5.0880389125e+03   -1.0630813070e+02    3.4985341023e+01    4.9470858839e+01   -1.6722518249e+02    1.1446192948e+01    2.0480000000e+03    5.1377778873e-03    5.9986478365e-01
        21   -7.1365198213e+01    5.0938741870e+03   -1.0649012408e+02    3.5124925870e+01    4.9676192023e+01   -1.6745188141e+02    1.1285565306e+01    2.0480000000e+03    5.1404917613e-03    5.9961688702e-01
        22   -7.1329341992e+01    5.0889116526e+03   -1.0702413478e+02    3.5694792786e+01    4.9918141262e+01   -1.6838710748e+02    1.1444831443e+01    2.0480000000e+03    5.1229833625e-03    5.9616887019e-01
        23   -7.1313872691e+01    5.0867529224e+03   -1.0661475416e+02    3.5300881466e+01    4.9706847248e+01   -1.6778895966e+02    1.1467358253e+01    2.0480000000e+03    5.1287224051e-03    5.9876051683e-01
        24   -7.1326622601e+01    5.0884500210e+03   -1.0637280455e+02    3.5046181946e+01    4.9862960976e+01   -1.6828544585e+02    1.2049680325e+01    2.0480000000e+03    5.1250250544e-03    5.9844501202e-01
        25   -7.1315974169e+01    5.0869088835e+03   -1.0625534774e+02    3.4939373576e+01    4.9552681198e+01   -1.6719629899e+02    1.1388270043e+01    2.0480000000e+03    5.1154806279e-03    5.9853515625e-01
        26   -7.1354420436e+01    5.0925536267e+03   -1.0583955177e+02    3.4485131334e+01    4.9477353689e+01   -1.6749357156e+02    1.2176666102e+01    2.0480000000e+03    5.1165062468e-03    5.9852764423e-01
        27   -7.1300022170e+01    5.0848379979e+03   -1.0555330488e+02    3.4253282708e+01    4.9367507823e+01   -1.6672107412e+02    1.1800261418e+01    2.0480000000e+03    5.1263824571e-03    6.0152493990e-01
        28   -7.1329657783e+01    5.0888529116e+03   -1.0619204537e+02    3.4862387588e+01    4.9529156939e+01   -1.6727758194e+02    1.1556379627e+01    2.0480000000e+03    5.1159141585e-03    5.9816706731e-01
        29   -7.1303297052e+01    5.0851423090e+03   -1.0668399018e+02    3.5380693129e+01    4.9748070356e+01   -1.6866953227e+02    1.2237471737e+01    2.0480000000e+03    5.1203169860e-03    5.9761117788e-01
        30   -7.1336066526e+01    5.0899184460e+03   -1.0642902038e+02    3.5092953856e+01    4.9890898579e+01   -1.6804440160e+02    1.1724482638e+01    2.0480000000e+03    5.1131425425e-03    5.9654447115e-01
        31   -7.1324982462e+01    5.0885430304e+03   -1.0710567312e+02    3.5780690658e+01    5.0044744351e+01   -1.6869421672e+02    1.1543799249e+01    2.0480000000e+03    5.1133160014e-03    5.9516977163e-01
        32   -7.1305337794e+01    5.0854859682e+03   -1.0702797712e+02    3.5722639328e+01    4.9946446830e+01   -1.6861378801e+02    1.1639364057e+01    2.0480000000e+03    5.1118810661e-03    5.9689002404e-01
        33   -7.1331836014e+01    5.0893381467e+03   -1.0639538007e+02    3.5063544051e+01    4.9704348145e+01   -1.6783774352e+02    1.1738015313e+01    2.0480000000e+03    5.1094060764e-03    5.9700270433e-01
        34   -7.1316474221e+01    5.0869755918e+03   -1.0642041475e+02    3.5103940533e+01    4.9633086545e+01   -1.6792040665e+02    1.1866905354e+01    2.0480000000e+03    5.1257507876e-03    6.0006760817e-01
        35   -7.1332713557e+01    5.0895715432e+03   -1.0652945854e+02    3.5196744985e+01    4.9928805773e+01   -1.6854991777e+02    1.2091653451e+01    2.0480000000e+03    5.1213279366e-03    5.9737830529e-01
        36   -7.1297377259e+01    5.0843655470e+03   -1.0667046804e+02    3.5373090777e+01    4.9937857014e+01   -1.6906332550e+02    1.2455000445e+01    2.0480000000e+03    5.1254476421e-03    5.9896334135e-01
        37   -7.1320065651e+01    5.0874605678e+03   -1.0577175589e+02    3.4451690236e+01    4.9690846445e+01   -1.6748685703e+02    1.2024254699e+01    2.0480000000e+03    5.1034658682e-03    5.9703275240e-01
        38   -7.1333220007e+01    5.0894062940e+03   -1.0674933042e+02    3.5416110418e+01    4.9831700190e+01   -1.6818886110e+02    1.1607830489e+01    2.0480000000e+03    5.1044153515e-03    5.9501201923e-01
        39   -7.1325399262e+01    5.0885733751e+03   -1.0632417522e+02    3.4998775956e+01    4.9745793200e+01   -1.6829185814e+02    1.2221889723e+01    2.0480000000e+03    5.1168317441e-03    5.9724308894e-01
        40   -7.1362049129e+01    5.0937370102e+03   -1.0605873497e+02    3.4696685838e+01    4.9451234941e+01   -1.6656361289e+02    1.1053642986e+01    2.0480000000e+03    5.1155758556e-03    5.9797175481e-01
        41   -7.1321989514e+01    5.0881885069e+03   -1.0574474951e+02    3.4422760001e+01    4.9704039050e+01   -1.6701976228e+02    1.1570973710e+01    2.0480000000e+03    5.1144449972e-03    5.9711538462e-01
        42   -7.1345669623e+01    5.0913319873e+03   -1.0592270131e+02    3.4577031687e+01    4.9718821090e+01   -1.6793433364e+02    1.2292811235e+01    2.0480000000e+03    5.1260292530e-03    5.9854266827e-01
        43   -7.1325111310e+01    5.0881470526e+03   -1.0641380936e+02    3.5088698052e+01    4.9866696292e+01   -1.6772407055e+02    1.1443564896e+01    2.0480000000e+03    5.1211118698e-03    5.9761868990e-01
        44   -7.1346192747e+01    5.0911835602e+03   -1.0698371512e+02    3.5637522370e+01    5.0048796218e+01   -1.6890142736e+02    1.1868916025e+01    2.0480000000e+03    5.1235058345e-03    5.9849008413e-01
        45   -7.1344606809e+01    5.0910668568e+03   -1.0672670811e+02    3.5382101305e+01    5.0073149271e+01   -1.6829568891e+02    1.1495831522e+01    2.0480000000e+03    5.1181644667e-03    5.9679236779e-01
        46   -7.1312352601e+01    5.0864180463e+03   -1.0664611757e+02    3.5333764973e+01    4.9991086216e+01   -1.6845820079e+02    1.1820997002e+01    2.0480000000e+03    5.1022171974e-03    5.9458383413e-01
        47   -7.1310043929e+01    5.0862156833e+03   -1.0675439833e+02    3.5444354402e+01    4.9959459646e+01   -1.6888004144e+02    1.2166183459e+01    2.0480000000e+03    5.1245375071e-03    5.9532001202e-01
        48   -7.1307412591e+01    5.0866296931e+03   -1.0699538052e+02    3.5687967931e+01    4.9862148369e+01   -1.6801150405e+02    1.1153975163e+01    2.0480000000e+03    5.1259293687e-03    5.9813701923e-01
        49   -7.1330169595e+01    5.0889063253e+03   -1.0602331553e+02    3.4693145932e+01    4.9694086251e+01   -1.6729902258e+02    1.1581620801e+01    2.0480000000e+03    5.1266909577e-03    6.0028545673e-01
        50   -7.1313024348e+01    5.0864586638e+03   -1.0609007486e+02    3.4777050517e+01    4.9600301794e+01   -1.6739219129e+02    1.1701814627e+01    2.0480000000e+03    5.1072908100e-03    5.9801682692e-01
        51   -7.1288705802e+01    5.0832943073e+03   -1.0589056213e+02    3.4601856323e+01    4.9464542350e+01   -1.6720457133e+02    1.1849466851e+01    2.0480000000e+03    5.1095297094e-03    5.9934645433e-01
        52   -7.1332063612e+01    5.0893530922e+03   -1.0569651758e+02    3.4364453972e+01    4.9609555524e+01   -1.6742350175e+02    1.2117428643e+01    2.0480000000e+03    5.1315291785e-03    5.9778395433e-01
        53   -7.1310407430e+01    5.0862141667e+03   -1.0601794219e+02    3.4707534757e+01    4.9701001783e+01   -1.6759022018e+02    1.1871276212e+01    2.0480000000e+03    5.1166175399e-03    5.9851262019e-01
        54   -7.1352575086e+01    5.0921434033e+03   -1.0628443404e+02    3.4931858950e+01    4.9672881221e+01   -1.6742117511e+02    1.1463859856e+01    2.0480000000e+03    5.1194878761e-03    5.9872295673e-01
        55   -7.1278434762e+01    5.0815922966e+03   -1.0686665323e+02    3.5588218472e+01    4.9729155164e+01   -1.6805573871e+02    1.1459930308e+01    2.0480000000e+03    5.1139174029e-03    5.9669471154e-01
        56   -7.1314408198e+01    5.0868481724e+03   -1.0595775858e+02    3.4643350383e+01    4.9768551870e+01   -1.6761938616e+02    1.1893075709e+01    2.0480000000e+03    5.1218154840e-03    5.9634915865e-01
        57   -7.1319971959e+01    5.0874675174e+03   -1.0603738552e+02    3.4717413560e+01    4.9504137701e+01   -1.6677420049e+02    1.1232677270e+01    2.0480000000e+03    5.1109986380e-03    5.9812199519e-01
        58   -7.1340191976e+01    5.0906413787e+03   -1.0600155078e+02    3.4661358804e+01    4.9669505818e+01   -1.6734597759e+02    1.1674920995e+01    2.0480000000e+03    5.1120482385e-03    5.9645432692e-01
        59   -7.1323136003e+01    5.0881318344e+03   -1.0620568326e+02    3.4882547259e+01    4.9571399614e+01   -1.6721765723e+02    1.1440574358e+01    2.0480000000e+03    5.1262527704e-03    6.0069861779e-01
        60   -7.1288910039e+01    5.0830939938e+03   -1.0617395633e+02    3.4885046290e+01    4.9634808580e+01   -1.6784584004e+02    1.2037075129e+01    2.0480000000e+03    5.1219344605e-03    5.9941406250e-01
        61   -7.1299131366e+01    5.0847058566e+03   -1.0656872604e+02    3.5269594679e+01    4.9793138134e+01   -1.6797830212e+02    1.1616437940e+01    2.0480000000e+03    5.1104752347e-03    5.9734825721e-01
        62   -7.1343601645e+01    5.0909235850e+03   -1.0649738094e+02    3.5153779297e+01    4.9761556707e+01   -1.6781803056e+02    1.1559092914e+01    2.0480000000e+03    5.1127444021e-03    5.9830228365e-01
        63   -7.1314276673e+01    5.0867496470e+03   -1.0627190826e+02    3.4957631588e+01    4.9910222043e+01   -1.6775829300e+02    1.1576162699e+01    2.0480000000e+03    5.1215244457e-03    5.9794921875e-01
        64   -7.1318112790e+01    5.0873866391e+03   -1.0658983325e+02    3.5271720455e+01    4.9854882270e+01   -1.6824320858e+02    1.1798493064e+01    2.0480000000e+03    5.1265358925e-03    6.0006760817e-01
        65   -7.1312823082e+01    5.0864498623e+03   -1.0619675525e+02    3.4883932169e+01    4.9868365820e+01   -1.6795864231e+02    1.1893521239e+01    2.0480000000e+03    5.1252504345e-03    5.9704777644e-01
        66   -7.1279439190e+01    5.0818768215e+03   -1.0640341703e+02    3.5123977840e+01    4.9970342027e+01   -1.6850071714e+02    1.2126958084e+01    2.0480000000e+03    5.1224674098e-03    5.9761868990e-01
        67   -7.1304760131e+01    5.0852142622e+03   -1.0614571086e+02    3.4840950733e+01    4.9761244766e+01   -1.6743028437e+02    1.1523328740e+01    2.0480000000e+03    5.1190163940e-03    5.9673227163e-01
        68   -7.1301913957e+01    5.0854603727e+03   -1.0589269741e+02    3.4590783453e+01    4.9415102535e+01   -1.6703155242e+02    1.1723752480e+01    2.0480000000e+03    5.1269764081e-03    5.9839993990e-01
        69   -7.1332943905e+01    5.0893581014e+03   -1.0607743796e+02    3.4744494058e+01    4.9461276157e+01   -1.6678650665e+02    1.1247792535e+01    2.0480000000e+03    5.1287377719e-03    5.9975961538e-01
        70   -7.1304853195e+01    5.0854566497e+03   -1.0616780377e+02    3.4862950578e+01    4.9534720761e+01   -1.6715047809e+02    1.1447953552e+01    2.0480000000e+03    5.1240683533e-03    5.9978966346e-01
        71   -7.1280443579e+01    5.0818015148e+03   -1.0617939128e+02    3.4898947705e+01    4.9454023462e+01   -1.6655878907e+02    1.0925374325e+01    2.0480000000e+03    5.1102393772e-03    5.9738581731e-01
        72   -7.1322293400e+01    5.0878739783e+03   -1.0569157001e+02    3.4369276609e+01    4.9469277798e+01   -1.6662818576e+02    1.1467337956e+01    2.0480000000e+03    5.1108165644e-03    5.9876051683e-01
        73   -7.1319132524e+01    5.0873809224e+03   -1.0650629249e+02    3.5187159966e+01    4.9531702305e+01   -1.6739443663e+02    1.1356441837e+01    2.0480000000e+03    5.1183307078e-03    6.0018780048e-01
        74   -7.1352031448e+01    5.0920581414e+03   -1.0667099470e+02    3.5318963248e+01    4.9567805194e+01   -1.6769680705e+02    1.1458007157e+01    2.0480000000e+03    5.1308262628e-03    6.0020282452e-01
        75   -7.1361641669e+01    5.0938416564e+03   -1.0629716563e+02    3.4935523962e+01    4.9526343780e+01   -1.6759341662e+02    1.1769907205e+01    2.0480000000e+03    5.1065320149e-03    5.9842998798e-01
        76   -7.1318756268e+01    5.0874260943e+03   -1.0611062996e+02    3.4791873696e+01    4.9492550663e+01   -1.6732622217e+02    1.1723041546e+01    2.0480000000e+03    5.1123693120e-03    5.9973707933e-01
        77   -7.1302231255e+01    5.0850300099e+03   -1.0589190029e+02    3.4589669039e+01    4.9647653634e+01   -1.6713028983e+02    1.1590735899e+01    2.0480000000e+03    5.1195514388e-03    5.9905348558e-01
        78   -7.1357289328e+01    5.0929847986e+03   -1.0642718669e+02    3.5069897361e+01    4.9553478431e+01   -1.6742642616e+02    1.1445761040e+01    2.0480000000e+03    5.1082891878e-03    5.9812199519e-01
        79   -7.1371375824e+01    5.0949387201e+03   -1.0635084934e+02    3.4979473511e+01    4.9626018394e+01   -1.6749790092e+02    1.1521033186e+01    2.0480000000e+03    5.1304581575e-03    5.9949669471e-01
        80   -7.1269597018e+01    5.0803565767e+03   -1.0679528144e+02    3.5525684418e+01    4.9701721059e+01   -1.6800861827e+02    1.1511615776e+01    2.0480000000e+03    5.1217928994e-03    5.9667217548e-01
        81   -7.1311005469e+01    5.0862035620e+03   -1.0643536735e+02    3.5124361876e+01    4.9803089833e+01   -1.6808428790e+02    1.1845830723e+01    2.0480000000e+03    5.1201505121e-03    5.9671724760e-01
        82   -7.1352009874e+01    5.0921255545e+03   -1.0668937258e+02    3.5337362708e+01    4.9667400739e+01   -1.6767653614e+02    1.1319762822e+01    2.0480000000e+03    5.1240792964e-03    5.9838491587e-01
        83   -7.1295706723e+01    5.0840591502e+03   -1.0601947270e+02    3.4723765973e+01    4.9592128501e+01   -1.6784037694e+02    1.2228775742e+01    2.0480000000e+03    5.1298250910e-03    5.9920372596e-01
        84   -7.1306199865e+01    5.0855697441e+03   -1.0604051684e+02    3.4734316972e+01    4.9707332172e+01   -1.6753998013e+02    1.1792131121e+01    2.0480000000e+03    5.1298395265e-03    5.9989483173e-01
        85   -7.1280893925e+01    5.0821132498e+03   -1.0602513283e+02    3.4744238908e+01    4.9685961791e+01   -1.6799372338e+02    1.2282628754e+01    2.0480000000e+03    5.1188210491e-03    5.9800180288e-01
        86   -7.1304785213e+01    5.0853121030e+03   -1.0635927635e+02    3.5054491137e+01    4.9464247227e+01   -1.6727533692e+02    1.1451813346e+01    2.0480000000e+03    5.1123523153e-03    5.9815204327e-01
        87   -7.1288960159e+01    5.0832257970e+03   -1.0604462701e+02    3.4755666846e+01    4.9537366036e+01   -1.6738576099e+02    1.1803767952e+01    2.0480000000e+03    5.1086542662e-03    5.9804687500e-01
        88   -7.1303873453e+01    5.0852722934e+03   -1.0608135430e+02    3.4777480844e+01    4.9513473009e+01   -1.6750903697e+02    1.1914209659e+01    2.0480000000e+03    5.1145064645e-03    6.0054086538e-01
        89   -7.1294399270e+01    5.0839581863e+03   -1.0598422611e+02    3.4689826835e+01    4.9490382358e+01   -1.6690510821e+02    1.1430499743e+01    2.0480000000e+03    5.1102058496e-03    5.9779146635e-01
        90   -7.1329656012e+01    5.0888720262e+03   -1.0615520093e+02    3.4825544918e+01    4.9441779135e+01   -1.6720843516e+02    1.1611455098e+01    2.0480000000e+03    5.1166145131e-03    5.9899338942e-01
        91   -7.1329014355e+01    5.0888271696e+03   -1.0607977785e+02    3.4750763498e+01    4.9343563217e+01   -1.6681074905e+02    1.1387407980e+01    2.0480000000e+03    5.1072326023e-03    5.9785156250e-01
        92   -7.1300871549e+01    5.0847512885e+03   -1.0636740344e+02    3.5066531893e+01    4.9652598548e+01   -1.6711117087e+02    1.1091168884e+01    2.0480000000e+03    5.1110652275e-03    5.9735576923e-01
        93   -7.1334398318e+01    5.0896522663e+03   -1.0641297967e+02    3.5078581354e+01    4.9671769732e+01   -1.6773860815e+02    1.1653858742e+01    2.0480000000e+03    5.1266080700e-03    5.9846003606e-01
        94   -7.1356892219e+01    5.0927419212e+03   -1.0629013884e+02    3.4933246626e+01    4.9528105156e+01   -1.6721927711e+02    1.1401033111e+01    2.0480000000e+03    5.1214403939e-03    5.9953425481e-01
        95   -7.1321979762e+01    5.0878948999e+03   -1.0588029950e+02    3.4558319738e+01    4.9310216784e+01   -1.6663162402e+02    1.1441107733e+01    2.0480000000e+03    5.1202583127e-03    5.9914362981e-01
        96   -7.1306263247e+01    5.0858931443e+03   -1.0606221750e+02    3.4755954258e+01    4.9641363037e+01   -1.6749742128e+02    1.1793840740e+01    2.0480000000e+03    5.1200313028e-03    5.9972956731e-01
        97   -7.1347229134e+01    5.0913547965e+03   -1.0636160059e+02    3.5014371460e+01    4.9643527488e+01   -1.6756864437e+02    1.1563516283e+01    2.0480000000e+03    5.1228345837e-03    5.9960186298e-01
        98   -7.1343035989e+01    5.0908145035e+03   -1.0665790264e+02    3.5314866650e+01    4.9770598695e+01   -1.6790766237e+02    1.1479161032e+01    2.0480000000e+03    5.1299899351e-03    5.9867788462e-01
        99   -7.1307865997e+01    5.0858519952e+03   -1.0686015640e+02    3.5552290400e+01    4.9824446501e+01   -1.6849116589e+02    1.1806562994e+01    2.0480000000e+03    5.1136575639e-03    5.9643179087e-01
       100   -7.1347452842e+01    5.0913974841e+03   -1.0674901953e+02    3.5401566693e+01    4.9831175444e+01   -1.6846643053e+02    1.1886235556e+01    2.0480000000e+03    5.1164757460e-03    5.9762620192e-01
       101   -7.1335593586e+01    5.0898032106e+03   -1.0635574923e+02    3.5020155639e+01    5.0064350649e+01   -1.6845274245e+02    1.2032642575e+01    2.0480000000e+03    5.1228385419e-03    5.9876802885e-01
       102   -7.1307740584e+01    5.0859266827e+03   -1.0651242572e+02    3.5204685138e+01    4.9876992469e+01   -1.6838932957e+02    1.1999911380e+01    2.0480000000e+03    5.1144557074e-03    5.9665715144e-01
       103   -7.1301195934e+01    5.0849600010e+03   -1.0647839744e+02    3.5177201505e+01    4.9510946550e+01   -1.6721844567e+02    1.1229101683e+01    2.0480000000e+03    5.1167183556e-03    5.9874549279e-01
       104   -7.1345944308e+01    5.0912900450e+03   -1.0621865294e+02    3.4872708635e+01    4.9644479707e+01   -1.6771629264e+02    1.1853159986e+01    2.0480000000e+03    5.1105150487e-03    5.9643179087e-01
       105   -7.1287150835e+01    5.0827856543e+03   -1.0639318112e+02    3.5106030286e+01    4.9485931828e+01   -1.6748633689e+02    1.1607223941e+01    2.0480000000e+03    5.1130312495e-03    5.9729567308e-01
       106   -7.1339523949e+01    5.0904097994e+03   -1.0592509525e+02    3.4585571301e+01    4.9756686619e+01   -1.6790647921e+02    1.2224697340e+01    2.0480000000e+03    5.1125916652e-03    5.9695763221e-01
       107   -7.1338814840e+01    5.0902672704e+03   -1.0656646254e+02    3.5227647695e+01    4.9860804437e+01   -1.6784206827e+02    1.1414801295e+01    2.0480000000e+03    5.1242101472e-03    5.9839993990e-01
       108   -7.1296988889e+01    5.0842477763e+03   -1.0611570422e+02    3.4818715335e+01    4.9620330469e+01   -1.6767536041e+02    1.1939325720e+01    2.0480000000e+03    5.1240955945e-03    5.9826472356e-01
       109   -7.1321110569e+01    5.0877056744e+03   -1.0620346942e+02    3.4882358852e+01    4.9732743558e+01   -1.6806167919e+02    1.2125466206e+01    2.0480000000e+03    5.1262297202e-03    5.9803185096e-01
       110   -7.1306546761e+01    5.0856481790e+03   -1.0673368081e+02    3.5427134046e+01    4.9411597727e+01   -1.6741550322e+02    1.1270224684e+01    2.0480000000e+03    5.1166459452e-03    5.9704777644e-01
       111   -7.1332057175e+01    5.0892322072e+03   -1.0604326195e+02    3.4711204775e+01    4.9299682406e+01   -1.6685351860e+02    1.1510574239e+01    2.0480000000e+03    5.1057916135e-03    5.9511718750e-01
       112   -7.1369793522e+01    5.0946650693e+03   -1.0654520829e+02    3.5175414768e+01    4.9578538088e+01   -1.6697101594e+02    1.0847269563e+01    2.0480000000e+03    5.1233367994e-03    5.9870793269e-01
       113   -7.1355430709e+01    5.0926601808e+03   -1.0636806921e+02    3.5012638502e+01    4.9765180192e+01   -1.6828758654e+02    1.2154337141e+01    2.0480000000e+03    5.1255053841e-03    5.9667968750e-01
       114   -7.1343431019e+01    5.0910676200e+03   -1.0691354522e+02    3.5570114201e+01    4.9707610924e+01   -1.6813431967e+02    1.1513163525e+01    2.0480000000e+03    5.1199120935e-03    5.9670973558e-01
       115   -7.1325625619e+01    5.0883472345e+03   -1.0669459250e+02    3.5368966878e+01    4.9952396355e+01   -1.6865773705e+02    1.2010748202e+01    2.0480000000e+03    5.1209973171e-03    5.9726562500e-01
       116   -7.1344302815e+01    5.0910090339e+03   -1.0640708579e+02    3.5062782976e+01    4.9871865210e+01   -1.6851850205e+02    1.2239551047e+01    2.0480000000e+03    5.1103907172e-03    5.9613882212e-01
       117   -7.1333367742e+01    5.0895260209e+03   -1.0601953577e+02    3.4686168032e+01    4.9708017752e+01   -1.6777560074e+02    1.2048047210e+01    2.0480000000e+03    5.1132426597e-03    5.9610877404e-01
       118   -7.1358983833e+01    5.0931512405e+03   -1.0645357848e+02    3.5094594643e+01    4.9881414388e+01   -1.6809961472e+02    1.1764621851e+01    2.0480000000e+03    5.1193588879e-03    5.9750600962e-01
       119   -7.1337899148e+01    5.0899455514e+03   -1.0690549684e+02    3.5567597688e+01    4.9845686565e+01   -1.6789630088e+02    1.1145117480e+01    2.0480000000e+03    5.1208441146e-03    5.9855018029e-01
       120   -7.1367785659e+01    5.0945052285e+03   -1.0612179819e+02    3.4754012527e+01    4.9814908772e+01   -1.6838455587e+02    1.2447848911e+01    2.0480000000e+03    5.1136941183e-03    5.9758112981e-01
       121   -7.1317815682e+01    5.0871645104e+03   -1.0696752698e+02    3.5649711294e+01    4.9887593116e+01   -1.6864316369e+02    1.1788043599e+01    2.0480000000e+03    5.1098871045e-03    5.9698768029e-01
       122   -7.1296959157e+01    5.0845664862e+03   -1.0652106724e+02    3.5224108080e+01    4.9847805683e+01   -1.6810486914e+02    1.1735996218e+01    2.0480000000e+03    5.1012642216e-03    5.9436598558e-01
       123   -7.1343268948e+01    5.0908762679e+03   -1.0641549420e+02    3.5072225249e+01    4.9779380563e+01   -1.6793719529e+02    1.1742320528e+01    2.0480000000e+03    5.1075604279e-03    5.9694260817e-01
       124   -7.1336556312e+01    5.0899707528e+03   -1.0649548299e+02    3.5158926679e+01    4.9776444379e+01   -1.6787983168e+02    1.1607904308e+01    2.0480000000e+03    5.1158536226e-03    5.9737079327e-01
       125   -7.1378483674e+01    5.0958277238e+03   -1.0668966446e+02    3.5311180784e+01    4.9704019793e+01   -1.6764277379e+02    1.1249089537e+01    2.0480000000e+03    5.1166368648e-03    5.9785156250e-01
       126   -7.1303877095e+01    5.0852584086e+03   -1.0587881724e+02    3.4574940142e+01    4.9383568758e+01   -1.6609981934e+02    1.0837433341e+01    2.0480000000e+03    5.1087304018e-03    5.9740835337e-01
       127   -7.1301243728e+01    5.0848747356e+03   -1.0667472356e+02    3.5373479836e+01    4.9494577188e+01   -1.6812469345e+02    1.1955392694e+01    2.0480000000e+03    5.1037420053e-03    5.9591346154e-01
       128   -7.1354399598e+01    5.0928370994e+03   -1.0680909506e+02    3.5454695459e+01    4.9881399079e+01   -1.6836980031e+02    1.1679306176e+01    2.0480000000e+03    5.1059599500e-03    5.9601862981e-01
       129   -7.1359882653e+01    5.0933431258e+03   -1.0612477954e+02    3.4764896883e+01    4.9631128428e+01   -1.6764109764e+02    1.1885189671e+01    2.0480000000e+03    5.1153751556e-03    5.9869290865e-01
       130   -7.1301627054e+01    5.0850835361e+03   -1.0637648945e+02    3.5074862392e+01    4.9713102104e+01   -1.6833259005e+02    1.2242998500e+01    2.0480000000e+03    5.1077115349e-03    5.9565805288e-01
       131   -7.1324647554e+01    5.0882839990e+03   -1.0651849326e+02    3.5193845705e+01    4.9699210097e+01   -1.6737887275e+02    1.1161169393e+01    2.0480000000e+03    5.1305182278e-03    5.9911358173e-01
       132   -7.1316848280e+01    5.0870589125e+03   -1.0578713843e+02    3.4470290153e+01    4.9424545174e+01   -1.6687660397e+02    1.1664920358e+01    2.0480000000e+03    5.1151383668e-03    5.9875300481e-01
       133   -7.1281091238e+01    5.0819105424e+03   -1.0585034740e+02    3.4569256162e+01    4.9503487429e+01   -1.6704883112e+02    1.1694996289e+01    2.0480000000e+03    5.1130584907e-03    5.9851262019e-01
       134   -7.1352274497e+01    5.0922108598e+03   -1.0615374852e+02    3.4801474020e+01    4.9355277670e+01   -1.6670249381e+02    1.1193467626e+01    2.0480000000e+03    5.0967156421e-03    5.9580829327e-01
       135   -7.1351603620e+01    5.0920961151e+03   -1.0607158110e+02    3.4719977481e+01    4.9386188582e+01   -1.6667939322e+02    1.1221623534e+01    2.0480000000e+03    5.1006400026e-03    5.9716045673e-01
       136   -7.1325046659e+01    5.0881908536e+03   -1.0616805803e+02    3.4843011373e+01    4.9554684433e+01   -1.6753964505e+02    1.1816902581e+01    2.0480000000e+03    5.1120452117e-03    5.9857271635e-01
       137   -7.1337377429e+01    5.0899740822e+03   -1.0648828845e+02    3.5150911021e+01    4.9463815714e+01   -1.6705218362e+02    1.1100079454e+01    2.0480000000e+03    5.1111492794e-03    5.9942157452e-01
       138   -7.1334615219e+01    5.0895236078e+03   -1.0597458459e+02    3.4639969366e+01    4.9473519127e+01   -1.6692425789e+02    1.1476154181e+01    2.0480000000e+03    5.0970737357e-03    5.9640174279e-01
       139   -7.1340453913e+01    5.0903459294e+03   -1.0588086296e+02    3.4540409048e+01    4.9633645970e+01   -1.6750206934e+02    1.1987560405e+01    2.0480000000e+03    5.1284970250e-03    5.9849008413e-01
       140   -7.1351012035e+01    5.0920408385e+03   -1.0692241649e+02    3.5571404456e+01    4.9807068196e+01   -1.6794612057e+02    1.1216635886e+01    2.0480000000e+03    5.1188401412e-03    5.9776893029e-01
       141   -7.1346080987e+01    5.0911474098e+03   -1.0665998247e+02    3.5313901483e+01    4.9578099217e+01   -1.6741942386e+02    1.1181342172e+01    2.0480000000e+03    5.1049136091e-03    5.9547025240e-01
       142   -7.1355999928e+01    5.0926898445e+03   -1.0633192666e+02    3.4975926736e+01    4.9549240451e+01   -1.6845032854e+02    1.2569161423e+01    2.0480000000e+03    5.1114563830e-03    5.9797926683e-01
       143   -7.1346577944e+01    5.0913313478e+03   -1.0682406295e+02    3.5477485010e+01    4.9910422458e+01   -1.6863591942e+02    1.1901434007e+01    2.0480000000e+03    5.1086288877e-03    5.9690504808e-01
       144   -7.1367059683e+01    5.0943489179e+03   -1.0618638221e+02    3.4819322527e+01    4.9700633884e+01   -1.6769810139e+02    1.1811085298e+01    2.0480000000e+03    5.1104868762e-03    5.9738581731e-01
       145   -7.1333046352e+01    5.0893967281e+03   -1.0602584668e+02    3.4692800332e+01    4.9751778549e+01   -1.6816319798e+02    1.2385572745e+01    2.0480000000e+03    5.1043750718e-03    5.9646183894e-01
       146   -7.1352760158e+01    5.0922009538e+03   -1.0592969136e+02    3.4576931199e+01    4.9650041578e+01   -1.6735637147e+02    1.1776638535e+01    2.0480000000e+03    5.1113753580e-03    5.9899338942e-01
       147   -7.1347235385e+01    5.0913599879e+03   -1.0650037124e+02    3.5153135852e+01    4.9551346884e+01   -1.6796052264e+02    1.1908804524e+01    2.0480000000e+03    5.1174082328e-03    6.0051832933e-01
       148   -7.1318911217e+01    5.0875122525e+03   -1.0661165771e+02    3.5292746497e+01    4.9689124448e+01   -1.6814650427e+02    1.1845722109e+01    2.0480000000e+03    5.1083150320e-03    5.9713040865e-01
       149   -7.1359034147e+01    5.0932294796e+03   -1.0697980710e+02    3.5620772954e+01    4.9746376201e+01   -1.6818499572e+02    1.1458812416e+01    2.0480000000e+03    5.1252797712e-03    5.9940655048e-01
       150   -7.1329589531e+01    5.0891898476e+03   -1.0648311723e+02    3.5153527694e+01    4.9504306922e+01   -1.6738935845e+02    1.1401934304e+01    2.0480000000e+03    5.1034810022e-03    5.9646935096e-01
       151   -7.1318442733e+01    5.0873446794e+03   -1.0636502737e+02    3.5046584634e+01    4.9803393734e+01   -1.6764362583e+02    1.1475204727e+01    2.0480000000e+03    5.1088836044e-03    5.9792668269e-01
       152   -7.1341823088e+01    5.0908188292e+03   -1.0635339871e+02    3.5011575621e+01    4.9689421394e+01   -1.6849788225e+02    1.2455062148e+01    2.0480000000e+03    5.1102165598e-03    5.9710036058e-01
       153   -7.1282397107e+01    5.0821834650e+03   -1.0607503827e+02    3.4792641163e+01    4.9413201923e+01   -1.6691021984e+02    1.1421979648e+01    2.0480000000e+03    5.1203763578e-03    5.9930138221e-01
       154   -7.1312367495e+01    5.0866585969e+03   -1.0600605326e+02    3.4693685764e+01    4.9669025851e+01   -1.6786197728e+02    1.2186898168e+01    2.0480000000e+03    5.1195791457e-03    5.9928635817e-01
       155   -7.1333159661e+01    5.0894913304e+03   -1.0649249822e+02    3.5159338556e+01    4.9638717641e+01   -1.6786647512e+02    1.1735259267e+01    2.0480000000e+03    5.1160152070e-03    5.9787409856e-01
       156   -7.1324602150e+01    5.0881044788e+03   -1.0653838710e+02    3.5213784954e+01    4.9461800865e+01   -1.6722763461e+02    1.1227446639e+01    2.0480000000e+03    5.1168496720e-03    5.9836237981e-01
       157   -7.1334002573e+01    5.0895932453e+03   -1.0605008643e+02    3.4716083853e+01    4.9400381023e+01   -1.6679065033e+02    1.1340182878e+01    2.0480000000e+03    5.1062849816e-03    5.9686748798e-01
       158   -7.1308165693e+01    5.0861387144e+03   -1.0644541177e+02    3.5137246078e+01    4.9627831230e+01   -1.6775726974e+02    1.1684026741e+01    2.0480000000e+03    5.1125767641e-03    5.9861778846e-01
       159   -7.1307244107e+01    5.0857389751e+03   -1.0637584886e+02    3.5068604752e+01    4.9686672308e+01   -1.6843701238e+02    1.2374491210e+01    2.0480000000e+03    5.1153642125e-03    5.9860276442e-01
       160   -7.1340605036e+01    5.0904957704e+03   -1.0639285723e+02    3.5052252190e+01    4.9643985888e+01   -1.6822011979e+02    1.2183276673e+01    2.0480000000e+03    5.1075168885e-03    5.9738581731e-01
       161   -7.1321460860e+01    5.0877793942e+03   -1.0615694144e+02    3.4835480577e+01    4.9617244954e+01   -1.6797468397e+02    1.2200497578e+01    2.0480000000e+03    5.1092300564e-03    5.9740084135e-01
       162   -7.1323496939e+01    5.0881980694e+03   -1.0644433118e+02    3.5120834237e+01    4.9637133869e+01   -1.6772973060e+02    1.1648265554e+01    2.0480000000e+03    5.0947326235e-03    5.9544771635e-01
       163   -7.1370376180e+01    5.0946258606e+03   -1.0634502544e+02    3.4974649263e+01    4.9805027563e+01   -1.6731123371e+02    1.1161180707e+01    2.0480000000e+03    5.1001713146e-03    5.9543269231e-01
       164   -7.1348327228e+01    5.0916622415e+03   -1.0654886456e+02    3.5200537329e+01    4.9855619326e+01   -1.6782744814e+02    1.1422964260e+01    2.0480000000e+03    5.1123895682e-03    5.9751352163e-01
       165   -7.1349593664e+01    5.0919080651e+03   -1.0639901820e+02    3.5049424538e+01    4.9690574183e+01   -1.6767182616e+02    1.1582233779e+01    2.0480000000e+03    5.1115332171e-03    5.9801682692e-01
       166   -7.1303157816e+01    5.0849619693e+03   -1.0651144152e+02    3.5208283704e+01    4.9704963213e+01   -1.6734183420e+02    1.1125429469e+01    2.0480000000e+03    5.1102312282e-03    5.9798677885e-01
       167   -7.1267677270e+01    5.0800499384e+03   -1.0618382988e+02    3.4916152612e+01    4.9627949610e+01   -1.6749368545e+02    1.1681905962e+01    2.0480000000e+03    5.1118195988e-03    5.9745342548e-01
       168   -7.1273405725e+01    5.0808231296e+03   -1.0617767445e+02    3.4904268727e+01    4.9622317373e+01   -1.6691453411e+02    1.1114542289e+01    2.0480000000e+03    5.1132449880e-03    5.9687500000e-01
       169   -7.1340090725e+01    5.0905122254e+03   -1.0606158382e+02    3.4721493091e+01    4.9555187407e+01   -1.6728771799e+02    1.1670946765e+01    2.0480000000e+03    5.1211151294e-03    6.0042067308e-01
       170   -7.1306913586e+01    5.0856289321e+03   -1.0643462628e+02    3.5127712691e+01    4.9588593270e+01   -1.6730854427e+02    1.1285324721e+01    2.0480000000e+03    5.1206580829e-03    5.9913611779e-01
       171   -7.1304994400e+01    5.0854584563e+03   -1.0626315673e+02    3.4958162328e+01    4.9615090100e+01   -1.6752478141e+02    1.1646534584e+01    2.0480000000e+03    5.1170457155e-03    5.9732572115e-01
       172   -7.1351902057e+01    5.0920552956e+03   -1.0639039596e+02    3.5038493901e+01    4.9540823769e+01   -1.6762551543e+02    1.1694295705e+01    2.0480000000e+03    5.1224986091e-03    6.0025540865e-01
       173   -7.1341402780e+01    5.0905516032e+03   -1.0617325462e+02    3.4831851837e+01    4.9456256493e+01   -1.6708043550e+02    1.1450924388e+01    2.0480000000e+03    5.1109283231e-03    5.9794170673e-01
       174   -7.1363264292e+01    5.0936861890e+03   -1.0645785351e+02    3.5094589221e+01    4.9426149909e+01   -1.6730698736e+02    1.1422983935e+01    2.0480000000e+03    5.1095334347e-03    5.9867037260e-01
       175   -7.1313449638e+01    5.0865652717e+03   -1.0603734973e+02    3.4723900089e+01    4.9621490855e+01   -1.6728886838e+02    1.1630027801e+01    2.0480000000e+03    5.1183658652e-03    6.0019531250e-01
       176   -7.1339646223e+01    5.0904561656e+03   -1.0610921997e+02    3.4769573750e+01    4.9444502703e+01   -1.6723159421e+02    1.1677871534e+01    2.0480000000e+03    5.1014481578e-03    5.9830979567e-01
       177   -7.1312648037e+01    5.0866150705e+03   -1.0609136102e+02    3.4778712986e+01    4.9607303257e+01   -1.6819533584e+02    1.2496671557e+01    2.0480000000e+03    5.1167916972e-03    5.9899338942e-01
       178   -7.1299143878e+01    5.0844817213e+03   -1.0613470373e+02    3.4835559853e+01    4.9631023287e+01   -1.6774442101e+02    1.1978693989e+01    2.0480000000e+03    5.1079075783e-03    5.9614633413e-01
       179   -7.1342675307e+01    5.0909477326e+03   -1.0613898092e+02    3.4796305609e+01    4.9720286219e+01   -1.6788078379e+02    1.2021516651e+01    2.0480000000e+03    5.1185479388e-03    5.9645432692e-01
       180   -7.1307554642e+01    5.0858683828e+03   -1.0695759275e+02    3.5650038105e+01    4.9662869974e+01   -1.6776260718e+02    1.1142144461e+01    2.0480000000e+03    5.1256909501e-03    5.9978215144e-01
       181   -7.1339044565e+01    5.0901752945e+03   -1.0603197707e+02    3.4692932504e+01    4.9701748017e+01   -1.6735664273e+02    1.1622917642e+01    2.0480000000e+03    5.1151730586e-03    5.9671724760e-01
       182   -7.1340008618e+01    5.0905864134e+03   -1.0668246631e+02    3.5342457689e+01    4.9848646020e+01   -1.6843269309e+02    1.1901580761e+01    2.0480000000e+03    5.1053431816e-03    5.9423076923e-01
       183   -7.1300848838e+01    5.0848254780e+03   -1.0601573468e+02    3.4714885843e+01    4.9691472569e+01   -1.6746439898e+02    1.1757191724e+01    2.0480000000e+03    5.1197018474e-03    5.9913611779e-01
       184   -7.1349535650e+01    5.0919172091e+03   -1.0688592674e+02    3.5536391090e+01    4.9732820432e+01   -1.6814510990e+02    1.1526362725e+01    2.0480000000e+03    5.1214282867e-03    5.9894831731e-01
       185   -7.1316985023e+01    5.0870286414e+03   -1.0607423534e+02    3.4757250317e+01    4.9788642419e+01   -1.6740182740e+02    1.1538949642e+01    2.0480000000e+03    5.1141474396e-03    5.9715294471e-01
       186   -7.1307798520e+01    5.0856163895e+03   -1.0650346211e+02    3.5195663587e+01    4.9752554918e+01   -1.6716481797e+02    1.0908800941e+01    2.0480000000e+03    5.1186487544e-03    5.9759615385e-01
       187   -7.1364451720e+01    5.0939853402e+03   -1.0585964116e+02    3.4495189439e+01    4.9458512882e+01   -1.6666684968e+02    1.1348695636e+01    2.0480000000e+03    5.1188615616e-03    5.9937650240e-01
       188   -7.1349183082e+01    5.0915533835e+03   -1.0615406577e+02    3.4804882688e+01    4.9547342231e+01   -1.6691091143e+02    1.1209503424e+01    2.0480000000e+03    5.1119513810e-03    5.9852013221e-01
       189   -7.1322239331e+01    5.0877323490e+03   -1.0596604511e+02    3.4643805776e+01    4.9362901669e+01   -1.6689048739e+02    1.1561540614e+01    2.0480000000e+03    5.1090219058e-03    5.9981219952e-01
       190   -7.1339881593e+01    5.0903304381e+03   -1.0592676634e+02    3.4586884748e+01    4.9655860024e+01   -1.6749749893e+02    1.1914872568e+01    2.0480000000e+03    5.1118603442e-03    5.9821965144e-01
       191   -7.1325299490e+01    5.0882348592e+03   -1.0612612789e+02    3.4800828401e+01    4.9573828365e+01   -1.6713181199e+02    1.1431855729e+01    2.0480000000e+03    5.1044423599e-03    5.9728064904e-01
       192   -7.1336369433e+01    5.0898581326e+03   -1.0629646866e+02    3.4960099230e+01    4.9544909797e+01   -1.6739136305e+02    1.1549984589e+01    2.0480000000e+03    5.1134703681e-03    5.9651442308e-01
       193   -7.1365803977e+01    5.0939162315e+03   -1.0595424867e+02    3.4588444695e+01    4.9444229529e+01   -1.6676702014e+02    1.1368541940e+01    2.0480000000e+03    5.1174403634e-03    5.9719050481e-01
       194   -7.1371231220e+01    5.0947962327e+03   -1.0588134164e+02    3.4510110419e+01    4.9295180114e+01   -1.6659581911e+02    1.1419297358e+01    2.0480000000e+03    5.1273950376e-03    5.9911358173e-01
       195   -7.1322196777e+01    5.0881877587e+03   -1.0604503127e+02    3.4722834489e+01    4.9562452659e+01   -1.6721366272e+02    1.1606178794e+01    2.0480000000e+03    5.1211076789e-03    5.9794170673e-01
       196   -7.1320034585e+01    5.0874194234e+03   -1.0663416159e+02    3.5314127000e+01    4.9844555671e+01   -1.6822585907e+02    1.1747141811e+01    2.0480000000e+03    5.1156794652e-03    5.9737079327e-01
       197   -7.1280050171e+01    5.0818396932e+03   -1.0595833244e+02    3.4678282268e+01    4.9648103438e+01   -1.6735419560e+02    1.1747759726e+01    2.0480000000e+03    5.1669427194e-03    5.9765625000e-01
       198   -7.1351524458e+01    5.0920342266e+03   -1.0580707633e+02    3.4455551870e+01    4.9701888451e+01   -1.6701740022e+02    1.1508435439e+01    2.0480000000e+03    5.1131448708e-03    5.9819711538e-01
       199   -7.1316664074e+01    5.0873366873e+03   -1.0626458852e+02    3.4947924445e+01    4.9548378472e+01   -1.6759615962e+02    1.1783192634e+01    2.0480000000e+03    5.1068093162e-03    5.9718299279e-01
       200   -7.1341831344e+01    5.0907166092e+03   -1.0666821892e+02    3.5326387581e+01    4.9856417471e+01   -1.6816576801e+02    1.1641131616e+01    2.0480000000e+03    5.1135472022e-03    5.9885066106e-01
       201   -7.1298086202e+01    5.0846425158e+03   -1.0627183651e+02    3.4973750307e+01    4.9850979436e+01   -1.6773860475e+02    1.1615788805e+01    2.0480000000e+03    5.1109318156e-03    5.9742337740e-01
       202   -7.1320564885e+01    5.0875494279e+03   -1.0580028316e+02    3.4479718276e+01    4.9507915143e+01   -1.6633252719e+02    1.1024328884e+01    2.0480000000e+03    5.1039678510e-03    5.9639423077e-01
       203   -7.1348253925e+01    5.0917277545e+03   -1.0630372887e+02    3.4955474948e+01    4.9930629642e+01   -1.6833177517e+02    1.2097416652e+01    2.0480000000e+03    5.1210571546e-03    6.0063100962e-01
       204   -7.1349088804e+01    5.0918275448e+03   -1.0601389542e+02    3.4664806621e+01    4.9777915181e+01   -1.6730617590e+02    1.1514365297e+01    2.0480000000e+03    5.1077916287e-03    5.9794170673e-01
       205   -7.1320842693e+01    5.0877991681e+03   -1.0610667508e+02    3.4785832387e+01    4.9609133111e+01   -1.6726661732e+02    1.1550809132e+01    2.0480000000e+03    5.1368917339e-03    6.0066105769e-01
       206   -7.1349605607e+01    5.0916663803e+03   -1.0613932006e+02    3.4789714451e+01    4.9565361985e+01   -1.6737904433e+02    1.1674362285e+01    2.0480000000e+03    5.1167092752e-03    5.9944411058e-01
       207   -7.1339551067e+01    5.0904368400e+03   -1.0606700142e+02    3.4727450351e+01    4.9514676066e+01   -1.6732871251e+02    1.1747035023e+01    2.0480000000e+03    5.1200045273e-03    5.9841496394e-01
       208   -7.1280951811e+01    5.0819417385e+03   -1.0621196923e+02    3.4931017423e+01    4.9488207255e+01   -1.6736101817e+02    1.1660841685e+01    2.0480000000e+03    5.1109518390e-03    5.9764873798e-01
       209   -7.1317321233e+01    5.0871770546e+03   -1.0678569149e+02    3.5468370259e+01    4.9949324492e+01   -1.6868490998e+02    1.1949893993e+01    2.0480000000e+03    5.1066915039e-03    5.9556039663e-01
       210   -7.1334747368e+01    5.0896188397e+03   -1.0596030169e+02    3.4625554318e+01    4.9813200447e+01   -1.6745890857e+02    1.1685406439e+01    2.0480000000e+03    5.1139912102e-03    5.9880558894e-01
       211   -7.1309770845e+01    5.0861069216e+03   -1.0629558286e+02    3.4985812016e+01    4.9823659902e+01   -1.6772850631e+02    1.1609263548e+01    2.0480000000e+03    5.1028891467e-03    5.9739332933e-01
       212   -7.1294370842e+01    5.0840607885e+03   -1.0663113911e+02    3.5336768268e+01    4.9927674395e+01   -1.6856381190e+02    1.2004998392e+01    2.0480000000e+03    5.1140398718e-03    5.9794921875e-01
       213   -7.1316670660e+01    5.0870884397e+03   -1.0638340591e+02    3.5066735247e+01    4.9881959475e+01   -1.6791340946e+02    1.1648044074e+01    2.0480000000e+03    5.1185365301e-03    5.9890324519e-01
       214   -7.1324790703e+01    5.0884416015e+03   -1.0645252329e+02    3.5127732584e+01    4.9746322698e+01   -1.6785555733e+02    1.1656711349e+01    2.0480000000e+03    5.1235118881e-03    5.9989483173e-01
       215   -7.1308118027e+01    5.0859260498e+03   -1.0623428293e+02    3.4926164905e+01    4.9825465303e+01   -1.6810452685e+02    1.2044778615e+01    2.0480000000e+03    5.1289414987e-03    5.9821965144e-01
       216   -7.1332039428e+01    5.0894028386e+03   -1.0601696871e+02    3.4684929280e+01    4.9737436574e+01   -1.6744811869e+02    1.1693713407e+01    2.0480000000e+03    5.1201614551e-03    5.9831730769e-01
       217   -7.1295110838e+01    5.0840883773e+03   -1.0659626274e+02    3.5301151905e+01    4.9587310924e+01   -1.6795302657e+02    1.1769452907e+01    2.0480000000e+03    5.1132240333e-03    5.9726562500e-01
       218   -7.1355036764e+01    5.0925611538e+03   -1.0636780724e+02    3.5012770476e+01    4.9736570883e+01   -1.6759052665e+02    1.1486148529e+01    2.0480000000e+03    5.1216459833e-03    5.9840745192e-01
       219   -7.1377773169e+01    5.0962021560e+03   -1.0654157413e+02    3.5163800956e+01    4.9635950684e+01   -1.6789608302e+02    1.1718558210e+01    2.0480000000e+03    5.1233042032e-03    5.9963191106e-01
       220   -7.1353898728e+01    5.0922296402e+03   -1.0664866759e+02    3.5294768860e+01    4.9710302435e+01   -1.6806152075e+02    1.1702550729e+01    2.0480000000e+03    5.1155164838e-03    5.9780649038e-01
       221   -7.1330628704e+01    5.0890108192e+03   -1.0617416114e+02    3.4843532435e+01    4.9729723772e+01   -1.6757508357e+02    1.1671198660e+01    2.0480000000e+03    5.1080312114e-03    5.9655198317e-01
       222   -7.1310741978e+01    5.0861427793e+03   -1.0707682364e+02    3.5766081666e+01    4.9928942461e+01   -1.6887971431e+02    1.1873948206e+01    2.0480000000e+03    5.1222003531e-03    5.9886568510e-01
       223   -7.1353727276e+01    5.0927283214e+03   -1.0635787146e+02    3.5004144185e+01    4.9950853953e+01   -1.6811920465e+02    1.1810479234e+01    2.0480000000e+03    5.1131311338e-03    5.9761868990e-01
       224   -7.1367747435e+01    5.0944107156e+03   -1.0618907730e+02    3.4821329862e+01    4.9820372248e+01   -1.6792074205e+02    1.1911292509e+01    2.0480000000e+03    5.1143332385e-03    5.9768629808e-01
       225   -7.1344567311e+01    5.0910544001e+03   -1.0669812359e+02    3.5353556280e+01    4.9735307309e+01   -1.6817564109e+02    1.1742210194e+01    2.0480000000e+03    5.1132577937e-03    5.9809194712e-01
       226   -7.1395957730e+01    5.0993588807e+03   -1.0722935583e+02    3.5833398097e+01    4.9998723521e+01   -1.6879911155e+02    1.1571032201e+01    2.0480000000e+03    5.1127478946e-03    5.9676983173e-01
       227   -7.1336288768e+01    5.0897715306e+03   -1.0626636190e+02    3.4930073128e+01    4.9727487721e+01   -1.6777265163e+02    1.1778802010e+01    2.0480000000e+03    5.1305149682e-03    5.9852013221e-01
       228   -7.1349193681e+01    5.0916421238e+03   -1.0633220606e+02    3.4983012376e+01    4.9472285339e+01   -1.6720399478e+02    1.1399503386e+01    2.0480000000e+03    5.1161115989e-03    5.9833984375e-01
       229   -7.1329443185e+01    5.0888535763e+03   -1.0686272194e+02    3.5533278751e+01    4.9709139079e+01   -1.6784137135e+02    1.1269510338e+01    2.0480000000e+03    5.1104519516e-03    5.9702524038e-01
       230   -7.1347088799e+01    5.0914381617e+03   -1.0648695930e+02    3.5139870502e+01    4.9673779040e+01   -1.6815852387e+02    1.1997785527e+01    2.0480000000e+03    5.1232920960e-03    5.9978215144e-01
       231   -7.1305425341e+01    5.0854949699e+03   -1.0629169449e+02    3.4986269152e+01    4.9851394407e+01   -1.6799070117e+02    1.1847612272e+01    2.0480000000e+03    5.1170997322e-03    5.9580829327e-01
       232   -7.1313269789e+01    5.0865107524e+03   -1.0617173624e+02    3.4858466454e+01    4.9574314460e+01   -1.6752988052e+02    1.1783829818e+01    2.0480000000e+03    5.1229048986e-03    5.9786658654e-01
       233   -7.1359301990e+01    5.0931510709e+03   -1.0695791411e+02    3.5598612118e+01    4.9712638953e+01   -1.6823017039e+02    1.1559617328e+01    2.0480000000e+03    5.1045592409e-03    5.9634915865e-01
       234   -7.1303647156e+01    5.0856982212e+03   -1.0646544457e+02    3.5161797415e+01    4.9882073063e+01   -1.6789520323e+02    1.1547685597e+01    2.0480000000e+03    5.1113448571e-03    5.9709284856e-01
       235   -7.1311860187e+01    5.0865613626e+03   -1.0587170336e+02    3.4559843178e+01    4.9638508471e+01   -1.6768709745e+02    1.2176885614e+01    2.0480000000e+03    5.1115339156e-03    5.9852013221e-01
       236   -7.1313277477e+01    5.0865989985e+03   -1.0654043516e+02    3.5227157687e+01    4.9700173700e+01   -1.6746949087e+02    1.1228882010e+01    2.0480000000e+03    5.1099243574e-03    5.9696514423e-01
       237   -7.1343709783e+01    5.0907791723e+03   -1.0617717715e+02    3.4833467364e+01    4.9753957690e+01   -1.6794163389e+02    1.2010499048e+01    2.0480000000e+03    5.0943947863e-03    5.9661207933e-01
       238   -7.1332831275e+01    5.0893554092e+03   -1.0611373257e+02    3.4780901296e+01    4.9516742591e+01   -1.6740835973e+02    1.1777884565e+01    2.0480000000e+03    5.1275971346e-03    6.0003756010e-01
       239   -7.1359757080e+01    5.0933131025e+03   -1.0664035366e+02    3.5280596581e+01    4.9546887741e+01   -1.6788733734e+02    1.1700095934e+01    2.0480000000e+03    5.1248511299e-03    5.9878305288e-01
       240   -7.1317125078e+01    5.0871072690e+03   -1.0680365196e+02    3.5486526878e+01    4.9705049749e+01   -1.6827249901e+02    1.1763797305e+01    2.0480000000e+03    5.1080300473e-03    5.9679236779e-01
       241   -7.1317306549e+01    5.0870704959e+03   -1.0619859020e+02    3.4881283654e+01    4.9291048936e+01   -1.6654626925e+02    1.1056630107e+01    2.0480000000e+03    5.1126298495e-03    5.9748347356e-01
       242   -7.1301939895e+01    5.0849535020e+03   -1.0662659105e+02    3.5324651155e+01    4.9644244518e+01   -1.6790830501e+02    1.1637469438e+01    2.0480000000e+03    5.1186131313e-03    5.9756610577e-01
       243   -7.1341185105e+01    5.0907318066e+03   -1.0667774183e+02    3.5336556726e+01    4.9710260670e+01   -1.6791053238e+02    1.1522529880e+01    2.0480000000e+03    5.1196822897e-03    5.9912109375e-01
       244   -7.1327501600e+01    5.0885819037e+03   -1.0596810612e+02    3.4640604516e+01    4.9599381013e+01   -1.6704200552e+02    1.1474518392e+01    2.0480000000e+03    5.1081033889e-03    5.9656700721e-01
       245   -7.1360767953e+01    5.0937905904e+03   -1.0680946950e+02    3.5448701550e+01    4.9869429517e+01   -1.6803726500e+02    1.1358365982e+01    2.0480000000e+03    5.1084994338e-03    5.9628155048e-01
       246   -7.1349862514e+01    5.0919749081e+03   -1.0641960199e+02    3.5069739476e+01    4.9748258490e+01   -1.6805465993e+02    1.1886799446e+01    2.0480000000e+03    5.1057520323e-03    5.9748347356e-01
       247   -7.1305469293e+01    5.0856379819e+03   -1.0654350300e+02    3.5238033707e+01    4.9893104195e+01   -1.6839886282e+02    1.1962255621e+01    2.0480000000e+03    5.1135537215e-03    5.9804687500e-01
       248   -7.1330262765e+01    5.0890294718e+03   -1.0681095870e+02    3.5480695933e+01    4.9802710290e+01   -1.6802432434e+02    1.1410655353e+01    2.0480000000e+03    5.0999976229e-03    5.9578575721e-01
       249   -7.1301747918e+01    5.0848714732e+03   -1.0676414718e+02    3.5462399266e+01    4.9716074685e+01   -1.6799727537e+02    1.1517053498e+01    2.0480000000e+03    5.1077029202e-03    5.9693509615e-01
       250   -7.1322874506e+01    5.0878777125e+03   -1.0645781158e+02    3.5134937076e+01    4.9676183158e+01   -1.6729043083e+02    1.1156436095e+01    2.0480000000e+03    5.1175400149e-03    5.9942157452e-01
       251   -7.1303515726e+01    5.0852025768e+03   -1.0681132078e+02    3.5507805057e+01    4.9796720893e+01   -1.6813599064e+02    1.1527948970e+01    2.0480000000e+03    5.1116291434e-03    5.9852013221e-01
       252   -7.1330647990e+01    5.0891541336e+03   -1.0639903397e+02    3.5068385976e+01    4.9651841232e+01   -1.6804152787e+02    1.1990652671e+01    2.0480000000e+03    5.1016397774e-03    5.9534254808e-01
       253   -7.1325594191e+01    5.0888134548e+03   -1.0642836291e+02    3.5102768724e+01    4.9552844806e+01   -1.6751243166e+02    1.1531223937e+01    2.0480000000e+03    5.1108733751e-03    5.9895582933e-01
       254   -7.1342311193e+01    5.0910171667e+03   -1.0600237503e+02    3.4660063836e+01    4.9595443104e+01   -1.6749301794e+02    1.1895199802e+01    2.0480000000e+03    5.1033031195e-03    5.9769381010e-01
       255   -7.1374513812e+01    5.0953673901e+03   -1.0634923041e+02    3.4974716603e+01    4.9633712059e+01   -1.6768176739e+02    1.1698824917e+01    2.0480000000e+03    5.1201526076e-03    5.9990234375e-01
       256   -7.1361722494e+01    5.0935543150e+03   -1.0632899449e+02    3.4967271993e+01    4.9722604393e+01   -1.6843774692e+02    1.2386148040e+01    2.0480000000e+03    5.1155851688e-03    5.9782902644e-01
       257   -7.1345650395e+01    5.0912125922e+03   -1.0627944984e+02    3.4933799445e+01    4.9815908670e+01   -1.6816975331e+02    1.2074394797e+01    2.0480000000e+03    5.1003352273e-03    5.9580078125e-01
       258   -7.1308355321e+01    5.0858710179e+03   -1.0676688763e+02    3.5458532306e+01    4.9786219968e+01   -1.6828063626e+02    1.1727528669e+01    2.0480000000e+03    5.0980565138e-03    5.9598106971e-01
       259   -7.1333874512e+01    5.0895606047e+03   -1.0632768408e+02    3.4993809568e+01    4.9625038344e+01   -1.6725870054e+02    1.1305978112e+01    2.0480000000e+03    5.1069788169e-03    5.9755108173e-01
       260   -7.1348489636e+01    5.0915567919e+03   -1.0639243498e+02    3.5043945349e+01    4.9739629369e+01   -1.6797034139e+02    1.1838277033e+01    2.0480000000e+03    5.1068631001e-03    5.9882061298e-01
       261   -7.1348603789e+01    5.0917110185e+03   -1.0664720272e+02    3.5298598929e+01    5.0007318452e+01   -1.6836708733e+02    1.1712566160e+01    2.0480000000e+03    5.1060654223e-03    5.9547776442e-01
       262   -7.1303784326e+01    5.0851477286e+03   -1.0657609520e+02    3.5272310874e+01    4.9879999051e+01   -1.6786642724e+02    1.1410332990e+01    2.0480000000e+03    5.1054854412e-03    5.9632662260e-01
       263   -7.1339365519e+01    5.0903588254e+03   -1.0670875133e+02    3.5369385813e+01    4.9884403434e+01   -1.6828364899e+02    1.1690494225e+01    2.0480000000e+03    5.1031215116e-03    5.9685246394e-01
       264   -7.1346006424e+01    5.0913273593e+03   -1.0651930073e+02    3.5173294309e+01    4.9753320948e+01   -1.6762910005e+02    1.1356478370e+01    2.0480000000e+03    5.1103255246e-03    5.9761117788e-01
       265   -7.1366254212e+01    5.0944333719e+03   -1.0622691778e+02    3.4860663569e+01    4.9783488106e+01   -1.6773982964e+02    1.1729423752e+01    2.0480000000e+03    5.1200487651e-03    5.9852013221e-01
       266   -7.1336325402e+01    5.0899677474e+03   -1.0691125379e+02    3.5574928391e+01    4.9771180199e+01   -1.6789978105e+02    1.1217347053e+01    2.0480000000e+03    5.1071541384e-03    5.9719801683e-01
       267   -7.1335059497e+01    5.0895510171e+03   -1.0663820800e+02    3.5303148506e+01    4.9777348044e+01   -1.6773943614e+02    1.1323880096e+01    2.0480000000e+03    5.1067771856e-03    5.9723557692e-01
       268   -7.1309932579e+01    5.0861262187e+03   -1.0663622563e+02    3.5326293055e+01    4.9747241276e+01   -1.6840603944e+02    1.2022572529e+01    2.0480000000e+03    5.1033855416e-03    5.9695763221e-01
       269   -7.1329001100e+01    5.0887064476e+03   -1.0632037025e+02    3.4991369154e+01    4.9590997875e+01   -1.6773488880e+02    1.1823520672e+01    2.0480000000e+03    5.0951864105e-03    5.9657451923e-01
       270   -7.1304499172e+01    5.0853368292e+03   -1.0663831438e+02    3.5333815205e+01    4.9613277197e+01   -1.6781880551e+02    1.1567213940e+01    2.0480000000e+03    5.1084926818e-03    5.9921875000e-01
       271   -7.1298199125e+01    5.0844062046e+03   -1.0636645973e+02    3.5068260604e+01    4.9587750708e+01   -1.6763139407e+02    1.1677183637e+01    2.0480000000e+03    5.1019121893e-03    5.9849759615e-01
       272   -7.1335460032e+01    5.0896775241e+03   -1.0537881654e+02    3.4043356513e+01    4.9262977010e+01   -1.6657276736e+02    1.1930973808e+01    2.0480000000e+03    5.1057522651e-03    5.9935396635e-01
       273   -7.1316432233e+01    5.0870618016e+03   -1.0604081980e+02    3.4724387567e+01    4.9483617704e+01   -1.6814040231e+02    1.2615964811e+01    2.0480000000e+03    5.1079741679e-03    5.9921875000e-01
       274   -7.1283894602e+01    5.0824150117e+03   -1.0606808852e+02    3.4784193916e+01    4.9588756777e+01   -1.6745152244e+02    1.1794677149e+01    2.0480000000e+03    5.0980045926e-03    5.9633413462e-01
       275   -7.1349780132e+01    5.0918427314e+03   -1.0585783322e+02    3.4508053087e+01    4.9464944083e+01   -1.6684116747e+02    1.1518390168e+01    2.0480000000e+03    5.1168797072e-03    5.9837740385e-01
       276   -7.1347184266e+01    5.0913592329e+03   -1.0616547151e+02    3.4818287241e+01    4.9712678203e+01   -1.6760372988e+02    1.1725580169e+01    2.0480000000e+03    5.1287114620e-03    5.9918118990e-01
       277   -7.1332393800e+01    5.0895706003e+03   -1.0721945726e+02    3.5887063459e+01    5.0020019341e+01   -1.6904938659e+02    1.1809909995e+01    2.0480000000e+03    5.1169940270e-03    5.9815204327e-01
       278   -7.1302846370e+01    5.0850801976e+03   -1.0678847369e+02    3.5485627323e+01    5.0049927122e+01   -1.6877331246e+02    1.1934911642e+01    2.0480000000e+03    5.1122298464e-03    5.9782151442e-01
       279   -7.1326149992e+01    5.0883561976e+03   -1.0619899537e+02    3.4872845376e+01    4.9917178090e+01   -1.6817075614e+02    1.2054582680e+01    2.0480000000e+03    5.1165767945e-03    5.9748347356e-01
       280   -7.1335683677e+01    5.0899510520e+03   -1.0649362010e+02    3.5157936419e+01    4.9905396401e+01   -1.6775298623e+02    1.1353969727e+01    2.0480000000e+03    5.1215873100e-03    5.9910606971e-01
       281   -7.1332891936e+01    5.0895132257e+03   -1.0668687960e+02    3.5353987665e+01    4.9650543165e+01   -1.6822201811e+02    1.1884595342e+01    2.0480000000e+03    5.1048817113e-03    5.9707031250e-01
       282   -7.1326856026e+01    5.0885884935e+03   -1.0635163075e+02    3.5024774719e+01    4.9776469639e+01   -1.6813754735e+02    1.2009446966e+01    2.0480000000e+03    5.1020313986e-03    5.9836989183e-01
       283   -7.1304255205e+01    5.0853326278e+03   -1.0661220369e+02    3.5307948483e+01    4.9896689838e+01   -1.6855749645e+02    1.2048602921e+01    2.0480000000e+03    5.1142843440e-03    5.9853515625e-01
       284   -7.1334242927e+01    5.0898376476e+03   -1.0623965544e+02    3.4905412509e+01    4.9825843583e+01   -1.6773929885e+02    1.1673799833e+01    2.0480000000e+03    5.1148692146e-03    5.9905348558e-01
       285   -7.1292907417e+01    5.0836805188e+03   -1.0635439865e+02    3.5061491234e+01    4.9706479543e+01   -1.6745801303e+02    1.1397134840e+01    2.0480000000e+03    5.0997845829e-03    5.9587590144e-01
       286   -7.1322028705e+01    5.0878921381e+03   -1.0683291904e+02    3.5510890331e+01    4.9742855144e+01   -1.6793906559e+02    1.1363291408e+01    2.0480000000e+03    5.1016069483e-03    5.9844501202e-01
       287   -7.1334251394e+01    5.0895262711e+03   -1.0612232406e+02    3.4788072664e+01    4.9582764587e+01   -1.6737183443e+02    1.1666745786e+01    2.0480000000e+03    5.0959503278e-03    5.9717548077e-01
       288   -7.1360164515e+01    5.0932228549e+03   -1.0672436253e+02    3.5364198018e+01    4.9737391452e+01   -1.6770455498e+02    1.1242800999e+01    2.0480000000e+03    5.1069972105e-03    5.9847506010e-01
       289   -7.1322806988e+01    5.0879323919e+03   -1.0580131313e+02    3.4478506145e+01    4.9586979175e+01   -1.6681490674e+02    1.1426614432e+01    2.0480000000e+03    5.0999207888e-03    5.9656700721e-01
       290   -7.1337048034e+01    5.0899773133e+03   -1.0652678332e+02    3.5189735282e+01    4.9636100235e+01   -1.6742276076e+02    1.1259877209e+01    2.0480000000e+03    5.1111059729e-03    6.0012019231e-01
       291   -7.1360751950e+01    5.0934849424e+03   -1.0594826773e+02    3.4587515777e+01    4.9739594476e+01   -1.6749505437e+02    1.1807192167e+01    2.0480000000e+03    5.1126237959e-03    5.9809194712e-01
       292   -7.1319423975e+01    5.0875526324e+03   -1.0595621747e+02    3.4636793494e+01    4.9619750539e+01   -1.6711189828e+02    1.1535930268e+01    2.0480000000e+03    5.1063844003e-03    5.9810697115e-01
       293   -7.1378139526e+01    5.0957560540e+03   -1.0564701884e+02    3.4268879317e+01    4.9583409836e+01   -1.6690331532e+02    1.1672886643e+01    2.0480000000e+03    5.1040670369e-03    5.9685246394e-01
       294   -7.1322939054e+01    5.0879172297e+03   -1.0675440963e+02    3.5431470576e+01    4.9723465455e+01   -1.6806022851e+02    1.1582353428e+01    2.0480000000e+03    5.0972239114e-03    5.9664212740e-01
       295   -7.1366131484e+01    5.0940626228e+03   -1.0642580824e+02    3.5059676754e+01    4.9641612580e+01   -1.6773669852e+02    1.1669277701e+01    2.0480000000e+03    5.1080242265e-03    5.9671724760e-01
       296   -7.1326966556e+01    5.0884691425e+03   -1.0645072851e+02    3.5123761951e+01    4.9862644712e+01   -1.6836831230e+02    1.2054939085e+01    2.0480000000e+03    5.1054146606e-03    5.9658954327e-01
       297   -7.1294738754e+01    5.0841975930e+03   -1.0618994138e+02    3.4895202628e+01    4.9620236041e+01   -1.6730284368e+02    1.1492666259e+01    2.0480000000e+03    5.1091259811e-03    5.9886568510e-01
       298   -7.1344656139e+01    5.0910283094e+03   -1.0619764529e+02    3.4852989146e+01    4.9571831101e+01   -1.6723903022e+02    1.1469553832e+01    2.0480000000e+03    5.1016230136e-03    5.9821213942e-01
       299   -7.1322211352e+01    5.0878135156e+03   -1.0642626768e+02    3.5104056329e+01    4.9560017637e+01   -1.6799527179e+02    1.2008986467e+01    2.0480000000e+03    5.1071383059e-03    5.9764873798e-01
       300   -7.1346897828e+01    5.0913360073e+03   -1.0657258739e+02    3.5225689561e+01    4.9922672327e+01   -1.6847015597e+02    1.1974896251e+01    2.0480000000e+03    5.1121208817e-03    5.9897085337e-01
       301   -7.1330487007e+01    5.0890991940e+03   -1.0655070859e+02    3.5220221578e+01    4.9739096337e+01   -1.6829844899e+02    1.2008644072e+01    2.0480000000e+03    5.0938138738e-03    5.9586838942e-01
       302   -7.1354750256e+01    5.0925178755e+03   -1.0654978507e+02    3.5195034818e+01    4.9658420847e+01   -1.6746947520e+02    1.1261269280e+01    2.0480000000e+03    5.1083981525e-03    5.9917367788e-01
       303   -7.1317281166e+01    5.0874635541e+03   -1.0656859251e+02    3.5251311349e+01    4.9784694901e+01   -1.6801219631e+02    1.1658908890e+01    2.0480000000e+03    5.1213603001e-03    6.0059344952e-01
       304   -7.1308886608e+01    5.0859923644e+03   -1.0644873827e+02    3.5139851665e+01    4.9936026316e+01   -1.6786235836e+02    1.1477593773e+01    2.0480000000e+03    5.1201591268e-03    5.9830228365e-01
       305   -7.1370310543e+01    5.0949073676e+03   -1.0670422897e+02    3.5333918423e+01    4.9849007760e+01   -1.6821183295e+02    1.1658596228e+01    2.0480000000e+03    5.1240662578e-03    5.9704026442e-01
       306   -7.1335281997e+01    5.0896072298e+03   -1.0612880741e+02    3.4793525410e+01    4.9822225837e+01   -1.6766659071e+02    1.1715557464e+01    2.0480000000e+03    5.1180918235e-03    5.9731820913e-01
       307   -7.1365950024e+01    5.0941863838e+03   -1.0621690235e+02    3.4850952330e+01    4.9661823059e+01   -1.6724174141e+02    1.1363016002e+01    2.0480000000e+03    5.1216455176e-03    5.9779897837e-01
       308   -7.1316954065e+01    5.0872218023e+03   -1.0630565751e+02    3.4988703445e+01    4.9737876030e+01   -1.6793189113e+02    1.1888357587e+01    2.0480000000e+03    5.1114188973e-03    5.9861027644e-01
       309   -7.1355351898e+01    5.0925116474e+03   -1.0614422762e+02    3.4788875722e+01    4.9798116451e+01   -1.6747376886e+02    1.1531424790e+01    2.0480000000e+03    5.0929526333e-03    5.9492938702e-01
       310   -7.1325580077e+01    5.0883181767e+03   -1.0674911189e+02    3.5423531809e+01    4.9701138672e+01   -1.6787896056e+02    1.1428710005e+01    2.0480000000e+03    5.1004271954e-03    5.9750600962e-01
       311   -7.1321876789e+01    5.0878184901e+03   -1.0696607693e+02    3.5644200140e+01    4.9540274244e+01   -1.6784951919e+02    1.1343168016e+01    2.0480000000e+03    5.1035424694e-03    5.9951171875e-01
       312   -7.1344139542e+01    5.0908410804e+03   -1.0682656096e+02    3.5482421415e+01    4.9579661925e+01   -1.6797558962e+02    1.1569366741e+01    2.0480000000e+03    5.1016472280e-03    5.9682241587e-01
       313   -7.1287040059e+01    5.0831081838e+03   -1.0582935087e+02    3.4542310816e+01    4.9354335747e+01   -1.6685828714e+02    1.1674600516e+01    2.0480000000e+03    5.1181903109e-03    6.0162259615e-01
       314   -7.1321290950e+01    5.0878224240e+03   -1.0631320105e+02    3.4991910100e+01    4.9389647343e+01   -1.6734372209e+02    1.1640873700e+01    2.0480000000e+03    5.0996399950e-03    5.9830979567e-01
       315   -7.1311953518e+01    5.0863857435e+03   -1.0672975123e+02    3.5417797717e+01    4.9684810751e+01   -1.6787103196e+02    1.1456469978e+01    2.0480000000e+03    5.1211998798e-03    5.9983473558e-01
       316   -7.1339780050e+01    5.0901730974e+03   -1.0662352470e+02    3.5283744651e+01    4.9652894160e+01   -1.6734011306e+02    1.1063694197e+01    2.0480000000e+03    5.1186177880e-03    5.9807692308e-01
       317   -7.1303992425e+01    5.0852880623e+03   -1.0662643362e+02    3.5322441198e+01    4.9664607422e+01   -1.6846570000e+02    1.2174658951e+01    2.0480000000e+03    5.1083879080e-03    5.9682241587e-01
       318   -7.1299438435e+01    5.0846129002e+03   -1.0617054689e+02    3.4871108458e+01    4.9636091400e+01   -1.6741515693e+02    1.1608518639e+01    2.0480000000e+03    5.1016034558e-03    5.9676231971e-01
       319   -7.1316260801e+01    5.0869533889e+03   -1.0603207129e+02    3.4715810488e+01    4.9563468759e+01   -1.6685855802e+02    1.1263017968e+01    2.0480000000e+03    5.1039862446e-03    5.9716796875e-01
       320   -7.1299739819e+01    5.0848499625e+03   -1.0634960490e+02    3.5049865080e+01    4.9573337619e+01   -1.6738679983e+02    1.1463857310e+01    2.0480000000e+03    5.1033846103e-03    5.9856520433e-01
       321   -7.1360761435e+01    5.0935217746e+03   -1.0590402123e+02    3.4543259796e+01    4.9406025772e+01   -1.6670702165e+02    1.1396974644e+01    2.0480000000e+03    5.1053850912e-03    5.9910606971e-01
       322   -7.1345414816e+01    5.0910713750e+03   -1.0590536383e+02    3.4559949011e+01    4.9472627710e+01   -1.6708216896e+02    1.1704177427e+01    2.0480000000e+03    5.1104358863e-03    6.0084885817e-01
       323   -7.1329976335e+01    5.0889631376e+03   -1.0601424336e+02    3.4684267027e+01    4.9346048817e+01   -1.6683227653e+02    1.1471984355e+01    2.0480000000e+03    5.0975049380e-03    5.9999248798e-01
       324   -7.1332561096e+01    5.0894108865e+03   -1.0655335050e+02    3.5220789402e+01    4.9507374356e+01   -1.6795124657e+02    1.1890521711e+01    2.0480000000e+03    5.0936834887e-03    5.9670222356e-01
       325   -7.1334008351e+01    5.0894973441e+03   -1.0600431194e+02    3.4670303585e+01    4.9422256651e+01   -1.6686579702e+02    1.1439228429e+01    2.0480000000e+03    5.1051506307e-03    5.9733323317e-01
       326   -7.1306160184e+01    5.0856321380e+03   -1.0600930753e+02    3.4703147343e+01    4.9545848124e+01   -1.6715333192e+02    1.1598176271e+01    2.0480000000e+03    5.1022970583e-03    5.9809945913e-01
       327   -7.1337933920e+01    5.0902097530e+03   -1.0619469357e+02    3.4856759650e+01    4.9558809860e+01   -1.6699505998e+02    1.1241556551e+01    2.0480000000e+03    5.1221882459e-03    5.9956430288e-01
       328   -7.1326159444e+01    5.0886250199e+03   -1.0630795021e+02    3.4981790769e+01    4.9702064410e+01   -1.6755230220e+02    1.1542287576e+01    2.0480000000e+03    5.1108028274e-03    5.9739332933e-01
       329   -7.1322232326e+01    5.0878868095e+03   -1.0693274288e+02    3.5610510550e+01    4.9707191063e+01   -1.6823131382e+02    1.1591379881e+01    2.0480000000e+03    5.1075769588e-03    5.9824969952e-01
       330   -7.1325539053e+01    5.0884644221e+03   -1.0627405834e+02    3.4948519291e+01    4.9608135806e+01   -1.6802014346e+02    1.2137949307e+01    2.0480000000e+03    5.1090824418e-03    5.9838491587e-01
       331   -7.1318897869e+01    5.0879299041e+03   -1.0592156514e+02    3.4602667269e+01    4.9584878312e+01   -1.6768794234e+02    1.2181498887e+01    2.0480000000e+03    5.1024681889e-03    5.9772385817e-01
       332   -7.1319615495e+01    5.0875434267e+03   -1.0631847988e+02    3.4998864380e+01    4.9553860148e+01   -1.6727761235e+02    1.1405272329e+01    2.0480000000e+03    5.1060619298e-03    6.0017277644e-01
       333   -7.1352975335e+01    5.0923947259e+03   -1.0641124961e+02    3.5058274270e+01    4.9641540515e+01   -1.6798431675e+02    1.1931526625e+01    2.0480000000e+03    5.1030404866e-03    5.9901592548e-01
       334   -7.1327698047e+01    5.0886503845e+03   -1.0597244226e+02    3.4644744215e+01    4.9669459926e+01   -1.6739381851e+02    1.1751916323e+01    2.0480000000e+03    5.1012076437e-03    5.9847506010e-01
       335   -7.1328506876e+01    5.0887431398e+03   -1.0609695782e+02    3.4768450945e+01    4.9683418928e+01   -1.6765056738e+02    1.1870190633e+01    2.0480000000e+03    5.0913542509e-03    5.9737079327e-01
       336   -7.1302084410e+01    5.0851021110e+03   -1.0639980234e+02    3.5097717934e+01    4.9674995814e+01   -1.6761963200e+02    1.1544833847e+01    2.0480000000e+03    5.1138403360e-03    6.0047325721e-01
       337   -7.1294085397e+01    5.0838802663e+03   -1.0614902062e+02    3.4854935224e+01    4.9431666443e+01   -1.6727126809e+02    1.1690581026e+01    2.0480000000e+03    5.1098407712e-03    5.9898587740e-01
       338   -7.1284270261e+01    5.0826141485e+03   -1.0606699048e+02    3.4782720220e+01    4.9535721211e+01   -1.6753354508e+02    1.1930833393e+01    2.0480000000e+03    5.1086135209e-03    5.9781400240e-01
       339   -7.1307687227e+01    5.0857372055e+03   -1.0688049480e+02    3.5572807575e+01    4.9787620023e+01   -1.6842827228e+02    1.1760157456e+01    2.0480000000e+03    5.1191714592e-03    5.9984224760e-01
       340   -7.1309233804e+01    5.0859466430e+03   -1.0645053888e+02    3.5141305074e+01    4.9615776557e+01   -1.6793571227e+02    1.1869396831e+01    2.0480000000e+03    5.0962097012e-03    5.9541766827e-01
       341   -7.1326827114e+01    5.0885888243e+03   -1.0637769926e+02    3.5050872149e+01    4.9712763691e+01   -1.6786906170e+02    1.1778598745e+01    2.0480000000e+03    5.0972707104e-03    5.9486929087e-01
       342   -7.1329566210e+01    5.0894761988e+03   -1.0591061811e+02    3.4581051905e+01    4.9484371085e+01   -1.6712712555e+02    1.1732136354e+01    2.0480000000e+03    5.1054037176e-03    5.9855769231e-01
       343   -7.1307984931e+01    5.0859142101e+03   -1.0648000743e+02    3.5172022499e+01    4.9545310255e+01   -1.6771913323e+02    1.1693815542e+01    2.0480000000e+03    5.0969177391e-03    5.9669471154e-01
       344   -7.1344662355e+01    5.0922685419e+03   -1.0688442452e+02    3.5539762166e+01    4.9633586093e+01   -1.6771755742e+02    1.1199546809e+01    2.0480000000e+03    5.1050903276e-03    5.9826472356e-01
       345   -7.1351639298e+01    5.0919699120e+03   -1.0636987903e+02    3.5018239736e+01    4.9712817321e+01   -1.6780659760e+02    1.1723901249e+01    2.0480000000e+03    5.0971866585e-03    5.9667968750e-01
       346   -7.1345444403e+01    5.0910177098e+03   -1.0680375112e+02    3.5458306715e+01    4.9623042763e+01   -1.6727661005e+02    1.0849816167e+01    2.0480000000e+03    5.1031911280e-03    5.9806189904e-01
       347   -7.1347250906e+01    5.0913393708e+03   -1.0660051094e+02    3.5253260034e+01    4.9835396324e+01   -1.6761056148e+02    1.1174654217e+01    2.0480000000e+03    5.1016910002e-03    5.9622896635e-01
       348   -7.1330198098e+01    5.0888911569e+03   -1.0648117211e+02    3.5150974017e+01    4.9683700140e+01   -1.6762496194e+02    1.1460089687e+01    2.0480000000e+03    5.1300195046e-03    5.9805438702e-01
       349   -7.1334253376e+01    5.0895950238e+03   -1.0656501017e+02    3.5230756797e+01    4.9932041620e+01   -1.6838599789e+02    1.1888946094e+01    2.0480000000e+03    5.4598737042e-03    5.9722806490e-01
       350   -7.1349187293e+01    5.0919215764e+03   -1.0645051958e+02    3.5101332286e+01    4.9641134964e+01   -1.6754597448e+02    1.1454319941e+01    2.0480000000e+03    5.1914516371e-03    5.9849759615e-01
       351   -7.1336726804e+01    5.0905859450e+03   -1.0608771590e+02    3.4750989092e+01    4.9633823181e+01   -1.6730378362e+02    1.1582244546e+01    2.0480000000e+03    5.1156482659e-03    5.9521484375e-01
       352   -7.1335547184e+01    5.0899646111e+03   -1.0629044619e+02    3.4954899009e+01    4.9951580655e+01   -1.6786959267e+02    1.1627565818e+01    2.0480000000e+03    5.1277156454e-03    6.0020282452e-01
       353   -7.1356737953e+01    5.0928318014e+03   -1.0650748346e+02    3.5150745511e+01    4.9893810635e+01   -1.6847573126e+02    1.2074437163e+01    2.0480000000e+03    5.1107322797e-03    5.9779897837e-01
       354   -7.1347052262e+01    5.0915445413e+03   -1.0645190722e+02    3.5104854960e+01    4.9878102582e+01   -1.6868243053e+02    1.2352420725e+01    2.0480000000e+03    5.1168715581e-03    6.0059344952e-01
       355   -7.1293522177e+01    5.0838986265e+03   -1.0633443892e+02    3.5040916740e+01    4.9598774560e+01   -1.6776572632e+02    1.1832512846e+01    2.0480000000e+03    5.1015692297e-03    5.9737830529e-01
       356   -7.1366287084e+01    5.0942202967e+03   -1.0624914266e+02    3.4882855577e+01    4.9543379821e+01   -1.6705190091e+02    1.1259378430e+01    2.0480000000e+03    5.1091625355e-03    5.9990234375e-01
       357   -7.1350069411e+01    5.0918844595e+03   -1.0634940672e+02    3.4999337304e+01    4.9534160439e+01   -1.6764063157e+02    1.1757064411e+01    2.0480000000e+03    5.1148717757e-03    5.9928635817e-01
       358   -7.1328191387e+01    5.0886835708e+03   -1.0641966604e+02    3.5091474650e+01    4.9698266465e+01   -1.6771356840e+02    1.1595635897e+01    2.0480000000e+03    5.1148629282e-03    5.9858774038e-01
       359   -7.1354560803e+01    5.0924230392e+03   -1.0653385792e+02    3.5179297118e+01    4.9607139194e+01   -1.6752423416e+02    1.1383237041e+01    2.0480000000e+03    5.1035631914e-03    5.9670973558e-01
       360   -7.1338581610e+01    5.0903365493e+03   -1.0652394495e+02    3.5185363344e+01    4.9662296154e+01   -1.6780070460e+02    1.1614463488e+01    2.0480000000e+03    5.1136342809e-03    5.9824969952e-01
       361   -7.1347234104e+01    5.0915567047e+03   -1.0633441078e+02    3.4987176679e+01    4.9655082938e+01   -1.6731802142e+02    1.1328527702e+01    2.0480000000e+03    5.1072032657e-03    5.9566556490e-01
       362   -7.1368480416e+01    5.0943823454e+03   -1.0658942479e+02    3.5220944376e+01    4.9659380096e+01   -1.6764604163e+02    1.1397236741e+01    2.0480000000e+03    5.1019089296e-03    5.9642427885e-01
       363   -7.1348481664e+01    5.0917243630e+03   -1.0643440577e+02    3.5085924103e+01    4.9614465920e+01   -1.6793370715e+02    1.1884835466e+01    2.0480000000e+03    5.1102128346e-03    5.9966195913e-01
       364   -7.1360163301e+01    5.0931680617e+03   -1.0602931445e+02    3.4669151149e+01    4.9352893721e+01   -1.6722499311e+02    1.1842784941e+01    2.0480000000e+03    5.0925835967e-03    5.9660456731e-01
       365   -7.1335623185e+01    5.0897903112e+03   -1.0627011936e+02    3.4934496175e+01    4.9402354845e+01   -1.6772652293e+02    1.2054048725e+01    2.0480000000e+03    5.0959966611e-03    5.9733323317e-01
       366   -7.1336965293e+01    5.0900064297e+03   -1.0592943609e+02    3.4592470802e+01    4.9299522574e+01   -1.6664098030e+02    1.1412021627e+01    2.0480000000e+03    5.1003471017e-03    5.9858022837e-01
       367   -7.1327046716e+01    5.0886453409e+03   -1.0654057601e+02    3.5213529293e+01    4.9575970040e+01   -1.6761481781e+02    1.1498271762e+01    2.0480000000e+03    5.0949139986e-03    5.9712289663e-01
       368   -7.1314626908e+01    5.0866833628e+03   -1.0624438595e+02    3.4929759046e+01    4.9474078863e+01   -1.6734540276e+02    1.1626937941e+01    2.0480000000e+03    5.1144319586e-03    6.0027794471e-01
       369   -7.1346565378e+01    5.0914399405e+03   -1.0590927051e+02    3.4562705135e+01    4.9377753579e+01   -1.6697808864e+02    1.1691064552e+01    2.0480000000e+03    5.1049615722e-03    5.9943659856e-01
       370   -7.1319901562e+01    5.0873796340e+03   -1.0644063857e+02    3.5120737011e+01    4.9477380805e+01   -1.6733610120e+02    1.1418081818e+01    2.0480000000e+03    5.0999319647e-03    5.9676231971e-01
       371   -7.1279329726e+01    5.0818164599e+03   -1.0672318880e+02    3.5443859078e+01    4.9513957631e+01   -1.6765529663e+02    1.1418150192e+01    2.0480000000e+03    5.1110161003e-03    5.9810697115e-01
       372   -7.1290205734e+01    5.0832384544e+03   -1.0650823211e+02    3.5218026380e+01    4.9477156882e+01   -1.6743057686e+02    1.1445187867e+01    2.0480000000e+03    5.1165772602e-03    5.9698768029e-01
       373   -7.1363367961e+01    5.0937051543e+03   -1.0586622292e+02    3.4502854959e+01    4.9461729270e+01   -1.6709118639e+02    1.1763234203e+01    2.0480000000e+03    5.1148736384e-03    5.9976712740e-01
       374   -7.1398934133e+01    5.0988615939e+03   -1.0678043429e+02    3.5381500152e+01    4.9898112014e+01   -1.6849820297e+02    1.1819656668e+01    2.0480000000e+03    5.1099758130e-03    5.9797926683e-01
       375   -7.1332333154e+01    5.0892833008e+03   -1.0670752872e+02    3.5375195562e+01    4.9802498352e+01   -1.6830571998e+02    1.1795692917e+01    2.0480000000e+03    5.1093124785e-03    5.9826472356e-01
       376   -7.1322243907e+01    5.0880629828e+03   -1.0663866559e+02    3.5316421682e+01    4.9709295040e+01   -1.6868382462e+02    1.2335863994e+01    2.0480000000e+03    5.0860485062e-03    5.9542518029e-01
       377   -7.1305369805e+01    5.0854186277e+03   -1.0694901274e+02    3.5643642934e+01    4.9702771948e+01   -1.6801001803e+02    1.1358233348e+01    2.0480000000e+03    5.1043960266e-03    5.9839993990e-01
       378   -7.1310823054e+01    5.0862452842e+03   -1.0695205592e+02    3.5641232869e+01    4.9683616350e+01   -1.6836230026e+02    1.1726627983e+01    2.0480000000e+03    5.1137963310e-03    5.9991736779e-01
       379   -7.1323392152e+01    5.0880937732e+03   -1.0679827188e+02    3.5474879730e+01    4.9755710986e+01   -1.6869971914e+02    1.2145736275e+01    2.0480000000e+03    5.1020795945e-03    5.9660456731e-01
       380   -7.1309251635e+01    5.0858860228e+03   -1.0589043024e+02    3.4581178603e+01    4.9524437250e+01   -1.6693960065e+02    1.1524733167e+01    2.0480000000e+03    5.1097928081e-03    5.9861027644e-01
       381   -7.1337656872e+01    5.0900252897e+03   -1.0632261961e+02    3.4984962735e+01    4.9641021511e+01   -1.6787034869e+02    1.1906707569e+01    2.0480000000e+03    5.1095902454e-03    5.9926382212e-01
       382   -7.1330014572e+01    5.0890854303e+03   -1.0650777984e+02    3.5177765268e+01    4.9864980898e+01   -1.6827889204e+02    1.1906131303e+01    2.0480000000e+03    5.1126452163e-03    5.9719050481e-01
       383   -7.1310661267e+01    5.0861322822e+03   -1.0652683564e+02    3.5216174375e+01    4.9787546059e+01   -1.6835083423e+02    1.2036452528e+01    2.0480000000e+03    5.1056025550e-03    5.9610877404e-01
       384   -7.1336732973e+01    5.0899670751e+03   -1.0699977198e+02    3.5663039010e+01    4.9824814480e+01   -1.6856461984e+02    1.1740033377e+01    2.0480000000e+03    5.1038593519e-03    5.9588341346e-01
       385   -7.1338451147e+01    5.0901661189e+03   -1.0623487644e+02    3.4896425288e+01    4.9626260084e+01   -1.6754197818e+02    1.1680841660e+01    2.0480000000e+03    5.1048954483e-03    5.9716045673e-01
       386   -7.1325569481e+01    5.0882038987e+03   -1.0657810989e+02    3.5252540404e+01    4.9528415418e+01   -1.6791219919e+02    1.1805673886e+01    2.0480000000e+03    5.1046379376e-03    5.9641676683e-01
       387   -7.1328068165e+01    5.0887005782e+03   -1.0685973603e+02    3.5531667863e+01    4.9771232913e+01   -1.6859102098e+02    1.1960052040e+01    2.0480000000e+03    5.1093318034e-03    5.9844501202e-01
       388   -7.1366286500e+01    5.0941119978e+03   -1.0680201795e+02    3.5435731447e+01    4.9717866434e+01   -1.6781769566e+02    1.1297811278e+01    2.0480000000e+03    5.1029862370e-03    5.9740084135e-01
       389   -7.1315667491e+01    5.0870056124e+03   -1.0669401854e+02    3.5378351049e+01    4.9560914021e+01   -1.6759772027e+02    1.1342787707e+01    2.0480000000e+03    5.1007526927e-03    5.9858022837e-01
       390   -7.1339538688e+01    5.0902957806e+03   -1.0635739868e+02    3.5017859992e+01    4.9540843694e+01   -1.6758013565e+02    1.1681893270e+01    2.0480000000e+03    5.0991333555e-03    5.9738581731e-01
       391   -7.1346488714e+01    5.0912496993e+03   -1.0613645471e+02    3.4789965995e+01    4.9533559204e+01   -1.6767512546e+02    1.2005111549e+01    2.0480000000e+03    5.1028009038e-03    5.9764122596e-01
       392   -7.1352569256e+01    5.0921790356e+03   -1.0626753481e+02    3.4914965557e+01    4.9562809719e+01   -1.6766534562e+02    1.1835001089e+01    2.0480000000e+03    5.1021981053e-03    5.9703275240e-01
       393   -7.1346397452e+01    5.0912588197e+03   -1.0609920820e+02    3.4752810748e+01    4.9478569920e+01   -1.6714210447e+02    1.1564326350e+01    2.0480000000e+03    5.1058544777e-03    5.9866286058e-01
       394   -7.1319940465e+01    5.0877675848e+03   -1.0687361622e+02    3.5553675755e+01    4.9932366000e+01   -1.6858325614e+02    1.1777273917e+01    2.0480000000e+03    5.1081387792e-03    5.9838491587e-01
       395   -7.1350945236e+01    5.0920998437e+03   -1.0690360179e+02    3.5552656557e+01    4.9804900935e+01   -1.6830709423e+02    1.1598591498e+01    2.0480000000e+03    5.0915800966e-03    5.9550781250e-01
       396   -7.1348942000e+01    5.0915860420e+03   -1.0702240570e+02    3.5673463698e+01    4.9788721049e+01   -1.6808966047e+02    1.1278533722e+01    2.0480000000e+03    5.1100486889e-03    5.9773888221e-01
       397   -7.1339270757e+01    5.0903120356e+03   -1.0644260933e+02    3.5103338573e+01    4.9633723162e+01   -1.6795348509e+02    1.1877152601e+01    2.0480000000e+03    5.1198278088e-03    5.9874549279e-01
       398   -7.1332283909e+01    5.0892346101e+03   -1.0591761611e+02    3.4585332200e+01    4.9727003516e+01   -1.6735643276e+02    1.1711813132e+01    2.0480000000e+03    5.1045943983e-03    5.9728816106e-01
       399   -7.1308601608e+01    5.0858770457e+03   -1.0709170306e+02    3.5783101449e+01    4.9636710855e+01   -1.6800996459e+02    1.1281550680e+01    2.0480000000e+03    5.1146184560e-03    5.9934645433e-01
