#   index    LocalEnergy         LocalEnergy_sq      LocalPotential      Kinetic             ElecElec            LocalECP            NonLocalECP         BlockWeight         BlockCPU            AcceptRatio         
         0   -7.1381281468e+01    5.0963726146e+03   -1.0628462392e+02    3.4903342450e+01    4.9509554394e+01   -1.6732477785e+02    1.1530599535e+01    8.1925000000e+05    2.0014097020e+00    9.9535776924e-01
         1   -7.1377721666e+01    5.0958830609e+03   -1.0635287786e+02    3.4975156192e+01    4.9582555806e+01   -1.6752178024e+02    1.1586346575e+01    8.1497700000e+05    1.9393070072e+00    9.9536471367e-01
         2   -7.1376654708e+01    5.0956723154e+03   -1.0641976578e+02    3.5043111075e+01    4.9493257823e+01   -1.6744296704e+02    1.1529943437e+01    8.1144800000e+05    1.9271765824e+00    9.9535026235e-01
         3   -7.1385517332e+01    5.0969577786e+03   -1.0636076775e+02    3.4975250415e+01    4.9409170379e+01   -1.6729342765e+02    1.1523489522e+01    8.1659700000e+05    1.9785811023e+00    9.9533347448e-01
         4   -7.1378896869e+01    5.0960431372e+03   -1.0628805864e+02    3.4909161774e+01    4.9454917574e+01   -1.6727664674e+02    1.1533670528e+01    8.2858800000e+05    2.2118310314e+00    9.9533333416e-01
         5   -7.1378083237e+01    5.0959331826e+03   -1.0635684924e+02    3.4978766007e+01    4.9480550823e+01   -1.6732876696e+02    1.1491366897e+01    8.2356500000e+05    2.1280133296e+00    9.9535033291e-01
         6   -7.1378240008e+01    5.0959197939e+03   -1.0630714635e+02    3.4928906344e+01    4.9518436073e+01   -1.6743129754e+02    1.1605715116e+01    8.2657200000e+05    2.1777158957e+00    9.9538498189e-01
         7   -7.1375910307e+01    5.0955882582e+03   -1.0643347994e+02    3.5057569631e+01    4.9563070856e+01   -1.6759433486e+02    1.1597784065e+01    8.1648200000e+05    2.0205105853e+00    9.9534076505e-01
         8   -7.1373253480e+01    5.0952396308e+03   -1.0645391848e+02    3.5080664995e+01    4.9649528358e+01   -1.6763896497e+02    1.1535518139e+01    8.0904400000e+05    1.9362128298e+00    9.9532145418e-01
         9   -7.1376637326e+01    5.0956923082e+03   -1.0649553125e+02    3.5118893929e+01    4.9698522827e+01   -1.6772241362e+02    1.1528359537e+01    8.0979300000e+05    1.8941010458e+00    9.9532117671e-01
        10   -7.1377240807e+01    5.0957734626e+03   -1.0645995571e+02    3.5082714902e+01    4.9634469769e+01   -1.6766340566e+02    1.1568980186e+01    8.0613200000e+05    1.9559213396e+00    9.9529545287e-01
        11   -7.1376121362e+01    5.0956599404e+03   -1.0648191744e+02    3.5105796079e+01    4.9573268918e+01   -1.6774997541e+02    1.1694789050e+01    8.1076900000e+05    1.9238794048e+00    9.9534920843e-01
        12   -7.1374784827e+01    5.0955867825e+03   -1.0632631928e+02    3.4951534452e+01    4.9552625261e+01   -1.6735224053e+02    1.1473295988e+01    8.0436600000e+05    1.9573616083e+00    9.9534026077e-01
        13   -7.1371993146e+01    5.0950786736e+03   -1.0622470600e+02    3.4852712852e+01    4.9442682629e+01   -1.6725188248e+02    1.1584493855e+01    8.0587100000e+05    1.9363565929e+00    9.9536403540e-01
        14   -7.1374426368e+01    5.0954176821e+03   -1.0640624909e+02    3.5031822722e+01    4.9597976777e+01   -1.6756012826e+02    1.1555902391e+01    8.1041300000e+05    1.9700171640e+00    9.9537372453e-01
        15   -7.1373907351e+01    5.0953392922e+03   -1.0644475420e+02    3.5070846846e+01    4.9576791868e+01   -1.6766334569e+02    1.1641799620e+01    8.1024800000e+05    1.9618421129e+00    9.9533509867e-01
        16   -7.1378840719e+01    5.0960026431e+03   -1.0645278597e+02    3.5073945248e+01    4.9591883186e+01   -1.6764689450e+02    1.1602225348e+01    8.0894100000e+05    1.9483407028e+00    9.9531248047e-01
        17   -7.1375322788e+01    5.0955047060e+03   -1.0656626656e+02    3.5190943770e+01    4.9728283666e+01   -1.6788515315e+02    1.1590602927e+01    8.1436800000e+05    2.5229080939e+00    9.9531446435e-01
        18   -7.1376155391e+01    5.0956469525e+03   -1.0664839791e+02    3.5272242522e+01    4.9709466621e+01   -1.6808916541e+02    1.1731300875e+01    8.1551400000e+05    2.6305707318e+00    9.9529380827e-01
        19   -7.1372668677e+01    5.0951562748e+03   -1.0655288890e+02    3.5180220225e+01    4.9640113649e+01   -1.6771394915e+02    1.1520946601e+01    8.1195200000e+05    1.9387314778e+00    9.9531137999e-01
        20   -7.1370559211e+01    5.0948117840e+03   -1.0648654172e+02    3.5115982514e+01    4.9605272087e+01   -1.6762145532e+02    1.1529641513e+01    8.0573500000e+05    1.9199984022e+00    9.9532739072e-01
        21   -7.1375216049e+01    5.0955396450e+03   -1.0636012743e+02    3.4984911385e+01    4.9575789822e+01   -1.6755080558e+02    1.1614888320e+01    8.1331700000e+05    1.9621489479e+00    9.9537084142e-01
        22   -7.1381217769e+01    5.0963356269e+03   -1.0644041094e+02    3.5059193166e+01    4.9624843495e+01   -1.6759430713e+02    1.1529052703e+01    8.1293300000e+05    1.9377701029e+00    9.9532679248e-01
        23   -7.1374160519e+01    5.0953742141e+03   -1.0662623220e+02    3.5252071676e+01    4.9741045538e+01   -1.6810316832e+02    1.1735890589e+01    8.1219400000e+05    1.9231741356e+00    9.9529356004e-01
        24   -7.1370087765e+01    5.0947559542e+03   -1.0643649346e+02    3.5066405698e+01    4.9609854292e+01   -1.6762568231e+02    1.1579334551e+01    8.1015800000e+05    1.9186716219e+00    9.9531953225e-01
        25   -7.1372877601e+01    5.0951576401e+03   -1.0642030967e+02    3.5047432066e+01    4.9542763067e+01   -1.6751712755e+02    1.1554054816e+01    8.1785900000e+05    2.0576467679e+00    9.9536397566e-01
        26   -7.1372570481e+01    5.0951320735e+03   -1.0632908203e+02    3.4956511549e+01    4.9563736645e+01   -1.6746857056e+02    1.1575751888e+01    8.1394100000e+05    1.9505902834e+00    9.9537742090e-01
        27   -7.1380265605e+01    5.0962181496e+03   -1.0646120201e+02    3.5080936403e+01    4.9569935818e+01   -1.6757293812e+02    1.1541800293e+01    8.1794300000e+05    2.0476997083e+00    9.9535032267e-01
        28   -7.1369860423e+01    5.0947320788e+03   -1.0639322370e+02    3.5023363273e+01    4.9535684206e+01   -1.6753061148e+02    1.1601703573e+01    8.1587200000e+05    2.0388448425e+00    9.9537748185e-01
        29   -7.1376341370e+01    5.0956656946e+03   -1.0640699556e+02    3.5030654186e+01    4.9579625771e+01   -1.6754308665e+02    1.1556465322e+01    8.0359700000e+05    1.9264724602e+00    9.9533642807e-01
        30   -7.1383358422e+01    5.0966931594e+03   -1.0642683689e+02    3.5043478472e+01    4.9632459119e+01   -1.6769186911e+02    1.1632573097e+01    8.1844700000e+05    2.0485097487e+00    9.9538408897e-01
        31   -7.1384667949e+01    5.0968703118e+03   -1.0644775895e+02    3.5063091002e+01    4.9601985563e+01   -1.6771587207e+02    1.1666127561e+01    8.2465500000e+05    2.1712303283e+00    9.9533627248e-01
        32   -7.1372887320e+01    5.0951473210e+03   -1.0635142641e+02    3.4978539091e+01    4.9511740389e+01   -1.6752255362e+02    1.1659386821e+01    8.2974500000e+05    2.2410899922e+00    9.9538065898e-01
        33   -7.1373798720e+01    5.0952932863e+03   -1.0638917362e+02    3.5015374899e+01    4.9520232840e+01   -1.6754504956e+02    1.1635643101e+01    8.1393500000e+05    1.9424537255e+00    9.9532811412e-01
        34   -7.1376386823e+01    5.0957124681e+03   -1.0648098582e+02    3.5104598997e+01    4.9539480984e+01   -1.6754726955e+02    1.1526802745e+01    8.1419100000e+05    1.9524454155e+00    9.9529849475e-01
        35   -7.1372090471e+01    5.0950205813e+03   -1.0633868856e+02    3.4966598086e+01    4.9473827335e+01   -1.6733435882e+02    1.1521842925e+01    8.1359900000e+05    1.9666652710e+00    9.9536647451e-01
        36   -7.1373469244e+01    5.0952565638e+03   -1.0641408551e+02    3.5040616262e+01    4.9524392389e+01   -1.6759140838e+02    1.1652930489e+01    8.2277000000e+05    2.1556892390e+00    9.9532128132e-01
        37   -7.1374715039e+01    5.0954616303e+03   -1.0654166172e+02    3.5166946680e+01    4.9664273969e+01   -1.6778911036e+02    1.1583174674e+01    8.2589400000e+05    2.1570729758e+00    9.9536558648e-01
        38   -7.1372740276e+01    5.0951307546e+03   -1.0631050766e+02    3.4937767386e+01    4.9501947959e+01   -1.6736164231e+02    1.1549186684e+01    8.3345500000e+05    2.2355584621e+00    9.9532541505e-01
        39   -7.1375985949e+01    5.0956147708e+03   -1.0616836684e+02    3.4792380894e+01    4.9444773512e+01   -1.6725500629e+02    1.1641865938e+01    8.3484300000e+05    2.3272760531e+00    9.9532473035e-01
        40   -7.1374336686e+01    5.0954128413e+03   -1.0634320406e+02    3.4968867370e+01    4.9486518111e+01   -1.6736701569e+02    1.1537293519e+01    8.1969800000e+05    2.0575973005e+00    9.9535590668e-01
        41   -7.1373879126e+01    5.0953144862e+03   -1.0648447750e+02    3.5110598373e+01    4.9571709878e+01   -1.6758970262e+02    1.1533515245e+01    8.1784900000e+05    2.0395647334e+00    9.9536254611e-01
        42   -7.1369004672e+01    5.0946054200e+03   -1.0647595653e+02    3.5106951853e+01    4.9554896230e+01   -1.6757858379e+02    1.1547731034e+01    8.1119000000e+05    1.9608133859e+00    9.9534696304e-01
        43   -7.1381132008e+01    5.0963318514e+03   -1.0644765274e+02    3.5066520731e+01    4.9545485991e+01   -1.6760704154e+02    1.1613902814e+01    8.2080200000e+05    2.0817085754e+00    9.9536210009e-01
        44   -7.1370957862e+01    5.0948995877e+03   -1.0643159215e+02    3.5060634292e+01    4.9590899290e+01   -1.6763735842e+02    1.1614866975e+01    8.2071500000e+05    2.0521324878e+00    9.9534485178e-01
        45   -7.1377813882e+01    5.0958970133e+03   -1.0639662791e+02    3.5018814023e+01    4.9593266180e+01   -1.6761579526e+02    1.1625901179e+01    8.0858900000e+05    1.9192137162e+00    9.9531087395e-01
        46   -7.1380634927e+01    5.0962788430e+03   -1.0650311588e+02    3.5122480954e+01    4.9626738455e+01   -1.6777717000e+02    1.1647315664e+01    8.1896100000e+05    2.0429715612e+00    9.9531529807e-01
        47   -7.1369760159e+01    5.0947184593e+03   -1.0644095765e+02    3.5071197488e+01    4.9605200139e+01   -1.6761725458e+02    1.1571096790e+01    8.1123600000e+05    2.0191614188e+00    9.9536230196e-01
        48   -7.1373982671e+01    5.0953172943e+03   -1.0636014609e+02    3.4986163417e+01    4.9556628191e+01   -1.6751236514e+02    1.1595590863e+01    8.2004600000e+05    2.1247456297e+00    9.9536067892e-01
        49   -7.1376322288e+01    5.0956650789e+03   -1.0644547104e+02    3.5069148750e+01    4.9599894108e+01   -1.6769537545e+02    1.1650010303e+01    8.2289800000e+05    2.1350383614e+00    9.9530658706e-01
        50   -7.1372397170e+01    5.0950797289e+03   -1.0640285588e+02    3.5030458710e+01    4.9611024078e+01   -1.6752666264e+02    1.1512782678e+01    8.3266900000e+05    2.2417172529e+00    9.9540102863e-01
        51   -7.1372840595e+01    5.0951594367e+03   -1.0641292338e+02    3.5040082786e+01    4.9542561112e+01   -1.6752659813e+02    1.1571113635e+01    8.1953300000e+05    2.0206672063e+00    9.9535785450e-01
        52   -7.1368065386e+01    5.0944822026e+03   -1.0645128958e+02    3.5083224194e+01    4.9671484120e+01   -1.6779981803e+02    1.1677044331e+01    8.1530400000e+05    1.9156347213e+00    9.9536943197e-01
        53   -7.1372464809e+01    5.0951066721e+03   -1.0645836596e+02    3.5085901150e+01    4.9630426766e+01   -1.6764526143e+02    1.1556468706e+01    8.1347000000e+05    1.9510109136e+00    9.9534850329e-01
        54   -7.1378587015e+01    5.0959911092e+03   -1.0648019137e+02    3.5101604360e+01    4.9666342777e+01   -1.6778243049e+02    1.1635896335e+01    8.1798100000e+05    1.9744251154e+00    9.9537872653e-01
        55   -7.1376717125e+01    5.0956902996e+03   -1.0633598739e+02    3.4959270264e+01    4.9521048206e+01   -1.6735892973e+02    1.1501894133e+01    8.1528400000e+05    1.9587133382e+00    9.9531698119e-01
        56   -7.1375609250e+01    5.0955415506e+03   -1.0635160041e+02    3.4975991162e+01    4.9546896655e+01   -1.6759483852e+02    1.1696341452e+01    8.2432900000e+05    2.1322344006e+00    9.9531545374e-01
        57   -7.1372188759e+01    5.0950933930e+03   -1.0635752961e+02    3.4985340849e+01    4.9512624851e+01   -1.6749907639e+02    1.1628921934e+01    8.2845600000e+05    2.1611668726e+00    9.9540002608e-01
        58   -7.1377492609e+01    5.0958018041e+03   -1.0639808303e+02    3.5020590425e+01    4.9537931960e+01   -1.6752675175e+02    1.1590736758e+01    8.1777900000e+05    1.9322096633e+00    9.9533760734e-01
        59   -7.1376058796e+01    5.0956078940e+03   -1.0648649495e+02    3.5110436158e+01    4.9481721076e+01   -1.6751271785e+02    1.1544501822e+01    8.1285500000e+05    1.9463122019e+00    9.9534555054e-01
        60   -7.1377030722e+01    5.0957737238e+03   -1.0624961645e+02    3.4872585723e+01    4.9467040461e+01   -1.6732208690e+02    1.1605429989e+01    8.2087700000e+05    2.1007551863e+00    9.9534401120e-01
        61   -7.1369888825e+01    5.0947277269e+03   -1.0661263000e+02    3.5242741175e+01    4.9651169543e+01   -1.6792223563e+02    1.1658436088e+01    8.1792200000e+05    1.9954973399e+00    9.9533910992e-01
        62   -7.1366702588e+01    5.0942788270e+03   -1.0646196538e+02    3.5095262797e+01    4.9645196895e+01   -1.6760619188e+02    1.1499029597e+01    8.0323500000e+05    1.8789865775e+00    9.9535306085e-01
        63   -7.1382560488e+01    5.0965566663e+03   -1.0655773939e+02    3.5175178904e+01    4.9686281494e+01   -1.6785827415e+02    1.1614253262e+01    8.0067700000e+05    1.9011213882e+00    9.9530967880e-01
        64   -7.1379264702e+01    5.0961329383e+03   -1.0648560626e+02    3.5106341556e+01    4.9621744288e+01   -1.6773674748e+02    1.1629396933e+01    8.1661100000e+05    1.9761821127e+00    9.9529545482e-01
        65   -7.1373353127e+01    5.0952282008e+03   -1.0645479983e+02    3.5081446704e+01    4.9572769962e+01   -1.6752212814e+02    1.1494558351e+01    8.2093100000e+05    2.0560317326e+00    9.9534186070e-01
        66   -7.1375501630e+01    5.0955393260e+03   -1.0652023247e+02    3.5144730843e+01    4.9617944593e+01   -1.6777687629e+02    1.1638699219e+01    8.1934700000e+05    2.0673410664e+00    9.9534642470e-01
        67   -7.1382330970e+01    5.0965164892e+03   -1.0644512473e+02    3.5062793760e+01    4.9654700869e+01   -1.6774865456e+02    1.1648828964e+01    8.2238800000e+05    2.1622601645e+00    9.9536879212e-01
        68   -7.1375913733e+01    5.0956013592e+03   -1.0630356215e+02    3.4927648415e+01    4.9518774412e+01   -1.6748978693e+02    1.1667450371e+01    8.2557200000e+05    2.2121709527e+00    9.9537339109e-01
        69   -7.1368629262e+01    5.0945328301e+03   -1.0637215700e+02    3.5003527738e+01    4.9483316479e+01   -1.6739794594e+02    1.1542472464e+01    8.2133000000e+05    2.1180223096e+00    9.9534654931e-01
        70   -7.1378172886e+01    5.0959109901e+03   -1.0637691965e+02    3.4998746759e+01    4.9563906179e+01   -1.6747126959e+02    1.1530443765e+01    8.1299300000e+05    1.9256417868e+00    9.9533767416e-01
        71   -7.1374417343e+01    5.0954506103e+03   -1.0643681866e+02    3.5062401314e+01    4.9568447714e+01   -1.6763017340e+02    1.1624907033e+01    8.0711300000e+05    1.9452318465e+00    9.9535020154e-01
        72   -7.1381741810e+01    5.0964590036e+03   -1.0643631491e+02    3.5054573097e+01    4.9566407304e+01   -1.6756516584e+02    1.1562443629e+01    8.2001400000e+05    2.0645201323e+00    9.9533374865e-01
        73   -7.1380246997e+01    5.0967355351e+03   -1.0645318981e+02    3.5072942816e+01    4.9565299705e+01   -1.6751891545e+02    1.1500425931e+01    8.1810500000e+05    2.0195710710e+00    9.9532853666e-01
        74   -7.1371977770e+01    5.0950918491e+03   -1.0638814053e+02    3.5016162764e+01    4.9496254663e+01   -1.6749634220e+02    1.1611947004e+01    8.1578100000e+05    1.9229218462e+00    9.9533643646e-01
        75   -7.1377531435e+01    5.0958286033e+03   -1.0639181103e+02    3.5014279600e+01    4.9516557646e+01   -1.6749187788e+02    1.1583509201e+01    8.1157300000e+05    1.9269266862e+00    9.9536290179e-01
        76   -7.1380794898e+01    5.0963134861e+03   -1.0641564255e+02    3.5034847649e+01    4.9518017613e+01   -1.6754714288e+02    1.1613482723e+01    8.0627700000e+05    1.9371468148e+00    9.9535272065e-01
        77   -7.1369030387e+01    5.0946005734e+03   -1.0641849831e+02    3.5049467927e+01    4.9490581610e+01   -1.6750105849e+02    1.1591978567e+01    8.1271900000e+05    1.9523583897e+00    9.9531216090e-01
        78   -7.1380941458e+01    5.0963240368e+03   -1.0640432817e+02    3.5023386715e+01    4.9537452201e+01   -1.6759340746e+02    1.1651627084e+01    8.2107100000e+05    2.1068045618e+00    9.9532897851e-01
        79   -7.1371298474e+01    5.0949419324e+03   -1.0639875021e+02    3.5027451735e+01    4.9564088896e+01   -1.6749774211e+02    1.1534903005e+01    8.2358200000e+05    2.1472328806e+00    9.9536119704e-01
        80   -7.1381310111e+01    5.0963856920e+03   -1.0650657270e+02    3.5125262592e+01    4.9649072786e+01   -1.6771243499e+02    1.1556789502e+01    8.1884700000e+05    2.0877483687e+00    9.9534944791e-01
        81   -7.1376438669e+01    5.0956692922e+03   -1.0646378886e+02    3.5087350189e+01    4.9624002970e+01   -1.6764923722e+02    1.1561445387e+01    8.2255100000e+05    2.1103632119e+00    9.9535067466e-01
        82   -7.1379503530e+01    5.0961460280e+03   -1.0639184986e+02    3.5012346332e+01    4.9575649851e+01   -1.6758605994e+02    1.1618560232e+01    8.2443700000e+05    2.1650745047e+00    9.9537294464e-01
        83   -7.1382050604e+01    5.0964508861e+03   -1.0650420263e+02    3.5122152030e+01    4.9691651484e+01   -1.6777808145e+02    1.1582227332e+01    8.1696400000e+05    2.0014808485e+00    9.9533495934e-01
        84   -7.1378278083e+01    5.0959624193e+03   -1.0646138531e+02    3.5083107225e+01    4.9643010952e+01   -1.6768329330e+02    1.1578897043e+01    8.1716900000e+05    1.9876459162e+00    9.9534447330e-01
        85   -7.1376441545e+01    5.0956828834e+03   -1.0660115023e+02    3.5224708687e+01    4.9709234184e+01   -1.6791434143e+02    1.1603957011e+01    8.1704600000e+05    2.0377437430e+00    9.9536281883e-01
        86   -7.1369952883e+01    5.0947362138e+03   -1.0635857783e+02    3.4988624949e+01    4.9599613001e+01   -1.6753375639e+02    1.1575565552e+01    8.1703100000e+05    2.0364350141e+00    9.9533726962e-01
        87   -7.1376957876e+01    5.0957377739e+03   -1.0624482649e+02    3.4867868611e+01    4.9539540453e+01   -1.6729977830e+02    1.1515411365e+01    8.1232800000e+05    1.9203276790e+00    9.9537293045e-01
        88   -7.1373956175e+01    5.0953399824e+03   -1.0628202753e+02    3.4908071355e+01    4.9566577040e+01   -1.6745527215e+02    1.1606667575e+01    8.2179400000e+05    2.0761313308e+00    9.9535566337e-01
        89   -7.1375598050e+01    5.0955637311e+03   -1.0651628236e+02    3.5140684306e+01    4.9586250786e+01   -1.6762744130e+02    1.1524908162e+01    8.2327100000e+05    2.1582919052e+00    9.9532759623e-01
        90   -7.1381511501e+01    5.0964187881e+03   -1.0651128618e+02    3.5129774676e+01    4.9558189643e+01   -1.6755030361e+02    1.1480827793e+01    8.2574900000e+05    2.1630758096e+00    9.9535713095e-01
        91   -7.1375815308e+01    5.0955805276e+03   -1.0643356117e+02    3.5057745864e+01    4.9588583971e+01   -1.6760072934e+02    1.1578584200e+01    8.2068500000e+05    2.0591963734e+00    9.9533883599e-01
        92   -7.1375907630e+01    5.0956039114e+03   -1.0653125424e+02    3.5155346611e+01    4.9612072490e+01   -1.6775050695e+02    1.1607180224e+01    8.2028900000e+05    2.0607305451e+00    9.9531457427e-01
        93   -7.1378605995e+01    5.0960014394e+03   -1.0653075302e+02    3.5152147027e+01    4.9704889127e+01   -1.6792701399e+02    1.1691371839e+01    8.0905600000e+05    1.9253600892e+00    9.9531571791e-01
        94   -7.1374959555e+01    5.0954879641e+03   -1.0651910335e+02    3.5144143795e+01    4.9606082217e+01   -1.6772741828e+02    1.1602232715e+01    8.1320400000e+05    1.9567105039e+00    9.9528244765e-01
        95   -7.1382215655e+01    5.0965058037e+03   -1.0639434286e+02    3.5012127207e+01    4.9508971324e+01   -1.6738302321e+02    1.1479709021e+01    8.1666400000e+05    1.9540145670e+00    9.9533996916e-01
        96   -7.1372375692e+01    5.0950908820e+03   -1.0641523763e+02    3.5042861938e+01    4.9510410324e+01   -1.6744076338e+02    1.1515115423e+01    8.1261600000e+05    1.9212442599e+00    9.9533283251e-01
        97   -7.1378576124e+01    5.0959539364e+03   -1.0636642192e+02    3.4987845799e+01    4.9536644154e+01   -1.6750611816e+02    1.1603052079e+01    8.0731400000e+05    1.9128362541e+00    9.9538196922e-01
        98   -7.1373803959e+01    5.0952995871e+03   -1.0630075094e+02    3.4926946980e+01    4.9499106984e+01   -1.6738493144e+02    1.1585073521e+01    8.0764600000e+05    1.8810185725e+00    9.9532688094e-01
        99   -7.1375572861e+01    5.0959699732e+03   -1.0638627956e+02    3.5010706700e+01    4.9513205547e+01   -1.6744320570e+02    1.1543720595e+01    8.1200600000e+05    1.9039613164e+00    9.9540131566e-01
       100   -7.1373233190e+01    5.0952478756e+03   -1.0654556061e+02    3.5172327419e+01    4.9681334285e+01   -1.6782092541e+02    1.1594030517e+01    8.1273200000e+05    1.9363263496e+00    9.9533760391e-01
       101   -7.1374947077e+01    5.0954732795e+03   -1.0654585892e+02    3.5170911846e+01    4.9669640896e+01   -1.6785734588e+02    1.1641846057e+01    8.0965600000e+05    1.8891137450e+00    9.9532814063e-01
       102   -7.1378881520e+01    5.0960910667e+03   -1.0646411473e+02    3.5085233211e+01    4.9577579799e+01   -1.6757406709e+02    1.1532372556e+01    8.2326400000e+05    2.1611618961e+00    9.9530189886e-01
       103   -7.1381123298e+01    5.0963362565e+03   -1.0646628257e+02    3.5085159274e+01    4.9606326328e+01   -1.6763109927e+02    1.1558490374e+01    8.2859500000e+05    2.2236247414e+00    9.9533547635e-01
       104   -7.1378153436e+01    5.0959023378e+03   -1.0643203314e+02    3.5053879706e+01    4.9594795223e+01   -1.6768389691e+02    1.1657068548e+01    8.2478100000e+05    2.1462376881e+00    9.9534085464e-01
       105   -7.1372777048e+01    5.0951521228e+03   -1.0632004374e+02    3.4947266693e+01    4.9513427027e+01   -1.6749793906e+02    1.1664468289e+01    8.1340800000e+05    1.9627848451e+00    9.9532151355e-01
       106   -7.1376172511e+01    5.0956428142e+03   -1.0625859352e+02    3.4882421006e+01    4.9496602668e+01   -1.6732019500e+02    1.1564998810e+01    8.0508000000e+05    1.9243515234e+00    9.9533108362e-01
       107   -7.1377370469e+01    5.0958131793e+03   -1.0641879421e+02    3.5041423738e+01    4.9559873492e+01   -1.6758231378e+02    1.1603646077e+01    8.1055800000e+05    1.9569674258e+00    9.9535218563e-01
       108   -7.1374155284e+01    5.0953845568e+03   -1.0659815015e+02    3.5223994868e+01    4.9619784331e+01   -1.6792808970e+02    1.1710155214e+01    8.1854200000e+05    2.0190910888e+00    9.9529156158e-01
       109   -7.1369798227e+01    5.0947000020e+03   -1.0658880938e+02    3.5219011155e+01    4.9753715364e+01   -1.6796859363e+02    1.1626068883e+01    8.1262500000e+05    1.9467710813e+00    9.9531574596e-01
       110   -7.1373831538e+01    5.0953327855e+03   -1.0657033750e+02    3.5196505965e+01    4.9704843361e+01   -1.6799291149e+02    1.1717730630e+01    8.1432000000e+05    1.9624994155e+00    9.9532695000e-01
       111   -7.1376995536e+01    5.0956903789e+03   -1.0654565660e+02    3.5168661066e+01    4.9622360921e+01   -1.6770945991e+02    1.1541442382e+01    8.1206300000e+05    1.8978898013e+00    9.9533445677e-01
       112   -7.1378834413e+01    5.0960568358e+03   -1.0649360521e+02    3.5114770802e+01    4.9575784050e+01   -1.6774826147e+02    1.1678872203e+01    8.1219100000e+05    1.9555691155e+00    9.9532876802e-01
       113   -7.1379210947e+01    5.0961445791e+03   -1.0638904740e+02    3.5009836454e+01    4.9529578047e+01   -1.6744114238e+02    1.1522516935e+01    8.1354800000e+05    1.9587433976e+00    9.9531690068e-01
       114   -7.1375974916e+01    5.0956049846e+03   -1.0663886956e+02    3.5262894640e+01    4.9681364306e+01   -1.6786303046e+02    1.1542796594e+01    8.1437500000e+05    2.0012621698e+00    9.9531942712e-01
       115   -7.1373732265e+01    5.0953956041e+03   -1.0642870208e+02    3.5054969820e+01    4.9589275703e+01   -1.6755990472e+02    1.1541926933e+01    8.1852400000e+05    1.9946871472e+00    9.9531059755e-01
       116   -7.1375542032e+01    5.0955629863e+03   -1.0649070625e+02    3.5115164218e+01    4.9590398512e+01   -1.6769023244e+02    1.1609127680e+01    8.1027500000e+05    1.9667296733e+00    9.9531371441e-01
       117   -7.1377310319e+01    5.0958120405e+03   -1.0643874715e+02    3.5061436830e+01    4.9598567986e+01   -1.6759530878e+02    1.1557993648e+01    8.2142300000e+05    2.1606821928e+00    9.9529918654e-01
       118   -7.1380696916e+01    5.0962781984e+03   -1.0638424526e+02    3.5003548343e+01    4.9576522172e+01   -1.6755095574e+02    1.1590188308e+01    8.2476200000e+05    2.1242909748e+00    9.9533870232e-01
       119   -7.1363741293e+01    5.0939113463e+03   -1.0637984541e+02    3.5016104115e+01    4.9584723136e+01   -1.6759827760e+02    1.1633709053e+01    8.1755300000e+05    1.9731167904e+00    9.9536537283e-01
       120   -7.1370983661e+01    5.0948769965e+03   -1.0637709351e+02    3.5006109847e+01    4.9541627704e+01   -1.6755227392e+02    1.1633552708e+01    8.1988600000e+05    2.0772062964e+00    9.9532960200e-01
       121   -7.1374364150e+01    5.0954200061e+03   -1.0658169971e+02    3.5207335561e+01    4.9594262470e+01   -1.6781582951e+02    1.1639867328e+01    8.0857600000e+05    1.9405810493e+00    9.9533476683e-01
       122   -7.1370264287e+01    5.0947751787e+03   -1.0653847007e+02    3.5168205787e+01    4.9629863171e+01   -1.6769605660e+02    1.1527723353e+01    8.1481500000e+05    1.9487539390e+00    9.9536803657e-01
       123   -7.1375642846e+01    5.0955737479e+03   -1.0648181200e+02    3.5106169153e+01    4.9581764960e+01   -1.6764206218e+02    1.1578485219e+01    8.1171000000e+05    1.9639220044e+00    9.9533551368e-01
       124   -7.1372886166e+01    5.0951990497e+03   -1.0637898020e+02    3.5006094037e+01    4.9509153936e+01   -1.6749642160e+02    1.1608287458e+01    8.0643300000e+05    1.9090923329e+00    9.9532608328e-01
       125   -7.1378385819e+01    5.0959475369e+03   -1.0644549224e+02    3.5067106423e+01    4.9569344636e+01   -1.6758068475e+02    1.1565847873e+01    8.0350400000e+05    1.9400391367e+00    9.9537261996e-01
       126   -7.1374320605e+01    5.0953469660e+03   -1.0653895225e+02    3.5164631642e+01    4.9635715628e+01   -1.6778094434e+02    1.1606276468e+01    8.0435500000e+05    1.9683355740e+00    9.9534151838e-01
       127   -7.1367732647e+01    5.0944136310e+03   -1.0641676220e+02    3.5049029551e+01    4.9568117009e+01   -1.6760936025e+02    1.1624481048e+01    8.0470000000e+05    1.9100816103e+00    9.9536205252e-01
       128   -7.1376551413e+01    5.0956967082e+03   -1.0628680126e+02    3.4910249852e+01    4.9475422789e+01   -1.6723711943e+02    1.1474895374e+01    8.1360800000e+05    1.9559612470e+00    9.9532381465e-01
       129   -7.1376226538e+01    5.0956525523e+03   -1.0638947279e+02    3.5013246256e+01    4.9497692509e+01   -1.6741141049e+02    1.1524245191e+01    8.1867200000e+05    2.0062784837e+00    9.9535690573e-01
       130   -7.1372099396e+01    5.0950897697e+03   -1.0657516382e+02    3.5203064424e+01    4.9610223822e+01   -1.6781312633e+02    1.1627738685e+01    8.1402600000e+05    1.9756672073e+00    9.9532306119e-01
       131   -7.1375254390e+01    5.0955905625e+03   -1.0656847709e+02    3.5193222704e+01    4.9603774169e+01   -1.6781025940e+02    1.1638008139e+01    8.1382200000e+05    1.9462234632e+00    9.9533713966e-01
       132   -7.1373859025e+01    5.0953038374e+03   -1.0657758153e+02    3.5203722500e+01    4.9613249588e+01   -1.6780876708e+02    1.1617935967e+01    8.2104200000e+05    2.0849101972e+00    9.9536387202e-01
       133   -7.1374665133e+01    5.0954072502e+03   -1.0642691966e+02    3.5052254523e+01    4.9621226215e+01   -1.6771868408e+02    1.1670538211e+01    8.1876600000e+05    2.0101654006e+00    9.9536709056e-01
       134   -7.1381691473e+01    5.0964097428e+03   -1.0638260520e+02    3.5000913727e+01    4.9543027082e+01   -1.6759999801e+02    1.1674365726e+01    8.1838400000e+05    2.0213260755e+00    9.9535699106e-01
       135   -7.1371280478e+01    5.0950069288e+03   -1.0664690489e+02    3.5275624414e+01    4.9687873314e+01   -1.6790400839e+02    1.1569230183e+01    8.1272200000e+05    1.9579421529e+00    9.9534408798e-01
       136   -7.1379345192e+01    5.0960740654e+03   -1.0647320617e+02    3.5093860981e+01    4.9542105508e+01   -1.6755508489e+02    1.1539773210e+01    8.1279200000e+05    1.9180611672e+00    9.9536130738e-01
       137   -7.1367194050e+01    5.0943257376e+03   -1.0653523696e+02    3.5168042910e+01    4.9598032692e+01   -1.6771552515e+02    1.1582255498e+01    8.1266800000e+05    1.9134901264e+00    9.9532162836e-01
       138   -7.1372845021e+01    5.0951745457e+03   -1.0641717230e+02    3.5044327278e+01    4.9557735874e+01   -1.6754580212e+02    1.1570893942e+01    8.1131100000e+05    1.9714556264e+00    9.9532207921e-01
       139   -7.1374584225e+01    5.0954834990e+03   -1.0648664301e+02    3.5112058789e+01    4.9592374994e+01   -1.6765403842e+02    1.1575020411e+01    8.1033300000e+05    1.9379345344e+00    9.9533411079e-01
       140   -7.1375502407e+01    5.0955292172e+03   -1.0642756192e+02    3.5052059509e+01    4.9609989126e+01   -1.6766255816e+02    1.1625007119e+01    8.0503800000e+05    1.9072708685e+00    9.9534113873e-01
       141   -7.1374037840e+01    5.0953017379e+03   -1.0632419972e+02    3.4950161877e+01    4.9551638143e+01   -1.6737163236e+02    1.1495794497e+01    8.0220900000e+05    1.9447080707e+00    9.9535474455e-01
       142   -7.1375444120e+01    5.0955517653e+03   -1.0650314276e+02    3.5127698641e+01    4.9644409908e+01   -1.6772656549e+02    1.1579012818e+01    8.1490200000e+05    1.9238389619e+00    9.9534431218e-01
       143   -7.1375793896e+01    5.0957049913e+03   -1.0640127322e+02    3.5025479326e+01    4.9573625067e+01   -1.6750500877e+02    1.1530110481e+01    8.2113100000e+05    2.1193194976e+00    9.9532498027e-01
       144   -7.1382553444e+01    5.0965837877e+03   -1.0649257513e+02    3.5110021682e+01    4.9636706106e+01   -1.6768657176e+02    1.1557290525e+01    8.2473100000e+05    2.3483969904e+00    9.9533539468e-01
       145   -7.1371027159e+01    5.0949564434e+03   -1.0655626314e+02    3.5185235983e+01    4.9708171966e+01   -1.6787857970e+02    1.1614144594e+01    8.1327200000e+05    1.9220717563e+00    9.9531476317e-01
       146   -7.1373270005e+01    5.0952221998e+03   -1.0634705137e+02    3.4973781364e+01    4.9623167212e+01   -1.6750636306e+02    1.1536144478e+01    8.1616400000e+05    2.0573098070e+00    9.9534394778e-01
       147   -7.1377808540e+01    5.0959317425e+03   -1.0658126796e+02    3.5203459421e+01    4.9768059591e+01   -1.6802094760e+02    1.1671620053e+01    8.0873800000e+05    2.2631709417e+00    9.9534141414e-01
       148   -7.1375080347e+01    5.0954864793e+03   -1.0638129399e+02    3.5006213641e+01    4.9548669713e+01   -1.6749658842e+02    1.1566624720e+01    8.0243400000e+05    1.8635569029e+00    9.9534876200e-01
       149   -7.1372904879e+01    5.0952008116e+03   -1.0634986266e+02    3.4976957778e+01    4.9500659294e+01   -1.6733249253e+02    1.1481970578e+01    8.1075700000e+05    1.9186937273e+00    9.9532353838e-01
       150   -7.1374614324e+01    5.0954242312e+03   -1.0635525825e+02    3.4980643928e+01    4.9565606344e+01   -1.6756569028e+02    1.1644825685e+01    8.1760100000e+05    1.9753025598e+00    9.9534779953e-01
       151   -7.1374456339e+01    5.0954095909e+03   -1.0638888568e+02    3.5014429341e+01    4.9501041048e+01   -1.6742950372e+02    1.1539576989e+01    8.2770100000e+05    2.2071083172e+00    9.9535762176e-01
       152   -7.1376478899e+01    5.0956810693e+03   -1.0651838161e+02    3.5141902709e+01    4.9627783417e+01   -1.6777003289e+02    1.1623867869e+01    8.2266100000e+05    2.1240514321e+00    9.9528824404e-01
       153   -7.1379580583e+01    5.0961042858e+03   -1.0631723156e+02    3.4937650973e+01    4.9495801737e+01   -1.6733012927e+02    1.1517095978e+01    8.1075200000e+05    1.9493761600e+00    9.9535662619e-01
       154   -7.1373892170e+01    5.0953197275e+03   -1.0636190419e+02    3.4988012024e+01    4.9519605290e+01   -1.6746530796e+02    1.1583798481e+01    8.1134200000e+05    1.9059246436e+00    9.9538753205e-01
       155   -7.1378064877e+01    5.0959082103e+03   -1.0636451602e+02    3.4986451143e+01    4.9568367384e+01   -1.6758896144e+02    1.1656078032e+01    8.0740900000e+05    1.9865275177e+00    9.9534988656e-01
       156   -7.1369452198e+01    5.0946587656e+03   -1.0638976113e+02    3.5020308936e+01    4.9600411341e+01   -1.6760620069e+02    1.1616028210e+01    8.1387800000e+05    1.9424483760e+00    9.9533150164e-01
       157   -7.1375171341e+01    5.0954902045e+03   -1.0641367391e+02    3.5038502565e+01    4.9639626737e+01   -1.6771091163e+02    1.1657610985e+01    8.1674700000e+05    2.0003130366e+00    9.9533942689e-01
       158   -7.1374841315e+01    5.0954256418e+03   -1.0639720431e+02    3.5022362995e+01    4.9596767910e+01   -1.6764656356e+02    1.1652591343e+01    8.0398300000e+05    1.9031980871e+00    9.9532160978e-01
       159   -7.1378634748e+01    5.0960134795e+03   -1.0644480295e+02    3.5066168202e+01    4.9632595918e+01   -1.6772328248e+02    1.1645883614e+01    8.0024200000e+05    1.9436543891e+00    9.9532277031e-01
       160   -7.1377006271e+01    5.0957844214e+03   -1.0661541864e+02    3.5238412368e+01    4.9689939224e+01   -1.6785439241e+02    1.1549034542e+01    8.0796000000e+05    1.9586137538e+00    9.9533627789e-01
       161   -7.1377098302e+01    5.0957540903e+03   -1.0661070708e+02    3.5233608778e+01    4.9594707025e+01   -1.6764323255e+02    1.1437818440e+01    8.1757400000e+05    2.0009068104e+00    9.9534677346e-01
       162   -7.1370018219e+01    5.0947706700e+03   -1.0634441596e+02    3.4974397738e+01    4.9521353819e+01   -1.6753043067e+02    1.1664660890e+01    8.1863100000e+05    2.0492120034e+00    9.9534841705e-01
       163   -7.1374345421e+01    5.0953742994e+03   -1.0645201017e+02    3.5077664747e+01    4.9556556219e+01   -1.6757124106e+02    1.1562674673e+01    8.1243200000e+05    1.9539509215e+00    9.9531574754e-01
       164   -7.1380429251e+01    5.0962422935e+03   -1.0645012274e+02    3.5069693494e+01    4.9559689382e+01   -1.6757010883e+02    1.1560296704e+01    8.1286500000e+05    1.9296396235e+00    9.9525905441e-01
       165   -7.1372758158e+01    5.0951599287e+03   -1.0633176244e+02    3.4959004281e+01    4.9509674816e+01   -1.6731722330e+02    1.1475786046e+01    8.0872500000e+05    1.9507863987e+00    9.9536212876e-01
       166   -7.1376715518e+01    5.0957171428e+03   -1.0644487722e+02    3.5068161704e+01    4.9641692355e+01   -1.6771905900e+02    1.1632489424e+01    8.1316100000e+05    2.0474232424e+00    9.9537002040e-01
       167   -7.1382120462e+01    5.0965157985e+03   -1.0656736739e+02    3.5185246931e+01    4.9655599822e+01   -1.6787105935e+02    1.1648092136e+01    8.0963500000e+05    2.5688983218e+00    9.9533832182e-01
       168   -7.1373435830e+01    5.0952368939e+03   -1.0634922668e+02    3.4975790845e+01    4.9500115718e+01   -1.6748114708e+02    1.1631804683e+01    8.1087400000e+05    2.5704759089e+00    9.9535077373e-01
       169   -7.1381267693e+01    5.0963435649e+03   -1.0630997427e+02    3.4928706580e+01    4.9469056462e+01   -1.6748334247e+02    1.1704311735e+01    8.1003200000e+05    2.2471470139e+00    9.9535759047e-01
       170   -7.1380062082e+01    5.0961886162e+03   -1.0617099371e+02    3.4790931624e+01    4.9452916884e+01   -1.6722269365e+02    1.1598783062e+01    8.0703400000e+05    2.0845245421e+00    9.9540012584e-01
       171   -7.1379871273e+01    5.0961638398e+03   -1.0637809663e+02    3.4998225361e+01    4.9475021063e+01   -1.6740566968e+02    1.1552551979e+01    8.1503000000e+05    2.1397991062e+00    9.9533784879e-01
       172   -7.1373307101e+01    5.0953203981e+03   -1.0632567388e+02    3.4952366782e+01    4.9509453585e+01   -1.6747370504e+02    1.1638577573e+01    8.1910700000e+05    2.2006407524e+00    9.9536661770e-01
       173   -7.1376326271e+01    5.0956171079e+03   -1.0641084621e+02    3.5034519936e+01    4.9491447672e+01   -1.6738598986e+02    1.1483695985e+01    8.2374100000e+05    2.1865566210e+00    9.9536909247e-01
       174   -7.1368686833e+01    5.0945830527e+03   -1.0632807887e+02    3.4959392039e+01    4.9510720944e+01   -1.6736419816e+02    1.1525398341e+01    8.1783000000e+05    2.2721224558e+00    9.9537829088e-01
       175   -7.1373832982e+01    5.0952856685e+03   -1.0641580425e+02    3.5041971271e+01    4.9566505935e+01   -1.6748324771e+02    1.1500937526e+01    8.1201700000e+05    2.1866669767e+00    9.9531140043e-01
       176   -7.1377369667e+01    5.0958033453e+03   -1.0639175210e+02    3.5014382429e+01    4.9605023869e+01   -1.6760784864e+02    1.1611072676e+01    8.0318500000e+05    2.2035675643e+00    9.9527469626e-01
       177   -7.1375140907e+01    5.0954635489e+03   -1.0638194652e+02    3.5006805615e+01    4.9576510956e+01   -1.6746773633e+02    1.1509278853e+01    8.0892500000e+05    2.2343991715e+00    9.9535364126e-01
       178   -7.1382748856e+01    5.0965666458e+03   -1.0639622922e+02    3.5013480361e+01    4.9566322711e+01   -1.6754520322e+02    1.1582651294e+01    8.2033000000e+05    2.1427439095e+00    9.9532731682e-01
       179   -7.1374691019e+01    5.0954618421e+03   -1.0632755558e+02    3.4952864564e+01    4.9569896205e+01   -1.6745340272e+02    1.1555950927e+01    8.2050900000e+05    2.1314662891e+00    9.9539162752e-01
       180   -7.1377007170e+01    5.0957824368e+03   -1.0662901282e+02    3.5252005647e+01    4.9740769928e+01   -1.6804963468e+02    1.1679851939e+01    8.2161600000e+05    2.1202989765e+00    9.9532909429e-01
       181   -7.1373003415e+01    5.0952445785e+03   -1.0657069991e+02    3.5197696492e+01    4.9683441696e+01   -1.6788602707e+02    1.1631885468e+01    8.1093800000e+05    1.9480604762e+00    9.9530197371e-01
       182   -7.1375194489e+01    5.0954921845e+03   -1.0664765564e+02    3.5272461153e+01    4.9740233311e+01   -1.6790706775e+02    1.1519178802e+01    8.1804300000e+05    2.0233954261e+00    9.9534675751e-01
       183   -7.1378112527e+01    5.0959234364e+03   -1.0638389758e+02    3.5005785058e+01    4.9573127937e+01   -1.6747747209e+02    1.1520446563e+01    8.1268900000e+05    2.0299220434e+00    9.9535973891e-01
       184   -7.1373889503e+01    5.0952874824e+03   -1.0650887684e+02    3.5134987339e+01    4.9637466983e+01   -1.6775435853e+02    1.1608014709e+01    8.1233200000e+05    1.9520098120e+00    9.9537681494e-01
       185   -7.1373526565e+01    5.0952270140e+03   -1.0631586957e+02    3.4942343005e+01    4.9592261723e+01   -1.6753615809e+02    1.1628026792e+01    8.0817900000e+05    1.9481587736e+00    9.9535243912e-01
       186   -7.1374306599e+01    5.0953626494e+03   -1.0646942950e+02    3.5095122902e+01    4.9571056988e+01   -1.6754852588e+02    1.1508039393e+01    8.0337800000e+05    1.9251484452e+00    9.9534267848e-01
       187   -7.1375413687e+01    5.0955457890e+03   -1.0660808741e+02    3.5232673728e+01    4.9628200003e+01   -1.6779889814e+02    1.1562610723e+01    8.0877500000e+05    1.9857523877e+00    9.9531912615e-01
       188   -7.1382025499e+01    5.0965326388e+03   -1.0646264237e+02    3.5080616867e+01    4.9575132849e+01   -1.6770052382e+02    1.1662748609e+01    8.1872800000e+05    2.0380379504e+00    9.9532525716e-01
       189   -7.1374767180e+01    5.0954633097e+03   -1.0642224416e+02    3.5047476984e+01    4.9565406898e+01   -1.6761501176e+02    1.1627360699e+01    8.2454000000e+05    2.1538392822e+00    9.9534857951e-01
       190   -7.1372175850e+01    5.0950574485e+03   -1.0647746446e+02    3.5105288609e+01    4.9624404790e+01   -1.6766246002e+02    1.1560590774e+01    8.2429100000e+05    2.1258460158e+00    9.9530185486e-01
       191   -7.1377540949e+01    5.0958501310e+03   -1.0659557220e+02    3.5218031246e+01    4.9647970782e+01   -1.6787059404e+02    1.1627051060e+01    8.2062000000e+05    2.0822927144e+00    9.9531192932e-01
       192   -7.1376450926e+01    5.0957218227e+03   -1.0653188875e+02    3.5155437829e+01    4.9615087690e+01   -1.6782992855e+02    1.1682952107e+01    8.1705200000e+05    1.9326380028e+00    9.9530555976e-01
       193   -7.1380044510e+01    5.0961779348e+03   -1.0636335590e+02    3.4983311389e+01    4.9510100392e+01   -1.6749170692e+02    1.1618250627e+01    8.1720200000e+05    2.0106967357e+00    9.9536941032e-01
       194   -7.1382916038e+01    5.0965919593e+03   -1.0653891384e+02    3.5155997804e+01    4.9610465968e+01   -1.6786063958e+02    1.1711259765e+01    8.2704000000e+05    2.1695941414e+00    9.9532213277e-01
       195   -7.1375990903e+01    5.0955803637e+03   -1.0643881732e+02    3.5062826419e+01    4.9573600482e+01   -1.6746205244e+02    1.1449634637e+01    8.2213400000e+05    2.1159494207e+00    9.9536656102e-01
       196   -7.1376731917e+01    5.0957227975e+03   -1.0641564700e+02    3.5038915084e+01    4.9573892075e+01   -1.6763933750e+02    1.1649798424e+01    8.1885700000e+05    2.0204119538e+00    9.9537467850e-01
       197   -7.1380688930e+01    5.0963136138e+03   -1.0644703674e+02    3.5066347810e+01    4.9575076318e+01   -1.6759604187e+02    1.1573928811e+01    8.1791500000e+05    1.9707452576e+00    9.9532019425e-01
       198   -7.1374861494e+01    5.0954565950e+03   -1.0643926371e+02    3.5064402220e+01    4.9601116193e+01   -1.6765718350e+02    1.1616803598e+01    8.2269800000e+05    2.1486611567e+00    9.9536263158e-01
       199   -7.1375203788e+01    5.0954875559e+03   -1.0637389628e+02    3.4998692494e+01    4.9594163302e+01   -1.6740275118e+02    1.1434691594e+01    8.2485300000e+05    2.1490317516e+00    9.9535114422e-01
       200   -7.1376275328e+01    5.0956331402e+03   -1.0652370969e+02    3.5147434366e+01    4.9639391609e+01   -1.6774605546e+02    1.1582954157e+01    8.1437000000e+05    1.9575627905e+00    9.9529971612e-01
       201   -7.1369641631e+01    5.0947269483e+03   -1.0642657962e+02    3.5056937985e+01    4.9608468036e+01   -1.6759972939e+02    1.1564681733e+01    8.1156800000e+05    1.9244025969e+00    9.9532556942e-01
       202   -7.1374708053e+01    5.0954108040e+03   -1.0634035098e+02    3.4965642925e+01    4.9561258742e+01   -1.6738035631e+02    1.1478746590e+01    8.1209000000e+05    1.9478913632e+00    9.9533725399e-01
       203   -7.1377142726e+01    5.0957568277e+03   -1.0628412836e+02    3.4906985631e+01    4.9577461245e+01   -1.6745579548e+02    1.1594205879e+01    8.0929800000e+05    1.9366814792e+00    9.9535397129e-01
       204   -7.1372598105e+01    5.0951523359e+03   -1.0641154424e+02    3.5038946130e+01    4.9620794695e+01   -1.6772890114e+02    1.1696562207e+01    8.0969700000e+05    1.9876948451e+00    9.9531635631e-01
       205   -7.1377719991e+01    5.0958724357e+03   -1.0635062121e+02    3.4972901219e+01    4.9659414798e+01   -1.6770469748e+02    1.1694661472e+01    8.1446000000e+05    1.9568553907e+00    9.9532984733e-01
       206   -7.1379154375e+01    5.0960632112e+03   -1.0622720444e+02    3.4848050061e+01    4.9549338183e+01   -1.6741099396e+02    1.1634451340e+01    8.1563900000e+05    2.0250991734e+00    9.9534438290e-01
       207   -7.1370594071e+01    5.0948506796e+03   -1.0656406257e+02    3.5193468496e+01    4.9675382772e+01   -1.6788313013e+02    1.1643684793e+01    8.1213400000e+05    1.9242501354e+00    9.9531055506e-01
       208   -7.1382481088e+01    5.0965393845e+03   -1.0646299852e+02    3.5080517433e+01    4.9639386558e+01   -1.6776459691e+02    1.1662211829e+01    8.1044100000e+05    1.8933225747e+00    9.9537296771e-01
       209   -7.1370248159e+01    5.0948201328e+03   -1.0620762055e+02    3.4837372394e+01    4.9457350333e+01   -1.6713105696e+02    1.1466086074e+01    8.1394900000e+05    1.9630904496e+00    9.9540369366e-01
       210   -7.1371367555e+01    5.0949324315e+03   -1.0634491367e+02    3.4973546113e+01    4.9565006786e+01   -1.6739872987e+02    1.1488809414e+01    8.1556900000e+05    2.0133213380e+00    9.9535562544e-01
       211   -7.1368584971e+01    5.0945548108e+03   -1.0647922742e+02    3.5110642450e+01    4.9615323836e+01   -1.6764006577e+02    1.1545514513e+01    8.2123200000e+05    2.0819756777e+00    9.9532141033e-01
       212   -7.1372471998e+01    5.0951241606e+03   -1.0648123062e+02    3.5108758622e+01    4.9623333395e+01   -1.6768746728e+02    1.1582903267e+01    8.2996400000e+05    2.1974517517e+00    9.9531773578e-01
       213   -7.1374013683e+01    5.0953004773e+03   -1.0648195272e+02    3.5107939040e+01    4.9548623575e+01   -1.6750097227e+02    1.1470395967e+01    8.2753100000e+05    2.2049102171e+00    9.9534709278e-01
       214   -7.1373825845e+01    5.0953215912e+03   -1.0643507904e+02    3.5061253196e+01    4.9565358063e+01   -1.6756700003e+02    1.1566562921e+01    8.1663600000e+05    1.9134330722e+00    9.9529732503e-01
       215   -7.1377151990e+01    5.0958004920e+03   -1.0643563996e+02    3.5058487967e+01    4.9577124647e+01   -1.6764057107e+02    1.1627806468e+01    8.1840700000e+05    2.0178229094e+00    9.9532130197e-01
       216   -7.1372235834e+01    5.0950554079e+03   -1.0645906231e+02    3.5086826472e+01    4.9603511505e+01   -1.6769515588e+02    1.1632582068e+01    8.0857900000e+05    1.9181232180e+00    9.9536641683e-01
       217   -7.1385822110e+01    5.0970257001e+03   -1.0632262070e+02    3.4936798587e+01    4.9548810405e+01   -1.6745590834e+02    1.1584477235e+01    8.0676400000e+05    1.9016675476e+00    9.9538521458e-01
       218   -7.1380236547e+01    5.0961950388e+03   -1.0627699131e+02    3.4896754761e+01    4.9577072684e+01   -1.6747928280e+02    1.1625218813e+01    8.1630200000e+05    1.9232050187e+00    9.9535287606e-01
       219   -7.1379991290e+01    5.0961830841e+03   -1.0637565002e+02    3.4995658726e+01    4.9543990373e+01   -1.6754973803e+02    1.1630097638e+01    8.1080100000e+05    1.9309032112e+00    9.9535672909e-01
       220   -7.1370885130e+01    5.0948768252e+03   -1.0636224244e+02    3.4991357308e+01    4.9596317575e+01   -1.6755163250e+02    1.1593072487e+01    8.0738300000e+05    1.9347197008e+00    9.9533942191e-01
       221   -7.1377848354e+01    5.0958785652e+03   -1.0644351827e+02    3.5065669918e+01    4.9657254310e+01   -1.6761752406e+02    1.1516751475e+01    8.0670400000e+05    1.9424070944e+00    9.9538787353e-01
       222   -7.1383321956e+01    5.0966335536e+03   -1.0634032140e+02    3.4956999440e+01    4.9570291084e+01   -1.6757085409e+02    1.1660241608e+01    8.1792500000e+05    1.9627793706e+00    9.9536958639e-01
       223   -7.1380854774e+01    5.0963476294e+03   -1.0646271431e+02    3.5081859531e+01    4.9601128244e+01   -1.6764075647e+02    1.1576913917e+01    8.2397600000e+05    2.1625200177e+00    9.9536407334e-01
       224   -7.1374330064e+01    5.0954394380e+03   -1.0637180492e+02    3.4997474856e+01    4.9585715558e+01   -1.6749717772e+02    1.1539657237e+01    8.2035800000e+05    2.0834269326e+00    9.9535236701e-01
       225   -7.1378527042e+01    5.0959858904e+03   -1.0653252253e+02    3.5153995486e+01    4.9630002878e+01   -1.6775063094e+02    1.1588105536e+01    8.1632600000e+05    1.9397440208e+00    9.9527594736e-01
       226   -7.1371257678e+01    5.0949123622e+03   -1.0643644787e+02    3.5065190196e+01    4.9590257377e+01   -1.6764127818e+02    1.1614572928e+01    8.1441200000e+05    1.9770372263e+00    9.9536156347e-01
       227   -7.1371108016e+01    5.0949217004e+03   -1.0635293971e+02    3.4981831691e+01    4.9515214555e+01   -1.6739057488e+02    1.1522420617e+01    8.1268200000e+05    1.9453085803e+00    9.9532005122e-01
       228   -7.1369689187e+01    5.0947045105e+03   -1.0646670385e+02    3.5097014660e+01    4.9583096587e+01   -1.6756873404e+02    1.1518933608e+01    8.0431100000e+05    1.9350586589e+00    9.9536405390e-01
       229   -7.1371267894e+01    5.0949179611e+03   -1.0650220806e+02    3.5130940170e+01    4.9606412866e+01   -1.6767528677e+02    1.1566665841e+01    8.1409800000e+05    1.9030563603e+00    9.9537222404e-01
       230   -7.1375865599e+01    5.0955996652e+03   -1.0655962306e+02    3.5183757466e+01    4.9604874616e+01   -1.6767760326e+02    1.1513105581e+01    8.1680600000e+05    1.9922004235e+00    9.9532252460e-01
       231   -7.1372831574e+01    5.0951626712e+03   -1.0646539699e+02    3.5092565415e+01    4.9617595018e+01   -1.6757809466e+02    1.1495102654e+01    8.2574900000e+05    2.1722788238e+00    9.9540174478e-01
       232   -7.1380902575e+01    5.0963057999e+03   -1.0640096288e+02    3.5020060303e+01    4.9505080363e+01   -1.6738831450e+02    1.1482271257e+01    8.1939700000e+05    2.0963450207e+00    9.9533328145e-01
       233   -7.1375304769e+01    5.0955141351e+03   -1.0639934274e+02    3.5024037968e+01    4.9550535101e+01   -1.6736682236e+02    1.1416944525e+01    8.1746200000e+05    1.9804878973e+00    9.9537597526e-01
       234   -7.1376969780e+01    5.0957808012e+03   -1.0655464184e+02    3.5177672056e+01    4.9642917729e+01   -1.6774804422e+02    1.1550484659e+01    8.2469700000e+05    2.1481088549e+00    9.9533823803e-01
       235   -7.1373609637e+01    5.0953068786e+03   -1.0645457561e+02    3.5080965970e+01    4.9642643054e+01   -1.6761764338e+02    1.1520424721e+01    8.1536900000e+05    1.9840459754e+00    9.9535482371e-01
       236   -7.1374856584e+01    5.0954050988e+03   -1.0642484388e+02    3.5049987296e+01    4.9582273250e+01   -1.6750976079e+02    1.1502643655e+01    8.2245900000e+05    2.1317682904e+00    9.9534944851e-01
       237   -7.1376786066e+01    5.0957150313e+03   -1.0653045280e+02    3.5153666729e+01    4.9652927009e+01   -1.6781400037e+02    1.1630620565e+01    8.1481200000e+05    1.9574379108e+00    9.9533425345e-01
       238   -7.1377176579e+01    5.0957699949e+03   -1.0645597248e+02    3.5078795900e+01    4.9577120589e+01   -1.6761940152e+02    1.1586308447e+01    8.1699500000e+05    1.9608857636e+00    9.9535849306e-01
       239   -7.1376334888e+01    5.0956435678e+03   -1.0651741772e+02    3.5141082829e+01    4.9569063762e+01   -1.6767233501e+02    1.1585853527e+01    8.1747700000e+05    1.9930487934e+00    9.9536946140e-01
       240   -7.1375446124e+01    5.0955439066e+03   -1.0644336896e+02    3.5067922836e+01    4.9584168769e+01   -1.6761357278e+02    1.1586035049e+01    8.2179100000e+05    2.1314429226e+00    9.9531020851e-01
       241   -7.1372326871e+01    5.0950853717e+03   -1.0643131046e+02    3.5058983591e+01    4.9552398069e+01   -1.6753663252e+02    1.1552923987e+01    8.2261100000e+05    2.1278554806e+00    9.9535534164e-01
       242   -7.1379958079e+01    5.0961741660e+03   -1.0654667259e+02    3.5166714514e+01    4.9595649269e+01   -1.6780348335e+02    1.1661161486e+01    8.3025200000e+05    2.1935276426e+00    9.9533716737e-01
       243   -7.1375323414e+01    5.0954939579e+03   -1.0645392238e+02    3.5078598965e+01    4.9470935601e+01   -1.6750383708e+02    1.1578979105e+01    8.3301600000e+05    2.2690503593e+00    9.9531361633e-01
       244   -7.1377797057e+01    5.0958631970e+03   -1.0632707896e+02    3.4949281907e+01    4.9451574084e+01   -1.6729273518e+02    1.1514082132e+01    8.2312300000e+05    2.1015743909e+00    9.9534640822e-01
       245   -7.1367215284e+01    5.0943456857e+03   -1.0632621034e+02    3.4958995053e+01    4.9449825054e+01   -1.6733631090e+02    1.1560275512e+01    8.1051500000e+05    1.9497562312e+00    9.9535623897e-01
       246   -7.1374571186e+01    5.0954140239e+03   -1.0644715700e+02    3.5072585813e+01    4.9597119692e+01   -1.6760810696e+02    1.1563830270e+01    8.0804500000e+05    1.9099454146e+00    9.9535894129e-01
       247   -7.1372992788e+01    5.0951617752e+03   -1.0652835833e+02    3.5155365546e+01    4.9635249645e+01   -1.6774053837e+02    1.1576930391e+01    8.1000400000e+05    1.9099165318e+00    9.9531990114e-01
       248   -7.1371462651e+01    5.0949435461e+03   -1.0651409403e+02    3.5142631376e+01    4.9620782463e+01   -1.6765755187e+02    1.1522675380e+01    8.1351800000e+05    2.0178210344e+00    9.9533224287e-01
       249   -7.1374573762e+01    5.0953837788e+03   -1.0659151206e+02    3.5216938297e+01    4.9677862011e+01   -1.6790861972e+02    1.1639245649e+01    8.1977700000e+05    2.0425790604e+00    9.9532698340e-01
