 $DATA  
                                                                                
C1       0
SI         14.0      0.0000000000      0.0000000000      0.0000000000
   S      10
     1              9.9982740000  0.00289400
     2              5.5176440000 -0.01452300
     3              3.0449650000  0.07763400
     4              1.6803930000 -0.22402200
     5              0.9273410000 -0.14908000
     6              0.5117620000  0.08594400
     7              0.2824210000  0.35539400
     8              0.1558570000  0.44521900
     9              0.0860110000  0.26723000
    10              0.0474660000  0.06078700
   S       1
     1              0.4885040000  1.00000000
   S       1
     1              0.1994570000  1.00000000
   S       1
     1              0.0814390000  1.00000000
   P      10
     1              5.0278680000 -0.00324200
     2              2.8677510000  0.01064900
     3              1.6356830000 -0.04976100
     4              0.9329470000 -0.00001700
     5              0.5321260000  0.10606000
     6              0.3035090000  0.23620200
     7              0.1731130000  0.31066500
     8              0.0987390000  0.29469600
     9              0.0563180000  0.15389800
    10              0.0321220000  0.04233700
   P       1
     1              1.2257900000  1.00000000
   P       1
     1              0.5013640000  1.00000000
   P       1
     1              0.2050640000  1.00000000
   D       1
     1              0.9970030000  1.00000000
   D       1
     1              0.3659420000  1.00000000
   D       1
     1              0.1343160000  1.00000000
   F       1
     1              0.5491160000  1.00000000
   F       1
     1              0.2149980000  1.00000000
   G       1
     1              0.4595470000  1.00000000
        
 $END      
--- OPEN SHELL ORBITALS --- GENERATED AT Fri Sep 28 23:11:17 2018
                                                                                
E(ROHF)=       -3.6725472499, E(NUC)=    0.0000000000,    7 ITERS
 $VEC   
 1  1 1.00007378E+00-7.93608653E-06 1.26536184E-04-2.28167464E-04 0.00000000E+00
 1  2 0.00000000E+00 0.00000000E+00 0.00000000E+00 0.00000000E+00 0.00000000E+00
 1  3 0.00000000E+00 0.00000000E+00 0.00000000E+00 0.00000000E+00 0.00000000E+00
 1  4 0.00000000E+00 5.17486542E-04 5.17486542E-04-1.03497308E-03 0.00000000E+00
 1  5 0.00000000E+00 0.00000000E+00-1.09578474E-03-1.09578474E-03 2.19156949E-03
 1  6 0.00000000E+00 0.00000000E+00 0.00000000E+00 4.25064460E-03 4.25064460E-03
 1  7-8.50128921E-03 0.00000000E+00 0.00000000E+00 0.00000000E+00 0.00000000E+00
 1  8 0.00000000E+00 0.00000000E+00 0.00000000E+00 0.00000000E+00 0.00000000E+00
 1  9 0.00000000E+00 0.00000000E+00 0.00000000E+00 0.00000000E+00 0.00000000E+00
 1 10 0.00000000E+00 0.00000000E+00 0.00000000E+00 0.00000000E+00 0.00000000E+00
 1 11 0.00000000E+00 0.00000000E+00 0.00000000E+00 0.00000000E+00-1.42259653E-05
 1 12-1.42259653E-05-3.79359076E-05 0.00000000E+00 0.00000000E+00 0.00000000E+00
 1 13 0.00000000E+00 0.00000000E+00 0.00000000E+00-8.32987237E-06 3.33194895E-05
 1 14 3.33194895E-05 0.00000000E+00 0.00000000E+00 0.00000000E+00
 2  1 0.00000000E+00 0.00000000E+00 0.00000000E+00 0.00000000E+00 1.00014750E+00
 2  2 0.00000000E+00 0.00000000E+00 1.89201769E-05 0.00000000E+00 0.00000000E+00
 2  3-4.68760806E-05 0.00000000E+00 0.00000000E+00-1.26270170E-04 0.00000000E+00
 2  4 0.00000000E+00 0.00000000E+00 0.00000000E+00 0.00000000E+00 0.00000000E+00
 2  5 0.00000000E+00 0.00000000E+00 0.00000000E+00 0.00000000E+00 0.00000000E+00
 2  6 0.00000000E+00 0.00000000E+00 0.00000000E+00 0.00000000E+00 0.00000000E+00
 2  7 0.00000000E+00 0.00000000E+00 0.00000000E+00 0.00000000E+00-4.68697182E-05
 2  8 0.00000000E+00 0.00000000E+00 0.00000000E+00 0.00000000E+00-2.09607752E-05
 2  9 0.00000000E+00 8.38431008E-05 0.00000000E+00 0.00000000E+00-2.00393313E-05
 2 10 0.00000000E+00 0.00000000E+00 0.00000000E+00 0.00000000E+00-8.96186138E-06
 2 11 0.00000000E+00 3.58474455E-05 0.00000000E+00 0.00000000E+00 0.00000000E+00
 2 12 0.00000000E+00 0.00000000E+00 0.00000000E+00 0.00000000E+00 0.00000000E+00
 2 13 0.00000000E+00 0.00000000E+00 0.00000000E+00 0.00000000E+00 0.00000000E+00
 2 14 0.00000000E+00 0.00000000E+00 0.00000000E+00 0.00000000E+00
 3  1 0.00000000E+00 0.00000000E+00 0.00000000E+00 0.00000000E+00 0.00000000E+00
 3  2 1.00014750E+00 0.00000000E+00 0.00000000E+00 1.89201769E-05 0.00000000E+00
 3  3 0.00000000E+00-4.68760806E-05 0.00000000E+00 0.00000000E+00-1.26270170E-04
 3  4 0.00000000E+00 0.00000000E+00 0.00000000E+00 0.00000000E+00 0.00000000E+00
 3  5 0.00000000E+00 0.00000000E+00 0.00000000E+00 0.00000000E+00 0.00000000E+00
 3  6 0.00000000E+00 0.00000000E+00 0.00000000E+00 0.00000000E+00 0.00000000E+00
 3  7 0.00000000E+00 0.00000000E+00 0.00000000E+00 0.00000000E+00 0.00000000E+00
 3  8-4.68697182E-05 0.00000000E+00-2.09607752E-05 0.00000000E+00 0.00000000E+00
 3  9 0.00000000E+00 0.00000000E+00 8.38431008E-05 0.00000000E+00 0.00000000E+00
 3 10-2.00393313E-05 0.00000000E+00-8.96186138E-06 0.00000000E+00 0.00000000E+00
 3 11 0.00000000E+00 0.00000000E+00 3.58474455E-05 0.00000000E+00 0.00000000E+00
 3 12 0.00000000E+00 0.00000000E+00 0.00000000E+00 0.00000000E+00 0.00000000E+00
 3 13 0.00000000E+00 0.00000000E+00 0.00000000E+00 0.00000000E+00 0.00000000E+00
 3 14 0.00000000E+00 0.00000000E+00 0.00000000E+00 0.00000000E+00
 4  1 0.00000000E+00 0.00000000E+00 0.00000000E+00 0.00000000E+00 0.00000000E+00
 4  2 0.00000000E+00 1.44801516E+00 0.00000000E+00 0.00000000E+00 3.03028359E-02
 4  3 0.00000000E+00 0.00000000E+00-1.07052764E-01 0.00000000E+00 0.00000000E+00
 4  4-4.11856770E-01 0.00000000E+00 0.00000000E+00 0.00000000E+00 0.00000000E+00
 4  5 0.00000000E+00 0.00000000E+00 0.00000000E+00 0.00000000E+00 0.00000000E+00
 4  6 0.00000000E+00 0.00000000E+00 0.00000000E+00 0.00000000E+00 0.00000000E+00
 4  7 0.00000000E+00 0.00000000E+00 0.00000000E+00 0.00000000E+00 0.00000000E+00
 4  8 0.00000000E+00-2.96708757E-03 0.00000000E+00 1.99038285E-03 0.00000000E+00
 4  9 1.99038285E-03 0.00000000E+00 0.00000000E+00 0.00000000E+00 0.00000000E+00
 4 10 0.00000000E+00-1.12862818E-02 0.00000000E+00 7.57106801E-03 0.00000000E+00
 4 11 7.57106801E-03 0.00000000E+00 0.00000000E+00 0.00000000E+00 0.00000000E+00
 4 12 0.00000000E+00 0.00000000E+00 0.00000000E+00 0.00000000E+00 0.00000000E+00
 4 13 0.00000000E+00 0.00000000E+00 0.00000000E+00 0.00000000E+00 0.00000000E+00
 4 14 0.00000000E+00 0.00000000E+00 0.00000000E+00 0.00000000E+00
 5  1 3.13292759E-01-6.32949108E-01 2.53374296E+00-2.41720612E+00 0.00000000E+00
 5  2 0.00000000E+00 0.00000000E+00 0.00000000E+00 0.00000000E+00 0.00000000E+00
 5  3 0.00000000E+00 0.00000000E+00 0.00000000E+00 0.00000000E+00 0.00000000E+00
 5  4 0.00000000E+00-1.47921128E-03-1.47921128E-03 2.95842256E-03 0.00000000E+00
 5  5 0.00000000E+00 0.00000000E+00-4.86531980E-04-4.86531980E-04 9.73063960E-04
 5  6 0.00000000E+00 0.00000000E+00 0.00000000E+00-3.16309570E-02-3.16309570E-02
 5  7 6.32619140E-02 0.00000000E+00 0.00000000E+00 0.00000000E+00 0.00000000E+00
 5  8 0.00000000E+00 0.00000000E+00 0.00000000E+00 0.00000000E+00 0.00000000E+00
 5  9 0.00000000E+00 0.00000000E+00 0.00000000E+00 0.00000000E+00 0.00000000E+00
 5 10 0.00000000E+00 0.00000000E+00 0.00000000E+00 0.00000000E+00 0.00000000E+00
 5 11 0.00000000E+00 0.00000000E+00 0.00000000E+00 0.00000000E+00 3.39293573E-05
 5 12 3.39293573E-05 9.04782861E-05 0.00000000E+00 0.00000000E+00 0.00000000E+00
 5 13 0.00000000E+00 0.00000000E+00 0.00000000E+00 1.98669974E-05-7.94679894E-05
 5 14-7.94679894E-05 0.00000000E+00 0.00000000E+00 0.00000000E+00
 6  1 0.00000000E+00 0.00000000E+00 0.00000000E+00 0.00000000E+00 0.00000000E+00
 6  2 0.00000000E+00 0.00000000E+00 0.00000000E+00 0.00000000E+00 0.00000000E+00
 6  3 0.00000000E+00 0.00000000E+00 0.00000000E+00 0.00000000E+00 0.00000000E+00
 6  4 0.00000000E+00 8.52136761E-02-8.52136761E-02 0.00000000E+00 0.00000000E+00
 6  5 0.00000000E+00 0.00000000E+00 2.86523494E-02-2.86523494E-02 0.00000000E+00
 6  6 0.00000000E+00 0.00000000E+00 0.00000000E+00 8.22955757E-01-8.22955757E-01
 6  7 0.00000000E+00 0.00000000E+00 0.00000000E+00 0.00000000E+00 0.00000000E+00
 6  8 0.00000000E+00 0.00000000E+00 0.00000000E+00 0.00000000E+00 0.00000000E+00
 6  9 0.00000000E+00 0.00000000E+00 0.00000000E+00 0.00000000E+00 0.00000000E+00
 6 10 0.00000000E+00 0.00000000E+00 0.00000000E+00 0.00000000E+00 0.00000000E+00
 6 11 0.00000000E+00 0.00000000E+00 0.00000000E+00 0.00000000E+00-5.29947392E-04
 6 12 5.29947392E-04 0.00000000E+00 0.00000000E+00 0.00000000E+00 0.00000000E+00
 6 13 0.00000000E+00 0.00000000E+00 0.00000000E+00 0.00000000E+00 9.30916257E-04
 6 14-9.30916257E-04 0.00000000E+00 0.00000000E+00 0.00000000E+00
 7  1 0.00000000E+00 0.00000000E+00 0.00000000E+00 0.00000000E+00 0.00000000E+00
 7  2 0.00000000E+00 0.00000000E+00 0.00000000E+00 0.00000000E+00 0.00000000E+00
 7  3 0.00000000E+00 0.00000000E+00 0.00000000E+00 0.00000000E+00 0.00000000E+00
 7  4 0.00000000E+00 0.00000000E+00 0.00000000E+00 0.00000000E+00 9.83962776E-02
 7  5 0.00000000E+00 0.00000000E+00 0.00000000E+00 0.00000000E+00 0.00000000E+00
 7  6 3.30848833E-02 0.00000000E+00 0.00000000E+00 0.00000000E+00 0.00000000E+00
 7  7 0.00000000E+00 9.50267456E-01 0.00000000E+00 0.00000000E+00 0.00000000E+00
 7  8 0.00000000E+00 0.00000000E+00 0.00000000E+00 0.00000000E+00 0.00000000E+00
 7  9 0.00000000E+00 0.00000000E+00 0.00000000E+00 0.00000000E+00 0.00000000E+00
 7 10 0.00000000E+00 0.00000000E+00 0.00000000E+00 0.00000000E+00 0.00000000E+00
 7 11 0.00000000E+00 0.00000000E+00 0.00000000E+00 0.00000000E+00 0.00000000E+00
 7 12 0.00000000E+00 0.00000000E+00-4.00602573E-04 0.00000000E+00-4.00602573E-04
 7 13 0.00000000E+00 0.00000000E+00 0.00000000E+00 0.00000000E+00 0.00000000E+00
 7 14 0.00000000E+00 0.00000000E+00 0.00000000E+00 1.07492950E-03
 8  1 0.00000000E+00 0.00000000E+00 0.00000000E+00 0.00000000E+00 0.00000000E+00
 8  2 0.00000000E+00 0.00000000E+00 0.00000000E+00 0.00000000E+00 0.00000000E+00
 8  3 0.00000000E+00 0.00000000E+00 0.00000000E+00 0.00000000E+00 0.00000000E+00
 8  4 0.00000000E+00 0.00000000E+00 0.00000000E+00 0.00000000E+00 0.00000000E+00
 8  5 0.00000000E+00 9.76101113E-02 0.00000000E+00 0.00000000E+00 0.00000000E+00
 8  6 0.00000000E+00 0.00000000E+00-9.77224359E-03 0.00000000E+00 0.00000000E+00
 8  7 0.00000000E+00 0.00000000E+00 0.00000000E+00 9.81064597E-01 0.00000000E+00
 8  8 0.00000000E+00 0.00000000E+00 0.00000000E+00 0.00000000E+00 0.00000000E+00
 8  9 0.00000000E+00 0.00000000E+00 0.00000000E+00 0.00000000E+00 0.00000000E+00
 8 10 0.00000000E+00 0.00000000E+00 0.00000000E+00 0.00000000E+00 0.00000000E+00
 8 11 0.00000000E+00 0.00000000E+00 0.00000000E+00 0.00000000E+00 0.00000000E+00
 8 12 0.00000000E+00 0.00000000E+00 0.00000000E+00 0.00000000E+00 0.00000000E+00
 8 13-1.15271318E-03 0.00000000E+00 1.53695091E-03 0.00000000E+00 0.00000000E+00
 8 14 0.00000000E+00-5.15509008E-04 0.00000000E+00 0.00000000E+00
 9  1 0.00000000E+00 0.00000000E+00 0.00000000E+00 0.00000000E+00 0.00000000E+00
 9  2 0.00000000E+00 0.00000000E+00 0.00000000E+00 0.00000000E+00 0.00000000E+00
 9  3 0.00000000E+00 0.00000000E+00 0.00000000E+00 0.00000000E+00 0.00000000E+00
 9  4 0.00000000E+00 0.00000000E+00 0.00000000E+00 0.00000000E+00 0.00000000E+00
 9  5 9.76101113E-02 0.00000000E+00 0.00000000E+00 0.00000000E+00 0.00000000E+00
 9  6 0.00000000E+00-9.77224359E-03 0.00000000E+00 0.00000000E+00 0.00000000E+00
 9  7 0.00000000E+00 0.00000000E+00 9.81064597E-01 0.00000000E+00 0.00000000E+00
 9  8 0.00000000E+00 0.00000000E+00 0.00000000E+00 0.00000000E+00 0.00000000E+00
 9  9 0.00000000E+00 0.00000000E+00 0.00000000E+00 0.00000000E+00 0.00000000E+00
 9 10 0.00000000E+00 0.00000000E+00 0.00000000E+00 0.00000000E+00 0.00000000E+00
 9 11 0.00000000E+00 0.00000000E+00 0.00000000E+00 0.00000000E+00 0.00000000E+00
 9 12 0.00000000E+00 0.00000000E+00 0.00000000E+00-1.15271318E-03 0.00000000E+00
 9 13 0.00000000E+00 1.53695091E-03 0.00000000E+00 0.00000000E+00 0.00000000E+00
 9 14 0.00000000E+00 0.00000000E+00-5.15509008E-04 0.00000000E+00
10  1 0.00000000E+00 0.00000000E+00 0.00000000E+00 0.00000000E+00 3.15247113E+00
10  2 0.00000000E+00 0.00000000E+00 1.74305489E-01 0.00000000E+00 0.00000000E+00
10  3-5.01652085E-01 0.00000000E+00 0.00000000E+00-2.97891275E+00 0.00000000E+00
10  4 0.00000000E+00 0.00000000E+00 0.00000000E+00 0.00000000E+00 0.00000000E+00
10  5 0.00000000E+00 0.00000000E+00 0.00000000E+00 0.00000000E+00 0.00000000E+00
10  6 0.00000000E+00 0.00000000E+00 0.00000000E+00 0.00000000E+00 0.00000000E+00
10  7 0.00000000E+00 0.00000000E+00 0.00000000E+00 0.00000000E+00 1.02591074E-03
10  8 0.00000000E+00 0.00000000E+00 0.00000000E+00 0.00000000E+00 4.58801229E-04
10  9 0.00000000E+00-1.83520492E-03 0.00000000E+00 0.00000000E+00-4.39145224E-03
10 10 0.00000000E+00 0.00000000E+00 0.00000000E+00 0.00000000E+00-1.96391715E-03
10 11 0.00000000E+00 7.85566858E-03 0.00000000E+00 0.00000000E+00 0.00000000E+00
10 12 0.00000000E+00 0.00000000E+00 0.00000000E+00 0.00000000E+00 0.00000000E+00
10 13 0.00000000E+00 0.00000000E+00 0.00000000E+00 0.00000000E+00 0.00000000E+00
10 14 0.00000000E+00 0.00000000E+00 0.00000000E+00 0.00000000E+00
11  1 0.00000000E+00 0.00000000E+00 0.00000000E+00 0.00000000E+00 0.00000000E+00
11  2 3.15247113E+00 0.00000000E+00 0.00000000E+00 1.74305489E-01 0.00000000E+00
11  3 0.00000000E+00-5.01652085E-01 0.00000000E+00 0.00000000E+00-2.97891275E+00
11  4 0.00000000E+00 0.00000000E+00 0.00000000E+00 0.00000000E+00 0.00000000E+00
11  5 0.00000000E+00 0.00000000E+00 0.00000000E+00 0.00000000E+00 0.00000000E+00
11  6 0.00000000E+00 0.00000000E+00 0.00000000E+00 0.00000000E+00 0.00000000E+00
11  7 0.00000000E+00 0.00000000E+00 0.00000000E+00 0.00000000E+00 0.00000000E+00
11  8 1.02591074E-03 0.00000000E+00 4.58801229E-04 0.00000000E+00 0.00000000E+00
11  9 0.00000000E+00 0.00000000E+00-1.83520492E-03 0.00000000E+00 0.00000000E+00
11 10-4.39145224E-03 0.00000000E+00-1.96391715E-03 0.00000000E+00 0.00000000E+00
11 11 0.00000000E+00 0.00000000E+00 7.85566858E-03 0.00000000E+00 0.00000000E+00
11 12 0.00000000E+00 0.00000000E+00 0.00000000E+00 0.00000000E+00 0.00000000E+00
11 13 0.00000000E+00 0.00000000E+00 0.00000000E+00 0.00000000E+00 0.00000000E+00
11 14 0.00000000E+00 0.00000000E+00 0.00000000E+00 0.00000000E+00
12  1 2.04215778E-02 6.84611003E-02-2.17209832E-01 1.54656552E-01 0.00000000E+00
12  2 0.00000000E+00 0.00000000E+00 0.00000000E+00 0.00000000E+00 0.00000000E+00
12  3 0.00000000E+00 0.00000000E+00 0.00000000E+00 0.00000000E+00 0.00000000E+00
12  4 0.00000000E+00-4.86673810E-02-4.86673810E-02 9.73347620E-02 0.00000000E+00
12  5 0.00000000E+00 0.00000000E+00 1.26794279E-02 1.26794279E-02-2.53588559E-02
12  6 0.00000000E+00 0.00000000E+00 0.00000000E+00-4.94921419E-01-4.94921419E-01
12  7 9.89842837E-01 0.00000000E+00 0.00000000E+00 0.00000000E+00 0.00000000E+00
12  8 0.00000000E+00 0.00000000E+00 0.00000000E+00 0.00000000E+00 0.00000000E+00
12  9 0.00000000E+00 0.00000000E+00 0.00000000E+00 0.00000000E+00 0.00000000E+00
12 10 0.00000000E+00 0.00000000E+00 0.00000000E+00 0.00000000E+00 0.00000000E+00
12 11 0.00000000E+00 0.00000000E+00 0.00000000E+00 0.00000000E+00 5.18084041E-04
12 12 5.18084041E-04 1.38155744E-03 0.00000000E+00 0.00000000E+00 0.00000000E+00
12 13 0.00000000E+00 0.00000000E+00 0.00000000E+00 3.03358952E-04-1.21343581E-03
12 14-1.21343581E-03 0.00000000E+00 0.00000000E+00 0.00000000E+00
13  1 0.00000000E+00 0.00000000E+00 0.00000000E+00 0.00000000E+00 0.00000000E+00
13  2 0.00000000E+00-3.00887195E+00 0.00000000E+00 0.00000000E+00-1.64492203E-01
13  3 0.00000000E+00 0.00000000E+00 4.39901317E-01 0.00000000E+00 0.00000000E+00
13  4 3.03115232E+00 0.00000000E+00 0.00000000E+00 0.00000000E+00 0.00000000E+00
13  5 0.00000000E+00 0.00000000E+00 0.00000000E+00 0.00000000E+00 0.00000000E+00
13  6 0.00000000E+00 0.00000000E+00 0.00000000E+00 0.00000000E+00 0.00000000E+00
13  7 0.00000000E+00 0.00000000E+00 0.00000000E+00 0.00000000E+00 0.00000000E+00
13  8 0.00000000E+00 1.68132077E-03 0.00000000E+00-1.12786426E-03 0.00000000E+00
13  9-1.12786426E-03 0.00000000E+00 0.00000000E+00 0.00000000E+00 0.00000000E+00
13 10 0.00000000E+00-1.25678547E-02 0.00000000E+00 8.43077324E-03 0.00000000E+00
13 11 8.43077324E-03 0.00000000E+00 0.00000000E+00 0.00000000E+00 0.00000000E+00
13 12 0.00000000E+00 0.00000000E+00 0.00000000E+00 0.00000000E+00 0.00000000E+00
13 13 0.00000000E+00 0.00000000E+00 0.00000000E+00 0.00000000E+00 0.00000000E+00
13 14 0.00000000E+00 0.00000000E+00 0.00000000E+00 0.00000000E+00
14  1 0.00000000E+00 0.00000000E+00 0.00000000E+00 0.00000000E+00 0.00000000E+00
14  2 0.00000000E+00 0.00000000E+00 0.00000000E+00 0.00000000E+00 0.00000000E+00
14  3 0.00000000E+00 0.00000000E+00 0.00000000E+00 0.00000000E+00 0.00000000E+00
14  4 0.00000000E+00 0.00000000E+00 0.00000000E+00 0.00000000E+00 0.00000000E+00
14  5 0.00000000E+00 0.00000000E+00 0.00000000E+00 0.00000000E+00 0.00000000E+00
14  6 0.00000000E+00 0.00000000E+00 0.00000000E+00 0.00000000E+00 0.00000000E+00
14  7 0.00000000E+00 0.00000000E+00 0.00000000E+00 0.00000000E+00 9.44661781E-02
14  8 0.00000000E+00 0.00000000E+00 0.00000000E+00 0.00000000E+00-1.26739677E-01
14  9 0.00000000E+00 0.00000000E+00 0.00000000E+00 0.00000000E+00-8.45693072E-01
14 10 0.00000000E+00 0.00000000E+00 0.00000000E+00 0.00000000E+00 1.13461632E+00
14 11 0.00000000E+00 0.00000000E+00 0.00000000E+00 0.00000000E+00 0.00000000E+00
14 12 0.00000000E+00 0.00000000E+00 0.00000000E+00 0.00000000E+00 0.00000000E+00
14 13 0.00000000E+00 0.00000000E+00 0.00000000E+00 0.00000000E+00 0.00000000E+00
14 14 0.00000000E+00 0.00000000E+00 0.00000000E+00 0.00000000E+00
15  1 0.00000000E+00 0.00000000E+00 0.00000000E+00 0.00000000E+00 0.00000000E+00
15  2 0.00000000E+00 0.00000000E+00 0.00000000E+00 0.00000000E+00 0.00000000E+00
15  3 0.00000000E+00 0.00000000E+00 0.00000000E+00 0.00000000E+00 0.00000000E+00
15  4 0.00000000E+00 0.00000000E+00 0.00000000E+00 0.00000000E+00 0.00000000E+00
15  5 0.00000000E+00 0.00000000E+00 0.00000000E+00 0.00000000E+00 0.00000000E+00
15  6 0.00000000E+00 0.00000000E+00 0.00000000E+00 0.00000000E+00 0.00000000E+00
15  7 0.00000000E+00 0.00000000E+00 0.00000000E+00 0.00000000E+00 0.00000000E+00
15  8 9.44661781E-02 0.00000000E+00-1.26739677E-01 0.00000000E+00 0.00000000E+00
15  9 0.00000000E+00 0.00000000E+00 0.00000000E+00 0.00000000E+00 0.00000000E+00
15 10-8.45693072E-01 0.00000000E+00 1.13461632E+00 0.00000000E+00 0.00000000E+00
15 11 0.00000000E+00 0.00000000E+00 0.00000000E+00 0.00000000E+00 0.00000000E+00
15 12 0.00000000E+00 0.00000000E+00 0.00000000E+00 0.00000000E+00 0.00000000E+00
15 13 0.00000000E+00 0.00000000E+00 0.00000000E+00 0.00000000E+00 0.00000000E+00
15 14 0.00000000E+00 0.00000000E+00 0.00000000E+00 0.00000000E+00
16  1 0.00000000E+00 0.00000000E+00 0.00000000E+00 0.00000000E+00 0.00000000E+00
16  2 0.00000000E+00 0.00000000E+00 0.00000000E+00 0.00000000E+00 0.00000000E+00
16  3 0.00000000E+00 0.00000000E+00 0.00000000E+00 0.00000000E+00 0.00000000E+00
16  4 0.00000000E+00 0.00000000E+00 0.00000000E+00 0.00000000E+00 0.00000000E+00
16  5 0.00000000E+00 0.00000000E+00 0.00000000E+00 0.00000000E+00 0.00000000E+00
16  6 0.00000000E+00 0.00000000E+00 0.00000000E+00 0.00000000E+00 0.00000000E+00
16  7 0.00000000E+00 0.00000000E+00 0.00000000E+00 0.00000000E+00 0.00000000E+00
16  8 0.00000000E+00 0.00000000E+00 0.00000000E+00-1.07410909E-01 0.00000000E+00
16  9 1.07410909E-01 0.00000000E+00 0.00000000E+00 0.00000000E+00 0.00000000E+00
16 10 0.00000000E+00 0.00000000E+00 0.00000000E+00 9.28551780E-01 0.00000000E+00
16 11-9.28551780E-01 0.00000000E+00 0.00000000E+00 0.00000000E+00 0.00000000E+00
16 12 0.00000000E+00 0.00000000E+00 0.00000000E+00 0.00000000E+00 0.00000000E+00
16 13 0.00000000E+00 0.00000000E+00 0.00000000E+00 0.00000000E+00 0.00000000E+00
16 14 0.00000000E+00 0.00000000E+00 0.00000000E+00 0.00000000E+00
17  1 0.00000000E+00 0.00000000E+00 0.00000000E+00 0.00000000E+00 0.00000000E+00
17  2 0.00000000E+00 0.00000000E+00 0.00000000E+00 0.00000000E+00 0.00000000E+00
17  3 0.00000000E+00 0.00000000E+00 0.00000000E+00 0.00000000E+00 0.00000000E+00
17  4 0.00000000E+00 0.00000000E+00 0.00000000E+00 0.00000000E+00 0.00000000E+00
17  5 0.00000000E+00 0.00000000E+00 0.00000000E+00 0.00000000E+00 0.00000000E+00
17  6 0.00000000E+00 0.00000000E+00 0.00000000E+00 0.00000000E+00 0.00000000E+00
17  7 0.00000000E+00 0.00000000E+00 0.00000000E+00 0.00000000E+00 0.00000000E+00
17  8 0.00000000E+00 0.00000000E+00 0.00000000E+00 0.00000000E+00 0.00000000E+00
17  9 0.00000000E+00 0.00000000E+00 0.00000000E+00-1.24027434E-01 0.00000000E+00
17 10 0.00000000E+00 0.00000000E+00 0.00000000E+00 0.00000000E+00 0.00000000E+00
17 11 0.00000000E+00 0.00000000E+00 0.00000000E+00 1.07219924E+00 0.00000000E+00
17 12 0.00000000E+00 0.00000000E+00 0.00000000E+00 0.00000000E+00 0.00000000E+00
17 13 0.00000000E+00 0.00000000E+00 0.00000000E+00 0.00000000E+00 0.00000000E+00
17 14 0.00000000E+00 0.00000000E+00 0.00000000E+00 0.00000000E+00
18  1 0.00000000E+00 0.00000000E+00 0.00000000E+00 0.00000000E+00-2.82881342E-02
18  2 0.00000000E+00 0.00000000E+00 1.50466418E-03 0.00000000E+00 0.00000000E+00
18  3-7.42635284E-03 0.00000000E+00 0.00000000E+00 3.42563831E-02 0.00000000E+00
18  4 0.00000000E+00 0.00000000E+00 0.00000000E+00 0.00000000E+00 0.00000000E+00
18  5 0.00000000E+00 0.00000000E+00 0.00000000E+00 0.00000000E+00 0.00000000E+00
18  6 0.00000000E+00 0.00000000E+00 0.00000000E+00 0.00000000E+00 0.00000000E+00
18  7 0.00000000E+00 0.00000000E+00 0.00000000E+00 0.00000000E+00 7.76328862E-02
18  8 0.00000000E+00 0.00000000E+00 0.00000000E+00 0.00000000E+00 3.47184822E-02
18  9 0.00000000E+00-1.38873929E-01 0.00000000E+00 0.00000000E+00-6.57479749E-01
18 10 0.00000000E+00 0.00000000E+00 0.00000000E+00 0.00000000E+00-2.94033883E-01
18 11 0.00000000E+00 1.17613553E+00 0.00000000E+00 0.00000000E+00 0.00000000E+00
18 12 0.00000000E+00 0.00000000E+00 0.00000000E+00 0.00000000E+00 0.00000000E+00
18 13 0.00000000E+00 0.00000000E+00 0.00000000E+00 0.00000000E+00 0.00000000E+00
18 14 0.00000000E+00 0.00000000E+00 0.00000000E+00 0.00000000E+00
19  1 0.00000000E+00 0.00000000E+00 0.00000000E+00 0.00000000E+00 0.00000000E+00
19  2-2.82881342E-02 0.00000000E+00 0.00000000E+00 1.50466418E-03 0.00000000E+00
19  3 0.00000000E+00-7.42635284E-03 0.00000000E+00 0.00000000E+00 3.42563831E-02
19  4 0.00000000E+00 0.00000000E+00 0.00000000E+00 0.00000000E+00 0.00000000E+00
19  5 0.00000000E+00 0.00000000E+00 0.00000000E+00 0.00000000E+00 0.00000000E+00
19  6 0.00000000E+00 0.00000000E+00 0.00000000E+00 0.00000000E+00 0.00000000E+00
19  7 0.00000000E+00 0.00000000E+00 0.00000000E+00 0.00000000E+00 0.00000000E+00
19  8 7.76328862E-02 0.00000000E+00 3.47184822E-02 0.00000000E+00 0.00000000E+00
19  9 0.00000000E+00 0.00000000E+00-1.38873929E-01 0.00000000E+00 0.00000000E+00
19 10-6.57479749E-01 0.00000000E+00-2.94033883E-01 0.00000000E+00 0.00000000E+00
19 11 0.00000000E+00 0.00000000E+00 1.17613553E+00 0.00000000E+00 0.00000000E+00
19 12 0.00000000E+00 0.00000000E+00 0.00000000E+00 0.00000000E+00 0.00000000E+00
19 13 0.00000000E+00 0.00000000E+00 0.00000000E+00 0.00000000E+00 0.00000000E+00
19 14 0.00000000E+00 0.00000000E+00 0.00000000E+00 0.00000000E+00
20  1 0.00000000E+00 0.00000000E+00 0.00000000E+00 0.00000000E+00 0.00000000E+00
20  2 0.00000000E+00-2.72578049E-02 0.00000000E+00 0.00000000E+00 1.85568486E-03
20  3 0.00000000E+00 0.00000000E+00-1.02149802E-02 0.00000000E+00 0.00000000E+00
20  4 5.01029820E-02 0.00000000E+00 0.00000000E+00 0.00000000E+00 0.00000000E+00
20  5 0.00000000E+00 0.00000000E+00 0.00000000E+00 0.00000000E+00 0.00000000E+00
20  6 0.00000000E+00 0.00000000E+00 0.00000000E+00 0.00000000E+00 0.00000000E+00
20  7 0.00000000E+00 0.00000000E+00 0.00000000E+00 0.00000000E+00 0.00000000E+00
20  8 0.00000000E+00-1.27779201E-01 0.00000000E+00 8.57168942E-02 0.00000000E+00
20  9 8.57168942E-02 0.00000000E+00 0.00000000E+00 0.00000000E+00 0.00000000E+00
20 10 0.00000000E+00 1.07406563E+00 0.00000000E+00-7.20505130E-01 0.00000000E+00
20 11-7.20505130E-01 0.00000000E+00 0.00000000E+00 0.00000000E+00 0.00000000E+00
20 12 0.00000000E+00 0.00000000E+00 0.00000000E+00 0.00000000E+00 0.00000000E+00
20 13 0.00000000E+00 0.00000000E+00 0.00000000E+00 0.00000000E+00 0.00000000E+00
20 14 0.00000000E+00 0.00000000E+00 0.00000000E+00 0.00000000E+00
21  1 0.00000000E+00 0.00000000E+00 0.00000000E+00 0.00000000E+00 0.00000000E+00
21  2 0.00000000E+00 0.00000000E+00 0.00000000E+00 0.00000000E+00 0.00000000E+00
21  3 0.00000000E+00 0.00000000E+00 0.00000000E+00 0.00000000E+00 0.00000000E+00
21  4 0.00000000E+00 0.00000000E+00 0.00000000E+00 0.00000000E+00 7.56977526E-02
21  5 0.00000000E+00 0.00000000E+00 0.00000000E+00 0.00000000E+00 0.00000000E+00
21  6 1.24825890E+00 0.00000000E+00 0.00000000E+00 0.00000000E+00 0.00000000E+00
21  7 0.00000000E+00-9.30357602E-01 0.00000000E+00 0.00000000E+00 0.00000000E+00
21  8 0.00000000E+00 0.00000000E+00 0.00000000E+00 0.00000000E+00 0.00000000E+00
21  9 0.00000000E+00 0.00000000E+00 0.00000000E+00 0.00000000E+00 0.00000000E+00
21 10 0.00000000E+00 0.00000000E+00 0.00000000E+00 0.00000000E+00 0.00000000E+00
21 11 0.00000000E+00 0.00000000E+00 0.00000000E+00 0.00000000E+00 0.00000000E+00
21 12 0.00000000E+00 0.00000000E+00-1.01323396E-03 0.00000000E+00-1.01323396E-03
21 13 0.00000000E+00 0.00000000E+00 0.00000000E+00 0.00000000E+00 0.00000000E+00
21 14 0.00000000E+00 0.00000000E+00 0.00000000E+00 2.71879201E-03
22  1 0.00000000E+00 0.00000000E+00 0.00000000E+00 0.00000000E+00 0.00000000E+00
22  2 0.00000000E+00 0.00000000E+00 0.00000000E+00 0.00000000E+00 0.00000000E+00
22  3 0.00000000E+00 0.00000000E+00 0.00000000E+00 0.00000000E+00 0.00000000E+00
22  4 0.00000000E+00 6.55561768E-02-6.55561768E-02 0.00000000E+00 0.00000000E+00
22  5 0.00000000E+00 0.00000000E+00 1.08102392E+00-1.08102392E+00 0.00000000E+00
22  6 0.00000000E+00 0.00000000E+00 0.00000000E+00-8.05713318E-01 8.05713318E-01
22  7 0.00000000E+00 0.00000000E+00 0.00000000E+00 0.00000000E+00 0.00000000E+00
22  8 0.00000000E+00 0.00000000E+00 0.00000000E+00 0.00000000E+00 0.00000000E+00
22  9 0.00000000E+00 0.00000000E+00 0.00000000E+00 0.00000000E+00 0.00000000E+00
22 10 0.00000000E+00 0.00000000E+00 0.00000000E+00 0.00000000E+00 0.00000000E+00
22 11 0.00000000E+00 0.00000000E+00 0.00000000E+00 0.00000000E+00-1.34038254E-03
22 12 1.34038254E-03 0.00000000E+00 0.00000000E+00 0.00000000E+00 0.00000000E+00
22 13 0.00000000E+00 0.00000000E+00 0.00000000E+00 0.00000000E+00 2.35454295E-03
22 14-2.35454295E-03 0.00000000E+00 0.00000000E+00 0.00000000E+00
23  1 0.00000000E+00 0.00000000E+00 0.00000000E+00 0.00000000E+00 0.00000000E+00
23  2 0.00000000E+00 0.00000000E+00 0.00000000E+00 0.00000000E+00 0.00000000E+00
23  3 0.00000000E+00 0.00000000E+00 0.00000000E+00 0.00000000E+00 0.00000000E+00
23  4 0.00000000E+00 0.00000000E+00 0.00000000E+00 0.00000000E+00 0.00000000E+00
23  5 0.00000000E+00 7.64091237E-02 0.00000000E+00 0.00000000E+00 0.00000000E+00
23  6 0.00000000E+00 0.00000000E+00 1.25104330E+00 0.00000000E+00 0.00000000E+00
23  7 0.00000000E+00 0.00000000E+00 0.00000000E+00-8.99421602E-01 0.00000000E+00
23  8 0.00000000E+00 0.00000000E+00 0.00000000E+00 0.00000000E+00 0.00000000E+00
23  9 0.00000000E+00 0.00000000E+00 0.00000000E+00 0.00000000E+00 0.00000000E+00
23 10 0.00000000E+00 0.00000000E+00 0.00000000E+00 0.00000000E+00 0.00000000E+00
23 11 0.00000000E+00 0.00000000E+00 0.00000000E+00 0.00000000E+00 0.00000000E+00
23 12 0.00000000E+00 0.00000000E+00 0.00000000E+00 0.00000000E+00 0.00000000E+00
23 13-3.13602828E-03 0.00000000E+00 4.18137105E-03 0.00000000E+00 0.00000000E+00
23 14 0.00000000E+00-1.40247448E-03 0.00000000E+00 0.00000000E+00
24  1 0.00000000E+00 0.00000000E+00 0.00000000E+00 0.00000000E+00 0.00000000E+00
24  2 0.00000000E+00 0.00000000E+00 0.00000000E+00 0.00000000E+00 0.00000000E+00
24  3 0.00000000E+00 0.00000000E+00 0.00000000E+00 0.00000000E+00 0.00000000E+00
24  4 0.00000000E+00 0.00000000E+00 0.00000000E+00 0.00000000E+00 0.00000000E+00
24  5 7.64091237E-02 0.00000000E+00 0.00000000E+00 0.00000000E+00 0.00000000E+00
24  6 0.00000000E+00 1.25104330E+00 0.00000000E+00 0.00000000E+00 0.00000000E+00
24  7 0.00000000E+00 0.00000000E+00-8.99421602E-01 0.00000000E+00 0.00000000E+00
24  8 0.00000000E+00 0.00000000E+00 0.00000000E+00 0.00000000E+00 0.00000000E+00
24  9 0.00000000E+00 0.00000000E+00 0.00000000E+00 0.00000000E+00 0.00000000E+00
24 10 0.00000000E+00 0.00000000E+00 0.00000000E+00 0.00000000E+00 0.00000000E+00
24 11 0.00000000E+00 0.00000000E+00 0.00000000E+00 0.00000000E+00 0.00000000E+00
24 12 0.00000000E+00 0.00000000E+00 0.00000000E+00-3.13602828E-03 0.00000000E+00
24 13 0.00000000E+00 4.18137105E-03 0.00000000E+00 0.00000000E+00 0.00000000E+00
24 14 0.00000000E+00 0.00000000E+00-1.40247448E-03 0.00000000E+00
25  1-8.32375029E-03-5.68802344E-03 1.19478699E-02-4.35077515E-04 0.00000000E+00
25  2 0.00000000E+00 0.00000000E+00 0.00000000E+00 0.00000000E+00 0.00000000E+00
25  3 0.00000000E+00 0.00000000E+00 0.00000000E+00 0.00000000E+00 0.00000000E+00
25  4 0.00000000E+00-3.83581304E-02-3.83581304E-02 7.67162608E-02 0.00000000E+00
25  5 0.00000000E+00 0.00000000E+00-6.25821692E-01-6.25821692E-01 1.25164338E+00
25  6 0.00000000E+00 0.00000000E+00 0.00000000E+00 4.43991271E-01 4.43991271E-01
25  7-8.87982541E-01 0.00000000E+00 0.00000000E+00 0.00000000E+00 0.00000000E+00
25  8 0.00000000E+00 0.00000000E+00 0.00000000E+00 0.00000000E+00 0.00000000E+00
25  9 0.00000000E+00 0.00000000E+00 0.00000000E+00 0.00000000E+00 0.00000000E+00
25 10 0.00000000E+00 0.00000000E+00 0.00000000E+00 0.00000000E+00 0.00000000E+00
25 11 0.00000000E+00 0.00000000E+00 0.00000000E+00 0.00000000E+00 1.45218878E-03
25 12 1.45218878E-03 3.87250342E-03 0.00000000E+00 0.00000000E+00 0.00000000E+00
25 13 0.00000000E+00 0.00000000E+00 0.00000000E+00 8.50314683E-04-3.40125873E-03
25 14-3.40125873E-03 0.00000000E+00 0.00000000E+00 0.00000000E+00
26  1 0.00000000E+00 0.00000000E+00 0.00000000E+00 0.00000000E+00-1.77382029E+00
26  2 0.00000000E+00 0.00000000E+00 3.32813070E-01 0.00000000E+00 0.00000000E+00
26  3-2.04628719E+00 0.00000000E+00 0.00000000E+00 3.22431476E+00 0.00000000E+00
26  4 0.00000000E+00 0.00000000E+00 0.00000000E+00 0.00000000E+00 0.00000000E+00
26  5 0.00000000E+00 0.00000000E+00 0.00000000E+00 0.00000000E+00 0.00000000E+00
26  6 0.00000000E+00 0.00000000E+00 0.00000000E+00 0.00000000E+00 0.00000000E+00
26  7 0.00000000E+00 0.00000000E+00 0.00000000E+00 0.00000000E+00 2.56683303E-03
26  8 0.00000000E+00 0.00000000E+00 0.00000000E+00 0.00000000E+00 1.14792263E-03
26  9 0.00000000E+00-4.59169051E-03 0.00000000E+00 0.00000000E+00 1.43226226E-03
26 10 0.00000000E+00 0.00000000E+00 0.00000000E+00 0.00000000E+00 6.40527155E-04
26 11 0.00000000E+00-2.56210862E-03 0.00000000E+00 0.00000000E+00 0.00000000E+00
26 12 0.00000000E+00 0.00000000E+00 0.00000000E+00 0.00000000E+00 0.00000000E+00
26 13 0.00000000E+00 0.00000000E+00 0.00000000E+00 0.00000000E+00 0.00000000E+00
26 14 0.00000000E+00 0.00000000E+00 0.00000000E+00 0.00000000E+00
27  1 0.00000000E+00 0.00000000E+00 0.00000000E+00 0.00000000E+00 0.00000000E+00
27  2-1.77382029E+00 0.00000000E+00 0.00000000E+00 3.32813070E-01 0.00000000E+00
27  3 0.00000000E+00-2.04628719E+00 0.00000000E+00 0.00000000E+00 3.22431476E+00
27  4 0.00000000E+00 0.00000000E+00 0.00000000E+00 0.00000000E+00 0.00000000E+00
27  5 0.00000000E+00 0.00000000E+00 0.00000000E+00 0.00000000E+00 0.00000000E+00
27  6 0.00000000E+00 0.00000000E+00 0.00000000E+00 0.00000000E+00 0.00000000E+00
27  7 0.00000000E+00 0.00000000E+00 0.00000000E+00 0.00000000E+00 0.00000000E+00
27  8 2.56683303E-03 0.00000000E+00 1.14792263E-03 0.00000000E+00 0.00000000E+00
27  9 0.00000000E+00 0.00000000E+00-4.59169051E-03 0.00000000E+00 0.00000000E+00
27 10 1.43226226E-03 0.00000000E+00 6.40527155E-04 0.00000000E+00 0.00000000E+00
27 11 0.00000000E+00 0.00000000E+00-2.56210862E-03 0.00000000E+00 0.00000000E+00
27 12 0.00000000E+00 0.00000000E+00 0.00000000E+00 0.00000000E+00 0.00000000E+00
27 13 0.00000000E+00 0.00000000E+00 0.00000000E+00 0.00000000E+00 0.00000000E+00
27 14 0.00000000E+00 0.00000000E+00 0.00000000E+00 0.00000000E+00
28  1 0.00000000E+00 0.00000000E+00 0.00000000E+00 0.00000000E+00 0.00000000E+00
28  2 0.00000000E+00-1.71462319E+00 0.00000000E+00 0.00000000E+00 3.42230941E-01
28  3 0.00000000E+00 0.00000000E+00-2.06358837E+00 0.00000000E+00 0.00000000E+00
28  4 3.15140740E+00 0.00000000E+00 0.00000000E+00 0.00000000E+00 0.00000000E+00
28  5 0.00000000E+00 0.00000000E+00 0.00000000E+00 0.00000000E+00 0.00000000E+00
28  6 0.00000000E+00 0.00000000E+00 0.00000000E+00 0.00000000E+00 0.00000000E+00
28  7 0.00000000E+00 0.00000000E+00 0.00000000E+00 0.00000000E+00 0.00000000E+00
28  8 0.00000000E+00-4.99312515E-03 0.00000000E+00 3.34949017E-03 0.00000000E+00
28  9 3.34949017E-03 0.00000000E+00 0.00000000E+00 0.00000000E+00 0.00000000E+00
28 10 0.00000000E+00-3.39736457E-03 0.00000000E+00 2.27902143E-03 0.00000000E+00
28 11 2.27902143E-03 0.00000000E+00 0.00000000E+00 0.00000000E+00 0.00000000E+00
28 12 0.00000000E+00 0.00000000E+00 0.00000000E+00 0.00000000E+00 0.00000000E+00
28 13 0.00000000E+00 0.00000000E+00 0.00000000E+00 0.00000000E+00 0.00000000E+00
28 14 0.00000000E+00 0.00000000E+00 0.00000000E+00 0.00000000E+00
29  1-4.92075055E+00-3.86239022E+00 7.61842905E+00 3.47824878E-01 0.00000000E+00
29  2 0.00000000E+00 0.00000000E+00 0.00000000E+00 0.00000000E+00 0.00000000E+00
29  3 0.00000000E+00 0.00000000E+00 0.00000000E+00 0.00000000E+00 0.00000000E+00
29  4 0.00000000E+00 3.29117824E-03 3.29117824E-03-6.58235649E-03 0.00000000E+00
29  5 0.00000000E+00 0.00000000E+00-2.46171996E-03-2.46171996E-03 4.92343992E-03
29  6 0.00000000E+00 0.00000000E+00 0.00000000E+00-2.89650189E-03-2.89650189E-03
29  7 5.79300377E-03 0.00000000E+00 0.00000000E+00 0.00000000E+00 0.00000000E+00
29  8 0.00000000E+00 0.00000000E+00 0.00000000E+00 0.00000000E+00 0.00000000E+00
29  9 0.00000000E+00 0.00000000E+00 0.00000000E+00 0.00000000E+00 0.00000000E+00
29 10 0.00000000E+00 0.00000000E+00 0.00000000E+00 0.00000000E+00 0.00000000E+00
29 11 0.00000000E+00 0.00000000E+00 0.00000000E+00 0.00000000E+00 1.74288619E-05
29 12 1.74288619E-05 4.64769651E-05 0.00000000E+00 0.00000000E+00 0.00000000E+00
29 13 0.00000000E+00 0.00000000E+00 0.00000000E+00 1.02052966E-05-4.08211862E-05
29 14-4.08211862E-05 0.00000000E+00 0.00000000E+00 0.00000000E+00
30  1 4.77438233E-04 3.71449972E-04-7.67693934E-04 2.88675984E-05 0.00000000E+00
30  2 0.00000000E+00 0.00000000E+00 0.00000000E+00 0.00000000E+00 0.00000000E+00
30  3 0.00000000E+00 0.00000000E+00 0.00000000E+00 0.00000000E+00 0.00000000E+00
30  4 0.00000000E+00 7.23371336E-03 7.23371336E-03-1.44674267E-02 0.00000000E+00
30  5 0.00000000E+00 0.00000000E+00-4.27846109E-03-4.27846109E-03 8.55692219E-03
30  6 0.00000000E+00 0.00000000E+00 0.00000000E+00 1.49811295E-03 1.49811295E-03
30  7-2.99622590E-03 0.00000000E+00 0.00000000E+00 0.00000000E+00 0.00000000E+00
30  8 0.00000000E+00 0.00000000E+00 0.00000000E+00 0.00000000E+00 0.00000000E+00
30  9 0.00000000E+00 0.00000000E+00 0.00000000E+00 0.00000000E+00 0.00000000E+00
30 10 0.00000000E+00 0.00000000E+00 0.00000000E+00 0.00000000E+00 0.00000000E+00
30 11 0.00000000E+00 0.00000000E+00 0.00000000E+00 0.00000000E+00 3.74978538E-01
30 12 3.74978538E-01 9.99942767E-01 0.00000000E+00 0.00000000E+00 0.00000000E+00
30 13 0.00000000E+00 0.00000000E+00 0.00000000E+00 2.19564949E-01-8.78259797E-01
30 14-8.78259797E-01 0.00000000E+00 0.00000000E+00 0.00000000E+00
31  1 0.00000000E+00 0.00000000E+00 0.00000000E+00 0.00000000E+00 0.00000000E+00
31  2 0.00000000E+00 0.00000000E+00 0.00000000E+00 0.00000000E+00 0.00000000E+00
31  3 0.00000000E+00 0.00000000E+00 0.00000000E+00 0.00000000E+00 0.00000000E+00
31  4 0.00000000E+00 0.00000000E+00 0.00000000E+00 0.00000000E+00 0.00000000E+00
31  5 0.00000000E+00-1.31536760E-02 0.00000000E+00 0.00000000E+00 0.00000000E+00
31  6 0.00000000E+00 0.00000000E+00 7.79733337E-03 0.00000000E+00 0.00000000E+00
31  7 0.00000000E+00 0.00000000E+00 0.00000000E+00-2.72475061E-03 0.00000000E+00
31  8 0.00000000E+00 0.00000000E+00 0.00000000E+00 0.00000000E+00 0.00000000E+00
31  9 0.00000000E+00 0.00000000E+00 0.00000000E+00 0.00000000E+00 0.00000000E+00
31 10 0.00000000E+00 0.00000000E+00 0.00000000E+00 0.00000000E+00 0.00000000E+00
31 11 0.00000000E+00 0.00000000E+00 0.00000000E+00 0.00000000E+00 0.00000000E+00
31 12 0.00000000E+00 0.00000000E+00 0.00000000E+00 0.00000000E+00 0.00000000E+00
31 13-8.96379091E-01 0.00000000E+00 1.19517212E+00 0.00000000E+00 0.00000000E+00
31 14 0.00000000E+00-4.00872916E-01 0.00000000E+00 0.00000000E+00
32  1 0.00000000E+00 0.00000000E+00 0.00000000E+00 0.00000000E+00 0.00000000E+00
32  2 0.00000000E+00 0.00000000E+00 0.00000000E+00 0.00000000E+00 0.00000000E+00
32  3 0.00000000E+00 0.00000000E+00 0.00000000E+00 0.00000000E+00 0.00000000E+00
32  4 0.00000000E+00 0.00000000E+00 0.00000000E+00 0.00000000E+00 0.00000000E+00
32  5-1.31536760E-02 0.00000000E+00 0.00000000E+00 0.00000000E+00 0.00000000E+00
32  6 0.00000000E+00 7.79733337E-03 0.00000000E+00 0.00000000E+00 0.00000000E+00
32  7 0.00000000E+00 0.00000000E+00-2.72475061E-03 0.00000000E+00 0.00000000E+00
32  8 0.00000000E+00 0.00000000E+00 0.00000000E+00 0.00000000E+00 0.00000000E+00
32  9 0.00000000E+00 0.00000000E+00 0.00000000E+00 0.00000000E+00 0.00000000E+00
32 10 0.00000000E+00 0.00000000E+00 0.00000000E+00 0.00000000E+00 0.00000000E+00
32 11 0.00000000E+00 0.00000000E+00 0.00000000E+00 0.00000000E+00 0.00000000E+00
32 12 0.00000000E+00 0.00000000E+00 0.00000000E+00-8.96379091E-01 0.00000000E+00
32 13 0.00000000E+00 1.19517212E+00 0.00000000E+00 0.00000000E+00 0.00000000E+00
32 14 0.00000000E+00 0.00000000E+00-4.00872916E-01 0.00000000E+00
33  1 0.00000000E+00 0.00000000E+00 0.00000000E+00 0.00000000E+00 0.00000000E+00
33  2 0.00000000E+00 0.00000000E+00 0.00000000E+00 0.00000000E+00 0.00000000E+00
33  3 0.00000000E+00 0.00000000E+00 0.00000000E+00 0.00000000E+00 0.00000000E+00
33  4 0.00000000E+00 0.00000000E+00 0.00000000E+00 0.00000000E+00-9.18498249E-03
33  5 0.00000000E+00 0.00000000E+00 0.00000000E+00 0.00000000E+00 0.00000000E+00
33  6 5.48110602E-03 0.00000000E+00 0.00000000E+00 0.00000000E+00 0.00000000E+00
33  7 0.00000000E+00-1.90632361E-03 0.00000000E+00 0.00000000E+00 0.00000000E+00
33  8 0.00000000E+00 0.00000000E+00 0.00000000E+00 0.00000000E+00 0.00000000E+00
33  9 0.00000000E+00 0.00000000E+00 0.00000000E+00 0.00000000E+00 0.00000000E+00
33 10 0.00000000E+00 0.00000000E+00 0.00000000E+00 0.00000000E+00 0.00000000E+00
33 11 0.00000000E+00 0.00000000E+00 0.00000000E+00 0.00000000E+00 0.00000000E+00
33 12 0.00000000E+00 0.00000000E+00-4.22567417E-01 0.00000000E+00-4.22567417E-01
33 13 0.00000000E+00 0.00000000E+00 0.00000000E+00 0.00000000E+00 0.00000000E+00
33 14 0.00000000E+00 0.00000000E+00 0.00000000E+00 1.13386736E+00
34  1 0.00000000E+00 0.00000000E+00 0.00000000E+00 0.00000000E+00 0.00000000E+00
34  2 0.00000000E+00 0.00000000E+00 0.00000000E+00 0.00000000E+00 0.00000000E+00
34  3 0.00000000E+00 0.00000000E+00 0.00000000E+00 0.00000000E+00 0.00000000E+00
34  4 0.00000000E+00-7.95442817E-03 7.95442817E-03 0.00000000E+00 0.00000000E+00
34  5 0.00000000E+00 0.00000000E+00 4.74677705E-03-4.74677705E-03 0.00000000E+00
34  6 0.00000000E+00 0.00000000E+00 0.00000000E+00-1.65092468E-03 1.65092468E-03
34  7 0.00000000E+00 0.00000000E+00 0.00000000E+00 0.00000000E+00 0.00000000E+00
34  8 0.00000000E+00 0.00000000E+00 0.00000000E+00 0.00000000E+00 0.00000000E+00
34  9 0.00000000E+00 0.00000000E+00 0.00000000E+00 0.00000000E+00 0.00000000E+00
34 10 0.00000000E+00 0.00000000E+00 0.00000000E+00 0.00000000E+00 0.00000000E+00
34 11 0.00000000E+00 0.00000000E+00 0.00000000E+00 0.00000000E+00-5.59004148E-01
34 12 5.59004148E-01 0.00000000E+00 0.00000000E+00 0.00000000E+00 0.00000000E+00
34 13 0.00000000E+00 0.00000000E+00 0.00000000E+00 0.00000000E+00 9.81957941E-01
34 14-9.81957941E-01 0.00000000E+00 0.00000000E+00 0.00000000E+00
35  1 0.00000000E+00 0.00000000E+00 0.00000000E+00 0.00000000E+00 0.00000000E+00
35  2 0.00000000E+00 0.00000000E+00 0.00000000E+00 0.00000000E+00 0.00000000E+00
35  3 0.00000000E+00 0.00000000E+00 0.00000000E+00 0.00000000E+00 0.00000000E+00
35  4 0.00000000E+00 0.00000000E+00 0.00000000E+00 0.00000000E+00 0.00000000E+00
35  5 0.00000000E+00 0.00000000E+00 0.00000000E+00 0.00000000E+00 0.00000000E+00
35  6 0.00000000E+00 0.00000000E+00 0.00000000E+00 0.00000000E+00 0.00000000E+00
35  7 0.00000000E+00 0.00000000E+00 0.00000000E+00 0.00000000E+00 0.00000000E+00
35  8 0.00000000E+00 0.00000000E+00 0.00000000E+00 0.00000000E+00 0.00000000E+00
35  9 0.00000000E+00 0.00000000E+00 0.00000000E+00 0.00000000E+00 0.00000000E+00
35 10 0.00000000E+00 0.00000000E+00 0.00000000E+00 0.00000000E+00 0.00000000E+00
35 11 0.00000000E+00 0.00000000E+00 0.00000000E+00 0.00000000E+00 0.00000000E+00
35 12 0.00000000E+00 0.00000000E+00 0.00000000E+00 0.00000000E+00 0.00000000E+00
35 13-7.90569415E-01 0.00000000E+00 0.00000000E+00 0.00000000E+00 0.00000000E+00
35 14 0.00000000E+00 1.06066017E+00 0.00000000E+00 0.00000000E+00
36  1 0.00000000E+00 0.00000000E+00 0.00000000E+00 0.00000000E+00 0.00000000E+00
36  2 0.00000000E+00 0.00000000E+00 0.00000000E+00 0.00000000E+00 0.00000000E+00
36  3 0.00000000E+00 0.00000000E+00 0.00000000E+00 0.00000000E+00 0.00000000E+00
36  4 0.00000000E+00 0.00000000E+00 0.00000000E+00 0.00000000E+00 0.00000000E+00
36  5 0.00000000E+00 0.00000000E+00 0.00000000E+00 0.00000000E+00 0.00000000E+00
36  6 0.00000000E+00 0.00000000E+00 0.00000000E+00 0.00000000E+00 0.00000000E+00
36  7 0.00000000E+00 0.00000000E+00 0.00000000E+00 0.00000000E+00 0.00000000E+00
36  8 0.00000000E+00 0.00000000E+00 0.00000000E+00 0.00000000E+00 0.00000000E+00
36  9 0.00000000E+00 0.00000000E+00 0.00000000E+00 0.00000000E+00 0.00000000E+00
36 10 0.00000000E+00 0.00000000E+00 0.00000000E+00 0.00000000E+00 0.00000000E+00
36 11 0.00000000E+00 0.00000000E+00 0.00000000E+00 0.00000000E+00 0.00000000E+00
36 12 0.00000000E+00 0.00000000E+00 0.00000000E+00-7.90569415E-01 0.00000000E+00
36 13 0.00000000E+00 0.00000000E+00 0.00000000E+00 0.00000000E+00 0.00000000E+00
36 14 0.00000000E+00 0.00000000E+00 1.06066017E+00 0.00000000E+00
37  1 0.00000000E+00 0.00000000E+00 0.00000000E+00 0.00000000E+00 0.00000000E+00
37  2 0.00000000E+00 0.00000000E+00 0.00000000E+00 0.00000000E+00 0.00000000E+00
37  3 0.00000000E+00 0.00000000E+00 0.00000000E+00 0.00000000E+00 0.00000000E+00
37  4 0.00000000E+00 0.00000000E+00 0.00000000E+00 0.00000000E+00 0.00000000E+00
37  5 0.00000000E+00 0.00000000E+00 0.00000000E+00 0.00000000E+00 0.00000000E+00
37  6 0.00000000E+00 0.00000000E+00 0.00000000E+00 0.00000000E+00 0.00000000E+00
37  7 0.00000000E+00 0.00000000E+00 0.00000000E+00 0.00000000E+00 0.00000000E+00
37  8 0.00000000E+00 0.00000000E+00 0.00000000E+00 0.00000000E+00 0.00000000E+00
37  9 0.00000000E+00 0.00000000E+00 0.00000000E+00 0.00000000E+00 0.00000000E+00
37 10 0.00000000E+00 0.00000000E+00 0.00000000E+00 0.00000000E+00 0.00000000E+00
37 11 0.00000000E+00 0.00000000E+00 0.00000000E+00 0.00000000E+00 0.00000000E+00
37 12 0.00000000E+00 0.00000000E+00 1.11803399E+00 0.00000000E+00-1.11803399E+00
37 13 0.00000000E+00 0.00000000E+00 0.00000000E+00 0.00000000E+00 0.00000000E+00
37 14 0.00000000E+00 0.00000000E+00 0.00000000E+00 0.00000000E+00
38  1 0.00000000E+00 0.00000000E+00 0.00000000E+00 0.00000000E+00 0.00000000E+00
38  2 0.00000000E+00 0.00000000E+00 0.00000000E+00 0.00000000E+00 0.00000000E+00
38  3 0.00000000E+00 0.00000000E+00 0.00000000E+00 0.00000000E+00 0.00000000E+00
38  4 0.00000000E+00 0.00000000E+00 0.00000000E+00 0.00000000E+00 0.00000000E+00
38  5 0.00000000E+00 0.00000000E+00 0.00000000E+00 0.00000000E+00 0.00000000E+00
38  6 0.00000000E+00 0.00000000E+00 0.00000000E+00 0.00000000E+00 0.00000000E+00
38  7 0.00000000E+00 0.00000000E+00 0.00000000E+00 0.00000000E+00 0.00000000E+00
38  8 0.00000000E+00 0.00000000E+00 0.00000000E+00 0.00000000E+00 0.00000000E+00
38  9 0.00000000E+00 0.00000000E+00 0.00000000E+00 0.00000000E+00 0.00000000E+00
38 10 0.00000000E+00 0.00000000E+00 0.00000000E+00 0.00000000E+00 0.00000000E+00
38 11 0.00000000E+00 0.00000000E+00 0.00000000E+00 0.00000000E+00-7.39509973E-01
38 12-7.39509973E-01 0.00000000E+00 0.00000000E+00 0.00000000E+00 0.00000000E+00
38 13 0.00000000E+00 0.00000000E+00 0.00000000E+00 1.29903811E+00 0.00000000E+00
38 14 0.00000000E+00 0.00000000E+00 0.00000000E+00 0.00000000E+00
39  1 0.00000000E+00 0.00000000E+00 0.00000000E+00 0.00000000E+00 0.00000000E+00
39  2 0.00000000E+00-1.06091215E-03 0.00000000E+00 0.00000000E+00-8.15506038E-04
39  3 0.00000000E+00 0.00000000E+00-7.10394778E-03 0.00000000E+00 0.00000000E+00
39  4 1.02520529E-02 0.00000000E+00 0.00000000E+00 0.00000000E+00 0.00000000E+00
39  5 0.00000000E+00 0.00000000E+00 0.00000000E+00 0.00000000E+00 0.00000000E+00
39  6 0.00000000E+00 0.00000000E+00 0.00000000E+00 0.00000000E+00 0.00000000E+00
39  7 0.00000000E+00 0.00000000E+00 0.00000000E+00 0.00000000E+00 0.00000000E+00
39  8 0.00000000E+00 1.26856173E+00 0.00000000E+00-8.50977077E-01 0.00000000E+00
39  9-8.50977077E-01 0.00000000E+00 0.00000000E+00 0.00000000E+00 0.00000000E+00
39 10 0.00000000E+00-6.86803825E-01 0.00000000E+00 4.60722012E-01 0.00000000E+00
39 11 4.60722012E-01 0.00000000E+00 0.00000000E+00 0.00000000E+00 0.00000000E+00
39 12 0.00000000E+00 0.00000000E+00 0.00000000E+00 0.00000000E+00 0.00000000E+00
39 13 0.00000000E+00 0.00000000E+00 0.00000000E+00 0.00000000E+00 0.00000000E+00
39 14 0.00000000E+00 0.00000000E+00 0.00000000E+00 0.00000000E+00
40  1 0.00000000E+00 0.00000000E+00 0.00000000E+00 0.00000000E+00 0.00000000E+00
40  2-3.71757416E-03 0.00000000E+00 0.00000000E+00-6.72600496E-04 0.00000000E+00
40  3 0.00000000E+00-5.80951140E-03 0.00000000E+00 0.00000000E+00 8.32654767E-03
40  4 0.00000000E+00 0.00000000E+00 0.00000000E+00 0.00000000E+00 0.00000000E+00
40  5 0.00000000E+00 0.00000000E+00 0.00000000E+00 0.00000000E+00 0.00000000E+00
40  6 0.00000000E+00 0.00000000E+00 0.00000000E+00 0.00000000E+00 0.00000000E+00
40  7 0.00000000E+00 0.00000000E+00 0.00000000E+00 0.00000000E+00 0.00000000E+00
40  8-7.76898146E-01 0.00000000E+00-3.47439413E-01 0.00000000E+00 0.00000000E+00
40  9 0.00000000E+00 0.00000000E+00 1.38975765E+00 0.00000000E+00 0.00000000E+00
40 10 4.21075265E-01 0.00000000E+00 1.88310583E-01 0.00000000E+00 0.00000000E+00
40 11 0.00000000E+00 0.00000000E+00-7.53242332E-01 0.00000000E+00 0.00000000E+00
40 12 0.00000000E+00 0.00000000E+00 0.00000000E+00 0.00000000E+00 0.00000000E+00
40 13 0.00000000E+00 0.00000000E+00 0.00000000E+00 0.00000000E+00 0.00000000E+00
40 14 0.00000000E+00 0.00000000E+00 0.00000000E+00 0.00000000E+00
41  1 0.00000000E+00 0.00000000E+00 0.00000000E+00 0.00000000E+00-3.71757416E-03
41  2 0.00000000E+00 0.00000000E+00-6.72600496E-04 0.00000000E+00 0.00000000E+00
41  3-5.80951140E-03 0.00000000E+00 0.00000000E+00 8.32654767E-03 0.00000000E+00
41  4 0.00000000E+00 0.00000000E+00 0.00000000E+00 0.00000000E+00 0.00000000E+00
41  5 0.00000000E+00 0.00000000E+00 0.00000000E+00 0.00000000E+00 0.00000000E+00
41  6 0.00000000E+00 0.00000000E+00 0.00000000E+00 0.00000000E+00 0.00000000E+00
41  7 0.00000000E+00 0.00000000E+00 0.00000000E+00 0.00000000E+00-7.76898146E-01
41  8 0.00000000E+00 0.00000000E+00 0.00000000E+00 0.00000000E+00-3.47439413E-01
41  9 0.00000000E+00 1.38975765E+00 0.00000000E+00 0.00000000E+00 4.21075265E-01
41 10 0.00000000E+00 0.00000000E+00 0.00000000E+00 0.00000000E+00 1.88310583E-01
41 11 0.00000000E+00-7.53242332E-01 0.00000000E+00 0.00000000E+00 0.00000000E+00
41 12 0.00000000E+00 0.00000000E+00 0.00000000E+00 0.00000000E+00 0.00000000E+00
41 13 0.00000000E+00 0.00000000E+00 0.00000000E+00 0.00000000E+00 0.00000000E+00
41 14 0.00000000E+00 0.00000000E+00 0.00000000E+00 0.00000000E+00
42  1 0.00000000E+00 0.00000000E+00 0.00000000E+00 0.00000000E+00 0.00000000E+00
42  2 0.00000000E+00 0.00000000E+00 0.00000000E+00 0.00000000E+00 0.00000000E+00
42  3 0.00000000E+00 0.00000000E+00 0.00000000E+00 0.00000000E+00 0.00000000E+00
42  4 0.00000000E+00 0.00000000E+00 0.00000000E+00 0.00000000E+00 0.00000000E+00
42  5 0.00000000E+00 0.00000000E+00 0.00000000E+00 0.00000000E+00 0.00000000E+00
42  6 0.00000000E+00 0.00000000E+00 0.00000000E+00 0.00000000E+00 0.00000000E+00
42  7 0.00000000E+00 0.00000000E+00 0.00000000E+00 0.00000000E+00 0.00000000E+00
42  8 0.00000000E+00 0.00000000E+00 0.00000000E+00 1.09894263E+00 0.00000000E+00
42  9-1.09894263E+00 0.00000000E+00 0.00000000E+00 0.00000000E+00 0.00000000E+00
42 10 0.00000000E+00 0.00000000E+00 0.00000000E+00-5.97497775E-01 0.00000000E+00
42 11 5.97497775E-01 0.00000000E+00 0.00000000E+00 0.00000000E+00 0.00000000E+00
42 12 0.00000000E+00 0.00000000E+00 0.00000000E+00 0.00000000E+00 0.00000000E+00
42 13 0.00000000E+00 0.00000000E+00 0.00000000E+00 0.00000000E+00 0.00000000E+00
42 14 0.00000000E+00 0.00000000E+00 0.00000000E+00 0.00000000E+00
43  1 0.00000000E+00 0.00000000E+00 0.00000000E+00 0.00000000E+00 0.00000000E+00
43  2 0.00000000E+00 0.00000000E+00 0.00000000E+00 0.00000000E+00 0.00000000E+00
43  3 0.00000000E+00 0.00000000E+00 0.00000000E+00 0.00000000E+00 0.00000000E+00
43  4 0.00000000E+00 0.00000000E+00 0.00000000E+00 0.00000000E+00 0.00000000E+00
43  5 0.00000000E+00 0.00000000E+00 0.00000000E+00 0.00000000E+00 0.00000000E+00
43  6 0.00000000E+00 0.00000000E+00 0.00000000E+00 0.00000000E+00 0.00000000E+00
43  7 0.00000000E+00 0.00000000E+00 0.00000000E+00 0.00000000E+00 0.00000000E+00
43  8 0.00000000E+00 0.00000000E+00 0.00000000E+00 0.00000000E+00 0.00000000E+00
43  9 0.00000000E+00 0.00000000E+00 0.00000000E+00 1.26894964E+00 0.00000000E+00
43 10 0.00000000E+00 0.00000000E+00 0.00000000E+00 0.00000000E+00 0.00000000E+00
43 11 0.00000000E+00 0.00000000E+00 0.00000000E+00-6.89931002E-01 0.00000000E+00
43 12 0.00000000E+00 0.00000000E+00 0.00000000E+00 0.00000000E+00 0.00000000E+00
43 13 0.00000000E+00 0.00000000E+00 0.00000000E+00 0.00000000E+00 0.00000000E+00
43 14 0.00000000E+00 0.00000000E+00 0.00000000E+00 0.00000000E+00
44  1 0.00000000E+00 0.00000000E+00 0.00000000E+00 0.00000000E+00 0.00000000E+00
44  2 0.00000000E+00 0.00000000E+00 0.00000000E+00 0.00000000E+00 0.00000000E+00
44  3 0.00000000E+00 0.00000000E+00 0.00000000E+00 0.00000000E+00 0.00000000E+00
44  4 0.00000000E+00 0.00000000E+00 0.00000000E+00 0.00000000E+00 0.00000000E+00
44  5 0.00000000E+00 0.00000000E+00 0.00000000E+00 0.00000000E+00 0.00000000E+00
44  6 0.00000000E+00 0.00000000E+00 0.00000000E+00 0.00000000E+00 0.00000000E+00
44  7 0.00000000E+00 0.00000000E+00 0.00000000E+00 0.00000000E+00 0.00000000E+00
44  8-1.00353682E+00 0.00000000E+00 1.34638592E+00 0.00000000E+00 0.00000000E+00
44  9 0.00000000E+00 0.00000000E+00 0.00000000E+00 0.00000000E+00 0.00000000E+00
44 10 5.48464427E-01 0.00000000E+00-7.35842245E-01 0.00000000E+00 0.00000000E+00
44 11 0.00000000E+00 0.00000000E+00 0.00000000E+00 0.00000000E+00 0.00000000E+00
44 12 0.00000000E+00 0.00000000E+00 0.00000000E+00 0.00000000E+00 0.00000000E+00
44 13 0.00000000E+00 0.00000000E+00 0.00000000E+00 0.00000000E+00 0.00000000E+00
44 14 0.00000000E+00 0.00000000E+00 0.00000000E+00 0.00000000E+00
45  1 0.00000000E+00 0.00000000E+00 0.00000000E+00 0.00000000E+00 0.00000000E+00
45  2 0.00000000E+00 0.00000000E+00 0.00000000E+00 0.00000000E+00 0.00000000E+00
45  3 0.00000000E+00 0.00000000E+00 0.00000000E+00 0.00000000E+00 0.00000000E+00
45  4 0.00000000E+00 0.00000000E+00 0.00000000E+00 0.00000000E+00 0.00000000E+00
45  5 0.00000000E+00 0.00000000E+00 0.00000000E+00 0.00000000E+00 0.00000000E+00
45  6 0.00000000E+00 0.00000000E+00 0.00000000E+00 0.00000000E+00 0.00000000E+00
45  7 0.00000000E+00 0.00000000E+00 0.00000000E+00 0.00000000E+00-1.00353682E+00
45  8 0.00000000E+00 0.00000000E+00 0.00000000E+00 0.00000000E+00 1.34638592E+00
45  9 0.00000000E+00 0.00000000E+00 0.00000000E+00 0.00000000E+00 5.48464427E-01
45 10 0.00000000E+00 0.00000000E+00 0.00000000E+00 0.00000000E+00-7.35842245E-01
45 11 0.00000000E+00 0.00000000E+00 0.00000000E+00 0.00000000E+00 0.00000000E+00
45 12 0.00000000E+00 0.00000000E+00 0.00000000E+00 0.00000000E+00 0.00000000E+00
45 13 0.00000000E+00 0.00000000E+00 0.00000000E+00 0.00000000E+00 0.00000000E+00
45 14 0.00000000E+00 0.00000000E+00 0.00000000E+00 0.00000000E+00
46  1-2.37672107E-02-2.09722976E-02 4.43306144E-02-3.89156807E-03 0.00000000E+00
46  2 0.00000000E+00 0.00000000E+00 0.00000000E+00 0.00000000E+00 0.00000000E+00
46  3 0.00000000E+00 0.00000000E+00 0.00000000E+00 0.00000000E+00 0.00000000E+00
46  4 0.00000000E+00-7.10522904E-01-7.10522904E-01 1.42104581E+00 0.00000000E+00
46  5 0.00000000E+00 0.00000000E+00 6.76785672E-01 6.76785672E-01-1.35357134E+00
46  6 0.00000000E+00 0.00000000E+00 0.00000000E+00-2.56209196E-01-2.56209196E-01
46  7 5.12418392E-01 0.00000000E+00 0.00000000E+00 0.00000000E+00 0.00000000E+00
46  8 0.00000000E+00 0.00000000E+00 0.00000000E+00 0.00000000E+00 0.00000000E+00
46  9 0.00000000E+00 0.00000000E+00 0.00000000E+00 0.00000000E+00 0.00000000E+00
46 10 0.00000000E+00 0.00000000E+00 0.00000000E+00 0.00000000E+00 0.00000000E+00
46 11 0.00000000E+00 0.00000000E+00 0.00000000E+00 0.00000000E+00 3.70370893E-03
46 12 3.70370893E-03 9.87655715E-03 0.00000000E+00 0.00000000E+00 0.00000000E+00
46 13 0.00000000E+00 0.00000000E+00 0.00000000E+00 2.16866989E-03-8.67467956E-03
46 14-8.67467956E-03 0.00000000E+00 0.00000000E+00 0.00000000E+00
47  1 0.00000000E+00 0.00000000E+00 0.00000000E+00 0.00000000E+00 0.00000000E+00
47  2 0.00000000E+00 0.00000000E+00 0.00000000E+00 0.00000000E+00 0.00000000E+00
47  3 0.00000000E+00 0.00000000E+00 0.00000000E+00 0.00000000E+00 0.00000000E+00
47  4 0.00000000E+00 0.00000000E+00 0.00000000E+00 0.00000000E+00 0.00000000E+00
47  5 0.00000000E+00 1.42107494E+00 0.00000000E+00 0.00000000E+00 0.00000000E+00
47  6 0.00000000E+00 0.00000000E+00-1.35434382E+00 0.00000000E+00 0.00000000E+00
47  7 0.00000000E+00 0.00000000E+00 0.00000000E+00 5.13358536E-01 0.00000000E+00
47  8 0.00000000E+00 0.00000000E+00 0.00000000E+00 0.00000000E+00 0.00000000E+00
47  9 0.00000000E+00 0.00000000E+00 0.00000000E+00 0.00000000E+00 0.00000000E+00
47 10 0.00000000E+00 0.00000000E+00 0.00000000E+00 0.00000000E+00 0.00000000E+00
47 11 0.00000000E+00 0.00000000E+00 0.00000000E+00 0.00000000E+00 0.00000000E+00
47 12 0.00000000E+00 0.00000000E+00 0.00000000E+00 0.00000000E+00 0.00000000E+00
47 13-8.04921838E-03 0.00000000E+00 1.07322912E-02 0.00000000E+00 0.00000000E+00
47 14 0.00000000E+00-3.59971989E-03 0.00000000E+00 0.00000000E+00
48  1 0.00000000E+00 0.00000000E+00 0.00000000E+00 0.00000000E+00 0.00000000E+00
48  2 0.00000000E+00 0.00000000E+00 0.00000000E+00 0.00000000E+00 0.00000000E+00
48  3 0.00000000E+00 0.00000000E+00 0.00000000E+00 0.00000000E+00 0.00000000E+00
48  4 0.00000000E+00 0.00000000E+00 0.00000000E+00 0.00000000E+00 0.00000000E+00
48  5 1.42107494E+00 0.00000000E+00 0.00000000E+00 0.00000000E+00 0.00000000E+00
48  6 0.00000000E+00-1.35434382E+00 0.00000000E+00 0.00000000E+00 0.00000000E+00
48  7 0.00000000E+00 0.00000000E+00 5.13358536E-01 0.00000000E+00 0.00000000E+00
48  8 0.00000000E+00 0.00000000E+00 0.00000000E+00 0.00000000E+00 0.00000000E+00
48  9 0.00000000E+00 0.00000000E+00 0.00000000E+00 0.00000000E+00 0.00000000E+00
48 10 0.00000000E+00 0.00000000E+00 0.00000000E+00 0.00000000E+00 0.00000000E+00
48 11 0.00000000E+00 0.00000000E+00 0.00000000E+00 0.00000000E+00 0.00000000E+00
48 12 0.00000000E+00 0.00000000E+00 0.00000000E+00-8.04921838E-03 0.00000000E+00
48 13 0.00000000E+00 1.07322912E-02 0.00000000E+00 0.00000000E+00 0.00000000E+00
48 14 0.00000000E+00 0.00000000E+00-3.59971989E-03 0.00000000E+00
49  1 0.00000000E+00 0.00000000E+00 0.00000000E+00 0.00000000E+00 0.00000000E+00
49  2 0.00000000E+00 0.00000000E+00 0.00000000E+00 0.00000000E+00 0.00000000E+00
49  3 0.00000000E+00 0.00000000E+00 0.00000000E+00 0.00000000E+00 0.00000000E+00
49  4 0.00000000E+00 1.23070003E+00-1.23070003E+00 0.00000000E+00 0.00000000E+00
49  5 0.00000000E+00 0.00000000E+00-1.17480995E+00 1.17480995E+00 0.00000000E+00
49  6 0.00000000E+00 0.00000000E+00 0.00000000E+00 4.47001872E-01-4.47001872E-01
49  7 0.00000000E+00 0.00000000E+00 0.00000000E+00 0.00000000E+00 0.00000000E+00
49  8 0.00000000E+00 0.00000000E+00 0.00000000E+00 0.00000000E+00 0.00000000E+00
49  9 0.00000000E+00 0.00000000E+00 0.00000000E+00 0.00000000E+00 0.00000000E+00
49 10 0.00000000E+00 0.00000000E+00 0.00000000E+00 0.00000000E+00 0.00000000E+00
49 11 0.00000000E+00 0.00000000E+00 0.00000000E+00 0.00000000E+00-3.50493957E-03
49 12 3.50493957E-03 0.00000000E+00 0.00000000E+00 0.00000000E+00 0.00000000E+00
49 13 0.00000000E+00 0.00000000E+00 0.00000000E+00 0.00000000E+00 6.15684740E-03
49 14-6.15684740E-03 0.00000000E+00 0.00000000E+00 0.00000000E+00
50  1 0.00000000E+00 0.00000000E+00 0.00000000E+00 0.00000000E+00 0.00000000E+00
50  2 0.00000000E+00 0.00000000E+00 0.00000000E+00 0.00000000E+00 0.00000000E+00
50  3 0.00000000E+00 0.00000000E+00 0.00000000E+00 0.00000000E+00 0.00000000E+00
50  4 0.00000000E+00 0.00000000E+00 0.00000000E+00 0.00000000E+00 1.42108999E+00
50  5 0.00000000E+00 0.00000000E+00 0.00000000E+00 0.00000000E+00 0.00000000E+00
50  6-1.35655368E+00 0.00000000E+00 0.00000000E+00 0.00000000E+00 0.00000000E+00
50  7 0.00000000E+00 5.16153302E-01 0.00000000E+00 0.00000000E+00 0.00000000E+00
50  8 0.00000000E+00 0.00000000E+00 0.00000000E+00 0.00000000E+00 0.00000000E+00
50  9 0.00000000E+00 0.00000000E+00 0.00000000E+00 0.00000000E+00 0.00000000E+00
50 10 0.00000000E+00 0.00000000E+00 0.00000000E+00 0.00000000E+00 0.00000000E+00
50 11 0.00000000E+00 0.00000000E+00 0.00000000E+00 0.00000000E+00 0.00000000E+00
50 12 0.00000000E+00 0.00000000E+00-2.64948527E-03 0.00000000E+00-2.64948527E-03
50 13 0.00000000E+00 0.00000000E+00 0.00000000E+00 0.00000000E+00 0.00000000E+00
50 14 0.00000000E+00 0.00000000E+00 0.00000000E+00 7.10931501E-03
51  1 0.00000000E+00 0.00000000E+00 0.00000000E+00 0.00000000E+00 0.00000000E+00
51  2 0.00000000E+00 7.68595474E-01 0.00000000E+00 0.00000000E+00-1.91513215E+00
51  3 0.00000000E+00 0.00000000E+00 2.09111818E+00 0.00000000E+00 0.00000000E+00
51  4-1.61006464E+00 0.00000000E+00 0.00000000E+00 0.00000000E+00 0.00000000E+00
51  5 0.00000000E+00 0.00000000E+00 0.00000000E+00 0.00000000E+00 0.00000000E+00
51  6 0.00000000E+00 0.00000000E+00 0.00000000E+00 0.00000000E+00 0.00000000E+00
51  7 0.00000000E+00 0.00000000E+00 0.00000000E+00 0.00000000E+00 0.00000000E+00
51  8 0.00000000E+00-1.74761565E-03 0.00000000E+00 1.17233622E-03 0.00000000E+00
51  9 1.17233622E-03 0.00000000E+00 0.00000000E+00 0.00000000E+00 0.00000000E+00
51 10 0.00000000E+00 1.62696057E-03 0.00000000E+00-1.09139833E-03 0.00000000E+00
51 11-1.09139833E-03 0.00000000E+00 0.00000000E+00 0.00000000E+00 0.00000000E+00
51 12 0.00000000E+00 0.00000000E+00 0.00000000E+00 0.00000000E+00 0.00000000E+00
51 13 0.00000000E+00 0.00000000E+00 0.00000000E+00 0.00000000E+00 0.00000000E+00
51 14 0.00000000E+00 0.00000000E+00 0.00000000E+00 0.00000000E+00
52  1 0.00000000E+00 0.00000000E+00 0.00000000E+00 0.00000000E+00 7.71914759E-01
52  2 0.00000000E+00 0.00000000E+00-1.91616376E+00 0.00000000E+00 0.00000000E+00
52  3 2.09696578E+00 0.00000000E+00 0.00000000E+00-1.61630222E+00 0.00000000E+00
52  4 0.00000000E+00 0.00000000E+00 0.00000000E+00 0.00000000E+00 0.00000000E+00
52  5 0.00000000E+00 0.00000000E+00 0.00000000E+00 0.00000000E+00 0.00000000E+00
52  6 0.00000000E+00 0.00000000E+00 0.00000000E+00 0.00000000E+00 0.00000000E+00
52  7 0.00000000E+00 0.00000000E+00 0.00000000E+00 0.00000000E+00 8.72811656E-04
52  8 0.00000000E+00 0.00000000E+00 0.00000000E+00 0.00000000E+00 3.90333239E-04
52  9 0.00000000E+00-1.56133296E-03 0.00000000E+00 0.00000000E+00-8.14795006E-04
52 10 0.00000000E+00 0.00000000E+00 0.00000000E+00 0.00000000E+00-3.64387404E-04
52 11 0.00000000E+00 1.45754962E-03 0.00000000E+00 0.00000000E+00 0.00000000E+00
52 12 0.00000000E+00 0.00000000E+00 0.00000000E+00 0.00000000E+00 0.00000000E+00
52 13 0.00000000E+00 0.00000000E+00 0.00000000E+00 0.00000000E+00 0.00000000E+00
52 14 0.00000000E+00 0.00000000E+00 0.00000000E+00 0.00000000E+00
53  1 0.00000000E+00 0.00000000E+00 0.00000000E+00 0.00000000E+00 0.00000000E+00
53  2 7.71914759E-01 0.00000000E+00 0.00000000E+00-1.91616376E+00 0.00000000E+00
53  3 0.00000000E+00 2.09696578E+00 0.00000000E+00 0.00000000E+00-1.61630222E+00
53  4 0.00000000E+00 0.00000000E+00 0.00000000E+00 0.00000000E+00 0.00000000E+00
53  5 0.00000000E+00 0.00000000E+00 0.00000000E+00 0.00000000E+00 0.00000000E+00
53  6 0.00000000E+00 0.00000000E+00 0.00000000E+00 0.00000000E+00 0.00000000E+00
53  7 0.00000000E+00 0.00000000E+00 0.00000000E+00 0.00000000E+00 0.00000000E+00
53  8 8.72811656E-04 0.00000000E+00 3.90333239E-04 0.00000000E+00 0.00000000E+00
53  9 0.00000000E+00 0.00000000E+00-1.56133296E-03 0.00000000E+00 0.00000000E+00
53 10-8.14795006E-04 0.00000000E+00-3.64387404E-04 0.00000000E+00 0.00000000E+00
53 11 0.00000000E+00 0.00000000E+00 1.45754962E-03 0.00000000E+00 0.00000000E+00
53 12 0.00000000E+00 0.00000000E+00 0.00000000E+00 0.00000000E+00 0.00000000E+00
53 13 0.00000000E+00 0.00000000E+00 0.00000000E+00 0.00000000E+00 0.00000000E+00
53 14 0.00000000E+00 0.00000000E+00 0.00000000E+00 0.00000000E+00
54  1 7.85801475E+00 1.54863994E+00-6.80585227E+00-2.57455150E+00 0.00000000E+00
54  2 0.00000000E+00 0.00000000E+00 0.00000000E+00 0.00000000E+00 0.00000000E+00
54  3 0.00000000E+00 0.00000000E+00 0.00000000E+00 0.00000000E+00 0.00000000E+00
54  4 0.00000000E+00-9.55093250E-06-9.55093250E-06 1.91018650E-05 0.00000000E+00
54  5 0.00000000E+00 0.00000000E+00-3.13036306E-05-3.13036306E-05 6.26072613E-05
54  6 0.00000000E+00 0.00000000E+00 0.00000000E+00-1.12180519E-04-1.12180519E-04
54  7 2.24361039E-04 0.00000000E+00 0.00000000E+00 0.00000000E+00 0.00000000E+00
54  8 0.00000000E+00 0.00000000E+00 0.00000000E+00 0.00000000E+00 0.00000000E+00
54  9 0.00000000E+00 0.00000000E+00 0.00000000E+00 0.00000000E+00 0.00000000E+00
54 10 0.00000000E+00 0.00000000E+00 0.00000000E+00 0.00000000E+00 0.00000000E+00
54 11 0.00000000E+00 0.00000000E+00 0.00000000E+00 0.00000000E+00-1.71063227E-08
54 12-1.71063227E-08-4.56168604E-08 0.00000000E+00 0.00000000E+00 0.00000000E+00
54 13 0.00000000E+00 0.00000000E+00 0.00000000E+00-1.00164369E-08 4.00657477E-08
54 14 4.00657477E-08 0.00000000E+00 0.00000000E+00 0.00000000E+00
 $END   
 POPULATION ANALYSIS
SI           4.00000  -0.00000   4.00000  -0.00000
 MOMENTS AT POINT    1 X,Y,Z=  0.000000  0.000000  0.000000
 DIPOLE       0.000000  0.000000  0.000000
