#   index    LocalEnergy         LocalEnergy_sq      LocalPotential      Kinetic             ElecElec            LocalECP            NonLocalECP         BlockWeight         BlockCPU            AcceptRatio         
         0   -5.8062246367e+01    3.3731115316e+03   -8.4370517884e+01    2.6308271516e+01    3.8740673778e+01   -1.3245203846e+02    9.3408468003e+00    8.1936000000e+04    9.7167219908e+01    9.9126877487e-01
         1   -5.8086953653e+01    3.3758268211e+03   -8.4292262703e+01    2.6205309049e+01    3.8759725825e+01   -1.3258337844e+02    9.5313899075e+00    8.1755000000e+04    7.9411171343e+01    9.9143002415e-01
         2   -5.8081478117e+01    3.3752182683e+03   -8.4254531653e+01    2.6173053535e+01    3.8776524622e+01   -1.3229738064e+02    9.2663243675e+00    8.1330000000e+04    7.9533852293e+01    9.9146948692e-01
         3   -5.8078427795e+01    3.3750650783e+03   -8.4333494843e+01    2.6255067048e+01    3.8856709760e+01   -1.3243103928e+02    9.2408346723e+00    8.0740000000e+04    7.8527800438e+01    9.9127121907e-01
         4   -5.8080678827e+01    3.3751379028e+03   -8.4526396318e+01    2.6445717491e+01    3.8935613588e+01   -1.3279889208e+02    9.3368821708e+00    8.0990000000e+04    7.9539664736e+01    9.9124344937e-01
         5   -5.8083590930e+01    3.3754216698e+03   -8.4642655422e+01    2.6559064492e+01    3.8950129830e+01   -1.3283540385e+02    9.2426185969e+00    8.0529000000e+04    7.8475348391e+01    9.9099111220e-01
         6   -5.8076639922e+01    3.3748565457e+03   -8.4713730312e+01    2.6637090391e+01    3.9051836796e+01   -1.3304161036e+02    9.2760432563e+00    8.0172000000e+04    7.7255203561e+01    9.9134829258e-01
         7   -5.8095951288e+01    3.3768730511e+03   -8.4682405755e+01    2.6586454467e+01    3.9027896673e+01   -1.3296752053e+02    9.2572181042e+00    7.9960000000e+04    7.8991141087e+01    9.9125812453e-01
         8   -5.8078103270e+01    3.3751256354e+03   -8.4694170679e+01    2.6616067409e+01    3.9054939976e+01   -1.3304483927e+02    9.2957286159e+00    8.0153000000e+04    7.7950820195e+01    9.9124843887e-01
         9   -5.8083852474e+01    3.3757291315e+03   -8.4573863480e+01    2.6490011006e+01    3.8980478515e+01   -1.3285731427e+02    9.3029722791e+00    8.0261000000e+04    7.8408066245e+01    9.9134073351e-01
        10   -5.8088091934e+01    3.3759087421e+03   -8.4414491454e+01    2.6326399520e+01    3.8977142998e+01   -1.3261284433e+02    9.2212098804e+00    8.0609000000e+04    7.8969227782e+01    9.9136938544e-01
        11   -5.8060322618e+01    3.3729365123e+03   -8.4608172758e+01    2.6547850140e+01    3.9034414044e+01   -1.3300444840e+02    9.3618616011e+00    8.0613000000e+04    8.0765970585e+01    9.9122132614e-01
        12   -5.8089908615e+01    3.3761884658e+03   -8.4631832940e+01    2.6541924326e+01    3.9006638842e+01   -1.3298214828e+02    9.3436764992e+00    8.0807000000e+04    8.1292967818e+01    9.9107081125e-01
        13   -5.8090574586e+01    3.3764449569e+03   -8.4604498881e+01    2.6513924295e+01    3.9054672455e+01   -1.3314492074e+02    9.4857494083e+00    8.1000000000e+04    7.8981977725e+01    9.9128576909e-01
        14   -5.8097806932e+01    3.3770489720e+03   -8.4716460368e+01    2.6618653436e+01    3.9036115627e+01   -1.3318537773e+02    9.4328017323e+00    8.1529000000e+04    7.7259396411e+01    9.9106572309e-01
        15   -5.8104316450e+01    3.3779814837e+03   -8.4581740590e+01    2.6477424140e+01    3.8960444320e+01   -1.3288525699e+02    9.3430720770e+00    8.2016000000e+04    1.0567065099e+02    9.9107931350e-01
        16   -5.8083641225e+01    3.3755419358e+03   -8.4733245814e+01    2.6649604589e+01    3.8996287767e+01   -1.3292032863e+02    9.1907950470e+00    8.2068000000e+04    1.0727407479e+02    9.9143260420e-01
        17   -5.8074077715e+01    3.3746123508e+03   -8.4720447437e+01    2.6646369722e+01    3.9037883961e+01   -1.3321692218e+02    9.4585907805e+00    8.2511000000e+04    1.2045930137e+02    9.9126016232e-01
        18   -5.8069184821e+01    3.3738555479e+03   -8.4606419306e+01    2.6537234485e+01    3.8987927972e+01   -1.3282658667e+02    9.2322393873e+00    8.2885000000e+04    1.2730297424e+02    9.9108661098e-01
        19   -5.8088895350e+01    3.3760681413e+03   -8.4560916053e+01    2.6472020703e+01    3.8977652931e+01   -1.3285890877e+02    9.3203397867e+00    8.2486000000e+04    1.2638755923e+02    9.9116816572e-01
        20   -5.8085970346e+01    3.3759775959e+03   -8.4483571759e+01    2.6397601412e+01    3.8977449059e+01   -1.3279839022e+02    9.3373694065e+00    8.2600000000e+04    1.3036958601e+02    9.9136876640e-01
        21   -5.8083637053e+01    3.3755750639e+03   -8.4668237416e+01    2.6584600363e+01    3.8940259465e+01   -1.3271509656e+02    9.1065996766e+00    8.2495000000e+04    1.2859078022e+02    9.9129737178e-01
        22   -5.8084618234e+01    3.3757148067e+03   -8.4764436208e+01    2.6679817975e+01    3.8993721293e+01   -1.3298967181e+02    9.2315143104e+00    8.2367000000e+04    1.2672505647e+02    9.9109978174e-01
        23   -5.8090167674e+01    3.3764221888e+03   -8.4590347114e+01    2.6500179441e+01    3.8928095039e+01   -1.3264895814e+02    9.1305159851e+00    8.2307000000e+04    1.2273819145e+02    9.9115208701e-01
        24   -5.8088374865e+01    3.3765747513e+03   -8.4331801460e+01    2.6243426594e+01    3.8852926808e+01   -1.3231664691e+02    9.1319186413e+00    8.2250000000e+04    1.2207535035e+02    9.9147860706e-01
        25   -5.8088007179e+01    3.3760060192e+03   -8.4338420218e+01    2.6250413039e+01    3.8823069293e+01   -1.3243367322e+02    9.2721837082e+00    8.2270000000e+04    1.1667573257e+02    9.9138057497e-01
        26   -5.8084285720e+01    3.3755786595e+03   -8.4428787490e+01    2.6344501770e+01    3.8841278869e+01   -1.3252551834e+02    9.2554519783e+00    8.2125000000e+04    1.1495285169e+02    9.9153703004e-01
        27   -5.8086675565e+01    3.3759135702e+03   -8.4469456049e+01    2.6382780484e+01    3.8844562529e+01   -1.3252853223e+02    9.2145136575e+00    8.1783000000e+04    7.8354466708e+01    9.9154651119e-01
        28   -5.8077215721e+01    3.3749877515e+03   -8.4498764541e+01    2.6421548821e+01    3.8883889887e+01   -1.3241935964e+02    9.0367052125e+00    8.2293000000e+04    1.2429474535e+02    9.9135833732e-01
        29   -5.8084321190e+01    3.3756037893e+03   -8.4440727810e+01    2.6356406620e+01    3.8901354608e+01   -1.3263770897e+02    9.2956265521e+00    8.2642000000e+04    1.2668118789e+02    9.9142215959e-01
        30   -5.8061255152e+01    3.3730762958e+03   -8.4453335582e+01    2.6392080430e+01    3.8985501719e+01   -1.3272835630e+02    9.2895190004e+00    8.2790000000e+04    1.2670679911e+02    9.9142670399e-01
        31   -5.8085062958e+01    3.3758974509e+03   -8.4631820548e+01    2.6546757590e+01    3.8982537868e+01   -1.3305279007e+02    9.4384316501e+00    8.2471000000e+04    1.2569383223e+02    9.9134022739e-01
        32   -5.8094866119e+01    3.3768417544e+03   -8.4520572579e+01    2.6425706459e+01    3.8938991755e+01   -1.3290100560e+02    9.4414412682e+00    8.2786000000e+04    1.2619369438e+02    9.9141796939e-01
        33   -5.8080294132e+01    3.3751969209e+03   -8.4381294164e+01    2.6301000032e+01    3.8879281345e+01   -1.3237959482e+02    9.1190193080e+00    8.2921000000e+04    1.2747527859e+02    9.9126543685e-01
        34   -5.8104321827e+01    3.3779603596e+03   -8.4353145798e+01    2.6248823971e+01    3.8819541469e+01   -1.3232622168e+02    9.1535344167e+00    8.3130000000e+04    1.2613790456e+02    9.9131905930e-01
        35   -5.8082991933e+01    3.3754830980e+03   -8.4508084730e+01    2.6425092797e+01    3.8865077426e+01   -1.3276205793e+02    9.3888957751e+00    8.3108000000e+04    1.2704282854e+02    9.9119002999e-01
        36   -5.8087619252e+01    3.3760197341e+03   -8.4741873367e+01    2.6654254115e+01    3.8926658155e+01   -1.3297438714e+02    9.3058556136e+00    8.2464000000e+04    1.2604643645e+02    9.9124048865e-01
        37   -5.8077462659e+01    3.3749337515e+03   -8.4794450978e+01    2.6716988319e+01    3.9013732583e+01   -1.3303397297e+02    9.2257894114e+00    8.2664000000e+04    1.2736818608e+02    9.9124232428e-01
        38   -5.8083807511e+01    3.3757646526e+03   -8.4653395010e+01    2.6569587499e+01    3.8971573727e+01   -1.3280129571e+02    9.1763269764e+00    8.3120000000e+04    1.3117108342e+02    9.9122375601e-01
        39   -5.8081187376e+01    3.3754539336e+03   -8.4478388016e+01    2.6397200640e+01    3.8893144230e+01   -1.3255991539e+02    9.1883831471e+00    8.3249000000e+04    1.3164771763e+02    9.9124768631e-01
        40   -5.8088508051e+01    3.3760120461e+03   -8.4529651538e+01    2.6441143487e+01    3.8890156884e+01   -1.3243668578e+02    9.0168773533e+00    8.3094000000e+04    1.3041171761e+02    9.9122939442e-01
        41   -5.8078810431e+01    3.3750655865e+03   -8.4466309469e+01    2.6387499038e+01    3.8927288349e+01   -1.3275297845e+02    9.3593806322e+00    8.3198000000e+04    1.3113205235e+02    9.9117512667e-01
        42   -5.8076570225e+01    3.3746747326e+03   -8.4486803089e+01    2.6410232865e+01    3.8972351990e+01   -1.3280144830e+02    9.3422932243e+00    8.2523000000e+04    1.2843585615e+02    9.9112527239e-01
        43   -5.8095869215e+01    3.3770275729e+03   -8.4489102936e+01    2.6393233721e+01    3.8940516615e+01   -1.3277282293e+02    9.3432033744e+00    8.1977000000e+04    9.6270082872e+01    9.9125577897e-01
        44   -5.8090199975e+01    3.3762402748e+03   -8.4648310279e+01    2.6558110304e+01    3.8967080535e+01   -1.3309887786e+02    9.4834870474e+00    8.2031000000e+04    1.0544105646e+02    9.9143483932e-01
        45   -5.8075264281e+01    3.3746965399e+03   -8.4490980364e+01    2.6415716083e+01    3.8922243132e+01   -1.3268530865e+02    9.2720851496e+00    8.2159000000e+04    1.1294326967e+02    9.9134254852e-01
        46   -5.8082747430e+01    3.3755088130e+03   -8.4434997077e+01    2.6352249646e+01    3.8832529143e+01   -1.3255674122e+02    9.2892150004e+00    8.1574000000e+04    7.8059724491e+01    9.9128095467e-01
        47   -5.8077148595e+01    3.3750169522e+03   -8.4413403735e+01    2.6336255140e+01    3.8809768225e+01   -1.3246289458e+02    9.2397226155e+00    8.1045000000e+04    7.7371432784e+01    9.9143721694e-01
        48   -5.8080140620e+01    3.3751291918e+03   -8.4392158860e+01    2.6312018240e+01    3.8803536229e+01   -1.3246259000e+02    9.2668949081e+00    8.1218000000e+04    8.0418992492e+01    9.9134856210e-01
        49   -5.8086520697e+01    3.3758055006e+03   -8.4539971851e+01    2.6453451154e+01    3.8900258302e+01   -1.3268551577e+02    9.2452856163e+00    8.1192000000e+04    7.8127904783e+01    9.9149113278e-01
        50   -5.8106543018e+01    3.3781403591e+03   -8.4547769070e+01    2.6441226053e+01    3.8871241195e+01   -1.3281232065e+02    9.3933103841e+00    8.0968000000e+04    7.9398487804e+01    9.9140824965e-01
        51   -5.8090192153e+01    3.3763669416e+03   -8.4501725895e+01    2.6411533743e+01    3.8956670870e+01   -1.3283155594e+02    9.3731591746e+00    8.1597000000e+04    7.8849273782e+01    9.9107319951e-01
        52   -5.8090901925e+01    3.3762447299e+03   -8.4287332191e+01    2.6196430266e+01    3.8856130383e+01   -1.3237230270e+02    9.2288401279e+00    8.2181000000e+04    1.1556850423e+02    9.9141215142e-01
        53   -5.8072691656e+01    3.3742957416e+03   -8.4363834502e+01    2.6291142846e+01    3.8868001240e+01   -1.3240904056e+02    9.1772048135e+00    8.2068000000e+04    1.1018383997e+02    9.9124510866e-01
        54   -5.8062884966e+01    3.3731972980e+03   -8.4295596470e+01    2.6232711504e+01    3.8900398135e+01   -1.3249263797e+02    9.2966433639e+00    8.1511000000e+04    7.8891848243e+01    9.9110960984e-01
        55   -5.8092114133e+01    3.3765639535e+03   -8.4283428103e+01    2.6191313970e+01    3.8793219834e+01   -1.3233677490e+02    9.2601269636e+00    8.2110000000e+04    1.0542237216e+02    9.9138105179e-01
        56   -5.8095856948e+01    3.3769821105e+03   -8.4485561214e+01    2.6389704267e+01    3.8887068186e+01   -1.3270081727e+02    9.3281878659e+00    8.2398000000e+04    1.2071774841e+02    9.9106241856e-01
        57   -5.8085722810e+01    3.3756851487e+03   -8.4517061908e+01    2.6431339098e+01    3.8962386035e+01   -1.3296151833e+02    9.4820703856e+00    8.3210000000e+04    1.2618916508e+02    9.9118079611e-01
        58   -5.8076143053e+01    3.3746361279e+03   -8.4411237221e+01    2.6335094167e+01    3.8901802371e+01   -1.3279277214e+02    9.4797325456e+00    8.2700000000e+04    1.2653866771e+02    9.9134921170e-01
        59   -5.8082648747e+01    3.3754967120e+03   -8.4362739608e+01    2.6280090860e+01    3.8880438974e+01   -1.3257997892e+02    9.3368003390e+00    8.2441000000e+04    1.2709934608e+02    9.9147041990e-01
        60   -5.8080564911e+01    3.3751244138e+03   -8.4531897185e+01    2.6451332275e+01    3.8960533094e+01   -1.3273936067e+02    9.2469303947e+00    8.2360000000e+04    1.2505229947e+02    9.9138276422e-01
        61   -5.8085275099e+01    3.3757573797e+03   -8.4453848655e+01    2.6368573555e+01    3.8943468900e+01   -1.3256699502e+02    9.1696774690e+00    8.2367000000e+04    1.2821352812e+02    9.9152930595e-01
        62   -5.8083528623e+01    3.3754221049e+03   -8.4348528463e+01    2.6264999840e+01    3.8911380426e+01   -1.3258607575e+02    9.3261668583e+00    8.2398000000e+04    1.2606893769e+02    9.9154606903e-01
        63   -5.8079655253e+01    3.3751594567e+03   -8.4484321305e+01    2.6404666052e+01    3.8947260719e+01   -1.3271377000e+02    9.2821879769e+00    8.2239000000e+04    1.2107639376e+02    9.9141390320e-01
        64   -5.8082201692e+01    3.3756995062e+03   -8.4525332810e+01    2.6443131118e+01    3.8951713832e+01   -1.3280967819e+02    9.3326315509e+00    8.2477000000e+04    1.2422190043e+02    9.9131640661e-01
        65   -5.8088927246e+01    3.3760968045e+03   -8.4607524239e+01    2.6518596994e+01    3.8985976986e+01   -1.3301016120e+02    9.4166599747e+00    8.2377000000e+04    1.2310475327e+02    9.9142212924e-01
        66   -5.8096151730e+01    3.3768655317e+03   -8.4700703635e+01    2.6604551905e+01    3.8951534910e+01   -1.3294747880e+02    9.2952402506e+00    8.1646000000e+04    7.9198965375e+01    9.9113890835e-01
        67   -5.8074467472e+01    3.3745127289e+03   -8.4609981048e+01    2.6535513577e+01    3.8937718604e+01   -1.3287947404e+02    9.3317743869e+00    8.1286000000e+04    7.8363958827e+01    9.9133699699e-01
        68   -5.8072219556e+01    3.3746488904e+03   -8.4539975587e+01    2.6467756031e+01    3.8948985121e+01   -1.3271378818e+02    9.2248274770e+00    8.1518000000e+04    7.7057547833e+01    9.9147777957e-01
        69   -5.8102188222e+01    3.3777072558e+03   -8.4537337036e+01    2.6435148814e+01    3.8913494149e+01   -1.3263508372e+02    9.1842525399e+00    8.1670000000e+04    7.9713524949e+01    9.9132233428e-01
        70   -5.8082738817e+01    3.3754710096e+03   -8.4365433384e+01    2.6282694566e+01    3.8888951748e+01   -1.3246644523e+02    9.2120600994e+00    8.1914000000e+04    9.8114392194e+01    9.9132264676e-01
        71   -5.8098798324e+01    3.3771937672e+03   -8.4434583770e+01    2.6335785445e+01    3.8881084515e+01   -1.3267283530e+02    9.3571670114e+00    8.1799000000e+04    9.1048862898e+01    9.9131794229e-01
        72   -5.8075382649e+01    3.3744219978e+03   -8.4327074039e+01    2.6251691390e+01    3.8873241946e+01   -1.3255221624e+02    9.3519002567e+00    8.1700000000e+04    9.7461418887e+01    9.9134831769e-01
        73   -5.8075753732e+01    3.3745680840e+03   -8.4531493951e+01    2.6455740219e+01    3.8871308934e+01   -1.3268725171e+02    9.2844488282e+00    8.1241000000e+04    7.8891882447e+01    9.9124038747e-01
        74   -5.8089850410e+01    3.3765390344e+03   -8.4537297551e+01    2.6447447141e+01    3.8911465301e+01   -1.3272183189e+02    9.2730690426e+00    8.1717000000e+04    8.5335998504e+01    9.9114469583e-01
        75   -5.8070343406e+01    3.3740638831e+03   -8.4401357577e+01    2.6331014171e+01    3.8909442601e+01   -1.3245001333e+02    9.1392131525e+00    8.2549000000e+04    1.2374131590e+02    9.9129304588e-01
        76   -5.8083315751e+01    3.3756138389e+03   -8.4389370016e+01    2.6306054266e+01    3.8864096983e+01   -1.3254661311e+02    9.2931461128e+00    8.2879000000e+04    1.2519392963e+02    9.9133886433e-01
        77   -5.8097539318e+01    3.3771117354e+03   -8.4280449461e+01    2.6182910143e+01    3.8811753515e+01   -1.3239795787e+02    9.3057548987e+00    8.2655000000e+04    1.2578832619e+02    9.9128577369e-01
        78   -5.8097250670e+01    3.3770690954e+03   -8.4384275956e+01    2.6287025286e+01    3.8870456245e+01   -1.3248311457e+02    9.2283823697e+00    8.3094000000e+04    1.2959908070e+02    9.9140753378e-01
        79   -5.8083583781e+01    3.3756130871e+03   -8.4312692700e+01    2.6229108919e+01    3.8808954837e+01   -1.3209119754e+02    8.9695500026e+00    8.3239000000e+04    1.2709318215e+02    9.9119616925e-01
