#   index    LocalEnergy         LocalEnergy_sq      LocalPotential      Kinetic             ElecElec            LocalECP            NonLocalECP         BlockWeight         BlockCPU            AcceptRatio         
         0   -5.7981418002e+01    3.3626043279e+03   -8.4358470138e+01    2.6377052136e+01    3.9066694397e+01   -1.3306508192e+02    9.6399173895e+00    1.0240000000e+03    2.9395513702e-03    6.2324218750e-01
         1   -5.7990342583e+01    3.3637872278e+03   -8.3951291245e+01    2.5960948663e+01    3.9017272454e+01   -1.3347226908e+02    1.0503705382e+01    1.0240000000e+03    2.8828890063e-03    6.2534179688e-01
         2   -5.8002279468e+01    3.3649576014e+03   -8.4574278056e+01    2.6571998588e+01    3.8847634045e+01   -1.3266814256e+02    9.2462304580e+00    1.0240000000e+03    2.8094006702e-03    6.2443033854e-01
         3   -5.7999138832e+01    3.3645814792e+03   -8.3350506426e+01    2.5351367594e+01    3.8532809162e+01   -1.3128550377e+02    9.4021881863e+00    1.0240000000e+03    2.7982813772e-03    6.2335611979e-01
         4   -5.7939585861e+01    3.3577561743e+03   -8.3882479914e+01    2.5942894053e+01    3.8738556949e+01   -1.3227800980e+02    9.6569729395e+00    1.0240000000e+03    2.8082977515e-03    6.2236328125e-01
         5   -5.7986479464e+01    3.3633562806e+03   -8.3489985712e+01    2.5503506248e+01    3.8694662546e+01   -1.3218573704e+02    1.0001088778e+01    1.0240000000e+03    2.8077911120e-03    6.2335611979e-01
         6   -5.7994765177e+01    3.3641456755e+03   -8.4243014601e+01    2.6248249424e+01    3.8863087269e+01   -1.3240722408e+02    9.3011222062e+00    1.0240000000e+03    2.8024024796e-03    6.2556966146e-01
         7   -5.8010906686e+01    3.3659447513e+03   -8.4350197421e+01    2.6339290735e+01    3.8939955919e+01   -1.3233724428e+02    9.0470909413e+00    1.0240000000e+03    2.7964655310e-03    6.2291666667e-01
         8   -5.7968992526e+01    3.3611561081e+03   -8.3870815987e+01    2.5901823460e+01    3.9001425134e+01   -1.3284116942e+02    9.9689282955e+00    1.0240000000e+03    2.8012148105e-03    6.2290039063e-01
         9   -5.8053454408e+01    3.3712631979e+03   -8.4351901943e+01    2.6298447535e+01    3.8848328277e+01   -1.3264707805e+02    9.4468478307e+00    1.0240000000e+03    2.7889821213e-03    6.2516276042e-01
        10   -5.7932228854e+01    3.3577485133e+03   -8.4418977199e+01    2.6486748345e+01    3.9023608936e+01   -1.3354628620e+02    1.0103700069e+01    1.0240000000e+03    2.7672373690e-03    6.2006835938e-01
        11   -5.7995391260e+01    3.3642362423e+03   -8.3916653213e+01    2.5921261954e+01    3.8878459525e+01   -1.3186867642e+02    9.0735636840e+00    1.0240000000e+03    2.7914266102e-03    6.2446289063e-01
        12   -5.7975223295e+01    3.3620141181e+03   -8.3767473034e+01    2.5792249739e+01    3.9051278613e+01   -1.3253398718e+02    9.7152355351e+00    1.0240000000e+03    2.7969130315e-03    6.2574869792e-01
        13   -5.7990148165e+01    3.3636057153e+03   -8.4266240625e+01    2.6276092459e+01    3.9048698686e+01   -1.3266756696e+02    9.3526276446e+00    1.0240000000e+03    2.8007107321e-03    6.2394205729e-01
        14   -5.8022683483e+01    3.3672344145e+03   -8.4430771783e+01    2.6408088300e+01    3.8819918349e+01   -1.3209680642e+02    8.8461162852e+00    1.0240000000e+03    2.7759952936e-03    6.2327473958e-01
        15   -5.7968663781e+01    3.3612183704e+03   -8.4145231993e+01    2.6176568212e+01    3.8987786687e+01   -1.3278817145e+02    9.6551527649e+00    1.0240000000e+03    2.7878463734e-03    6.2530924479e-01
        16   -5.7998179063e+01    3.3646490527e+03   -8.4082491643e+01    2.6084312580e+01    3.9160657571e+01   -1.3306154236e+02    9.8183931465e+00    1.0240000000e+03    2.7985074557e-03    6.2290039063e-01
        17   -5.8015567631e+01    3.3667321424e+03   -8.4556206934e+01    2.6540639303e+01    3.9133868664e+01   -1.3302246658e+02    9.3323909850e+00    1.0240000000e+03    2.8111445718e-03    6.2394205729e-01
        18   -5.8016671903e+01    3.3668403026e+03   -8.4242503220e+01    2.6225831317e+01    3.9058527972e+01   -1.3258716099e+02    9.2861297937e+00    1.0240000000e+03    2.8149641585e-03    6.2029622396e-01
        19   -5.8014789855e+01    3.3664729347e+03   -8.4718800734e+01    2.6704010879e+01    3.9203265686e+01   -1.3337008165e+02    9.4480152345e+00    1.0240000000e+03    2.7771361638e-03    6.2441406250e-01
        20   -5.8033950029e+01    3.3687560118e+03   -8.4792257636e+01    2.6758307607e+01    3.9198508077e+01   -1.3341166145e+02    9.4208957373e+00    1.0240000000e+03    2.7672974393e-03    6.2460937500e-01
        21   -5.7985063560e+01    3.3630057092e+03   -8.4887058423e+01    2.6901994863e+01    3.9418563460e+01   -1.3371978640e+02    9.4141645209e+00    1.0240000000e+03    2.8098186012e-03    6.2247721354e-01
        22   -5.8017169995e+01    3.3668250002e+03   -8.4579083981e+01    2.6561913986e+01    3.9269206716e+01   -1.3312121238e+02    9.2729216831e+00    1.0240000000e+03    2.7770556044e-03    6.2325846354e-01
        23   -5.7989132016e+01    3.3635189739e+03   -8.4139242773e+01    2.6150110757e+01    3.9124729275e+01   -1.3258904202e+02    9.3250699687e+00    1.0240000000e+03    2.8192254249e-03    6.2239583333e-01
        24   -5.7992423466e+01    3.3637407960e+03   -8.4472375811e+01    2.6479952344e+01    3.9395382148e+01   -1.3281090163e+02    8.9431436660e+00    1.0240000000e+03    2.7883984149e-03    6.2224934896e-01
        25   -5.8011500918e+01    3.3661779368e+03   -8.4370185344e+01    2.6358684426e+01    3.9329137006e+01   -1.3343809025e+02    9.7387679007e+00    1.0240000000e+03    2.8197641950e-03    6.2783203125e-01
        26   -5.7995932369e+01    3.3643229220e+03   -8.4280673683e+01    2.6284741314e+01    3.9277483174e+01   -1.3348948662e+02    9.9313297624e+00    1.0240000000e+03    2.7918019332e-03    6.2094726562e-01
        27   -5.8002649053e+01    3.3650827881e+03   -8.4193800178e+01    2.6191151125e+01    3.9094514805e+01   -1.3267469967e+02    9.3863846886e+00    1.0240000000e+03    2.8261570260e-03    6.2444661458e-01
        28   -5.7974924706e+01    3.3618939196e+03   -8.4114171077e+01    2.6139246371e+01    3.9014709926e+01   -1.3186801591e+02    8.7391349073e+00    1.0240000000e+03    2.7581709437e-03    6.2132161458e-01
        29   -5.7960339900e+01    3.3601614731e+03   -8.3896994193e+01    2.5936654294e+01    3.8941211972e+01   -1.3227061173e+02    9.4324055620e+00    1.0240000000e+03    2.8123678640e-03    6.2729492187e-01
        30   -5.7946174560e+01    3.3586447403e+03   -8.4739455113e+01    2.6793280553e+01    3.9081872261e+01   -1.3280585065e+02    8.9845232767e+00    1.0240000000e+03    2.7817026712e-03    6.2509765625e-01
        31   -5.8026129435e+01    3.3679261289e+03   -8.3699456288e+01    2.5673326853e+01    3.9054520434e+01   -1.3272071176e+02    9.9667350378e+00    1.0240000000e+03    2.7746232226e-03    6.2348632812e-01
        32   -5.7987369956e+01    3.3632305459e+03   -8.3955950748e+01    2.5968580792e+01    3.8919274141e+01   -1.3269799204e+02    9.8227671531e+00    1.0240000000e+03    2.7958527207e-03    6.2146809896e-01
        33   -5.7987251063e+01    3.3631903768e+03   -8.4079135488e+01    2.6091884424e+01    3.9014636633e+01   -1.3218618905e+02    9.0924169323e+00    1.0240000000e+03    2.7951032389e-03    6.2652994792e-01
        34   -5.8013516407e+01    3.3663454415e+03   -8.4050452941e+01    2.6036936534e+01    3.8901560741e+01   -1.3212163761e+02    9.1696239325e+00    1.0240000000e+03    2.8037177399e-03    6.2615559896e-01
        35   -5.8026598747e+01    3.3679220428e+03   -8.4022139378e+01    2.5995540631e+01    3.8970544770e+01   -1.3245687551e+02    9.4641913587e+00    1.0240000000e+03    2.8014467098e-03    6.2337239583e-01
        36   -5.8008106585e+01    3.3658997702e+03   -8.4163030372e+01    2.6154923787e+01    3.8963615832e+01   -1.3257130609e+02    9.4446598905e+00    1.0240000000e+03    2.7750746813e-03    6.2441406250e-01
        37   -5.7962518639e+01    3.3604163024e+03   -8.4048635024e+01    2.6086116385e+01    3.9117445580e+01   -1.3226051156e+02    9.0944309536e+00    1.0240000000e+03    2.8192838654e-03    6.2294921875e-01
        38   -5.7931691513e+01    3.3569511077e+03   -8.4013806778e+01    2.6082115266e+01    3.9018065331e+01   -1.3240069476e+02    9.3688226495e+00    1.0240000000e+03    2.8099294286e-03    6.2421875000e-01
        39   -5.7973904567e+01    3.3618590456e+03   -8.4267677978e+01    2.6293773411e+01    3.9141468203e+01   -1.3305545126e+02    9.6463050824e+00    1.0240000000e+03    2.7880007401e-03    6.2350260417e-01
        40   -5.7969553415e+01    3.3611949459e+03   -8.4113658634e+01    2.6144105220e+01    3.8879566218e+01   -1.3193066773e+02    8.9374428825e+00    1.0240000000e+03    2.7586787473e-03    6.2185872396e-01
        41   -5.8049177940e+01    3.3704201749e+03   -8.3941629875e+01    2.5892451934e+01    3.8898848471e+01   -1.3204204074e+02    9.2015623953e+00    1.0240000000e+03    2.7819480747e-03    6.2153320313e-01
        42   -5.7959891140e+01    3.3601533389e+03   -8.4422423119e+01    2.6462531979e+01    3.8969516124e+01   -1.3205614213e+02    8.6642028919e+00    1.0240000000e+03    2.7794619091e-03    6.2320963542e-01
        43   -5.8005538149e+01    3.3654039006e+03   -8.3900868711e+01    2.5895330562e+01    3.9053668258e+01   -1.3176249564e+02    8.8079586724e+00    1.0240000000e+03    2.8045871295e-03    6.2703450521e-01
        44   -5.7971332595e+01    3.3615379893e+03   -8.4040374672e+01    2.6069042076e+01    3.9256117566e+01   -1.3274752155e+02    9.4510293157e+00    1.0240000000e+03    2.7855550870e-03    6.2472330729e-01
        45   -5.8060445930e+01    3.3718607543e+03   -8.4596640871e+01    2.6536194941e+01    3.9165974341e+01   -1.3299857203e+02    9.2359568195e+00    1.0240000000e+03    2.7879311237e-03    6.2460937500e-01
        46   -5.7958283515e+01    3.3599598927e+03   -8.4152370243e+01    2.6194086728e+01    3.9090750883e+01   -1.3234741239e+02    9.1042912596e+00    1.0240000000e+03    2.7805152349e-03    6.2229817708e-01
        47   -5.7978369300e+01    3.3625661286e+03   -8.4015793557e+01    2.6037424258e+01    3.9023849769e+01   -1.3242044658e+02    9.3808032547e+00    1.0240000000e+03    2.8080234770e-03    6.2465820313e-01
        48   -5.7996974269e+01    3.3643299261e+03   -8.4258214612e+01    2.6261240343e+01    3.8903249950e+01   -1.3208391056e+02    8.9224459988e+00    1.0240000000e+03    2.7732152957e-03    6.2031250000e-01
        49   -5.7997884945e+01    3.3645601825e+03   -8.4038591109e+01    2.6040706164e+01    3.8876742434e+01   -1.3233914544e+02    9.4238118998e+00    1.0240000000e+03    2.7611232363e-03    6.2132161458e-01
        50   -5.8034131359e+01    3.3687113397e+03   -8.4399030868e+01    2.6364899509e+01    3.8864827125e+01   -1.3204942143e+02    8.7855634389e+00    1.0240000000e+03    2.7877890971e-03    6.2317708333e-01
        51   -5.7983756731e+01    3.3631356561e+03   -8.4143800759e+01    2.6160044028e+01    3.9077392257e+01   -1.3278415599e+02    9.5629629772e+00    1.0240000000e+03    2.8012879193e-03    6.2721354167e-01
        52   -5.7946578939e+01    3.3585589999e+03   -8.3821482237e+01    2.5874903298e+01    3.9040476039e+01   -1.3269846219e+02    9.8365039113e+00    1.0240000000e+03    2.7908529155e-03    6.2220052083e-01
        53   -5.8022819010e+01    3.3674326968e+03   -8.4568345915e+01    2.6545526905e+01    3.9078251167e+01   -1.3282767955e+02    9.1810824662e+00    1.0240000000e+03    2.7757792268e-03    6.2252604167e-01
        54   -5.7944219975e+01    3.3583262241e+03   -8.4164234303e+01    2.6220014328e+01    3.9020847804e+01   -1.3220804939e+02    9.0229672794e+00    1.0240000000e+03    2.8061284684e-03    6.2410481771e-01
        55   -5.8010943129e+01    3.3659141122e+03   -8.4723048968e+01    2.6712105839e+01    3.9017317588e+01   -1.3238595065e+02    8.6455840983e+00    1.0240000000e+03    2.7913625818e-03    6.2488606771e-01
        56   -5.7993215861e+01    3.3642122697e+03   -8.4057585960e+01    2.6064370100e+01    3.9058633212e+01   -1.3271972239e+02    9.6035032158e+00    1.0240000000e+03    2.7806009166e-03    6.2413736979e-01
        57   -5.8021016210e+01    3.3674871739e+03   -8.3670976148e+01    2.5649959937e+01    3.8934904736e+01   -1.3255629837e+02    9.9504174842e+00    1.0240000000e+03    2.7799308300e-03    6.2462565104e-01
        58   -5.7988632713e+01    3.3633899659e+03   -8.4087139957e+01    2.6098507243e+01    3.9028424697e+01   -1.3254168936e+02    9.4261247089e+00    1.0240000000e+03    2.7663505170e-03    6.2583007813e-01
        59   -5.7993898088e+01    3.3641937940e+03   -8.4707493399e+01    2.6713595311e+01    3.9172388682e+01   -1.3288574242e+02    9.0058603383e+00    1.0240000000e+03    2.7831259649e-03    6.2036132812e-01
        60   -5.8001982112e+01    3.3649080811e+03   -8.3881632321e+01    2.5879650210e+01    3.9071065097e+01   -1.3252579932e+02    9.5731019033e+00    1.0240000000e+03    2.7776795905e-03    6.2407226562e-01
        61   -5.8003710993e+01    3.3652940291e+03   -8.4341604237e+01    2.6337893244e+01    3.9111323955e+01   -1.3269332004e+02    9.2403918453e+00    1.0240000000e+03    2.7939961292e-03    6.2470703125e-01
        62   -5.8004363310e+01    3.3654712527e+03   -8.3810216438e+01    2.5805853128e+01    3.9210591287e+01   -1.3261799930e+02    9.5971915710e+00    1.0240000000e+03    2.8034204151e-03    6.2666015625e-01
        63   -5.7979529380e+01    3.3624459209e+03   -8.4438839423e+01    2.6459310043e+01    3.9162661522e+01   -1.3271648471e+02    9.1149837599e+00    1.0240000000e+03    2.8079268523e-03    6.2408854167e-01
        64   -5.7996233185e+01    3.3642812293e+03   -8.4542079001e+01    2.6545845816e+01    3.9209480917e+01   -1.3304722422e+02    9.2956642964e+00    1.0240000000e+03    2.7874002699e-03    6.2364908854e-01
        65   -5.8014964252e+01    3.3664333888e+03   -8.4674131890e+01    2.6659167637e+01    3.9211385024e+01   -1.3280347057e+02    8.9179536541e+00    1.0240000000e+03    2.8065927327e-03    6.2073567708e-01
        66   -5.8057572790e+01    3.3714762673e+03   -8.4071547231e+01    2.6013974441e+01    3.9148280840e+01   -1.3270085161e+02    9.4810235383e+00    1.0240000000e+03    2.7598661836e-03    6.2319335938e-01
        67   -5.8008221006e+01    3.3657638199e+03   -8.4006463936e+01    2.5998242930e+01    3.9181151959e+01   -1.3267281966e+02    9.4852037606e+00    1.0240000000e+03    2.7802672703e-03    6.2893880208e-01
        68   -5.7945676759e+01    3.3585794939e+03   -8.3977992195e+01    2.6032315436e+01    3.9004784232e+01   -1.3220177928e+02    9.2190028529e+00    1.0240000000e+03    2.7813343331e-03    6.2208658854e-01
        69   -5.7997026905e+01    3.3643712512e+03   -8.4063422316e+01    2.6066395410e+01    3.9148470878e+01   -1.3241867903e+02    9.2067858384e+00    1.0240000000e+03    2.7685302775e-03    6.2698567708e-01
        70   -5.7957631174e+01    3.3597824010e+03   -8.4675556785e+01    2.6717925611e+01    3.9162041203e+01   -1.3319953684e+02    9.3619388520e+00    1.0240000000e+03    2.7659612242e-03    6.2403971354e-01
        71   -5.7986931683e+01    3.3635389562e+03   -8.4051872369e+01    2.6064940686e+01    3.8944416090e+01   -1.3299763701e+02    1.0001348546e+01    1.0240000000e+03    2.7813056950e-03    6.2532552083e-01
        72   -5.8022045670e+01    3.3675651462e+03   -8.3991680691e+01    2.5969635021e+01    3.8900707566e+01   -1.3200528740e+02    9.1128991457e+00    1.0240000000e+03    2.7850538027e-03    6.2568359375e-01
        73   -5.7982836795e+01    3.3628227185e+03   -8.3500355775e+01    2.5517518979e+01    3.8897911643e+01   -1.3186716601e+02    9.4688985952e+00    1.0240000000e+03    2.7807066217e-03    6.2569986979e-01
        74   -5.7986544852e+01    3.3631709258e+03   -8.4162724441e+01    2.6176179589e+01    3.8904495415e+01   -1.3215572774e+02    9.0885078871e+00    1.0240000000e+03    2.7926226612e-03    6.2426757812e-01
        75   -5.8002311474e+01    3.3652379735e+03   -8.3838276801e+01    2.5835965327e+01    3.8932528389e+01   -1.3247010501e+02    9.6992998180e+00    1.0240000000e+03    2.7797333896e-03    6.2537434896e-01
        76   -5.8017479587e+01    3.3667306584e+03   -8.3848298050e+01    2.5830818463e+01    3.8909021269e+01   -1.3232356216e+02    9.5662428414e+00    1.0240000000e+03    2.7796728536e-03    6.2488606771e-01
        77   -5.8008574410e+01    3.3660060796e+03   -8.4140246779e+01    2.6131672369e+01    3.9075608788e+01   -1.3335109408e+02    1.0135238509e+01    1.0240000000e+03    2.7773135807e-03    6.2402343750e-01
        78   -5.8010629007e+01    3.3665464477e+03   -8.4002187788e+01    2.5991558781e+01    3.9116166793e+01   -1.3292714600e+02    9.8087914162e+00    1.0240000000e+03    2.7721424121e-03    6.2594401042e-01
        79   -5.7972723122e+01    3.3616829941e+03   -8.4145473413e+01    2.6172750290e+01    3.9096236197e+01   -1.3233345781e+02    9.0917481992e+00    1.0240000000e+03    2.7784786653e-03    6.2262369792e-01
        80   -5.8001447375e+01    3.3650413100e+03   -8.4483461908e+01    2.6482014534e+01    3.9100373137e+01   -1.3337380014e+02    9.7899650957e+00    1.0240000000e+03    2.7889197227e-03    6.2491861979e-01
        81   -5.8002641384e+01    3.3650808555e+03   -8.4422482473e+01    2.6419841089e+01    3.9063064931e+01   -1.3304197753e+02    9.5564301212e+00    1.0240000000e+03    2.7894917876e-03    6.2571614583e-01
        82   -5.8024644431e+01    3.3676137083e+03   -8.4670209124e+01    2.6645564694e+01    3.9163211998e+01   -1.3295903931e+02    9.1256181928e+00    1.0240000000e+03    2.7904435992e-03    6.2654622396e-01
        83   -5.8028857048e+01    3.3680525458e+03   -8.4392298938e+01    2.6363441891e+01    3.8909946838e+01   -1.3214814623e+02    8.8459004498e+00    1.0240000000e+03    2.7921842411e-03    6.2682291667e-01
        84   -5.8002929960e+01    3.3650388226e+03   -8.3906772339e+01    2.5903842379e+01    3.8959130078e+01   -1.3151662991e+02    8.6507274895e+00    1.0240000000e+03    2.7878570836e-03    6.2371419271e-01
        85   -5.8022454715e+01    3.3675397939e+03   -8.4528427840e+01    2.6505973124e+01    3.9184811609e+01   -1.3382263753e+02    1.0109398085e+01    1.0240000000e+03    2.7423750143e-03    6.2104492188e-01
        86   -5.8070256569e+01    3.3731603807e+03   -8.4085532562e+01    2.6015275993e+01    3.9354032992e+01   -1.3295673614e+02    9.5171705871e+00    1.0240000000e+03    2.7770407032e-03    6.2071940104e-01
        87   -5.7990312529e+01    3.3637057540e+03   -8.4246328699e+01    2.6256016170e+01    3.9203237360e+01   -1.3277459918e+02    9.3250331238e+00    1.0240000000e+03    2.7670343406e-03    6.2504882812e-01
        88   -5.7992259834e+01    3.3639667063e+03   -8.4223383095e+01    2.6231123261e+01    3.9156541695e+01   -1.3332313840e+02    9.9432136068e+00    1.0240000000e+03    2.7753456961e-03    6.2403971354e-01
        89   -5.8023098682e+01    3.3676141923e+03   -8.3923675989e+01    2.5900577306e+01    3.9065468040e+01   -1.3278138365e+02    9.7922396177e+00    1.0240000000e+03    2.7657388709e-03    6.2534179687e-01
        90   -5.7989671368e+01    3.3637015037e+03   -8.4128665345e+01    2.6138993977e+01    3.9085882701e+01   -1.3275668189e+02    9.5421338407e+00    1.0240000000e+03    2.7846838348e-03    6.2449544271e-01
        91   -5.7962010703e+01    3.3605351547e+03   -8.4175082371e+01    2.6213071668e+01    3.9211579734e+01   -1.3274434102e+02    9.3576789102e+00    1.0240000000e+03    2.7943982277e-03    6.2200520833e-01
        92   -5.7976565772e+01    3.3621876602e+03   -8.4335488184e+01    2.6358922412e+01    3.8793122237e+01   -1.3274596380e+02    9.6173533827e+00    1.0240000000e+03    2.7951328084e-03    6.2543945313e-01
        93   -5.8066161673e+01    3.3731797423e+03   -8.4634682392e+01    2.6568520719e+01    3.9257572353e+01   -1.3367560119e+02    9.7833464415e+00    1.0240000000e+03    2.8045596555e-03    6.2670898438e-01
        94   -5.8025119441e+01    3.3676553749e+03   -8.4784977746e+01    2.6759858305e+01    3.9198356429e+01   -1.3260026594e+02    8.6169317610e+00    1.0240000000e+03    2.7511885855e-03    6.2112630208e-01
        95   -5.8000953489e+01    3.3649719527e+03   -8.4091241694e+01    2.6090288205e+01    3.9188030921e+01   -1.3327196174e+02    9.9926891234e+00    1.0240000000e+03    2.7736374177e-03    6.1928710937e-01
        96   -5.7982240682e+01    3.3627236693e+03   -8.4208275013e+01    2.6226034331e+01    3.8976634921e+01   -1.3257226598e+02    9.3873560412e+00    1.0240000000e+03    2.7683833614e-03    6.2141927083e-01
        97   -5.8002290567e+01    3.3650669036e+03   -8.4009423973e+01    2.6007133406e+01    3.8886144662e+01   -1.3241730717e+02    9.5217385382e+00    1.0240000000e+03    2.7778907679e-03    6.2464192708e-01
        98   -5.8000332117e+01    3.3648458793e+03   -8.4024469152e+01    2.6024137036e+01    3.9102486488e+01   -1.3261502021e+02    9.4880645693e+00    1.0240000000e+03    2.8072940186e-03    6.2867838542e-01
        99   -5.7997565898e+01    3.3643905461e+03   -8.3941620170e+01    2.5944054272e+01    3.9161293911e+01   -1.3206899555e+02    8.9660814663e+00    1.0240000000e+03    2.7865797747e-03    6.2299804688e-01
       100   -5.7968107522e+01    3.3609602850e+03   -8.3698475998e+01    2.5730368476e+01    3.9031681123e+01   -1.3177647924e+02    9.0463221199e+00    1.0240000000e+03    2.7861678973e-03    6.2473958333e-01
       101   -5.8011950968e+01    3.3660492285e+03   -8.4210256533e+01    2.6198305565e+01    3.9086859107e+01   -1.3226152426e+02    8.9644086191e+00    1.0240000000e+03    2.8093622532e-03    6.2384440104e-01
       102   -5.8008675565e+01    3.3657973281e+03   -8.4549383074e+01    2.6540707509e+01    3.9085987111e+01   -1.3285443141e+02    9.2190612281e+00    1.0240000000e+03    2.7881858405e-03    6.2446289063e-01
       103   -5.7994522552e+01    3.3640715315e+03   -8.4869113021e+01    2.6874590469e+01    3.9094612329e+01   -1.3329401626e+02    9.3302909081e+00    1.0240000000e+03    2.7946804184e-03    6.1987304688e-01
       104   -5.8013297363e+01    3.3662878706e+03   -8.4579434307e+01    2.6566136944e+01    3.9270645109e+01   -1.3360368084e+02    9.7536014215e+00    1.0240000000e+03    2.7544407640e-03    6.2172851563e-01
       105   -5.7974947117e+01    3.3627380226e+03   -8.4343851324e+01    2.6368904207e+01    3.9115547081e+01   -1.3273395376e+02    9.2745553526e+00    1.0240000000e+03    2.7659935877e-03    6.2042643229e-01
       106   -5.7964590950e+01    3.3608637684e+03   -8.3981142529e+01    2.6016551579e+01    3.9197057167e+01   -1.3302945019e+02    9.8512504961e+00    1.0240000000e+03    2.7848414611e-03    6.2506510417e-01
       107   -5.8025329720e+01    3.3677264539e+03   -8.4249724079e+01    2.6224394359e+01    3.9174372097e+01   -1.3312901154e+02    9.7049153606e+00    1.0240000000e+03    2.8088206891e-03    6.2093098958e-01
       108   -5.7992782254e+01    3.3638400629e+03   -8.4158332922e+01    2.6165550667e+01    3.9085331269e+01   -1.3287294567e+02    9.6292814824e+00    1.0240000000e+03    2.8041780461e-03    6.2573242188e-01
       109   -5.7955704489e+01    3.3596034120e+03   -8.3769323650e+01    2.5813619161e+01    3.8918882398e+01   -1.3207344056e+02    9.3852345137e+00    1.0240000000e+03    2.7856733650e-03    6.2407226562e-01
       110   -5.8052678236e+01    3.3707265177e+03   -8.3834072768e+01    2.5781394532e+01    3.8615811073e+01   -1.3105889825e+02    8.6090144121e+00    1.0240000000e+03    2.8047580272e-03    6.2750651042e-01
       111   -5.8015577086e+01    3.3665331025e+03   -8.3530660724e+01    2.5515083638e+01    3.8747975236e+01   -1.3124005796e+02    8.9614220007e+00    1.0240000000e+03    2.7647465467e-03    6.2355143229e-01
       112   -5.8025535907e+01    3.3677975128e+03   -8.4415428460e+01    2.6389892553e+01    3.8883547845e+01   -1.3236589028e+02    9.0669139788e+00    1.0240000000e+03    2.7685698587e-03    6.2379557292e-01
       113   -5.7991971485e+01    3.3637998076e+03   -8.4225744823e+01    2.6233773339e+01    3.8972565269e+01   -1.3261559084e+02    9.4172807480e+00    1.0240000000e+03    2.7890580241e-03    6.2504882812e-01
       114   -5.7976881086e+01    3.3620223765e+03   -8.4399084132e+01    2.6422203046e+01    3.8997947703e+01   -1.3275198485e+02    9.3549530146e+00    1.0240000000e+03    2.7592082042e-03    6.2073567708e-01
       115   -5.7961446349e+01    3.3602936484e+03   -8.4519768838e+01    2.6558322489e+01    3.9110753623e+01   -1.3281137446e+02    9.1808519991e+00    1.0240000000e+03    2.7703228407e-03    6.2356770833e-01
       116   -5.8001683891e+01    3.3649119254e+03   -8.4477175517e+01    2.6475491626e+01    3.9211488385e+01   -1.3334027462e+02    9.6516107187e+00    1.0240000000e+03    2.7785068378e-03    6.2356770833e-01
       117   -5.8006531834e+01    3.3656129629e+03   -8.3971644653e+01    2.5965112819e+01    3.8962582798e+01   -1.3221292668e+02    9.2786992300e+00    1.0240000000e+03    2.7722595260e-03    6.2296549479e-01
       118   -5.8016500195e+01    3.3667298099e+03   -8.4370040519e+01    2.6353540324e+01    3.8967672476e+01   -1.3257382949e+02    9.2361164940e+00    1.0240000000e+03    2.8109129053e-03    6.2167968750e-01
       119   -5.8003390856e+01    3.3651996234e+03   -8.4638851178e+01    2.6635460322e+01    3.9045395081e+01   -1.3249495787e+02    8.8107116126e+00    1.0240000000e+03    2.7819219977e-03    6.2441406250e-01
       120   -5.7962863447e+01    3.3606804992e+03   -8.4371877995e+01    2.6409014548e+01    3.9048948490e+01   -1.3323660485e+02    9.8157783637e+00    1.0240000000e+03    2.7692671865e-03    6.2153320312e-01
       121   -5.8004807829e+01    3.3653091510e+03   -8.3958788990e+01    2.5953981162e+01    3.8885225682e+01   -1.3209522866e+02    9.2512139832e+00    1.0240000000e+03    2.7508104686e-03    6.2171223958e-01
       122   -5.7988434173e+01    3.3634842401e+03   -8.4229225370e+01    2.6240791198e+01    3.8925318381e+01   -1.3258482262e+02    9.4302788727e+00    1.0240000000e+03    2.8086917009e-03    6.2158203125e-01
       123   -5.7994716816e+01    3.3640374006e+03   -8.3974311055e+01    2.5979594238e+01    3.8704640236e+01   -1.3164432820e+02    8.9653769040e+00    1.0240000000e+03    2.7900938876e-03    6.2050781250e-01
       124   -5.7952532557e+01    3.3592604022e+03   -8.4385344260e+01    2.6432811703e+01    3.9103604008e+01   -1.3253719245e+02    9.0482441855e+00    1.0240000000e+03    2.7807434089e-03    6.2413736979e-01
       125   -5.7969375755e+01    3.3613211534e+03   -8.4166885793e+01    2.6197510038e+01    3.8823655762e+01   -1.3285179219e+02    9.8612506320e+00    1.0240000000e+03    2.7903495356e-03    6.2817382812e-01
       126   -5.7987530708e+01    3.3632913510e+03   -8.4450295424e+01    2.6462764716e+01    3.9080193951e+01   -1.3295037703e+02    9.4198876578e+00    1.0240000000e+03    2.7496214025e-03    6.2301432292e-01
       127   -5.8016771044e+01    3.3668212471e+03   -8.4069034971e+01    2.6052263927e+01    3.8876095656e+01   -1.3231959883e+02    9.3744682044e+00    1.0240000000e+03    2.7557918802e-03    6.2104492188e-01
       128   -5.7953017128e+01    3.3595506013e+03   -8.4173997789e+01    2.6220980661e+01    3.8861308874e+01   -1.3257982890e+02    9.5445222414e+00    1.0240000000e+03    2.7750968002e-03    6.2506510417e-01
       129   -5.8010163400e+01    3.3658531369e+03   -8.4087428908e+01    2.6077265508e+01    3.8865618692e+01   -1.3252104014e+02    9.5679925369e+00    1.0240000000e+03    2.8068127576e-03    6.2473958333e-01
       130   -5.7950004738e+01    3.3591567051e+03   -8.4337830523e+01    2.6387825785e+01    3.8922479845e+01   -1.3264121209e+02    9.3809017215e+00    1.0240000000e+03    2.7991188690e-03    6.2364908854e-01
       131   -5.7973698262e+01    3.3617613179e+03   -8.4257322356e+01    2.6283624094e+01    3.8998533464e+01   -1.3304273894e+02    9.7868831217e+00    1.0240000000e+03    2.7505408507e-03    6.2327473958e-01
       132   -5.7976841129e+01    3.3620309535e+03   -8.4370268505e+01    2.6393427376e+01    3.8874435762e+01   -1.3232975946e+02    9.0850551901e+00    1.0240000000e+03    2.8006972279e-03    6.2376302083e-01
       133   -5.7974868618e+01    3.3621075895e+03   -8.4009705176e+01    2.6034836558e+01    3.8865608551e+01   -1.3180544265e+02    8.9301289182e+00    1.0240000000e+03    2.7816349175e-03    6.2387695313e-01
       134   -5.8005595388e+01    3.3654387887e+03   -8.4291793611e+01    2.6286198222e+01    3.9075104284e+01   -1.3273868120e+02    9.3717833090e+00    1.0240000000e+03    2.7808398008e-03    6.2327473958e-01
       135   -5.7983306145e+01    3.3629109916e+03   -8.3790959458e+01    2.5807653313e+01    3.8961941680e+01   -1.3277885517e+02    1.0025954037e+01    1.0240000000e+03    2.7661561035e-03    6.2402343750e-01
       136   -5.7939109785e+01    3.3577523478e+03   -8.3698203347e+01    2.5759093562e+01    3.8866499922e+01   -1.3217074062e+02    9.6060373513e+00    1.0240000000e+03    2.8172766324e-03    6.2182617188e-01
       137   -5.7958752580e+01    3.3600630170e+03   -8.3913375890e+01    2.5954623311e+01    3.8919635502e+01   -1.3238446054e+02    9.5514491501e+00    1.0240000000e+03    2.7853010688e-03    6.2325846354e-01
       138   -5.8000466005e+01    3.3647720366e+03   -8.3998479595e+01    2.5998013590e+01    3.8975739069e+01   -1.3240836386e+02    9.4341452010e+00    1.0240000000e+03    2.7703016531e-03    6.2690429688e-01
       139   -5.7972927652e+01    3.3616559086e+03   -8.4125019349e+01    2.6152091697e+01    3.8831315924e+01   -1.3244390375e+02    9.4875684819e+00    1.0240000000e+03    2.7976792771e-03    6.2290039062e-01
       140   -5.7993756869e+01    3.3640847382e+03   -8.4219803914e+01    2.6226047046e+01    3.8950008489e+01   -1.3231333464e+02    9.1435222388e+00    1.0240000000e+03    2.7686362155e-03    6.2221679688e-01
       141   -5.7969585715e+01    3.3614772235e+03   -8.4256295210e+01    2.6286709495e+01    3.8906268424e+01   -1.3279615869e+02    9.6335950605e+00    1.0240000000e+03    2.7750993613e-03    6.2446289063e-01
       142   -5.8020153552e+01    3.3672097177e+03   -8.4156260702e+01    2.6136107150e+01    3.8927781408e+01   -1.3214672088e+02    9.0626787693e+00    1.0240000000e+03    2.7677901089e-03    6.2436523438e-01
       143   -5.7946919406e+01    3.3586172829e+03   -8.3954997657e+01    2.6008078251e+01    3.8696811067e+01   -1.3195331463e+02    9.3015059076e+00    1.0240000000e+03    2.7973088436e-03    6.2496744792e-01
       144   -5.8002686554e+01    3.3650194977e+03   -8.3950070220e+01    2.5947383666e+01    3.8834290036e+01   -1.3224837190e+02    9.4640116474e+00    1.0240000000e+03    2.7654459700e-03    6.2579752604e-01
       145   -5.8010084709e+01    3.3661026818e+03   -8.4060342782e+01    2.6050258073e+01    3.8871431124e+01   -1.3270187989e+02    9.7701059864e+00    1.0240000000e+03    2.7637488674e-03    6.2464192708e-01
       146   -5.7956524054e+01    3.3598611118e+03   -8.3961050094e+01    2.6004526040e+01    3.8883612153e+01   -1.3162180205e+02    8.7771397993e+00    1.0240000000e+03    2.8021477628e-03    6.2242838542e-01
       147   -5.7991139406e+01    3.3638206718e+03   -8.4101832306e+01    2.6110692899e+01    3.8934284753e+01   -1.3216285799e+02    9.1267409336e+00    1.0240000000e+03    2.7934748214e-03    6.2172851563e-01
       148   -5.8054429583e+01    3.3710627678e+03   -8.4202995841e+01    2.6148566258e+01    3.8794113205e+01   -1.3249288316e+02    9.4957741185e+00    1.0240000000e+03    2.7847306337e-03    6.2068684896e-01
       149   -5.7980013953e+01    3.3630951551e+03   -8.3598891727e+01    2.5618877775e+01    3.8710740867e+01   -1.3225426410e+02    9.9446315026e+00    1.0240000000e+03    2.7788775042e-03    6.2389322917e-01
       150   -5.7945190840e+01    3.3583785958e+03   -8.3799288293e+01    2.5854097454e+01    3.8948312656e+01   -1.3242266464e+02    9.6750636943e+00    1.0240000000e+03    2.7852216735e-03    6.2687174479e-01
       151   -5.7943052763e+01    3.3585295493e+03   -8.4180231961e+01    2.6237179198e+01    3.8844337957e+01   -1.3283055499e+02    9.8059850696e+00    1.0240000000e+03    2.7932845987e-03    6.2524414062e-01
       152   -5.8006199426e+01    3.3655661873e+03   -8.4302944566e+01    2.6296745140e+01    3.8950505209e+01   -1.3249976276e+02    9.2463129814e+00    1.0240000000e+03    2.7861564886e-03    6.2540690104e-01
       153   -5.7996638794e+01    3.3644572977e+03   -8.4288596306e+01    2.6291957511e+01    3.8870188526e+01   -1.3239401396e+02    9.2352291331e+00    1.0240000000e+03    2.7566901408e-03    6.2348632813e-01
       154   -5.7966932423e+01    3.3613345592e+03   -8.4499057439e+01    2.6532125016e+01    3.8936822186e+01   -1.3236894695e+02    8.9330673262e+00    1.0240000000e+03    2.7672718279e-03    6.2338867188e-01
       155   -5.8022396140e+01    3.3673592400e+03   -8.4223551325e+01    2.6201155185e+01    3.9055151258e+01   -1.3272012659e+02    9.4414240081e+00    1.0240000000e+03    2.7885946911e-03    6.2597656250e-01
       156   -5.8012890584e+01    3.3662306414e+03   -8.4069805491e+01    2.6056914906e+01    3.9095022028e+01   -1.3280890290e+02    9.6440753792e+00    1.0240000000e+03    2.7668096591e-03    6.2119140625e-01
       157   -5.8022584942e+01    3.3673443538e+03   -8.4624301932e+01    2.6601716990e+01    3.8978623698e+01   -1.3250257981e+02    8.8996541776e+00    1.0240000000e+03    2.7907474432e-03    6.2480468750e-01
       158   -5.8050294108e+01    3.3705201076e+03   -8.4852533978e+01    2.6802239870e+01    3.8940524640e+01   -1.3268051162e+02    8.8874530039e+00    1.0240000000e+03    2.7753298637e-03    6.2775065104e-01
       159   -5.7952933914e+01    3.3592834176e+03   -8.3958185535e+01    2.6005251620e+01    3.9045600539e+01   -1.3299986834e+02    9.9960822702e+00    1.0240000000e+03    2.7691947762e-03    6.2537434896e-01
       160   -5.7970902816e+01    3.3614064604e+03   -8.4553860049e+01    2.6582957234e+01    3.9110404831e+01   -1.3289861374e+02    9.2343488581e+00    1.0240000000e+03    2.7881374117e-03    6.2472330729e-01
       161   -5.8007869242e+01    3.3657771197e+03   -8.4464634136e+01    2.6456764894e+01    3.9003795135e+01   -1.3156751252e+02    8.0990832472e+00    1.0240000000e+03    2.7883120347e-03    6.2184244792e-01
       162   -5.7994910860e+01    3.3641835473e+03   -8.3854374060e+01    2.5859463199e+01    3.8767026512e+01   -1.3156093968e+02    8.9395391097e+00    1.0240000000e+03    2.7967204805e-03    6.2524414062e-01
       163   -5.7977124225e+01    3.3621517964e+03   -8.3863750767e+01    2.5886626542e+01    3.8900687135e+01   -1.3212396060e+02    9.3595226934e+00    1.0240000000e+03    2.7661982458e-03    6.2350260417e-01
       164   -5.8040316624e+01    3.3733327146e+03   -8.4040871625e+01    2.6000555001e+01    3.8784667106e+01   -1.3189143328e+02    9.0658945498e+00    1.0240000000e+03    2.7752830647e-03    6.2135416667e-01
       165   -5.7985598417e+01    3.3633786767e+03   -8.3806020960e+01    2.5820422544e+01    3.9025832893e+01   -1.3279607444e+02    9.9642205849e+00    1.0240000000e+03    2.7456223033e-03    6.2377929688e-01
       166   -5.8035281026e+01    3.3687928593e+03   -8.4267721685e+01    2.6232440659e+01    3.8933282661e+01   -1.3255718400e+02    9.3561796503e+00    1.0240000000e+03    2.7831557672e-03    6.2731119792e-01
       167   -5.7984442392e+01    3.3629246859e+03   -8.4572022103e+01    2.6587579711e+01    3.9126429445e+01   -1.3338035208e+02    9.6819005279e+00    1.0240000000e+03    2.7724022511e-03    6.2277018229e-01
       168   -5.7964088031e+01    3.3608550742e+03   -8.5281380020e+01    2.7317291989e+01    3.9217491131e+01   -1.3330513098e+02    8.8062598284e+00    1.0240000000e+03    2.7708250564e-03    6.2296549479e-01
       169   -5.8023540360e+01    3.3675126549e+03   -8.4563152381e+01    2.6539612021e+01    3.9336602156e+01   -1.3344990266e+02    9.5501481267e+00    1.0240000000e+03    2.7835525107e-03    6.2387695313e-01
       170   -5.8001977317e+01    3.3649770201e+03   -8.4295046979e+01    2.6293069662e+01    3.9232433028e+01   -1.3295929270e+02    9.4318126903e+00    1.0240000000e+03    2.7852510102e-03    6.2312825521e-01
       171   -5.7992052037e+01    3.3637245264e+03   -8.4455825617e+01    2.6463773580e+01    3.9269046086e+01   -1.3320811768e+02    9.4832459816e+00    1.0240000000e+03    2.7836035006e-03    6.1953125000e-01
       172   -5.8019376938e+01    3.3670249486e+03   -8.4594089654e+01    2.6574712716e+01    3.9201940913e+01   -1.3231152793e+02    8.5154973632e+00    1.0240000000e+03    2.7934175450e-03    6.2254231771e-01
       173   -5.7984616839e+01    3.3629798319e+03   -8.4139819860e+01    2.6155203021e+01    3.9011088147e+01   -1.3196257307e+02    8.8116650637e+00    1.0240000000e+03    2.7722604573e-03    6.2329101562e-01
       174   -5.8000063458e+01    3.3646512499e+03   -8.3801038670e+01    2.5800975212e+01    3.8860007312e+01   -1.3192526158e+02    9.2642155977e+00    1.0240000000e+03    2.7508691419e-03    6.2180989583e-01
       175   -5.8012748816e+01    3.3662481876e+03   -8.4000374494e+01    2.5987625677e+01    3.8993425810e+01   -1.3304528991e+02    1.0051489610e+01    1.0240000000e+03    2.7788379230e-03    6.2369791667e-01
       176   -5.8005887412e+01    3.3653247976e+03   -8.3858746606e+01    2.5852859194e+01    3.8874723775e+01   -1.3167576008e+02    8.9422897005e+00    1.0240000000e+03    2.8000597376e-03    6.2862955729e-01
       177   -5.8006798961e+01    3.3657451494e+03   -8.4084193783e+01    2.6077394823e+01    3.8781635328e+01   -1.3210996126e+02    9.2441321504e+00    1.0240000000e+03    2.7822745033e-03    6.2260742187e-01
       178   -5.8004357691e+01    3.3652629929e+03   -8.4153615539e+01    2.6149257848e+01    3.8851052937e+01   -1.3256108380e+02    9.5564153223e+00    1.0240000000e+03    2.7618098538e-03    6.2114257812e-01
       179   -5.8052960869e+01    3.3710020721e+03   -8.4173484423e+01    2.6120523554e+01    3.9047331048e+01   -1.3274623885e+02    9.5254233832e+00    1.0240000000e+03    2.8043310158e-03    6.2260742187e-01
       180   -5.8002436810e+01    3.3649905535e+03   -8.4327667799e+01    2.6325230989e+01    3.8744227407e+01   -1.3188490750e+02    8.8130122982e+00    1.0240000000e+03    2.7710332070e-03    6.2117513021e-01
       181   -5.7997188342e+01    3.3644708358e+03   -8.3419447991e+01    2.5422259648e+01    3.8709709070e+01   -1.3211029848e+02    9.9811414182e+00    1.0240000000e+03    2.7611942496e-03    6.2522786458e-01
       182   -5.7972952496e+01    3.3617132864e+03   -8.4105851577e+01    2.6132899082e+01    3.8845589827e+01   -1.3198126581e+02    9.0298244048e+00    1.0240000000e+03    2.7873746585e-03    6.2329101562e-01
       183   -5.7970275408e+01    3.3613651827e+03   -8.4128877907e+01    2.6158602500e+01    3.8725640131e+01   -1.3154445264e+02    8.6899345991e+00    1.0240000000e+03    2.7789853048e-03    6.2127278646e-01
       184   -5.7932615466e+01    3.3569966573e+03   -8.3747385907e+01    2.5814770441e+01    3.8829825117e+01   -1.3183624791e+02    9.2590368880e+00    1.0240000000e+03    2.7942406014e-03    6.2224934896e-01
       185   -5.8002868127e+01    3.3651003733e+03   -8.3954137581e+01    2.5951269454e+01    3.8760283360e+01   -1.3208196337e+02    9.3675424294e+00    1.0240000000e+03    2.7762090322e-03    6.2397460938e-01
       186   -5.7949017153e+01    3.3588492543e+03   -8.3937784591e+01    2.5988767439e+01    3.8743205769e+01   -1.3168817362e+02    9.0071832565e+00    1.0240000000e+03    2.7741016820e-03    6.2719726562e-01
       187   -5.8037852473e+01    3.3693089506e+03   -8.4011427810e+01    2.5973575337e+01    3.8737809470e+01   -1.3190131025e+02    9.1520729694e+00    1.0240000000e+03    2.7811229229e-03    6.2304687500e-01
       188   -5.7960840351e+01    3.3601911724e+03   -8.3723217850e+01    2.5762377499e+01    3.8747607625e+01   -1.3236869906e+02    9.8978735805e+00    1.0240000000e+03    2.7537369169e-03    6.2747395833e-01
       189   -5.8016076052e+01    3.3665476000e+03   -8.4495207370e+01    2.6479131317e+01    3.8971026036e+01   -1.3252137008e+02    9.0551366724e+00    1.0240000000e+03    2.7662785724e-03    6.2524414062e-01
       190   -5.8028831428e+01    3.3681569665e+03   -8.4252679172e+01    2.6223847744e+01    3.8879493486e+01   -1.3233544462e+02    9.2032719622e+00    1.0240000000e+03    2.7656895109e-03    6.2333984375e-01
       191   -5.7984251268e+01    3.3631517073e+03   -8.4148551549e+01    2.6164300281e+01    3.9064640800e+01   -1.3258763948e+02    9.3744471348e+00    1.0240000000e+03    2.7776157949e-03    6.2700195312e-01
       192   -5.7997078658e+01    3.3643374223e+03   -8.3814248811e+01    2.5817170153e+01    3.8686050244e+01   -1.3170970060e+02    9.2094015401e+00    1.0240000000e+03    2.7765184641e-03    6.2316080729e-01
       193   -5.7993702097e+01    3.3640425401e+03   -8.3973147200e+01    2.5979445102e+01    3.8969758209e+01   -1.3288560355e+02    9.9426981383e+00    1.0240000000e+03    2.7667509858e-03    6.2433268229e-01
       194   -5.7989319307e+01    3.3636047070e+03   -8.4197741130e+01    2.6208421823e+01    3.8931255006e+01   -1.3232472126e+02    9.1957251203e+00    1.0240000000e+03    2.7827392332e-03    6.2415364583e-01
       195   -5.7958223440e+01    3.3600621949e+03   -8.3854457756e+01    2.5896234315e+01    3.9117780018e+01   -1.3266498612e+02    9.6927483433e+00    1.0240000000e+03    2.7877283283e-03    6.2594401042e-01
       196   -5.8006121562e+01    3.3654188462e+03   -8.3794761118e+01    2.5788639555e+01    3.9072194931e+01   -1.3270198200e+02    9.8350259553e+00    1.0240000000e+03    2.7706217952e-03    6.2485351563e-01
       197   -5.8015283782e+01    3.3667038697e+03   -8.4837001432e+01    2.6821717650e+01    3.9254860477e+01   -1.3374280033e+02    9.6509384180e+00    1.0240000000e+03    2.7704960667e-03    6.2236328125e-01
       198   -5.7955999871e+01    3.3596968338e+03   -8.4502707879e+01    2.6546708008e+01    3.9229072536e+01   -1.3345266494e+02    9.7208845265e+00    1.0240000000e+03    2.7823776472e-03    6.2428385417e-01
       199   -5.8020284690e+01    3.3672344453e+03   -8.3824690667e+01    2.5804405977e+01    3.9116725147e+01   -1.3275748929e+02    9.8160734718e+00    1.0240000000e+03    2.7786309365e-03    6.1884765625e-01
       200   -5.7985359189e+01    3.3629483915e+03   -8.4750916121e+01    2.6765556931e+01    3.9241355138e+01   -1.3284070861e+02    8.8484373543e+00    1.0240000000e+03    2.7764039114e-03    6.2416992188e-01
       201   -5.7979830553e+01    3.3624048600e+03   -8.3968741598e+01    2.5988911046e+01    3.9048818003e+01   -1.3259713974e+02    9.5795801406e+00    1.0240000000e+03    2.7677945327e-03    6.2517903646e-01
       202   -5.7919852839e+01    3.3554159101e+03   -8.4219264962e+01    2.6299412124e+01    3.9027892759e+01   -1.3314503222e+02    9.8978745033e+00    1.0240000000e+03    2.7792660985e-03    6.2220052083e-01
       203   -5.7954102573e+01    3.3594310793e+03   -8.4352804210e+01    2.6398701637e+01    3.8963281032e+01   -1.3219621641e+02    8.8801311706e+00    1.0240000000e+03    2.7714318130e-03    6.2325846354e-01
       204   -5.8007457262e+01    3.3658039016e+03   -8.4855245737e+01    2.6847788475e+01    3.9290522164e+01   -1.3318043697e+02    9.0346690722e+00    1.0240000000e+03    2.7495278046e-03    6.2309570312e-01
       205   -5.7978041604e+01    3.3622165297e+03   -8.4315297424e+01    2.6337255820e+01    3.9189705379e+01   -1.3287191136e+02    9.3669085564e+00    1.0240000000e+03    2.7924389578e-03    6.2638346354e-01
       206   -5.7952038967e+01    3.3595839693e+03   -8.4300307162e+01    2.6348268195e+01    3.9212987994e+01   -1.3309732267e+02    9.5840275138e+00    1.0240000000e+03    2.7700939681e-03    6.2246093750e-01
       207   -5.7957307301e+01    3.3596930289e+03   -8.4285104001e+01    2.6327796700e+01    3.9258772316e+01   -1.3262565777e+02    9.0817814486e+00    1.0240000000e+03    2.7678827755e-03    6.2281901042e-01
       208   -5.7933698092e+01    3.3572460099e+03   -8.4212628717e+01    2.6278930625e+01    3.9185626541e+01   -1.3282970183e+02    9.4314465693e+00    1.0240000000e+03    2.7685838286e-03    6.2488606771e-01
       209   -5.7991200643e+01    3.3637355435e+03   -8.4113566633e+01    2.6122365991e+01    3.9212418258e+01   -1.3277956062e+02    9.4535757282e+00    1.0240000000e+03    2.7831038460e-03    6.2719726562e-01
       210   -5.7978402123e+01    3.3624743490e+03   -8.4470678958e+01    2.6492276835e+01    3.9061492416e+01   -1.3297604422e+02    9.4438728427e+00    1.0240000000e+03    2.7872833889e-03    6.2439778646e-01
       211   -5.7979981144e+01    3.3626094582e+03   -8.4097413785e+01    2.6117432641e+01    3.9133409147e+01   -1.3246654973e+02    9.2357267977e+00    1.0240000000e+03    2.8086579405e-03    6.2457682292e-01
       212   -5.7972070484e+01    3.3615388365e+03   -8.4629227260e+01    2.6657156776e+01    3.9234717358e+01   -1.3274384189e+02    8.8798972760e+00    1.0240000000e+03    2.7860929258e-03    6.2473958333e-01
       213   -5.7973261547e+01    3.3615861792e+03   -8.4415368063e+01    2.6442106516e+01    3.9170878340e+01   -1.3263669152e+02    9.0504451191e+00    1.0240000000e+03    2.7910277713e-03    6.2350260417e-01
       214   -5.8014807591e+01    3.3663768889e+03   -8.4685755882e+01    2.6670948291e+01    3.8929075616e+01   -1.3241160238e+02    8.7967708845e+00    1.0240000000e+03    2.7695877943e-03    6.2416992187e-01
       215   -5.8027067735e+01    3.3678509221e+03   -8.4286743193e+01    2.6259675458e+01    3.9145702334e+01   -1.3324592251e+02    9.8134769793e+00    1.0240000000e+03    2.7640545741e-03    6.2410481771e-01
       216   -5.8007759140e+01    3.3657152225e+03   -8.4358285324e+01    2.6350526183e+01    3.9434114398e+01   -1.3377659165e+02    9.9841919328e+00    1.0240000000e+03    2.7677463368e-03    6.2558593750e-01
       217   -5.7965463178e+01    3.3609283839e+03   -8.3526691228e+01    2.5561228050e+01    3.9275374733e+01   -1.3343443549e+02    1.0632369533e+01    1.0240000000e+03    2.7901483700e-03    6.2285156250e-01
       218   -5.7976545554e+01    3.3620957974e+03   -8.3849843935e+01    2.5873298381e+01    3.9028585754e+01   -1.3192888182e+02    9.0504521295e+00    1.0240000000e+03    2.7736199554e-03    6.2348632813e-01
       219   -5.7997863429e+01    3.3644687379e+03   -8.4382018252e+01    2.6384154824e+01    3.8802454488e+01   -1.3275749953e+02    9.5730267935e+00    1.0240000000e+03    2.7467715554e-03    6.2303059896e-01
       220   -5.7985745388e+01    3.3632220421e+03   -8.4055414849e+01    2.6069669461e+01    3.9145988677e+01   -1.3342308444e+02    1.0221680914e+01    1.0240000000e+03    2.7903649025e-03    6.2620442708e-01
       221   -5.7955891243e+01    3.3596103794e+03   -8.3909777764e+01    2.5953886522e+01    3.8714791493e+01   -1.3200356288e+02    9.3789936180e+00    1.0240000000e+03    2.7800230309e-03    6.2415364583e-01
       222   -5.7927231907e+01    3.3564295127e+03   -8.3416853497e+01    2.5489621590e+01    3.8774539242e+01   -1.3199460150e+02    9.8032087601e+00    1.0240000000e+03    2.7908831835e-03    6.2444661458e-01
       223   -5.7911481532e+01    3.3545564130e+03   -8.4033963766e+01    2.6122482234e+01    3.8655745963e+01   -1.3197068806e+02    9.2809783284e+00    1.0240000000e+03    2.7489864733e-03    6.2760416667e-01
       224   -5.7965316267e+01    3.3607781475e+03   -8.3803139347e+01    2.5837823080e+01    3.8622970392e+01   -1.3139374407e+02    8.9676343271e+00    1.0240000000e+03    2.7572794352e-03    6.2312825521e-01
       225   -5.8001222695e+01    3.3650394099e+03   -8.3649142963e+01    2.5647920269e+01    3.8641593900e+01   -1.3162752800e+02    9.3367911386e+00    1.0240000000e+03    2.7884750161e-03    6.2739257813e-01
       226   -5.7967389025e+01    3.3609158536e+03   -8.3822521638e+01    2.5855132613e+01    3.8564767225e+01   -1.3143090888e+02    9.0436200119e+00    1.0240000000e+03    2.7948545758e-03    6.2508138021e-01
       227   -5.7952721646e+01    3.3592854970e+03   -8.4036842933e+01    2.6084121287e+01    3.8795090628e+01   -1.3150777118e+02    8.6758376190e+00    1.0240000000e+03    2.8037910815e-03    6.2483723958e-01
       228   -5.7936840947e+01    3.3574158537e+03   -8.4195399074e+01    2.6258558128e+01    3.8819383729e+01   -1.3190246999e+02    8.8876871875e+00    1.0240000000e+03    2.7908424381e-03    6.2335611979e-01
       229   -5.7995848333e+01    3.3640862518e+03   -8.3974479106e+01    2.5978630773e+01    3.8766116160e+01   -1.3110937130e+02    8.3687760323e+00    1.0240000000e+03    2.7757007629e-03    6.2169596354e-01
       230   -5.7994236002e+01    3.3640926790e+03   -8.3987034698e+01    2.5992798696e+01    3.8955955342e+01   -1.3244657664e+02    9.5035865975e+00    1.0240000000e+03    2.7818849776e-03    6.2403971354e-01
       231   -5.7950098511e+01    3.3591457414e+03   -8.4227289347e+01    2.6277190836e+01    3.8874962878e+01   -1.3242145678e+02    9.3192045558e+00    1.0240000000e+03    2.7898575645e-03    6.2324218750e-01
       232   -5.8004346739e+01    3.3651676637e+03   -8.4039831594e+01    2.6035484854e+01    3.8769243085e+01   -1.3216859330e+02    9.3595186247e+00    1.0240000000e+03    2.8076602612e-03    6.2418619792e-01
       233   -5.8048481991e+01    3.3703423095e+03   -8.3500613419e+01    2.5452131429e+01    3.8775811370e+01   -1.3150903215e+02    9.2326073575e+00    1.0240000000e+03    2.8138572816e-03    6.2584635417e-01
       234   -5.8052215940e+01    3.3707656551e+03   -8.4183480388e+01    2.6131264448e+01    3.8757255823e+01   -1.3158452190e+02    8.6437856871e+00    1.0240000000e+03    2.8015263379e-03    6.2355143229e-01
       235   -5.8029486195e+01    3.3685060035e+03   -8.3546891689e+01    2.5517405494e+01    3.9049256936e+01   -1.3307182987e+02    1.0475681249e+01    1.0240000000e+03    2.7646047529e-03    6.2141927083e-01
       236   -5.8025321461e+01    3.3676688718e+03   -8.4309898138e+01    2.6284576677e+01    3.8929048766e+01   -1.3232230634e+02    9.0833594398e+00    1.0240000000e+03    2.7823138516e-03    6.2524414062e-01
       237   -5.7945891385e+01    3.3587816089e+03   -8.4002025237e+01    2.6056133852e+01    3.8836210003e+01   -1.3202779040e+02    9.1895551632e+00    1.0240000000e+03    2.7731992304e-03    6.2444661458e-01
       238   -5.8001297321e+01    3.3649157000e+03   -8.3847881668e+01    2.5846584348e+01    3.8883735117e+01   -1.3216822228e+02    9.4366054941e+00    1.0240000000e+03    2.7799590025e-03    6.2607421875e-01
       239   -5.8023717052e+01    3.3674350131e+03   -8.3941930417e+01    2.5918213365e+01    3.8836759912e+01   -1.3149005045e+02    8.7113601234e+00    1.0240000000e+03    2.7909243945e-03    6.2465820312e-01
       240   -5.8003180649e+01    3.3651918522e+03   -8.4223530050e+01    2.6220349401e+01    3.8868273413e+01   -1.3232622992e+02    9.2344264614e+00    1.0240000000e+03    2.7833017521e-03    6.2542317708e-01
       241   -5.7989803617e+01    3.3635256505e+03   -8.3941617518e+01    2.5951813901e+01    3.8947368047e+01   -1.3205439587e+02    9.1654103096e+00    1.0240000000e+03    2.7732152957e-03    6.2255859375e-01
       242   -5.7979439456e+01    3.3623802057e+03   -8.4254643792e+01    2.6275204336e+01    3.8929707643e+01   -1.3287678929e+02    9.6924378580e+00    1.0240000000e+03    2.7744993567e-03    6.2643229167e-01
       243   -5.7934133255e+01    3.3570696798e+03   -8.3955344230e+01    2.6021210975e+01    3.8881100112e+01   -1.3248159738e+02    9.6451530351e+00    1.0240000000e+03    2.7874361258e-03    6.2483723958e-01
       244   -5.7961237340e+01    3.3603745589e+03   -8.4636780614e+01    2.6675543275e+01    3.9028880858e+01   -1.3308764726e+02    9.4219857903e+00    1.0240000000e+03    2.7537008282e-03    6.2496744792e-01
       245   -5.8001843539e+01    3.3651280562e+03   -8.4611923245e+01    2.6610079706e+01    3.9069776115e+01   -1.3283036864e+02    9.1486692850e+00    1.0240000000e+03    2.7884412557e-03    6.2377929688e-01
       246   -5.7987507010e+01    3.3633196341e+03   -8.4234157983e+01    2.6246650973e+01    3.8993903957e+01   -1.3244094574e+02    9.2128838030e+00    1.0240000000e+03    2.7927681804e-03    6.2431640625e-01
       247   -5.7977412424e+01    3.3624455548e+03   -8.4355276008e+01    2.6377863584e+01    3.9001983356e+01   -1.3293104433e+02    9.5737849674e+00    1.0240000000e+03    2.7817275841e-03    6.2594401042e-01
       248   -5.7973481069e+01    3.3617091975e+03   -8.4216604923e+01    2.6243123854e+01    3.9073100638e+01   -1.3241551038e+02    9.1258048163e+00    1.0240000000e+03    2.8043601196e-03    6.2740885417e-01
       249   -5.7978961342e+01    3.3622967414e+03   -8.3678004294e+01    2.5699042953e+01    3.9270044629e+01   -1.3258527692e+02    9.6372279991e+00    1.0240000000e+03    2.7885688469e-03    6.2561848958e-01
       250   -5.7981723772e+01    3.3626394109e+03   -8.4055167618e+01    2.6073443846e+01    3.9059263612e+01   -1.3288781389e+02    9.7733826621e+00    1.0240000000e+03    2.7792176697e-03    6.2379557292e-01
       251   -5.7911178192e+01    3.3545329263e+03   -8.4069064791e+01    2.6157886598e+01    3.9059731249e+01   -1.3324590015e+02    1.0117104112e+01    1.0240000000e+03    2.7488211636e-03    6.2275390625e-01
       252   -5.8038219874e+01    3.3693433131e+03   -8.4269179699e+01    2.6230959825e+01    3.9117037671e+01   -1.3282541439e+02    9.4391970229e+00    1.0240000000e+03    2.7789145242e-03    6.2491861979e-01
       253   -5.8001790473e+01    3.3650789984e+03   -8.3825055273e+01    2.5823264800e+01    3.8870803431e+01   -1.3239838053e+02    9.7025218276e+00    1.0240000000e+03    2.7661146596e-03    6.2242838542e-01
       254   -5.7986869116e+01    3.3636017027e+03   -8.4069714197e+01    2.6082845081e+01    3.8809771264e+01   -1.3203794553e+02    9.1584600644e+00    1.0240000000e+03    2.7848549653e-03    6.2425130208e-01
       255   -5.8017153075e+01    3.3667509735e+03   -8.4373464002e+01    2.6356310927e+01    3.9013940342e+01   -1.3291982303e+02    9.5324186891e+00    1.0240000000e+03    2.7607558295e-03    6.2312825521e-01
       256   -5.7987219247e+01    3.3632946225e+03   -8.4493615442e+01    2.6506396195e+01    3.8990408558e+01   -1.3273267393e+02    9.2486499276e+00    1.0240000000e+03    2.7746253181e-03    6.2127278646e-01
       257   -5.7986325569e+01    3.3632140242e+03   -8.3870734371e+01    2.5884408802e+01    3.8822447938e+01   -1.3219542679e+02    9.5022444851e+00    1.0240000000e+03    2.7809645981e-03    6.2501627604e-01
       258   -5.7962365088e+01    3.3604570142e+03   -8.4278136904e+01    2.6315771816e+01    3.8968802386e+01   -1.3258659864e+02    9.3396593526e+00    1.0240000000e+03    2.7551187668e-03    6.1993815104e-01
       259   -5.7971569333e+01    3.3616493852e+03   -8.4312080129e+01    2.6340510797e+01    3.8982204133e+01   -1.3227929662e+02    8.9850123619e+00    1.0240000000e+03    2.7663151268e-03    6.2325846354e-01
       260   -5.7961443998e+01    3.3602992949e+03   -8.4349044050e+01    2.6387600052e+01    3.9015984996e+01   -1.3257047580e+02    9.2054467524e+00    1.0240000000e+03    2.7656296734e-03    6.2299804688e-01
       261   -5.8013284877e+01    3.3662763308e+03   -8.4130962235e+01    2.6117677359e+01    3.9115456638e+01   -1.3311250288e+02    9.8660840104e+00    1.0240000000e+03    2.7756888885e-03    6.2613932292e-01
       262   -5.7999688716e+01    3.3648649102e+03   -8.4377901402e+01    2.6378212687e+01    3.9042134108e+01   -1.3358652473e+02    1.0166489218e+01    1.0240000000e+03    2.8000618331e-03    6.2350260417e-01
       263   -5.8052443977e+01    3.3709760547e+03   -8.4501906768e+01    2.6449462791e+01    3.9099153301e+01   -1.3304519057e+02    9.4441304997e+00    1.0240000000e+03    2.7521271259e-03    6.1881510417e-01
       264   -5.7947588920e+01    3.3586558195e+03   -8.3940743104e+01    2.5993154184e+01    3.8777417390e+01   -1.3149351236e+02    8.7753518636e+00    1.0240000000e+03    2.7567653451e-03    6.2376302083e-01
       265   -5.7982756411e+01    3.3628785345e+03   -8.4153227431e+01    2.6170471020e+01    3.8974818140e+01   -1.3288380718e+02    9.7557616087e+00    1.0240000000e+03    2.7800153475e-03    6.2293294271e-01
       266   -5.7994032208e+01    3.3641742380e+03   -8.4122091241e+01    2.6128059033e+01    3.9000620657e+01   -1.3301811482e+02    9.8954029195e+00    1.0240000000e+03    2.7496081311e-03    6.1936848958e-01
       267   -5.7981626339e+01    3.3628248139e+03   -8.3904481651e+01    2.5922855312e+01    3.8898834466e+01   -1.3204789444e+02    9.2445783263e+00    1.0240000000e+03    2.8089510743e-03    6.2366536458e-01
       268   -5.8006520217e+01    3.3654904395e+03   -8.4260485599e+01    2.6253965382e+01    3.9067850529e+01   -1.3310706544e+02    9.7787293093e+00    1.0240000000e+03    2.7577485889e-03    6.2807617188e-01
       269   -5.7944830471e+01    3.3583771785e+03   -8.4173142418e+01    2.6228311947e+01    3.9039731808e+01   -1.3275666512e+02    9.5437908938e+00    1.0240000000e+03    2.7800779790e-03    6.2516276042e-01
       270   -5.7986532263e+01    3.3632389470e+03   -8.3737391994e+01    2.5750859731e+01    3.8728291047e+01   -1.3141641470e+02    8.9507316642e+00    1.0240000000e+03    2.7524735779e-03    6.2652994792e-01
       271   -5.7928842535e+01    3.3566741722e+03   -8.4054329894e+01    2.6125487359e+01    3.8990180706e+01   -1.3236517822e+02    9.3206676190e+00    1.0240000000e+03    2.7657342143e-03    6.2329101562e-01
       272   -5.7970857817e+01    3.3614046984e+03   -8.4084703981e+01    2.6113846164e+01    3.8861950785e+01   -1.3213938382e+02    9.1927290494e+00    1.0240000000e+03    2.7627227828e-03    6.2202148438e-01
       273   -5.8087319190e+01    3.3754876929e+03   -8.4295323645e+01    2.6208004455e+01    3.9132488172e+01   -1.3231499379e+02    8.8871819693e+00    1.0240000000e+03    2.8047063388e-03    6.2425130208e-01
       274   -5.7999585964e+01    3.3661036527e+03   -8.4354434815e+01    2.6354848851e+01    3.8993639445e+01   -1.3204597645e+02    8.6979021890e+00    1.0240000000e+03    2.7729689609e-03    6.2265625000e-01
       275   -5.8002457699e+01    3.3651203585e+03   -8.4365580455e+01    2.6363122755e+01    3.9106067289e+01   -1.3299748475e+02    9.5258370070e+00    1.0240000000e+03    2.7473391965e-03    6.2478841146e-01
       276   -5.7949389244e+01    3.3589607883e+03   -8.3891729573e+01    2.5942340329e+01    3.9007081794e+01   -1.3204540493e+02    9.1465935619e+00    1.0240000000e+03    2.7557269204e-03    6.2718098958e-01
       277   -5.7938303074e+01    3.3577144481e+03   -8.4293226427e+01    2.6354923354e+01    3.9001598551e+01   -1.3295209084e+02    9.6572658637e+00    1.0240000000e+03    2.7764628176e-03    6.2340494792e-01
       278   -5.8008566038e+01    3.3656566141e+03   -8.4162657571e+01    2.6154091534e+01    3.8849708906e+01   -1.3177699195e+02    8.7646254767e+00    1.0240000000e+03    2.7817930095e-03    6.2329101562e-01
       279   -5.7962027329e+01    3.3604850913e+03   -8.4423915953e+01    2.6461888624e+01    3.9101179917e+01   -1.3386813205e+02    1.0343036185e+01    1.0240000000e+03    2.7885793243e-03    6.2605794271e-01
       280   -5.7956793655e+01    3.3597129410e+03   -8.4385565205e+01    2.6428771550e+01    3.9058395837e+01   -1.3257336445e+02    9.1294034028e+00    1.0240000000e+03    2.7800807729e-03    6.2190755208e-01
       281   -5.8011519510e+01    3.3661617577e+03   -8.4241660545e+01    2.6230141035e+01    3.8820598831e+01   -1.3164853304e+02    8.5862736616e+00    1.0240000000e+03    2.7743086684e-03    6.2237955729e-01
       282   -5.7982468448e+01    3.3627508037e+03   -8.4615410319e+01    2.6632941871e+01    3.9107575484e+01   -1.3312147323e+02    9.3984874277e+00    1.0240000000e+03    2.7755515184e-03    6.2247721354e-01
       283   -5.7982387882e+01    3.3627056758e+03   -8.4076454106e+01    2.6094066224e+01    3.8948838225e+01   -1.3182106261e+02    8.7957702747e+00    1.0240000000e+03    2.7743282262e-03    6.2290039062e-01
       284   -5.8015010092e+01    3.3665752385e+03   -8.3716232470e+01    2.5701222379e+01    3.8910287572e+01   -1.3212737406e+02    9.5008540195e+00    1.0240000000e+03    2.7784055565e-03    6.2412109375e-01
       285   -5.8034863116e+01    3.3690684230e+03   -8.4668784526e+01    2.6633921410e+01    3.9244792318e+01   -1.3316981949e+02    9.2562426489e+00    1.0240000000e+03    2.7545026969e-03    6.2322591146e-01
       286   -5.7925345450e+01    3.3564199751e+03   -8.4042962732e+01    2.6117617282e+01    3.9316535207e+01   -1.3334745555e+02    9.9879576090e+00    1.0240000000e+03    2.7853839565e-03    6.2539062500e-01
       287   -5.7932958521e+01    3.3568945003e+03   -8.4520503634e+01    2.6587545113e+01    3.9490533691e+01   -1.3339715275e+02    9.3861154236e+00    1.0240000000e+03    2.8004476335e-03    6.2485351563e-01
       288   -5.7939709791e+01    3.3579109123e+03   -8.4069446260e+01    2.6129736469e+01    3.9135541594e+01   -1.3256743497e+02    9.3624471126e+00    1.0240000000e+03    2.7743193787e-03    6.2283528646e-01
       289   -5.8030822635e+01    3.3683814585e+03   -8.5111426653e+01    2.7080604018e+01    3.9273223173e+01   -1.3326262002e+02    8.8779701991e+00    1.0240000000e+03    2.7755617630e-03    6.2381184896e-01
       290   -5.7972026391e+01    3.3617626187e+03   -8.4248884730e+01    2.6276858339e+01    3.9279157608e+01   -1.3293476320e+02    9.4067208651e+00    1.0240000000e+03    2.7691908181e-03    6.2293294271e-01
       291   -5.7964791593e+01    3.3609912865e+03   -8.4461035580e+01    2.6496243987e+01    3.8947475352e+01   -1.3159551772e+02    8.1870067842e+00    1.0240000000e+03    2.7911153156e-03    6.2656250000e-01
       292   -5.7958598558e+01    3.3601994947e+03   -8.4043367174e+01    2.6084768616e+01    3.8933220093e+01   -1.3241158407e+02    9.4349968010e+00    1.0240000000e+03    2.7708506677e-03    6.2268880208e-01
       293   -5.7952775583e+01    3.3594057027e+03   -8.4054095371e+01    2.6101319788e+01    3.8923330759e+01   -1.3223262022e+02    9.2551940850e+00    1.0240000000e+03    2.7986373752e-03    6.2185872396e-01
       294   -5.7958371938e+01    3.3598377566e+03   -8.3978901491e+01    2.6020529553e+01    3.8760364073e+01   -1.3170960249e+02    8.9703369281e+00    1.0240000000e+03    2.8116705362e-03    6.2503255208e-01
       295   -5.7964924093e+01    3.3607518617e+03   -8.4695288326e+01    2.6730364233e+01    3.9034493008e+01   -1.3297904243e+02    9.2492610953e+00    1.0240000000e+03    2.7995370328e-03    6.2762044271e-01
       296   -5.7974627272e+01    3.3622269588e+03   -8.3581143940e+01    2.5606516668e+01    3.8975890486e+01   -1.3236006520e+02    9.8030307747e+00    1.0240000000e+03    2.7626741212e-03    6.2443033854e-01
       297   -5.7955646787e+01    3.3597540446e+03   -8.4037234735e+01    2.6081587948e+01    3.9127372704e+01   -1.3295102161e+02    9.7864141713e+00    1.0240000000e+03    2.7807005681e-03    6.2421875000e-01
       298   -5.7986985188e+01    3.3633051543e+03   -8.4570867490e+01    2.6583882302e+01    3.9147045277e+01   -1.3339132064e+02    9.6734078733e+00    1.0240000000e+03    2.7929677162e-03    6.2356770833e-01
       299   -5.7983082738e+01    3.3627652516e+03   -8.4204565874e+01    2.6221483137e+01    3.9200726947e+01   -1.3275509269e+02    9.3497998688e+00    1.0240000000e+03    2.7712238953e-03    6.2301432292e-01
       300   -5.7957760575e+01    3.3598796698e+03   -8.4647536909e+01    2.6689776335e+01    3.9064131746e+01   -1.3286517085e+02    9.1535021989e+00    1.0240000000e+03    2.7996283025e-03    6.2477213542e-01
       301   -5.7969952750e+01    3.3612162444e+03   -8.4616539716e+01    2.6646586966e+01    3.9051986214e+01   -1.3294876494e+02    9.2802390145e+00    1.0240000000e+03    2.7556489222e-03    6.2159830729e-01
       302   -5.7986892070e+01    3.3632715011e+03   -8.4232972707e+01    2.6246080636e+01    3.9231575930e+01   -1.3294820990e+02    9.4836612609e+00    1.0240000000e+03    2.8029663954e-03    6.2568359375e-01
       303   -5.7929360216e+01    3.3566955608e+03   -8.4425118474e+01    2.6495758258e+01    3.9139766781e+01   -1.3312391207e+02    9.5590268116e+00    1.0240000000e+03    2.7632382698e-03    6.2177734375e-01
       304   -5.7939597108e+01    3.3580257928e+03   -8.4140755207e+01    2.6201158099e+01    3.9094564164e+01   -1.3240932763e+02    9.1740082556e+00    1.0240000000e+03    2.7721687220e-03    6.1988932292e-01
       305   -5.8063435476e+01    3.3724775644e+03   -8.4114035188e+01    2.6050599712e+01    3.9000191516e+01   -1.3270452530e+02    9.5902985917e+00    1.0240000000e+03    2.7938559651e-03    6.2244466146e-01
       306   -5.8025580903e+01    3.3677069118e+03   -8.3690859167e+01    2.5665278264e+01    3.8805054057e+01   -1.3181945477e+02    9.3235415459e+00    1.0240000000e+03    2.7698571794e-03    6.2386067708e-01
       307   -5.7903793543e+01    3.3536348795e+03   -8.3973628403e+01    2.6069834860e+01    3.9055643492e+01   -1.3292247457e+02    9.8932026791e+00    1.0240000000e+03    2.7533301618e-03    6.2307942708e-01
       308   -5.8002941183e+01    3.3650556215e+03   -8.4076357753e+01    2.6073416570e+01    3.8854571634e+01   -1.3198520207e+02    9.0542726830e+00    1.0240000000e+03    2.7933625970e-03    6.2306315104e-01
       309   -5.7989811974e+01    3.3635930361e+03   -8.4347421278e+01    2.6357609304e+01    3.9269215052e+01   -1.3343130188e+02    9.8146655467e+00    1.0240000000e+03    2.7610748075e-03    6.2120768229e-01
       310   -5.7973377080e+01    3.3618867864e+03   -8.4559575139e+01    2.6586198059e+01    3.9234494819e+01   -1.3371636628e+02    9.9222963230e+00    1.0240000000e+03    2.7863327414e-03    6.2537434896e-01
       311   -5.8030401910e+01    3.3682476858e+03   -8.4380200762e+01    2.6349798852e+01    3.9191510291e+01   -1.3329607176e+02    9.7243607064e+00    1.0240000000e+03    2.8017372824e-03    6.2457682292e-01
       312   -5.8036142263e+01    3.3687726508e+03   -8.4388115496e+01    2.6351973233e+01    3.8947302405e+01   -1.3232330463e+02    8.9878867281e+00    1.0240000000e+03    2.7626343071e-03    6.2150065104e-01
       313   -5.7989902248e+01    3.3637292970e+03   -8.3834821987e+01    2.5844919739e+01    3.9233523526e+01   -1.3317221249e+02    1.0103866978e+01    1.0240000000e+03    2.8049279936e-03    6.2485351563e-01
       314   -5.8022273281e+01    3.3673565770e+03   -8.3844855034e+01    2.5822581752e+01    3.8931800916e+01   -1.3170248975e+02    8.9258338031e+00    1.0240000000e+03    2.7834682260e-03    6.2459309896e-01
       315   -5.7979876848e+01    3.3623290514e+03   -8.4430198189e+01    2.6450321341e+01    3.9117227036e+01   -1.3262334021e+02    9.0759149810e+00    1.0240000000e+03    2.8117944021e-03    6.2612304687e-01
       316   -5.7959360829e+01    3.3600129914e+03   -8.4707905493e+01    2.6748544664e+01    3.9120759829e+01   -1.3330281572e+02    9.4741503980e+00    1.0240000000e+03    2.7766088024e-03    6.2402343750e-01
       317   -5.8021326668e+01    3.3672765931e+03   -8.4523504569e+01    2.6502177901e+01    3.9064220912e+01   -1.3344515220e+02    9.8574267215e+00    1.0240000000e+03    2.7944964822e-03    6.2537434896e-01
       318   -5.8002608167e+01    3.3651658672e+03   -8.4445685094e+01    2.6443076927e+01    3.9104720366e+01   -1.3288814382e+02    9.3377383619e+00    1.0240000000e+03    2.7589390520e-03    6.2223307292e-01
       319   -5.7973099419e+01    3.3615143885e+03   -8.4221573198e+01    2.6248473779e+01    3.8886552591e+01   -1.3238730376e+02    9.2791779700e+00    1.0240000000e+03    2.8014008421e-03    6.2654622396e-01
       320   -5.8016624893e+01    3.3667594887e+03   -8.4342357182e+01    2.6325732289e+01    3.9205031271e+01   -1.3308337196e+02    9.5359835105e+00    1.0240000000e+03    2.7565979399e-03    6.2185872396e-01
       321   -5.7980260562e+01    3.3624920338e+03   -8.4182556224e+01    2.6202295662e+01    3.9086507073e+01   -1.3253037194e+02    9.2613086410e+00    1.0240000000e+03    2.7906531468e-03    6.2210286458e-01
       322   -5.8036105786e+01    3.3688227401e+03   -8.4202602818e+01    2.6166497032e+01    3.9017931991e+01   -1.3264849682e+02    9.4279620080e+00    1.0240000000e+03    2.7965423651e-03    6.2389322917e-01
       323   -5.7988190245e+01    3.3634880320e+03   -8.4146980236e+01    2.6158789992e+01    3.9109774954e+01   -1.3269299362e+02    9.4362384259e+00    1.0240000000e+03    2.7968161739e-03    6.2473958333e-01
       324   -5.7998836867e+01    3.3645656617e+03   -8.3968168238e+01    2.5969331371e+01    3.9028723552e+01   -1.3156076128e+02    8.5638694857e+00    1.0240000000e+03    2.7817529626e-03    6.2405598958e-01
       325   -5.7989120936e+01    3.3636366051e+03   -8.4072022448e+01    2.6082901512e+01    3.9216880058e+01   -1.3236760845e+02    9.0787059399e+00    1.0240000000e+03    2.7927646879e-03    6.2073567708e-01
       326   -5.8027618384e+01    3.3678558125e+03   -8.4257520152e+01    2.6229901769e+01    3.8836512700e+01   -1.3246582416e+02    9.3717913060e+00    1.0240000000e+03    2.7562992182e-03    6.2180989583e-01
       327   -5.8031093736e+01    3.3683704107e+03   -8.4114485165e+01    2.6083391428e+01    3.8915250806e+01   -1.3230336996e+02    9.2736339866e+00    1.0240000000e+03    2.7919521090e-03    6.2579752604e-01
       328   -5.7968194416e+01    3.3610591313e+03   -8.4172936578e+01    2.6204742162e+01    3.9042879652e+01   -1.3279519570e+02    9.5793794692e+00    1.0240000000e+03    2.8063915670e-03    6.2158203125e-01
       329   -5.7962039232e+01    3.3603758447e+03   -8.4411006810e+01    2.6448967579e+01    3.9139270055e+01   -1.3285171663e+02    9.3014397618e+00    1.0240000000e+03    2.7956466656e-03    6.2073567708e-01
       330   -5.7995227785e+01    3.3643238851e+03   -8.4088985751e+01    2.6093757966e+01    3.9096282125e+01   -1.3266726150e+02    9.4819936274e+00    1.0240000000e+03    2.7694499586e-03    6.2063802083e-01
       331   -5.7994425229e+01    3.3642635730e+03   -8.4185846791e+01    2.6191421562e+01    3.9121214341e+01   -1.3320766457e+02    9.9006034417e+00    1.0240000000e+03    2.7873595245e-03    6.2285156250e-01
       332   -5.8026207571e+01    3.3677278916e+03   -8.4164402114e+01    2.6138194542e+01    3.8991452268e+01   -1.3239395915e+02    9.2381047666e+00    1.0240000000e+03    2.7618883178e-03    6.2210286458e-01
       333   -5.7966301212e+01    3.3607936819e+03   -8.4272024285e+01    2.6305723073e+01    3.9120560232e+01   -1.3236650547e+02    8.9739209494e+00    1.0240000000e+03    2.8087073006e-03    6.2478841146e-01
       334   -5.7949962353e+01    3.3590285003e+03   -8.4134375955e+01    2.6184413602e+01    3.9116978669e+01   -1.3326415966e+02    1.0012805032e+01    1.0240000000e+03    2.7829227038e-03    6.2376302083e-01
       335   -5.7990863159e+01    3.3635788774e+03   -8.4524672994e+01    2.6533809835e+01    3.9316902277e+01   -1.3276631940e+02    8.9247441330e+00    1.0240000000e+03    2.7838086244e-03    6.2501627604e-01
       336   -5.7979515250e+01    3.3624502082e+03   -8.3942630086e+01    2.5963114836e+01    3.8969648281e+01   -1.3240548663e+02    9.4932082640e+00    1.0240000000e+03    2.7847106103e-03    6.2444661458e-01
       337   -5.8000641576e+01    3.3648397232e+03   -8.4189680459e+01    2.6189038883e+01    3.8853406358e+01   -1.3179589042e+02    8.7528036008e+00    1.0240000000e+03    2.7867003810e-03    6.2402343750e-01
       338   -5.8002998388e+01    3.3652491759e+03   -8.3550030107e+01    2.5547031720e+01    3.9047558048e+01   -1.3221976405e+02    9.6221758941e+00    1.0240000000e+03    2.7680348139e-03    6.2316080729e-01
       339   -5.7998587805e+01    3.3645704948e+03   -8.4393915714e+01    2.6395327908e+01    3.8955937061e+01   -1.3307459426e+02    9.7247414856e+00    1.0240000000e+03    2.7833713684e-03    6.2664388021e-01
       340   -5.8000260257e+01    3.3647932227e+03   -8.3566548167e+01    2.5566287910e+01    3.8753034633e+01   -1.3207215163e+02    9.7525688293e+00    1.0240000000e+03    2.7844386641e-03    6.2415364583e-01
       341   -5.7952201645e+01    3.3594034014e+03   -8.3843108070e+01    2.5890906426e+01    3.8859632349e+01   -1.3210117078e+02    9.3984303620e+00    1.0240000000e+03    2.8004574124e-03    6.2410481771e-01
       342   -5.7974696735e+01    3.3619889304e+03   -8.3929439183e+01    2.5954742449e+01    3.9106488243e+01   -1.3281415686e+02    9.7782294327e+00    1.0240000000e+03    2.7796339709e-03    6.2444661458e-01
       343   -5.8011929036e+01    3.3661331725e+03   -8.4105603290e+01    2.6093674254e+01    3.9143458999e+01   -1.3277732914e+02    9.5282668545e+00    1.0240000000e+03    2.7755575720e-03    6.2556966146e-01
       344   -5.7994068183e+01    3.3640199224e+03   -8.4031900949e+01    2.6037832766e+01    3.9053636142e+01   -1.3217513939e+02    9.0896023004e+00    1.0240000000e+03    2.7662543580e-03    6.2329101562e-01
       345   -5.7955770803e+01    3.3597423644e+03   -8.4083946165e+01    2.6128175363e+01    3.9126460743e+01   -1.3315572837e+02    9.9453214575e+00    1.0240000000e+03    2.7658741456e-03    6.2177734375e-01
       346   -5.8026428799e+01    3.3679401979e+03   -8.4439305303e+01    2.6412876504e+01    3.9209751995e+01   -1.3349471346e+02    9.8456561609e+00    1.0240000000e+03    2.7549639344e-03    6.2070312500e-01
       347   -5.8009097073e+01    3.3658982501e+03   -8.4360701637e+01    2.6351604564e+01    3.9209505294e+01   -1.3283543977e+02    9.2652328390e+00    1.0240000000e+03    2.7560277376e-03    6.2216796875e-01
       348   -5.8028591941e+01    3.3680997733e+03   -8.4535718276e+01    2.6507126335e+01    3.8904669754e+01   -1.3244117503e+02    9.0007869990e+00    1.0240000000e+03    2.7632736601e-03    6.2379557292e-01
       349   -5.7998417129e+01    3.3646015887e+03   -8.4081547740e+01    2.6083130611e+01    3.8774681674e+01   -1.3178004969e+02    8.9238202809e+00    1.0240000000e+03    2.7608603705e-03    6.2246093750e-01
       350   -5.7998712192e+01    3.3645804911e+03   -8.4138309082e+01    2.6139596890e+01    3.9111164485e+01   -1.3266102460e+02    9.4115510340e+00    1.0240000000e+03    2.7607614174e-03    6.2241210937e-01
       351   -5.8007294665e+01    3.3656679301e+03   -8.4439926096e+01    2.6432631431e+01    3.9098201905e+01   -1.3265195125e+02    9.1138232480e+00    1.0240000000e+03    2.7949239593e-03    6.2291666667e-01
       352   -5.8040668734e+01    3.3694073516e+03   -8.4241086638e+01    2.6200417904e+01    3.9115905624e+01   -1.3238789966e+02    9.0309074002e+00    1.0240000000e+03    2.7923297603e-03    6.2566731771e-01
       353   -5.8011865003e+01    3.3662426197e+03   -8.4466418285e+01    2.6454553281e+01    3.9083195841e+01   -1.3276433800e+02    9.2147238737e+00    1.0240000000e+03    2.7839341201e-03    6.2596028646e-01
       354   -5.8000287947e+01    3.3648278705e+03   -8.4623408591e+01    2.6623120643e+01    3.9264735481e+01   -1.3396365455e+02    1.0075510477e+01    1.0240000000e+03    2.7895157691e-03    6.2229817708e-01
       355   -5.7986316451e+01    3.3631117351e+03   -8.4833423508e+01    2.6847107057e+01    3.9241939710e+01   -1.3303538109e+02    8.9600178678e+00    1.0240000000e+03    2.7676660102e-03    6.1790364583e-01
       356   -5.7991614384e+01    3.3638736490e+03   -8.4657689175e+01    2.6666074790e+01    3.9437454637e+01   -1.3358867075e+02    9.4935269381e+00    1.0240000000e+03    2.7906892356e-03    6.2254231771e-01
       357   -5.7971113089e+01    3.3614507064e+03   -8.4634431765e+01    2.6663318676e+01    3.9181595889e+01   -1.3280575719e+02    8.9897295352e+00    1.0240000000e+03    2.7717556804e-03    6.2140299479e-01
       358   -5.8015491720e+01    3.3665106328e+03   -8.5025758244e+01    2.7010266524e+01    3.9367163491e+01   -1.3349735184e+02    9.1044301028e+00    1.0240000000e+03    2.7699293569e-03    6.2356770833e-01
       359   -5.8054189672e+01    3.3710821523e+03   -8.4631542868e+01    2.6577353197e+01    3.9157339554e+01   -1.3303676996e+02    9.2478875376e+00    1.0240000000e+03    2.7780761011e-03    6.2000325521e-01
       360   -5.8063990188e+01    3.3724424345e+03   -8.4004012335e+01    2.5940022147e+01    3.8982894959e+01   -1.3206347664e+02    9.0765693420e+00    1.0240000000e+03    2.7785443235e-03    6.2211914062e-01
       361   -5.7966950748e+01    3.3609393711e+03   -8.3957598700e+01    2.5990647952e+01    3.9060943196e+01   -1.3243105403e+02    9.4125121352e+00    1.0240000000e+03    2.7939360589e-03    6.2820638021e-01
       362   -5.8004376135e+01    3.3651885281e+03   -8.4267230811e+01    2.6262854676e+01    3.8965383032e+01   -1.3256406748e+02    9.3314536335e+00    1.0240000000e+03    2.7811580803e-03    6.2454427083e-01
       363   -5.8000112358e+01    3.3648389938e+03   -8.4777412941e+01    2.6777300583e+01    3.8964040082e+01   -1.3280020759e+02    9.0587545706e+00    1.0240000000e+03    2.7906266041e-03    6.2314453125e-01
       364   -5.8003063936e+01    3.3651903008e+03   -8.3927272534e+01    2.5924208599e+01    3.9147673596e+01   -1.3299490385e+02    9.9199577179e+00    1.0240000000e+03    2.7834365610e-03    6.2521158854e-01
       365   -5.7912033623e+01    3.3549539236e+03   -8.4210475530e+01    2.6298441907e+01    3.9173529721e+01   -1.3300442171e+02    9.6204164567e+00    1.0240000000e+03    2.7799543459e-03    6.2254231771e-01
       366   -5.8007582296e+01    3.3656801984e+03   -8.4505208643e+01    2.6497626347e+01    3.9134951802e+01   -1.3317391484e+02    9.5337543979e+00    1.0240000000e+03    2.7689349372e-03    6.2172851563e-01
       367   -5.8013626450e+01    3.3664948055e+03   -8.4470444094e+01    2.6456817643e+01    3.9371377182e+01   -1.3325825596e+02    9.4164346841e+00    1.0240000000e+03    2.7888491750e-03    6.2335611979e-01
       368   -5.8031994310e+01    3.3684422039e+03   -8.4108716344e+01    2.6076722034e+01    3.9140539043e+01   -1.3274604224e+02    9.4967868499e+00    1.0240000000e+03    2.7879711706e-03    6.2278645833e-01
       369   -5.7986973679e+01    3.3633839321e+03   -8.4157944819e+01    2.6170971140e+01    3.9184401374e+01   -1.3255556882e+02    9.2132226224e+00    1.0240000000e+03    2.7976520360e-03    6.2268880208e-01
       370   -5.7979970132e+01    3.3623520524e+03   -8.4850360143e+01    2.6870390011e+01    3.9114968057e+01   -1.3310379564e+02    9.1384674423e+00    1.0240000000e+03    2.7963262983e-03    6.2377929688e-01
       371   -5.8009277909e+01    3.3657491625e+03   -8.4201835695e+01    2.6192557786e+01    3.8826944850e+01   -1.3164212771e+02    8.6133471654e+00    1.0240000000e+03    2.7742839884e-03    6.2386067708e-01
       372   -5.7988259926e+01    3.3634313059e+03   -8.4381400333e+01    2.6393140407e+01    3.9162821249e+01   -1.3284174990e+02    9.2975283191e+00    1.0240000000e+03    2.7643910144e-03    6.2384440104e-01
       373   -5.7961988864e+01    3.3602908002e+03   -8.4078717077e+01    2.6116728213e+01    3.9206440208e+01   -1.3279940844e+02    9.5142511590e+00    1.0240000000e+03    2.7862004936e-03    6.2335611979e-01
       374   -5.7967400586e+01    3.3610576580e+03   -8.3623187606e+01    2.5655787020e+01    3.8994592202e+01   -1.3218179681e+02    9.5640170058e+00    1.0240000000e+03    2.7761156671e-03    6.2278645833e-01
       375   -5.7988862846e+01    3.3633545306e+03   -8.3988982388e+01    2.6000119542e+01    3.9129425900e+01   -1.3260948018e+02    9.4910718938e+00    1.0240000000e+03    2.7942750603e-03    6.2353515625e-01
       376   -5.7992803845e+01    3.3638006273e+03   -8.4126587044e+01    2.6133783199e+01    3.8947959461e+01   -1.3197377667e+02    8.8992301606e+00    1.0240000000e+03    2.8095769230e-03    6.2674153646e-01
       377   -5.7990675131e+01    3.3636846036e+03   -8.4400198641e+01    2.6409523511e+01    3.9145192499e+01   -1.3299769777e+02    9.4523066261e+00    1.0240000000e+03    2.7890724596e-03    6.2620442708e-01
       378   -5.7972675694e+01    3.3616703947e+03   -8.4834416542e+01    2.6861740848e+01    3.9284909133e+01   -1.3346897153e+02    9.3496458518e+00    1.0240000000e+03    2.7885148302e-03    6.2514648437e-01
       379   -5.7998842712e+01    3.3645095828e+03   -8.4018510073e+01    2.6019667360e+01    3.9116483739e+01   -1.3326786412e+02    1.0132870307e+01    1.0240000000e+03    2.8113978915e-03    6.2394205729e-01
       380   -5.7976432436e+01    3.3620575373e+03   -8.4886916769e+01    2.6910484333e+01    3.9303901652e+01   -1.3365763444e+02    9.4668160211e+00    1.0240000000e+03    2.7788889129e-03    6.2330729167e-01
       381   -5.8025660882e+01    3.3678480561e+03   -8.4304809369e+01    2.6279148487e+01    3.9128673198e+01   -1.3234237742e+02    8.9088948521e+00    1.0240000000e+03    2.7550719678e-03    6.2390950521e-01
       382   -5.7967476442e+01    3.3608972861e+03   -8.4488802806e+01    2.6521326364e+01    3.9033268453e+01   -1.3306114232e+02    9.5390710622e+00    1.0240000000e+03    2.7508486528e-03    6.2190755208e-01
       383   -5.7966748722e+01    3.3609900748e+03   -8.4635137467e+01    2.6668388744e+01    3.9152141763e+01   -1.3247584362e+02    8.6885643920e+00    1.0240000000e+03    2.7684550732e-03    6.2646484375e-01
       384   -5.7948061902e+01    3.3587049788e+03   -8.4409532874e+01    2.6461470972e+01    3.9131238598e+01   -1.3268147307e+02    9.1407015974e+00    1.0240000000e+03    2.7868619654e-03    6.2566731771e-01
       385   -5.7971560646e+01    3.3614713623e+03   -8.4178337751e+01    2.6206777105e+01    3.9187894160e+01   -1.3291325291e+02    9.5470210017e+00    1.0240000000e+03    2.7808565646e-03    6.2294921875e-01
       386   -5.8008644845e+01    3.3659538852e+03   -8.3962415074e+01    2.5953770229e+01    3.9073389380e+01   -1.3315845347e+02    1.0122649020e+01    1.0240000000e+03    2.7630717959e-03    6.2421875000e-01
       387   -5.7971456075e+01    3.3614172526e+03   -8.4396717778e+01    2.6425261704e+01    3.8864854974e+01   -1.3229503017e+02    9.0334574175e+00    1.0240000000e+03    2.7800912503e-03    6.2298177083e-01
       388   -5.7976108804e+01    3.3621455314e+03   -8.4435058589e+01    2.6458949784e+01    3.9066174511e+01   -1.3293768501e+02    9.4364519063e+00    1.0240000000e+03    2.7992783580e-03    6.2530924479e-01
       389   -5.8022375414e+01    3.3674062639e+03   -8.4651804932e+01    2.6629429517e+01    3.9100768489e+01   -1.3272339007e+02    8.9708166462e+00    1.0240000000e+03    2.7742006350e-03    6.2340494792e-01
       390   -5.8007037637e+01    3.3657290450e+03   -8.4050211568e+01    2.6043173931e+01    3.8943782012e+01   -1.3252950154e+02    9.5355079602e+00    1.0240000000e+03    2.7849345934e-03    6.2556966146e-01
       391   -5.7982075327e+01    3.3625993367e+03   -8.3620320861e+01    2.5638245535e+01    3.8746909110e+01   -1.3137197081e+02    9.0047408378e+00    1.0240000000e+03    2.7857627720e-03    6.2416992187e-01
       392   -5.8007894876e+01    3.3657254980e+03   -8.4528574132e+01    2.6520679256e+01    3.8814015795e+01   -1.3185657443e+02    8.5139845016e+00    1.0240000000e+03    2.7783981059e-03    6.2381184896e-01
       393   -5.7998122238e+01    3.3645197789e+03   -8.3707980458e+01    2.5709858220e+01    3.8789339973e+01   -1.3143891185e+02    8.9415914241e+00    1.0240000000e+03    2.7801748365e-03    6.2351888021e-01
       394   -5.8004130621e+01    3.3653280884e+03   -8.3782027986e+01    2.5777897365e+01    3.8844369493e+01   -1.3198873818e+02    9.3623407054e+00    1.0240000000e+03    2.7705654502e-03    6.2470703125e-01
       395   -5.8007571166e+01    3.3655924332e+03   -8.4321905070e+01    2.6314333904e+01    3.9047691615e+01   -1.3276315364e+02    9.3935569555e+00    1.0240000000e+03    2.7818619274e-03    6.2182617188e-01
       396   -5.8031704381e+01    3.3683478051e+03   -8.4304235307e+01    2.6272530926e+01    3.8906645884e+01   -1.3220062925e+02    8.9897480626e+00    1.0240000000e+03    2.8077629395e-03    6.2812500000e-01
       397   -5.7982209408e+01    3.3629002129e+03   -8.4251694251e+01    2.6269484843e+01    3.8872377486e+01   -1.3227415822e+02    9.1500864789e+00    1.0240000000e+03    2.7739214711e-03    6.2643229167e-01
       398   -5.7986978190e+01    3.3631726352e+03   -8.3882006197e+01    2.5895028007e+01    3.8841306218e+01   -1.3202893980e+02    9.3056273840e+00    1.0240000000e+03    2.7606615331e-03    6.2309570312e-01
       399   -5.7980675959e+01    3.3623979778e+03   -8.3864311159e+01    2.5883635199e+01    3.8931860489e+01   -1.3211414167e+02    9.3179700219e+00    1.0240000000e+03    2.7798782103e-03    6.2540690104e-01
