#   index    LocalEnergy         LocalEnergy_sq      LocalPotential      Kinetic             ElecElec            LocalECP            NonLocalECP         BlockWeight         BlockCPU            AcceptRatio         
         0   -5.8011654600e+01    3.3661492506e+03   -8.4220268317e+01    2.6208613718e+01    3.9131137334e+01   -1.3315251447e+02    9.8011088139e+00    2.0480000000e+03    5.0387855154e-03    6.2460937500e-01
         1   -5.8008757431e+01    3.3657237023e+03   -8.4142528410e+01    2.6133770979e+01    3.8995970983e+01   -1.3235768884e+02    9.2191894441e+00    2.0480000000e+03    4.8675378785e-03    6.2169596354e-01
         2   -5.8042787666e+01    3.3697852455e+03   -8.3992602072e+01    2.5949814406e+01    3.9057639211e+01   -1.3261577453e+02    9.5655332490e+00    2.0480000000e+03    4.8450578470e-03    6.2500000000e-01
         3   -5.7998573481e+01    3.3646234063e+03   -8.4477590447e+01    2.6479016966e+01    3.9140504079e+01   -1.3279151137e+02    9.1734168435e+00    2.0480000000e+03    4.8241636250e-03    6.2206217448e-01
         4   -5.7968621316e+01    3.3611253427e+03   -8.4334817622e+01    2.6366196306e+01    3.9020313564e+01   -1.3229920072e+02    8.9440695331e+00    2.0480000000e+03    4.8181796446e-03    6.2390136719e-01
         5   -5.7994553069e+01    3.3642127405e+03   -8.4054897851e+01    2.6060344781e+01    3.9017993538e+01   -1.3261761544e+02    9.5447240475e+00    2.0480000000e+03    4.8048333265e-03    6.2225748698e-01
         6   -5.7995602700e+01    3.3644651908e+03   -8.3674591338e+01    2.5678988638e+01    3.8936404776e+01   -1.3230257851e+02    9.6915824007e+00    2.0480000000e+03    4.8098496627e-03    6.2311197917e-01
         7   -5.7977168738e+01    3.3623339397e+03   -8.4202698663e+01    2.6225529925e+01    3.8945258166e+01   -1.3199071987e+02    8.8427630434e+00    2.0480000000e+03    4.8009434249e-03    6.2440592448e-01
         8   -5.7982931188e+01    3.3627986183e+03   -8.4439455899e+01    2.6456524712e+01    3.9124966451e+01   -1.3329811463e+02    9.7336922794e+00    2.0480000000e+03    4.8048852477e-03    6.2297363281e-01
         9   -5.7947419999e+01    3.3588391856e+03   -8.4371474072e+01    2.6424054073e+01    3.9178118218e+01   -1.3328809688e+02    9.7385045900e+00    2.0480000000e+03    4.8133381642e-03    6.2555338542e-01
        10   -5.7980963987e+01    3.3628135400e+03   -8.4599837628e+01    2.6618873640e+01    3.9311914319e+01   -1.3319074803e+02    9.2789960802e+00    2.0480000000e+03    4.7921650112e-03    6.2287597656e-01
        11   -5.7991812646e+01    3.3639436792e+03   -8.4583454837e+01    2.6591642192e+01    3.9265782588e+01   -1.3306390858e+02    9.2146711562e+00    2.0480000000e+03    4.7849314287e-03    6.2201334635e-01
        12   -5.7977835100e+01    3.3622798452e+03   -8.4192643984e+01    2.6214808884e+01    3.9161407306e+01   -1.3306231444e+02    9.7082631514e+00    2.0480000000e+03    4.7862916254e-03    6.2339680990e-01
        13   -5.7955705705e+01    3.3597436658e+03   -8.4123876183e+01    2.6168170479e+01    3.9133093075e+01   -1.3314089063e+02    9.8839213761e+00    2.0480000000e+03    4.7971697059e-03    6.2530924479e-01
        14   -5.7987625007e+01    3.3634956335e+03   -8.4528486888e+01    2.6540861881e+01    3.9111303749e+01   -1.3332089369e+02    9.6811030578e+00    2.0480000000e+03    4.7913300805e-03    6.2526855469e-01
        15   -5.7982528228e+01    3.3632687540e+03   -8.4423229869e+01    2.6440701641e+01    3.9130384362e+01   -1.3316624715e+02    9.6126329211e+00    2.0480000000e+03    4.7756235581e-03    6.2182617188e-01
        16   -5.7983260270e+01    3.3628283717e+03   -8.4634978962e+01    2.6651718692e+01    3.9190145709e+01   -1.3331181615e+02    9.4866914784e+00    2.0480000000e+03    4.7828005627e-03    6.2426757812e-01
        17   -5.7983187026e+01    3.3629197009e+03   -8.4597393501e+01    2.6614206476e+01    3.9069965540e+01   -1.3289176164e+02    9.2244026004e+00    2.0480000000e+03    4.7778598964e-03    6.2273763021e-01
        18   -5.8026638857e+01    3.3679803816e+03   -8.4356689100e+01    2.6330050244e+01    3.9179463451e+01   -1.3308839542e+02    9.5522428719e+00    2.0480000000e+03    4.7792233527e-03    6.2357584635e-01
        19   -5.8011695735e+01    3.3662620055e+03   -8.4353311572e+01    2.6341615837e+01    3.8947251837e+01   -1.3251333323e+02    9.2127698238e+00    2.0480000000e+03    4.7681690194e-03    6.2341308594e-01
        20   -5.8003857765e+01    3.3653968753e+03   -8.4245827174e+01    2.6241969409e+01    3.9042299258e+01   -1.3268012991e+02    9.3920034767e+00    2.0480000000e+03    4.7622031998e-03    6.2279459635e-01
        21   -5.8006999679e+01    3.3658850759e+03   -8.3932543835e+01    2.5925544156e+01    3.8945034888e+01   -1.3206434983e+02    9.1867711095e+00    2.0480000000e+03    4.7768082004e-03    6.2643229167e-01
        22   -5.7994802136e+01    3.3642572496e+03   -8.4148895915e+01    2.6154093780e+01    3.8971597208e+01   -1.3221584216e+02    9.0953490380e+00    2.0480000000e+03    4.7648900654e-03    6.2329915365e-01
        23   -5.7982514349e+01    3.3628067724e+03   -8.4469654786e+01    2.6487140437e+01    3.9178745962e+01   -1.3331839184e+02    9.6699910909e+00    2.0480000000e+03    4.7707690392e-03    6.2357584635e-01
        24   -5.8001503137e+01    3.3650110215e+03   -8.4663913366e+01    2.6662410229e+01    3.9095329196e+01   -1.3310513914e+02    9.3458965816e+00    2.0480000000e+03    4.7638975084e-03    6.2203776042e-01
        25   -5.8002493375e+01    3.3650329310e+03   -8.4472999937e+01    2.6470506562e+01    3.9147767885e+01   -1.3298943753e+02    9.3686697130e+00    2.0480000000e+03    4.7763241455e-03    6.2368164062e-01
        26   -5.8008545824e+01    3.3659809545e+03   -8.4239042950e+01    2.6230497127e+01    3.9055037699e+01   -1.3278078898e+02    9.4867083333e+00    2.0480000000e+03    4.7827013768e-03    6.2402343750e-01
        27   -5.7974014580e+01    3.3619178103e+03   -8.4312095918e+01    2.6338081338e+01    3.9136861253e+01   -1.3277336678e+02    9.3244096105e+00    2.0480000000e+03    4.7706498299e-03    6.1935221354e-01
        28   -5.8007811114e+01    3.3657491546e+03   -8.4665365417e+01    2.6657554303e+01    3.8988243943e+01   -1.3325531907e+02    9.6017097070e+00    2.0480000000e+03    4.7689129133e-03    6.2238769531e-01
        29   -5.8014580032e+01    3.3666515821e+03   -8.4600063717e+01    2.6585483685e+01    3.8924209828e+01   -1.3273651793e+02    9.2122443806e+00    2.0480000000e+03    4.7707580961e-03    6.2400716146e-01
        30   -5.8002455490e+01    3.3652649896e+03   -8.4345279538e+01    2.6342824048e+01    3.8798011972e+01   -1.3266760514e+02    9.5243136333e+00    2.0480000000e+03    4.7582639381e-03    6.2320963542e-01
        31   -5.7986350676e+01    3.3632044310e+03   -8.4059255984e+01    2.6072905308e+01    3.8784499728e+01   -1.3225537412e+02    9.4116184056e+00    2.0480000000e+03    4.7627324238e-03    6.2389322917e-01
        32   -5.7967245024e+01    3.3611166186e+03   -8.4280502542e+01    2.6313257518e+01    3.9079034265e+01   -1.3249369472e+02    9.1341579123e+00    2.0480000000e+03    4.7594378702e-03    6.2288411458e-01
        33   -5.8000748961e+01    3.3648136247e+03   -8.4692713794e+01    2.6691964834e+01    3.9125132717e+01   -1.3292221554e+02    9.1043690319e+00    2.0480000000e+03    4.7563307453e-03    6.2207845052e-01
        34   -5.8032136417e+01    3.3685719183e+03   -8.4953297821e+01    2.6921161404e+01    3.9228203482e+01   -1.3360494524e+02    9.4234439380e+00    2.0480000000e+03    4.7659624834e-03    6.2331542969e-01
        35   -5.7957976447e+01    3.3598936150e+03   -8.4234798740e+01    2.6276822293e+01    3.9173854252e+01   -1.3278419197e+02    9.3755389801e+00    2.0480000000e+03    4.7699841671e-03    6.2451171875e-01
        36   -5.7987565427e+01    3.3634660946e+03   -8.4299568037e+01    2.6312002611e+01    3.9003554162e+01   -1.3244646171e+02    9.1433395098e+00    2.0480000000e+03    4.7499046195e-03    6.2070312500e-01
        37   -5.8014397505e+01    3.3666162305e+03   -8.4730887354e+01    2.6716489849e+01    3.8962964952e+01   -1.3263366718e+02    8.9398148751e+00    2.0480000000e+03    4.7639722470e-03    6.2466634115e-01
        38   -5.7980212485e+01    3.3628336141e+03   -8.4138940457e+01    2.6158727972e+01    3.9065416981e+01   -1.3299601466e+02    9.7916572179e+00    2.0480000000e+03    4.7641135752e-03    6.2329915365e-01
        39   -5.8033585447e+01    3.3686728886e+03   -8.4714578764e+01    2.6680993316e+01    3.9019840501e+01   -1.3257190301e+02    8.8374837431e+00    2.0480000000e+03    4.7702584416e-03    6.2370605469e-01
        40   -5.7985408984e+01    3.3630699420e+03   -8.3731868758e+01    2.5746459774e+01    3.8815130146e+01   -1.3173005090e+02    9.1830519949e+00    2.0480000000e+03    4.7785649076e-03    6.2535807292e-01
        41   -5.8002025567e+01    3.3650179062e+03   -8.4567247377e+01    2.6565221809e+01    3.9101364235e+01   -1.3333697666e+02    9.6683650504e+00    2.0480000000e+03    4.7655857634e-03    6.2250976563e-01
        42   -5.7991166340e+01    3.3637449940e+03   -8.4352736762e+01    2.6361570422e+01    3.9083248876e+01   -1.3286687930e+02    9.4308936662e+00    2.0480000000e+03    4.7843537759e-03    6.2732747396e-01
        43   -5.8026488964e+01    3.3678775218e+03   -8.3937294740e+01    2.5910805777e+01    3.8981101532e+01   -1.3278958936e+02    9.8711930834e+00    2.0480000000e+03    4.7731653322e-03    6.2371419271e-01
        44   -5.7971175308e+01    3.3613953605e+03   -8.4001596473e+01    2.6030421165e+01    3.9062752695e+01   -1.3267295778e+02    9.6086086124e+00    2.0480000000e+03    4.7684079036e-03    6.2312011719e-01
        45   -5.8006083110e+01    3.3657267751e+03   -8.4540564717e+01    2.6534481608e+01    3.9152230205e+01   -1.3325157568e+02    9.5587807557e+00    2.0480000000e+03    4.7668491025e-03    6.2190755208e-01
        46   -5.8003535250e+01    3.3652817978e+03   -8.4322600861e+01    2.6319065611e+01    3.9320255646e+01   -1.3318395415e+02    9.5410976467e+00    2.0480000000e+03    4.7560366802e-03    6.2158203125e-01
        47   -5.8045074438e+01    3.3701366717e+03   -8.4566891850e+01    2.6521817412e+01    3.9093820855e+01   -1.3267862673e+02    9.0179140216e+00    2.0480000000e+03    4.7599470709e-03    6.2225748698e-01
        48   -5.7970168102e+01    3.3612818525e+03   -8.3688306364e+01    2.5718138262e+01    3.8995402901e+01   -1.3203055636e+02    9.3468470943e+00    2.0480000000e+03    4.7546727583e-03    6.2233072917e-01
        49   -5.8025373771e+01    3.3678411886e+03   -8.4042624230e+01    2.6017250459e+01    3.9033787382e+01   -1.3271207925e+02    9.6356676391e+00    2.0480000000e+03    4.7728067730e-03    6.2473958333e-01
        50   -5.7962508091e+01    3.3604914705e+03   -8.4509957664e+01    2.6547449573e+01    3.9240629307e+01   -1.3311267733e+02    9.3620903629e+00    2.0480000000e+03    4.7720805742e-03    6.2212727865e-01
        51   -5.8047877918e+01    3.3703292073e+03   -8.4145829677e+01    2.6097951759e+01    3.9139211012e+01   -1.3262271408e+02    9.3376733928e+00    2.0480000000e+03    4.7693473753e-03    6.2278645833e-01
        52   -5.7962873799e+01    3.3606677137e+03   -8.4190712670e+01    2.6227838871e+01    3.9428347263e+01   -1.3307571624e+02    9.4566563120e+00    2.0480000000e+03    4.7747262288e-03    6.2490234375e-01
        53   -5.7984526214e+01    3.3630236352e+03   -8.4049529996e+01    2.6065003782e+01    3.9075048804e+01   -1.3269163445e+02    9.5670556528e+00    2.0480000000e+03    4.7698770650e-03    6.2414550781e-01
        54   -5.7962456865e+01    3.3604892028e+03   -8.4013981146e+01    2.6051524281e+01    3.9070126224e+01   -1.3271414640e+02    9.6300390332e+00    2.0480000000e+03    4.7695755493e-03    6.2432454427e-01
        55   -5.7959321308e+01    3.3602092703e+03   -8.4142248116e+01    2.6182926808e+01    3.9082150146e+01   -1.3244682604e+02    9.2224277765e+00    2.0480000000e+03    4.7779888846e-03    6.2469075521e-01
        56   -5.8009879212e+01    3.3659041596e+03   -8.4161687084e+01    2.6151807872e+01    3.9264262063e+01   -1.3269508160e+02    9.2691324536e+00    2.0480000000e+03    4.7730859369e-03    6.2202148438e-01
        57   -5.7998837471e+01    3.3657253212e+03   -8.3915568473e+01    2.5916731002e+01    3.9203588281e+01   -1.3313330462e+02    1.0014147864e+01    2.0480000000e+03    4.7697380651e-03    6.2267252604e-01
        58   -5.7988446377e+01    3.3634858945e+03   -8.4599898848e+01    2.6611452471e+01    3.9097034613e+01   -1.3297903853e+02    9.2821050671e+00    2.0480000000e+03    4.7570960596e-03    6.2124837240e-01
        59   -5.7956471908e+01    3.3598313837e+03   -8.4186673784e+01    2.6230201876e+01    3.9275889697e+01   -1.3358104783e+02    1.0118484347e+01    2.0480000000e+03    4.7586429864e-03    6.2347005208e-01
        60   -5.8002182404e+01    3.3650464308e+03   -8.4252495279e+01    2.6250312875e+01    3.9121754157e+01   -1.3258825336e+02    9.2140039196e+00    2.0480000000e+03    4.7659571283e-03    6.2508138021e-01
        61   -5.7996141549e+01    3.3643039050e+03   -8.4818912887e+01    2.6822771338e+01    3.9172495611e+01   -1.3329325853e+02    9.3018500331e+00    2.0480000000e+03    4.7770431265e-03    6.2365722656e-01
        62   -5.8004329750e+01    3.3652427703e+03   -8.4396327414e+01    2.6391997664e+01    3.9051042488e+01   -1.3298986457e+02    9.5424946635e+00    2.0480000000e+03    4.7784624621e-03    6.2373860677e-01
        63   -5.7998714064e+01    3.3647147937e+03   -8.4334360652e+01    2.6335646588e+01    3.9094447513e+01   -1.3275829607e+02    9.3294879001e+00    2.0480000000e+03    4.7773304395e-03    6.2714029948e-01
        64   -5.8009896994e+01    3.3660910981e+03   -8.4687650005e+01    2.6677753012e+01    3.9070644112e+01   -1.3277139214e+02    9.0130980265e+00    2.0480000000e+03    4.7721350566e-03    6.2415364583e-01
        65   -5.8050518969e+01    3.3706014744e+03   -8.4610334769e+01    2.6559815800e+01    3.8976143954e+01   -1.3306381668e+02    9.4773379569e+00    2.0480000000e+03    4.7615144867e-03    6.2293294271e-01
        66   -5.8024674855e+01    3.3677046926e+03   -8.3996690942e+01    2.5972016087e+01    3.8857290803e+01   -1.3236928425e+02    9.5153025027e+00    2.0480000000e+03    4.7591256443e-03    6.2424316406e-01
        67   -5.8008039956e+01    3.3659204687e+03   -8.3845262990e+01    2.5837223034e+01    3.8894430912e+01   -1.3229376549e+02    9.5540715905e+00    2.0480000000e+03    4.7553500626e-03    6.2162272135e-01
        68   -5.8001818269e+01    3.3651392688e+03   -8.4126720095e+01    2.6124901827e+01    3.8953309388e+01   -1.3247354470e+02    9.3935152183e+00    2.0480000000e+03    4.7707220074e-03    6.2420247396e-01
        69   -5.8009320116e+01    3.3658794614e+03   -8.4284917070e+01    2.6275596954e+01    3.8957368022e+01   -1.3267170278e+02    9.4294176920e+00    2.0480000000e+03    4.7635871451e-03    6.2299804688e-01
        70   -5.8014014239e+01    3.3663870278e+03   -8.4402884788e+01    2.6388870548e+01    3.9039286567e+01   -1.3238727443e+02    8.9451030729e+00    2.0480000000e+03    4.7747464851e-03    6.2501627604e-01
        71   -5.8011560763e+01    3.3663065961e+03   -8.4585832658e+01    2.6574271894e+01    3.9024933808e+01   -1.3306442966e+02    9.4536631983e+00    2.0480000000e+03    4.7521637753e-03    6.2062988281e-01
        72   -5.8009516481e+01    3.3658084442e+03   -8.4573545280e+01    2.6564028799e+01    3.8963182503e+01   -1.3279258907e+02    9.2558612825e+00    2.0480000000e+03    4.7620609403e-03    6.2381998698e-01
        73   -5.7999236417e+01    3.3647802099e+03   -8.4275360427e+01    2.6276124010e+01    3.9001491779e+01   -1.3287442660e+02    9.5975743895e+00    2.0480000000e+03    4.8336226027e-03    6.2482910156e-01
        74   -5.8009388847e+01    3.3657313890e+03   -8.4152252791e+01    2.6142863944e+01    3.9018634524e+01   -1.3220583683e+02    9.0349495141e+00    2.0480000000e+03    4.7681017313e-03    6.2277018229e-01
        75   -5.8007576059e+01    3.3662160760e+03   -8.4191648741e+01    2.6184072682e+01    3.9033387024e+01   -1.3249047366e+02    9.2654378977e+00    2.0480000000e+03    4.7566222493e-03    6.2206217448e-01
        76   -5.8002186499e+01    3.3652641904e+03   -8.4368802221e+01    2.6366615722e+01    3.8968950645e+01   -1.3275254458e+02    9.4147917126e+00    2.0480000000e+03    4.7665147576e-03    6.2386881510e-01
        77   -5.8025917428e+01    3.3676887209e+03   -8.4408524238e+01    2.6382606810e+01    3.8894752625e+01   -1.3229407102e+02    8.9907941613e+00    2.0480000000e+03    4.7589652240e-03    6.2180175781e-01
        78   -5.7996239874e+01    3.3643029989e+03   -8.4324876818e+01    2.6328636944e+01    3.8845801453e+01   -1.3233420157e+02    9.1635233018e+00    2.0480000000e+03    4.7535868362e-03    6.2268880208e-01
        79   -5.8024556938e+01    3.3677076918e+03   -8.4068917645e+01    2.6044360706e+01    3.8744729664e+01   -1.3217562563e+02    9.3619783214e+00    2.0480000000e+03    4.7641540878e-03    6.2471516927e-01
        80   -5.7996003157e+01    3.3645298198e+03   -8.4141388499e+01    2.6145385341e+01    3.8830817532e+01   -1.3265360683e+02    9.6814008000e+00    2.0480000000e+03    4.7599845566e-03    6.2381998698e-01
        81   -5.7980283364e+01    3.3624342183e+03   -8.4260158515e+01    2.6279875150e+01    3.8958598053e+01   -1.3220790841e+02    8.9891518380e+00    2.0480000000e+03    4.7714605462e-03    6.2353515625e-01
        82   -5.8008998660e+01    3.3658142693e+03   -8.3708015961e+01    2.5699017300e+01    3.8791029663e+01   -1.3203550154e+02    9.5364559159e+00    2.0480000000e+03    4.7559596132e-03    6.2272949219e-01
        83   -5.7990431052e+01    3.3637648728e+03   -8.4179616490e+01    2.6189185439e+01    3.8839451323e+01   -1.3188716002e+02    8.8680922099e+00    2.0480000000e+03    4.7570636962e-03    6.2233886719e-01
        84   -5.8023706007e+01    3.3676277428e+03   -8.4343800640e+01    2.6320094634e+01    3.9056120429e+01   -1.3257188046e+02    9.1719593934e+00    2.0480000000e+03    4.7587621957e-03    6.2131347656e-01
        85   -5.7991738704e+01    3.3639027605e+03   -8.4364001755e+01    2.6372263052e+01    3.9188215487e+01   -1.3269978270e+02    9.1475654529e+00    2.0480000000e+03    4.7730086371e-03    6.2487792969e-01
        86   -5.7987784577e+01    3.3633775355e+03   -8.4204644942e+01    2.6216860365e+01    3.9043432823e+01   -1.3246237502e+02    9.2142972589e+00    2.0480000000e+03    4.7631026246e-03    6.2262369792e-01
        87   -5.7978458316e+01    3.3624246557e+03   -8.4258090361e+01    2.6279632044e+01    3.9017695549e+01   -1.3251336214e+02    9.2375762311e+00    2.0480000000e+03    4.7707296908e-03    6.2535807292e-01
        88   -5.7961238363e+01    3.3602292049e+03   -8.3848973282e+01    2.5887734919e+01    3.8904293713e+01   -1.3235925811e+02    9.6059911126e+00    2.0480000000e+03    4.7639622353e-03    6.2197265625e-01
        89   -5.7999020400e+01    3.3648052288e+03   -8.3972557603e+01    2.5973537203e+01    3.8893746194e+01   -1.3201443073e+02    9.1481269315e+00    2.0480000000e+03    4.8998228740e-03    6.2486979167e-01
        90   -5.7962247050e+01    3.3605546907e+03   -8.4018724212e+01    2.6056477162e+01    3.8901353405e+01   -1.3253590687e+02    9.6158292550e+00    2.0480000000e+03    4.8172352836e-03    6.2391764323e-01
        91   -5.8017097555e+01    3.3667805884e+03   -8.4210747217e+01    2.6193649662e+01    3.8884990720e+01   -1.3244264250e+02    9.3469045646e+00    2.0480000000e+03    4.7891309951e-03    6.2691243490e-01
        92   -5.8038482899e+01    3.3692199615e+03   -8.4393443686e+01    2.6354960788e+01    3.8925349091e+01   -1.3249689295e+02    9.1781001765e+00    2.0480000000e+03    4.7662882134e-03    6.2326660156e-01
        93   -5.8010916578e+01    3.3661166359e+03   -8.4434137979e+01    2.6423221401e+01    3.9075191660e+01   -1.3281141443e+02    9.3020847916e+00    2.0480000000e+03    4.7674747184e-03    6.2250162760e-01
        94   -5.7997957970e+01    3.3645681398e+03   -8.4167552498e+01    2.6169594528e+01    3.8986834390e+01   -1.3271446569e+02    9.5600788011e+00    2.0480000000e+03    4.7785963397e-03    6.2493489583e-01
        95   -5.7970006901e+01    3.3613911746e+03   -8.3965441580e+01    2.5995434678e+01    3.8985220990e+01   -1.3240612420e+02    9.4554616282e+00    2.0480000000e+03    4.7625941224e-03    6.2058105469e-01
        96   -5.7999307579e+01    3.3647151957e+03   -8.4364365667e+01    2.6365058088e+01    3.8982836804e+01   -1.3276312403e+02    9.4159215599e+00    2.0480000000e+03    4.7789213713e-03    6.2368164062e-01
        97   -5.8001463378e+01    3.3650023747e+03   -8.4547631763e+01    2.6546168385e+01    3.9072822009e+01   -1.3310975910e+02    9.4893053232e+00    2.0480000000e+03    4.7777944710e-03    6.2510579427e-01
        98   -5.7974725613e+01    3.3618605242e+03   -8.4834022370e+01    2.6859296757e+01    3.9211095856e+01   -1.3392276691e+02    9.8776486851e+00    2.0480000000e+03    4.7776729334e-03    6.2372233073e-01
        99   -5.7987795728e+01    3.3639993525e+03   -8.4520832357e+01    2.6533036630e+01    3.9140806272e+01   -1.3280149299e+02    9.1398543650e+00    2.0480000000e+03    4.7629070468e-03    6.2331542969e-01
       100   -5.8010230307e+01    3.3658354007e+03   -8.4051149822e+01    2.6040919515e+01    3.9228024981e+01   -1.3275995093e+02    9.4807761301e+00    2.0480000000e+03    4.7660481650e-03    6.2408854167e-01
       101   -5.8005443711e+01    3.3655487067e+03   -8.4073419966e+01    2.6067976255e+01    3.8947221532e+01   -1.3230682832e+02    9.2861868211e+00    2.0480000000e+03    4.7717171255e-03    6.2428385417e-01
       102   -5.8038488665e+01    3.3692894139e+03   -8.4311086114e+01    2.6272597449e+01    3.9028848377e+01   -1.3241700667e+02    9.0770721837e+00    2.0480000000e+03    4.7740451992e-03    6.2504069010e-01
       103   -5.8017564295e+01    3.3668558338e+03   -8.4021789520e+01    2.6004225225e+01    3.9127428407e+01   -1.3312024847e+02    9.9710305458e+00    2.0480000000e+03    4.7641026322e-03    6.2313639323e-01
       104   -5.8008688100e+01    3.3657919436e+03   -8.4150280870e+01    2.6141592770e+01    3.9167037644e+01   -1.3262953847e+02    9.3122199524e+00    2.0480000000e+03    4.7652737703e-03    6.2438151042e-01
       105   -5.8005382756e+01    3.3654994692e+03   -8.4184767191e+01    2.6179384435e+01    3.9007710191e+01   -1.3278225608e+02    9.5897787004e+00    2.0480000000e+03    4.7640143894e-03    6.2351888021e-01
       106   -5.7979456311e+01    3.3624929025e+03   -8.4595923590e+01    2.6616467279e+01    3.9171154072e+01   -1.3293443102e+02    9.1673533562e+00    2.0480000000e+03    4.7740286682e-03    6.2364908854e-01
       107   -5.7961968488e+01    3.3604101101e+03   -8.4260336886e+01    2.6298368398e+01    3.9341209963e+01   -1.3326778500e+02    9.6662381534e+00    2.0480000000e+03    4.7780422028e-03    6.2373860677e-01
       108   -5.7994993577e+01    3.3641555409e+03   -8.4229776414e+01    2.6234782837e+01    3.9218766439e+01   -1.3335023191e+02    9.9016890556e+00    2.0480000000e+03    4.7750498634e-03    6.2246093750e-01
       109   -5.8012046094e+01    3.3661402382e+03   -8.4176698319e+01    2.6164652226e+01    3.9113690356e+01   -1.3256519373e+02    9.2748050594e+00    2.0480000000e+03    4.7802415211e-03    6.2339680990e-01
       110   -5.7979269852e+01    3.3624268703e+03   -8.4116133680e+01    2.6136863828e+01    3.9171161559e+01   -1.3275678745e+02    9.4694922117e+00    2.0480000000e+03    4.7712428495e-03    6.2220865885e-01
       111   -5.7996050758e+01    3.3642740053e+03   -8.4414124776e+01    2.6418074019e+01    3.9051069375e+01   -1.3269307843e+02    9.2278842790e+00    2.0480000000e+03    4.7793171834e-03    6.2341308594e-01
       112   -5.7993490946e+01    3.3640609338e+03   -8.3584775039e+01    2.5591284093e+01    3.8826102997e+01   -1.3141744466e+02    9.0065666244e+00    2.0480000000e+03    4.7617708333e-03    6.2313639323e-01
       113   -5.8002244440e+01    3.3650477342e+03   -8.4186774826e+01    2.6184530386e+01    3.8898866348e+01   -1.3253965378e+02    9.4540126009e+00    2.0480000000e+03    4.7693464439e-03    6.2549641927e-01
       114   -5.7985896215e+01    3.3631491630e+03   -8.3908961466e+01    2.5923065251e+01    3.8846713806e+01   -1.3217485130e+02    9.4191760256e+00    2.0480000000e+03    4.7462540679e-03    6.2012532552e-01
       115   -5.7983406252e+01    3.3629877788e+03   -8.3749526964e+01    2.5766120712e+01    3.8985228339e+01   -1.3275368913e+02    1.0018933829e+01    2.0480000000e+03    4.7773539554e-03    6.2481282552e-01
       116   -5.7993314773e+01    3.3639422583e+03   -8.4111327539e+01    2.6118012766e+01    3.8919621575e+01   -1.3264139485e+02    9.6104457406e+00    2.0480000000e+03    4.7608262394e-03    6.2264811198e-01
       117   -5.7974775637e+01    3.3618312314e+03   -8.4739617887e+01    2.6764842250e+01    3.9132533899e+01   -1.3325511590e+02    9.3829641153e+00    2.0480000000e+03    4.7657438554e-03    6.2302246094e-01
       118   -5.7983397681e+01    3.3629144675e+03   -8.4515969050e+01    2.6532571369e+01    3.9238844116e+01   -1.3289600755e+02    9.1411943823e+00    2.0480000000e+03    4.7719639260e-03    6.2309570312e-01
       119   -5.8012441529e+01    3.3661522490e+03   -8.3928599240e+01    2.5916157711e+01    3.9089174219e+01   -1.3246708716e+02    9.4493137056e+00    2.0480000000e+03    4.7730172519e-03    6.2380371094e-01
       120   -5.7980747316e+01    3.3625405122e+03   -8.4240387159e+01    2.6259639843e+01    3.9033782768e+01   -1.3307164892e+02    9.7974789915e+00    2.0480000000e+03    4.7628146131e-03    6.2189941406e-01
       121   -5.8007971845e+01    3.3658210120e+03   -8.3858055401e+01    2.5850083556e+01    3.9125666936e+01   -1.3277790978e+02    9.7941874468e+00    2.0480000000e+03    4.7996158246e-03    6.2675781250e-01
       122   -5.8003130629e+01    3.3651929669e+03   -8.4106790200e+01    2.6103659571e+01    3.8931088866e+01   -1.3261993970e+02    9.5820606353e+00    2.0480000000e+03    4.7881789505e-03    6.2237141927e-01
       123   -5.7997945179e+01    3.3645652550e+03   -8.4363615057e+01    2.6365669878e+01    3.9004061514e+01   -1.3279898320e+02    9.4313066234e+00    2.0480000000e+03    4.7893661540e-03    6.2536621094e-01
       124   -5.8015612885e+01    3.3665548244e+03   -8.4077578578e+01    2.6061965693e+01    3.8944261399e+01   -1.3301460338e+02    9.9927634044e+00    2.0480000000e+03    4.7807758674e-03    6.2509765625e-01
       125   -5.7997306590e+01    3.3645424132e+03   -8.4022346479e+01    2.6025039889e+01    3.9053278089e+01   -1.3256424818e+02    9.4886236074e+00    2.0480000000e+03    4.7735604458e-03    6.2433268229e-01
       126   -5.8005087081e+01    3.3655490667e+03   -8.4136356170e+01    2.6131269089e+01    3.8987418105e+01   -1.3266677183e+02    9.5429975542e+00    2.0480000000e+03    4.7678477131e-03    6.2316080729e-01
       127   -5.8007217487e+01    3.3657149505e+03   -8.3903808152e+01    2.5896590664e+01    3.8854333822e+01   -1.3225448767e+02    9.4963456925e+00    2.0480000000e+03    4.7617540695e-03    6.2229003906e-01
       128   -5.7966011777e+01    3.3609696603e+03   -8.4303281745e+01    2.6337269967e+01    3.8874978767e+01   -1.3250126656e+02    9.3230060517e+00    2.0480000000e+03    4.7641608398e-03    6.2469889323e-01
       129   -5.8001657635e+01    3.3651474674e+03   -8.4064453854e+01    2.6062796220e+01    3.9005759420e+01   -1.3289306817e+02    9.8228548989e+00    2.0480000000e+03    4.7638411634e-03    6.2368977865e-01
       130   -5.7974140049e+01    3.3618406657e+03   -8.4404361098e+01    2.6430221049e+01    3.9050278162e+01   -1.3292137844e+02    9.4667391798e+00    2.0480000000e+03    4.7603037674e-03    6.2300618490e-01
       131   -5.7994775489e+01    3.3643951594e+03   -8.4194040296e+01    2.6199264806e+01    3.9020810873e+01   -1.3312057011e+02    9.9057189388e+00    2.0480000000e+03    4.7830627300e-03    6.2578938802e-01
       132   -5.7980363660e+01    3.3625757024e+03   -8.3658066878e+01    2.5677703218e+01    3.8880670388e+01   -1.3230065079e+02    9.7619135263e+00    2.0480000000e+03    4.7621296253e-03    6.2128906250e-01
       133   -5.7976522952e+01    3.3620024501e+03   -8.4068825699e+01    2.6092302747e+01    3.8969192179e+01   -1.3241348702e+02    9.3754691399e+00    2.0480000000e+03    4.7741651069e-03    6.2382812500e-01
       134   -5.7971786416e+01    3.3616222671e+03   -8.3890540269e+01    2.5918753853e+01    3.9150712891e+01   -1.3233533171e+02    9.2940785521e+00    2.0480000000e+03    4.7854334116e-03    6.2421875000e-01
       135   -5.7993206409e+01    3.3640121499e+03   -8.4281916815e+01    2.6288710406e+01    3.9077183855e+01   -1.3253171557e+02    9.1726149004e+00    2.0480000000e+03    4.7773628030e-03    6.2487792969e-01
       136   -5.7989025445e+01    3.3635067595e+03   -8.4027690522e+01    2.6038665077e+01    3.8959221038e+01   -1.3230491185e+02    9.3180002913e+00    2.0480000000e+03    4.7681725118e-03    6.2321777344e-01
       137   -5.7986422696e+01    3.3632595259e+03   -8.4071941520e+01    2.6085518823e+01    3.8970844357e+01   -1.3237937121e+02    9.3365853332e+00    2.0480000000e+03    4.7543104738e-03    6.1971842448e-01
       138   -5.7997866713e+01    3.3645482827e+03   -8.4451751628e+01    2.6453884915e+01    3.9142990912e+01   -1.3265900341e+02    9.0642608738e+00    2.0480000000e+03    4.7780345194e-03    6.2473958333e-01
       139   -5.8021919693e+01    3.3675070659e+03   -8.4469857205e+01    2.6447937512e+01    3.9175838003e+01   -1.3278228267e+02    9.1365874664e+00    2.0480000000e+03    4.7668085899e-03    6.2351074219e-01
       140   -5.7933750654e+01    3.3573185653e+03   -8.4112913034e+01    2.6179162380e+01    3.9128062089e+01   -1.3275312343e+02    9.5121483051e+00    2.0480000000e+03    4.7753471881e-03    6.2378743490e-01
       141   -5.7979383051e+01    3.3624071970e+03   -8.5001765118e+01    2.7022382068e+01    3.9280587529e+01   -1.3353403529e+02    9.2516826455e+00    2.0480000000e+03    4.7661548015e-03    6.2245279948e-01
       142   -5.7974607151e+01    3.3618981660e+03   -8.4624716394e+01    2.6650109243e+01    3.9349620700e+01   -1.3376681946e+02    9.7924823610e+00    2.0480000000e+03    4.7740254086e-03    6.2424316406e-01
       143   -5.7935509447e+01    3.3575660332e+03   -8.4698308779e+01    2.6762799332e+01    3.9125687862e+01   -1.3293861369e+02    9.1146170523e+00    2.0480000000e+03    4.7784277704e-03    6.2535807292e-01
       144   -5.8006377862e+01    3.3654885359e+03   -8.3995891505e+01    2.5989513643e+01    3.9043038238e+01   -1.3259983314e+02    9.5609033982e+00    2.0480000000e+03    4.7672230285e-03    6.2363281250e-01
       145   -5.8021054305e+01    3.3674620624e+03   -8.4448269546e+01    2.6427215241e+01    3.9179129334e+01   -1.3312443700e+02    9.4970381239e+00    2.0480000000e+03    4.7856643796e-03    6.2524414062e-01
       146   -5.8026279455e+01    3.3689405314e+03   -8.4304374382e+01    2.6278094926e+01    3.8998907619e+01   -1.3208071917e+02    8.7774371727e+00    2.0480000000e+03    4.7725301702e-03    6.2399088542e-01
       147   -5.7973980554e+01    3.3617707419e+03   -8.4123465156e+01    2.6149484602e+01    3.9120299885e+01   -1.3273694646e+02    9.4931814236e+00    2.0480000000e+03    4.7776703723e-03    6.2412923177e-01
       148   -5.7984301705e+01    3.3630067517e+03   -8.4422463024e+01    2.6438161319e+01    3.9173348075e+01   -1.3301132677e+02    9.4155156753e+00    2.0480000000e+03    4.7776321881e-03    6.2237141927e-01
       149   -5.8013968023e+01    3.3664945113e+03   -8.4594545956e+01    2.6580577933e+01    3.9280391613e+01   -1.3340425165e+02    9.5293140853e+00    2.0480000000e+03    4.7700752039e-03    6.2209472656e-01
       150   -5.7988824365e+01    3.3635117569e+03   -8.3802852514e+01    2.5814028149e+01    3.9100961464e+01   -1.3233872023e+02    9.4349062486e+00    2.0480000000e+03    4.7729362268e-03    6.2293294271e-01
       151   -5.7981607547e+01    3.3625577308e+03   -8.4063925899e+01    2.6082318353e+01    3.8974959332e+01   -1.3263544537e+02    9.5965601416e+00    2.0480000000e+03    4.7635657247e-03    6.2398274740e-01
       152   -5.7981974345e+01    3.3627234022e+03   -8.4307710625e+01    2.6325736280e+01    3.9161292228e+01   -1.3324668209e+02    9.7776792401e+00    2.0480000000e+03    4.7634390648e-03    6.2216796875e-01
       153   -5.7965785535e+01    3.3610065990e+03   -8.4554341154e+01    2.6588555619e+01    3.9219392326e+01   -1.3268036204e+02    8.9066285605e+00    2.0480000000e+03    4.7673250083e-03    6.2244466146e-01
       154   -5.8005192927e+01    3.3654637627e+03   -8.4471610567e+01    2.6466417640e+01    3.9075699540e+01   -1.3283505200e+02    9.2877418968e+00    2.0480000000e+03    4.7684358433e-03    6.2470703125e-01
       155   -5.8019369667e+01    3.3670676523e+03   -8.4366030192e+01    2.6346660525e+01    3.9124341466e+01   -1.3299384588e+02    9.5034742252e+00    2.0480000000e+03    4.7718344722e-03    6.2548014323e-01
       156   -5.7994391008e+01    3.3644287083e+03   -8.4221597898e+01    2.6227206890e+01    3.9008518263e+01   -1.3293745057e+02    9.7073344048e+00    2.0480000000e+03    4.7681608703e-03    6.2485351563e-01
       157   -5.7985804411e+01    3.3632142031e+03   -8.4275227957e+01    2.6289423545e+01    3.9022822441e+01   -1.3300685399e+02    9.7088035970e+00    2.0480000000e+03    4.7789462842e-03    6.2545572917e-01
       158   -5.7965502572e+01    3.3608311191e+03   -8.4234930937e+01    2.6269428366e+01    3.9101523509e+01   -1.3347983981e+02    1.0143385365e+01    2.0480000000e+03    4.7702596057e-03    6.2329101562e-01
       159   -5.8003615314e+01    3.3653298603e+03   -8.4469190367e+01    2.6465575053e+01    3.9063933840e+01   -1.3274068988e+02    9.2075656746e+00    2.0480000000e+03    4.7721581068e-03    6.2325846354e-01
       160   -5.8011748221e+01    3.3661524755e+03   -8.4391234636e+01    2.6379486415e+01    3.9069884259e+01   -1.3277005025e+02    9.3089313548e+00    2.0480000000e+03    4.7706931364e-03    6.2386881510e-01
       161   -5.7981262882e+01    3.3626938077e+03   -8.4439491736e+01    2.6458228854e+01    3.9024626070e+01   -1.3263441162e+02    9.1702938126e+00    2.0480000000e+03    4.7554566991e-03    6.2153320313e-01
       162   -5.8022631269e+01    3.3676214938e+03   -8.4249617334e+01    2.6226986065e+01    3.9034389519e+01   -1.3289847483e+02    9.6144679756e+00    2.0480000000e+03    4.7630248591e-03    6.2277018229e-01
       163   -5.7988500945e+01    3.3636126999e+03   -8.4637018390e+01    2.6648517445e+01    3.9047789739e+01   -1.3294336696e+02    9.2585588342e+00    2.0480000000e+03    4.7570946626e-03    6.2326660156e-01
       164   -5.7979327713e+01    3.3623280299e+03   -8.4388330130e+01    2.6409002417e+01    3.9088299276e+01   -1.3284545045e+02    9.3688210437e+00    2.0480000000e+03    4.7619440593e-03    6.2398274740e-01
       165   -5.7991188336e+01    3.3637332036e+03   -8.4080094708e+01    2.6088906372e+01    3.9088217212e+01   -1.3256056108e+02    9.3922491602e+00    2.0480000000e+03    4.7655014787e-03    6.2409667969e-01
       166   -5.7991516034e+01    3.3637425309e+03   -8.4027294931e+01    2.6035778896e+01    3.8997448957e+01   -1.3238490222e+02    9.3601583312e+00    2.0480000000e+03    4.7445474193e-03    6.2012532552e-01
       167   -5.8000359942e+01    3.3648667772e+03   -8.4739690900e+01    2.6739330958e+01    3.9149883441e+01   -1.3327385075e+02    9.3842764120e+00    2.0480000000e+03    4.7421003692e-03    6.2025553385e-01
       168   -5.8011979262e+01    3.3661812158e+03   -8.4842831354e+01    2.6830852092e+01    3.9219739425e+01   -1.3365733717e+02    9.5947663879e+00    2.0480000000e+03    4.7577777877e-03    6.2224934896e-01
       169   -5.8021566873e+01    3.3672393008e+03   -8.4428633960e+01    2.6407067087e+01    3.9007378737e+01   -1.3275515307e+02    9.3191403750e+00    2.0480000000e+03    4.7608069144e-03    6.2377929688e-01
       170   -5.7985516505e+01    3.3633761688e+03   -8.3959761563e+01    2.5974245058e+01    3.9068864118e+01   -1.3261898262e+02    9.5903569351e+00    2.0480000000e+03    4.7556883655e-03    6.2331542969e-01
       171   -5.7997353276e+01    3.3645994117e+03   -8.4170584065e+01    2.6173230789e+01    3.9061699521e+01   -1.3292455444e+02    9.6922708578e+00    2.0480000000e+03    4.7665198799e-03    6.2339680990e-01
       172   -5.7957284110e+01    3.3598910440e+03   -8.4388607643e+01    2.6431323533e+01    3.9177947471e+01   -1.3349167828e+02    9.9251231671e+00    2.0480000000e+03    4.7707264312e-03    6.2302246094e-01
       173   -5.7991537083e+01    3.3640191129e+03   -8.4126964657e+01    2.6135427574e+01    3.9188238427e+01   -1.3313307306e+02    9.8178699757e+00    2.0480000000e+03    4.7613976058e-03    6.2027180990e-01
       174   -5.7997381226e+01    3.3645625387e+03   -8.4721120845e+01    2.6723739619e+01    3.8987678626e+01   -1.3329764902e+02    9.5888495476e+00    2.0480000000e+03    4.7611815389e-03    6.2219238281e-01
       175   -5.7981576884e+01    3.3626964930e+03   -8.4027652607e+01    2.6046075723e+01    3.8699815784e+01   -1.3185695714e+02    9.1294887453e+00    2.0480000000e+03    4.7546257265e-03    6.2370605469e-01
       176   -5.7969083138e+01    3.3611983229e+03   -8.4153716463e+01    2.6184633325e+01    3.9015313867e+01   -1.3236815448e+02    9.1991241490e+00    2.0480000000e+03    4.7656954266e-03    6.2425944010e-01
       177   -5.8011409553e+01    3.3662617194e+03   -8.4317810380e+01    2.6306400827e+01    3.8992310143e+01   -1.3232719572e+02    9.0170751932e+00    2.0480000000e+03    4.7581442632e-03    6.2244466146e-01
       178   -5.7971875842e+01    3.3615996266e+03   -8.4523173775e+01    2.6551297933e+01    3.9211088928e+01   -1.3326813864e+02    9.5338759390e+00    2.0480000000e+03    4.7777718864e-03    6.2392578125e-01
       179   -5.8012210671e+01    3.3664221611e+03   -8.4662526384e+01    2.6650315713e+01    3.9206693887e+01   -1.3297145534e+02    9.1022350703e+00    2.0480000000e+03    4.7778724693e-03    6.2436523438e-01
       180   -5.7990312919e+01    3.3637009085e+03   -8.4247264170e+01    2.6256951250e+01    3.9063045091e+01   -1.3263515610e+02    9.3248468439e+00    2.0480000000e+03    4.7534124460e-03    6.2209472656e-01
       181   -5.7960325956e+01    3.3603704072e+03   -8.4368155297e+01    2.6407829341e+01    3.9060757387e+01   -1.3287451814e+02    9.4456054530e+00    2.0480000000e+03    4.7632250935e-03    6.2422688802e-01
       182   -5.7945535774e+01    3.3590455533e+03   -8.4224548598e+01    2.6279012824e+01    3.8963367666e+01   -1.3275782700e+02    9.5699107396e+00    2.0480000000e+03    4.7676574904e-03    6.2425944010e-01
       183   -5.8013780251e+01    3.3666348584e+03   -8.4082668872e+01    2.6068888620e+01    3.9058564859e+01   -1.3225595080e+02    9.1147170735e+00    2.0480000000e+03    4.7689776402e-03    6.2397460937e-01
       184   -5.7991255148e+01    3.3637412314e+03   -8.4057844753e+01    2.6066589605e+01    3.8951427792e+01   -1.3240207831e+02    9.3928057604e+00    2.0480000000e+03    4.7696135007e-03    6.2384440104e-01
       185   -5.7993907246e+01    3.3642031898e+03   -8.4016518792e+01    2.6022611545e+01    3.9070370447e+01   -1.3281373565e+02    9.7268464128e+00    2.0480000000e+03    4.7682130244e-03    6.2259928385e-01
       186   -5.7958067455e+01    3.3598966749e+03   -8.4264762072e+01    2.6306694618e+01    3.8988853368e+01   -1.3233705331e+02    9.0834378672e+00    2.0480000000e+03    4.7669953201e-03    6.2294921875e-01
       187   -5.7986623882e+01    3.3633947248e+03   -8.4427125502e+01    2.6440501620e+01    3.9184492021e+01   -1.3296365714e+02    9.3520396160e+00    2.0480000000e+03    4.7670784406e-03    6.2229003906e-01
       188   -5.7990580645e+01    3.3637059575e+03   -8.4068803242e+01    2.6078222598e+01    3.8933190836e+01   -1.3205683848e+02    9.0548444064e+00    2.0480000000e+03    4.7720901202e-03    6.2439778646e-01
       189   -5.7989524925e+01    3.3636066946e+03   -8.4303454784e+01    2.6313929859e+01    3.8841166816e+01   -1.3236474948e+02    9.2201278820e+00    2.0480000000e+03    4.7596551012e-03    6.2211100260e-01
       190   -5.7985374426e+01    3.3634536196e+03   -8.4459366936e+01    2.6473992509e+01    3.9032648780e+01   -1.3326010824e+02    9.7680925215e+00    2.0480000000e+03    4.7655475792e-03    6.2374674479e-01
       191   -5.7967855859e+01    3.3610499398e+03   -8.4331315490e+01    2.6363459631e+01    3.9099146363e+01   -1.3327377304e+02    9.8433111906e+00    2.0480000000e+03    4.7581598628e-03    6.2255859375e-01
       192   -5.7983427743e+01    3.3628974478e+03   -8.3977983610e+01    2.5994555867e+01    3.8838619694e+01   -1.3190408461e+02    9.0874813082e+00    2.0480000000e+03    4.7706707846e-03    6.2456054688e-01
       193   -5.7974194036e+01    3.3619195076e+03   -8.4091100133e+01    2.6116906097e+01    3.9060433814e+01   -1.3252228566e+02    9.3707517127e+00    2.0480000000e+03    4.7705245670e-03    6.2447102865e-01
       194   -5.8008708941e+01    3.3659243396e+03   -8.4098163733e+01    2.6089454792e+01    3.8937493922e+01   -1.3228542506e+02    9.2497674024e+00    2.0480000000e+03    4.7711955849e-03    6.2593587240e-01
       195   -5.7987382188e+01    3.3636486098e+03   -8.3930142425e+01    2.5942760237e+01    3.9141288572e+01   -1.3324896061e+02    1.0177529618e+01    2.0480000000e+03    4.7595854849e-03    6.2404785156e-01
       196   -5.8018076620e+01    3.3670487746e+03   -8.4167720918e+01    2.6149644298e+01    3.8964264289e+01   -1.3279389917e+02    9.6619139609e+00    2.0480000000e+03    4.7514936887e-03    6.2322591146e-01
       197   -5.8014139641e+01    3.3663849530e+03   -8.4409788514e+01    2.6395648873e+01    3.9088553367e+01   -1.3299699013e+02    9.4986482498e+00    2.0480000000e+03    4.7486920375e-03    6.2047526042e-01
       198   -5.7963935593e+01    3.3606179101e+03   -8.4424404040e+01    2.6460468447e+01    3.9009578248e+01   -1.3261143889e+02    9.1774566019e+00    2.0480000000e+03    4.7826466616e-03    6.2502441406e-01
       199   -5.7984890467e+01    3.3631460243e+03   -8.4596727423e+01    2.6611836956e+01    3.9084626678e+01   -1.3326582849e+02    9.5844743916e+00    2.0480000000e+03    4.7782682814e-03    6.2295735677e-01
       200   -5.7999040047e+01    3.3647371594e+03   -8.4455058837e+01    2.6456018791e+01    3.9058522730e+01   -1.3324183404e+02    9.7282524741e+00    2.0480000000e+03    4.7718479764e-03    6.2290039062e-01
       201   -5.7984680348e+01    3.3630887727e+03   -8.3956611547e+01    2.5971931200e+01    3.8931187878e+01   -1.3195756050e+02    9.0697610708e+00    2.0480000000e+03    4.7713301610e-03    6.2431640625e-01
       202   -5.7984110677e+01    3.3631002130e+03   -8.4033849145e+01    2.6049738468e+01    3.8886186783e+01   -1.3227079574e+02    9.3507598131e+00    2.0480000000e+03    4.7658404801e-03    6.2488606771e-01
       203   -5.7992305445e+01    3.3639240791e+03   -8.3987420656e+01    2.5995115211e+01    3.8942440034e+01   -1.3218057145e+02    9.2507107596e+00    2.0480000000e+03    4.7644439619e-03    6.2459309896e-01
       204   -5.8017159616e+01    3.3667671396e+03   -8.4002075447e+01    2.5984915831e+01    3.8918932407e+01   -1.3210907645e+02    9.1880685951e+00    2.0480000000e+03    4.7636819072e-03    6.2479654948e-01
       205   -5.8000790001e+01    3.3648745280e+03   -8.3764714319e+01    2.5763924317e+01    3.8985157256e+01   -1.3191467931e+02    9.1648077333e+00    2.0480000000e+03    4.7648409382e-03    6.2504882813e-01
       206   -5.8011216146e+01    3.3660858358e+03   -8.4807594537e+01    2.6796378391e+01    3.9003864715e+01   -1.3277855103e+02    8.9670917809e+00    2.0480000000e+03    4.7713185195e-03    6.2412923177e-01
       207   -5.7965806202e+01    3.3608441067e+03   -8.4210761714e+01    2.6244955512e+01    3.9139518831e+01   -1.3239673569e+02    9.0464551491e+00    2.0480000000e+03    4.7690540086e-03    6.2338053385e-01
       208   -5.8009827655e+01    3.3659091346e+03   -8.4519557920e+01    2.6509730266e+01    3.9026738674e+01   -1.3276504237e+02    9.2187457794e+00    2.0480000000e+03    4.7521300148e-03    6.2087402344e-01
       209   -5.7977060163e+01    3.3621295422e+03   -8.4331789693e+01    2.6354729530e+01    3.8970487241e+01   -1.3270676377e+02    9.4044868396e+00    2.0480000000e+03    4.7714535613e-03    6.2209472656e-01
       210   -5.7982478042e+01    3.3627879802e+03   -8.4269546912e+01    2.6287068870e+01    3.9018151362e+01   -1.3242681391e+02    9.1391156350e+00    2.0480000000e+03    4.7763390467e-03    6.2639160156e-01
       211   -5.7972261978e+01    3.3614551356e+03   -8.3987797195e+01    2.6015535217e+01    3.8862735906e+01   -1.3216342292e+02    9.3128898241e+00    2.0480000000e+03    4.7533644829e-03    6.2158203125e-01
       212   -5.7988977476e+01    3.3634996686e+03   -8.3998850103e+01    2.6009872627e+01    3.8806242878e+01   -1.3218451388e+02    9.3794209012e+00    2.0480000000e+03    4.7645764425e-03    6.2271321615e-01
       213   -5.8004854341e+01    3.3653273755e+03   -8.4316443995e+01    2.6311589655e+01    3.8947281171e+01   -1.3253440364e+02    9.2706784729e+00    2.0480000000e+03    4.7689555213e-03    6.2285970052e-01
       214   -5.7993292893e+01    3.3639790944e+03   -8.4460828210e+01    2.6467535317e+01    3.8961253938e+01   -1.3272695314e+02    9.3048709898e+00    2.0480000000e+03    4.7695785761e-03    6.2438151042e-01
       215   -5.7986711223e+01    3.3634629158e+03   -8.3944949446e+01    2.5958238222e+01    3.8979523474e+01   -1.3275698294e+02    9.8325100189e+00    2.0480000000e+03    4.7659622505e-03    6.2417805990e-01
       216   -5.8006724756e+01    3.3655406130e+03   -8.4530701038e+01    2.6523976282e+01    3.9071232572e+01   -1.3244145229e+02    8.8395186826e+00    2.0480000000e+03    4.7724200413e-03    6.2572428385e-01
       217   -5.8007121620e+01    3.3661988568e+03   -8.4084230522e+01    2.6077108902e+01    3.9035860600e+01   -1.3258434908e+02    9.4642579559e+00    2.0480000000e+03    4.7562101390e-03    6.2322591146e-01
       218   -5.8021725369e+01    3.3675352612e+03   -8.4315118585e+01    2.6293393217e+01    3.9063729943e+01   -1.3302353239e+02    9.6446838623e+00    2.0480000000e+03    4.7586392611e-03    6.2253417969e-01
       219   -5.7974580561e+01    3.3618997105e+03   -8.4122524847e+01    2.6147944286e+01    3.9030940728e+01   -1.3238876581e+02    9.2353002340e+00    2.0480000000e+03    4.7596187796e-03    6.2239583333e-01
       220   -5.7974634176e+01    3.3618223452e+03   -8.4165938914e+01    2.6191304737e+01    3.9095026701e+01   -1.3270266249e+02    9.4416968782e+00    2.0480000000e+03    4.7759204172e-03    6.2373860677e-01
       221   -5.8016786022e+01    3.3667631558e+03   -8.3825523776e+01    2.5808737754e+01    3.8722270836e+01   -1.3148688693e+02    8.9390923210e+00    2.0480000000e+03    4.7613824718e-03    6.2411295573e-01
       222   -5.8032064519e+01    3.3685424926e+03   -8.4441907835e+01    2.6409843316e+01    3.9002088617e+01   -1.3273238181e+02    9.2883853591e+00    2.0480000000e+03    4.7518059146e-03    6.2320149740e-01
       223   -5.8000159884e+01    3.3648674355e+03   -8.4105842777e+01    2.6105682892e+01    3.8979246367e+01   -1.3264196071e+02    9.5568715705e+00    2.0480000000e+03    4.7625349835e-03    6.2492675781e-01
       224   -5.7976586138e+01    3.3623344204e+03   -8.3991080358e+01    2.6014494220e+01    3.8913357602e+01   -1.3216887463e+02    9.2644366743e+00    2.0480000000e+03    4.7495688777e-03    6.2240397135e-01
       225   -5.8046915695e+01    3.3703266660e+03   -8.4266874406e+01    2.6219958711e+01    3.9000643499e+01   -1.3268543684e+02    9.4179189331e+00    2.0480000000e+03    4.7599871177e-03    6.2383626302e-01
       226   -5.7987716457e+01    3.3632649301e+03   -8.4179917919e+01    2.6192201461e+01    3.9154544663e+01   -1.3277086789e+02    9.4364053079e+00    2.0480000000e+03    4.7694316600e-03    6.2386067708e-01
       227   -5.8027348218e+01    3.3679658926e+03   -8.3807936142e+01    2.5780587924e+01    3.9028336605e+01   -1.3202406203e+02    9.1877892794e+00    2.0480000000e+03    4.7624914441e-03    6.2290852865e-01
       228   -5.7962535526e+01    3.3605118235e+03   -8.3875936623e+01    2.5913401097e+01    3.9170838656e+01   -1.3303421226e+02    9.9874369829e+00    2.0480000000e+03    4.7729450744e-03    6.2241210938e-01
       229   -5.7999837310e+01    3.3647693154e+03   -8.4169752460e+01    2.6169915151e+01    3.8846777928e+01   -1.3225238586e+02    9.2358554688e+00    2.0480000000e+03    4.7816806473e-03    6.2602539062e-01
       230   -5.7976867512e+01    3.3626030524e+03   -8.3900413670e+01    2.5923546158e+01    3.8961114680e+01   -1.3254610931e+02    9.6845809616e+00    2.0480000000e+03    4.7708346974e-03    6.2384440104e-01
       231   -5.8005525067e+01    3.3655421706e+03   -8.4275722964e+01    2.6270197897e+01    3.9092851422e+01   -1.3280739461e+02    9.4388202214e+00    2.0480000000e+03    4.7729304060e-03    6.2333170573e-01
       232   -5.7979367110e+01    3.3625253487e+03   -8.4535495687e+01    2.6556128577e+01    3.9148941539e+01   -1.3303828556e+02    9.3538483339e+00    2.0480000000e+03    4.7754719853e-03    6.2460123698e-01
       233   -5.7992333791e+01    3.3638370163e+03   -8.4667049796e+01    2.6674716005e+01    3.9269341380e+01   -1.3290098978e+02    8.9645986001e+00    2.0480000000e+03    4.7817546874e-03    6.2367350260e-01
       234   -5.7995305806e+01    3.3643814592e+03   -8.4193962149e+01    2.6198656342e+01    3.9197046727e+01   -1.3328201186e+02    9.8910029832e+00    2.0480000000e+03    4.7646265011e-03    6.2220052083e-01
       235   -5.7992465922e+01    3.3640587757e+03   -8.4224910419e+01    2.6232444497e+01    3.9156273278e+01   -1.3336632396e+02    9.9851402677e+00    2.0480000000e+03    4.7672097571e-03    6.2259928385e-01
       236   -5.8003769823e+01    3.3651727060e+03   -8.4217483258e+01    2.6213713435e+01    3.9029977457e+01   -1.3287365345e+02    9.6261927324e+00    2.0480000000e+03    4.7581039835e-03    6.2307128906e-01
       237   -5.8040852370e+01    3.3694825737e+03   -8.4317312107e+01    2.6276459737e+01    3.9155098856e+01   -1.3236800614e+02    8.8955951790e+00    2.0480000000e+03    4.7725203913e-03    6.2454427083e-01
       238   -5.7984240512e+01    3.3630429379e+03   -8.4282438183e+01    2.6298197672e+01    3.9009005502e+01   -1.3283898130e+02    9.5475376123e+00    2.0480000000e+03    4.7631785274e-03    6.2434895833e-01
       239   -5.7998767161e+01    3.3647236977e+03   -8.4410990688e+01    2.6412223527e+01    3.9082951826e+01   -1.3236252382e+02    8.8685813045e+00    2.0480000000e+03    4.7633964568e-03    6.2338867188e-01
       240   -5.7987670527e+01    3.3634843375e+03   -8.4036567233e+01    2.6048896707e+01    3.9096393568e+01   -1.3298307707e+02    9.8501162703e+00    2.0480000000e+03    4.7573493794e-03    6.2147623698e-01
       241   -5.7995293057e+01    3.3641504566e+03   -8.4281450327e+01    2.6286157270e+01    3.9060347884e+01   -1.3248955494e+02    9.1477567276e+00    2.0480000000e+03    4.7693911474e-03    6.2354329427e-01
       242   -5.7979323441e+01    3.3624843598e+03   -8.4249975315e+01    2.6270651874e+01    3.9061283718e+01   -1.3306974329e+02    9.7584842542e+00    2.0480000000e+03    4.7723937314e-03    6.2473144531e-01
       243   -5.7989893594e+01    3.3638220813e+03   -8.4092139004e+01    2.6102245410e+01    3.8900132088e+01   -1.3262886843e+02    9.6365973337e+00    2.0480000000e+03    4.7687971964e-03    6.2418619792e-01
       244   -5.7981285422e+01    3.3628328358e+03   -8.3830881837e+01    2.5849596415e+01    3.9180298288e+01   -1.3297847441e+02    9.9672942869e+00    2.0480000000e+03    4.7679687850e-03    6.2337239583e-01
       245   -5.8004164144e+01    3.3652865156e+03   -8.4356139910e+01    2.6351975766e+01    3.8981356186e+01   -1.3265445129e+02    9.3169551981e+00    2.0480000000e+03    4.7676437534e-03    6.2438964844e-01
       246   -5.7974136581e+01    3.3617198642e+03   -8.4378376213e+01    2.6404239632e+01    3.8950078167e+01   -1.3259058697e+02    9.2621325872e+00    2.0480000000e+03    4.7724945471e-03    6.2447102865e-01
       247   -5.7946902980e+01    3.3589154595e+03   -8.4727589123e+01    2.6780686143e+01    3.9068264826e+01   -1.3281210591e+02    9.0162519658e+00    2.0480000000e+03    4.7703566961e-03    6.2373046875e-01
       248   -5.7988903878e+01    3.3635214219e+03   -8.4754383392e+01    2.6765479514e+01    3.9176696170e+01   -1.3311308938e+02    9.1820098212e+00    2.0480000000e+03    4.7602832783e-03    6.2130533854e-01
       249   -5.8015271198e+01    3.3665792573e+03   -8.3938934272e+01    2.5923663074e+01    3.9138648216e+01   -1.3255339355e+02    9.4758110599e+00    2.0480000000e+03    4.7616038937e-03    6.2303059896e-01
       250   -5.7961587528e+01    3.3604022501e+03   -8.4208631026e+01    2.6247043499e+01    3.9055192362e+01   -1.3242732049e+02    9.1634971037e+00    2.0480000000e+03    4.7442819923e-03    6.1886393229e-01
       251   -5.8035545291e+01    3.3691388658e+03   -8.4907912812e+01    2.6872367521e+01    3.9156207204e+01   -1.3338765910e+02    9.3235390881e+00    2.0480000000e+03    4.7556692734e-03    6.2088216146e-01
       252   -5.7945908500e+01    3.3587967135e+03   -8.5012226723e+01    2.7066318223e+01    3.9455695477e+01   -1.3402875000e+02    9.5608278003e+00    2.0480000000e+03    4.7751474194e-03    6.2266438802e-01
       253   -5.8000199981e+01    3.3648362410e+03   -8.4539360154e+01    2.6539160173e+01    3.9162972256e+01   -1.3336166481e+02    9.6593323974e+00    2.0480000000e+03    4.7859994229e-03    6.2520345052e-01
       254   -5.7993767117e+01    3.3641236109e+03   -8.3946980092e+01    2.5953212975e+01    3.9006213502e+01   -1.3203220595e+02    9.0790123578e+00    2.0480000000e+03    4.7719285358e-03    6.2351074219e-01
       255   -5.7993889109e+01    3.3641275513e+03   -8.4508463694e+01    2.6514574585e+01    3.9109214717e+01   -1.3274973033e+02    9.1320519154e+00    2.0480000000e+03    4.7613838688e-03    6.2196451823e-01
       256   -5.7949456704e+01    3.3593603221e+03   -8.4351212631e+01    2.6401755928e+01    3.9057204608e+01   -1.3234373978e+02    8.9353225435e+00    2.0480000000e+03    4.7710232902e-03    6.2304687500e-01
       257   -5.7985269675e+01    3.3631504547e+03   -8.4315118980e+01    2.6329849305e+01    3.9062263807e+01   -1.3252949259e+02    9.1521098054e+00    2.0480000000e+03    4.7661461867e-03    6.2290852865e-01
       258   -5.8012943898e+01    3.3662295299e+03   -8.4073225533e+01    2.6060281635e+01    3.8940831380e+01   -1.3215194957e+02    9.1378926610e+00    2.0480000000e+03    4.7635624651e-03    6.2361653646e-01
       259   -5.8003260820e+01    3.3650907077e+03   -8.4207755596e+01    2.6204494776e+01    3.8877843632e+01   -1.3203348723e+02    8.9478880003e+00    2.0480000000e+03    4.7798687592e-03    6.2544759115e-01
       260   -5.8008781416e+01    3.3658387068e+03   -8.4109004253e+01    2.6100222837e+01    3.9013498240e+01   -1.3240649238e+02    9.2839898843e+00    2.0480000000e+03    4.7543889377e-03    6.2198079427e-01
       261   -5.7988710013e+01    3.3635010758e+03   -8.4281781082e+01    2.6293071069e+01    3.9160297727e+01   -1.3256389636e+02    9.1218175557e+00    2.0480000000e+03    4.7663697042e-03    6.2401529948e-01
       262   -5.7979358849e+01    3.3624129105e+03   -8.3941231007e+01    2.5961872158e+01    3.8947237804e+01   -1.3230804631e+02    9.4195775038e+00    2.0480000000e+03    4.7554790508e-03    6.2395019531e-01
       263   -5.8003926636e+01    3.3653151130e+03   -8.4020839527e+01    2.6016912891e+01    3.8949628825e+01   -1.3230968869e+02    9.3392203351e+00    2.0480000000e+03    4.7621706035e-03    6.2339680990e-01
       264   -5.7986342296e+01    3.3632559184e+03   -8.4276723560e+01    2.6290381264e+01    3.8948736549e+01   -1.3263130089e+02    9.4058407801e+00    2.0480000000e+03    4.7625890002e-03    6.2328287760e-01
       265   -5.7974761380e+01    3.3620555826e+03   -8.4427794082e+01    2.6453032703e+01    3.9118608554e+01   -1.3361582063e+02    1.0069417989e+01    2.0480000000e+03    4.7701753210e-03    6.2241210937e-01
       266   -5.8010985896e+01    3.3660360109e+03   -8.4538058762e+01    2.6527072866e+01    3.9251024207e+01   -1.3327631404e+02    9.4872310747e+00    2.0480000000e+03    4.7705599573e-03    6.2361653646e-01
       267   -5.8051726106e+01    3.3707690760e+03   -8.4474474274e+01    2.6422748169e+01    3.9192543065e+01   -1.3289008364e+02    9.2230662971e+00    2.0480000000e+03    4.7735006083e-03    6.2368164062e-01
       268   -5.8008274506e+01    3.3656949066e+03   -8.4273959063e+01    2.6265684556e+01    3.8969603530e+01   -1.3275370821e+02    9.5101456218e+00    2.0480000000e+03    4.7573202755e-03    6.2418619792e-01
       269   -5.7993390347e+01    3.3640264416e+03   -8.4482437395e+01    2.6489047048e+01    3.9054752726e+01   -1.3264767841e+02    9.1104882929e+00    2.0480000000e+03    4.7514860053e-03    6.2127278646e-01
       270   -5.8016727900e+01    3.3667861821e+03   -8.4364713471e+01    2.6347985571e+01    3.9051480580e+01   -1.3274471414e+02    9.3285200933e+00    2.0480000000e+03    4.7572122421e-03    6.2290039063e-01
       271   -5.7999378492e+01    3.3646761474e+03   -8.4572464680e+01    2.6573086189e+01    3.9001169835e+01   -1.3289286311e+02    9.3192285981e+00    2.0480000000e+03    4.7523877583e-03    6.2207031250e-01
       272   -5.7976362771e+01    3.3621560515e+03   -8.4094974727e+01    2.6118611956e+01    3.9129255904e+01   -1.3299732316e+02    9.7730925247e+00    2.0480000000e+03    4.7602257691e-03    6.2153320313e-01
       273   -5.7991523791e+01    3.3640739088e+03   -8.4157455230e+01    2.6165931438e+01    3.8893880041e+01   -1.3215672841e+02    9.1053931372e+00    2.0480000000e+03    4.7707369085e-03    6.2623697917e-01
       274   -5.8001041129e+01    3.3650128168e+03   -8.4017655322e+01    2.6016614193e+01    3.9053190145e+01   -1.3271723017e+02    9.6463847001e+00    2.0480000000e+03    4.7636970412e-03    6.2533365885e-01
       275   -5.8001038378e+01    3.3649099445e+03   -8.3977336846e+01    2.5976298468e+01    3.9045385959e+01   -1.3251488210e+02    9.4921592907e+00    2.0480000000e+03    4.7562045511e-03    6.2231445312e-01
       276   -5.7983002223e+01    3.3629659663e+03   -8.4521379817e+01    2.6538377593e+01    3.9064268605e+01   -1.3293837657e+02    9.3527281532e+00    2.0480000000e+03    4.7595498618e-03    6.2309570312e-01
       277   -5.7975443019e+01    3.3619148183e+03   -8.4358782630e+01    2.6383339612e+01    3.8827734840e+01   -1.3258204621e+02    9.3955287441e+00    2.0480000000e+03    4.7772692051e-03    6.2505696615e-01
       278   -5.8009945303e+01    3.3659230124e+03   -8.4294201310e+01    2.6284256007e+01    3.9103710393e+01   -1.3225731540e+02    8.8594037016e+00    2.0480000000e+03    4.7701974399e-03    6.2270507812e-01
       279   -5.8045644975e+01    3.3702975820e+03   -8.4662365746e+01    2.6616720771e+01    3.9173931407e+01   -1.3313605203e+02    9.2997548730e+00    2.0480000000e+03    4.7723762691e-03    6.2495117188e-01
       280   -5.7983500700e+01    3.3629306868e+03   -8.4284529991e+01    2.6301029291e+01    3.9154158922e+01   -1.3287867777e+02    9.4399888525e+00    2.0480000000e+03    4.7664009035e-03    6.2332356771e-01
       281   -5.8021076426e+01    3.3671308901e+03   -8.4292149267e+01    2.6271072840e+01    3.9100876422e+01   -1.3241869315e+02    9.0256674630e+00    2.0480000000e+03    4.7585773282e-03    6.2114257812e-01
       282   -5.7992891635e+01    3.3639472997e+03   -8.4109612019e+01    2.6116720383e+01    3.9004483471e+01   -1.3228414318e+02    9.1700476916e+00    2.0480000000e+03    4.7633924987e-03    6.2349446615e-01
       283   -5.8009171444e+01    3.3659185563e+03   -8.4186171686e+01    2.6177000242e+01    3.9038344500e+01   -1.3294001811e+02    9.7155019269e+00    2.0480000000e+03    4.7508818097e-03    6.2237955729e-01
       284   -5.7994947299e+01    3.3642925937e+03   -8.4074896000e+01    2.6079948701e+01    3.9132123061e+01   -1.3269691965e+02    9.4899005908e+00    2.0480000000e+03    4.7650302295e-03    6.2373860677e-01
       285   -5.8008958566e+01    3.3659144926e+03   -8.4168724147e+01    2.6159765581e+01    3.9048517628e+01   -1.3288262826e+02    9.6653864806e+00    2.0480000000e+03    4.7725830227e-03    6.2536621094e-01
       286   -5.7998510306e+01    3.3647752525e+03   -8.3816370950e+01    2.5817860644e+01    3.9047056999e+01   -1.3284071549e+02    9.9772875429e+00    2.0480000000e+03    4.7772906255e-03    6.2556152344e-01
       287   -5.7990910933e+01    3.3638649838e+03   -8.4082018987e+01    2.6091108054e+01    3.9176868097e+01   -1.3284243538e+02    9.5835483002e+00    2.0480000000e+03    4.7698526178e-03    6.2449544271e-01
       288   -5.7990450047e+01    3.3637503379e+03   -8.4151973804e+01    2.6161523757e+01    3.9163329546e+01   -1.3296036054e+02    9.6450571918e+00    2.0480000000e+03    4.7738007270e-03    6.2480468750e-01
       289   -5.8027067781e+01    3.3679729985e+03   -8.4082622766e+01    2.6055554985e+01    3.9159906133e+01   -1.3308418667e+02    9.8416577713e+00    2.0480000000e+03    4.7589973547e-03    6.2282714844e-01
       290   -5.7988421650e+01    3.3635300445e+03   -8.4131428211e+01    2.6143006562e+01    3.9038782532e+01   -1.3232846250e+02    9.1582517604e+00    2.0480000000e+03    4.7510303557e-03    6.2271321615e-01
       291   -5.8003308145e+01    3.3652251234e+03   -8.4271185840e+01    2.6267877695e+01    3.9084037858e+01   -1.3298628159e+02    9.6310578956e+00    2.0480000000e+03    4.7587128356e-03    6.2456868490e-01
       292   -5.8011270285e+01    3.3662239645e+03   -8.5058350081e+01    2.7047079796e+01    3.9311338899e+01   -1.3354859108e+02    9.1789020991e+00    2.0480000000e+03    4.7768179793e-03    6.2528483073e-01
       293   -5.7998210282e+01    3.3647747116e+03   -8.4425647590e+01    2.6427437308e+01    3.9294490909e+01   -1.3347814972e+02    9.7580112232e+00    2.0480000000e+03    4.7696682159e-03    6.2299804688e-01
       294   -5.8002576996e+01    3.3653130394e+03   -8.4734348575e+01    2.6731771579e+01    3.9457454006e+01   -1.3313656970e+02    8.9447671162e+00    2.0480000000e+03    4.7675610986e-03    6.2347819010e-01
       295   -5.8015426336e+01    3.3666358950e+03   -8.4423485330e+01    2.6408058994e+01    3.9115603920e+01   -1.3285507709e+02    9.3159878387e+00    2.0480000000e+03    4.7492075246e-03    6.2275390625e-01
       296   -5.7982128136e+01    3.3627547706e+03   -8.4108204522e+01    2.6126076386e+01    3.8992816538e+01   -1.3267142966e+02    9.5704085962e+00    2.0480000000e+03    4.7671464272e-03    6.2600097656e-01
       297   -5.8006952127e+01    3.3656123577e+03   -8.4442564099e+01    2.6435611972e+01    3.9023394280e+01   -1.3278575934e+02    9.3198009560e+00    2.0480000000e+03    4.7600741964e-03    6.2082519531e-01
       298   -5.7996104416e+01    3.3644121963e+03   -8.3795005980e+01    2.5798901563e+01    3.8968962568e+01   -1.3218177270e+02    9.4178041527e+00    2.0480000000e+03    4.7551046591e-03    6.2338053385e-01
       299   -5.7979478747e+01    3.3625319144e+03   -8.4581090829e+01    2.6601612082e+01    3.9070504570e+01   -1.3322933542e+02    9.5777400234e+00    2.0480000000e+03    4.7625850420e-03    6.2344563802e-01
       300   -5.7989314326e+01    3.3639661391e+03   -8.4222011719e+01    2.6232697392e+01    3.9042077526e+01   -1.3272843822e+02    9.4643489705e+00    2.0480000000e+03    4.7618874814e-03    6.2285970052e-01
       301   -5.8013908629e+01    3.3664313013e+03   -8.4454373773e+01    2.6440465144e+01    3.9015879845e+01   -1.3263045213e+02    9.1601985097e+00    2.0480000000e+03    4.7586609144e-03    6.2347819010e-01
       302   -5.7989423370e+01    3.3638323026e+03   -8.3767299752e+01    2.5777876381e+01    3.8915777934e+01   -1.3249495383e+02    9.8118761466e+00    2.0480000000e+03    4.7594271600e-03    6.2324218750e-01
       303   -5.7966955135e+01    3.3610255275e+03   -8.4240936288e+01    2.6273981154e+01    3.9020017765e+01   -1.3306387170e+02    9.8029176483e+00    2.0480000000e+03    4.7597012017e-03    6.2247721354e-01
       304   -5.7990176213e+01    3.3636599511e+03   -8.4855560604e+01    2.6865384391e+01    3.9159541306e+01   -1.3305596277e+02    9.0408608567e+00    2.0480000000e+03    4.7623035498e-03    6.2466634115e-01
       305   -5.7994907602e+01    3.3642266398e+03   -8.4332773708e+01    2.6337866106e+01    3.8993821790e+01   -1.3256729053e+02    9.2406950346e+00    2.0480000000e+03    4.7538971994e-03    6.2185872396e-01
       306   -5.7955666148e+01    3.3599027295e+03   -8.3927280932e+01    2.5971614784e+01    3.8957086370e+01   -1.3252960511e+02    9.6452378062e+00    2.0480000000e+03    4.7649831977e-03    6.2439778646e-01
       307   -5.7970359187e+01    3.3613477999e+03   -8.4146845687e+01    2.6176486501e+01    3.9049099959e+01   -1.3295723260e+02    9.7612869536e+00    2.0480000000e+03    4.7498545609e-03    6.2259114583e-01
       308   -5.8006525181e+01    3.3655509204e+03   -8.4241613623e+01    2.6235088442e+01    3.9046675255e+01   -1.3256061779e+02    9.2723289139e+00    2.0480000000e+03    4.7381145414e-03    6.2016601562e-01
       309   -5.8003329883e+01    3.3651690447e+03   -8.4540411151e+01    2.6537081268e+01    3.9102351708e+01   -1.3280000438e+02    9.1572415251e+00    2.0480000000e+03    4.7575773206e-03    6.2222493490e-01
       310   -5.7987417412e+01    3.3633920909e+03   -8.4042835272e+01    2.6055417860e+01    3.8987084844e+01   -1.3263869424e+02    9.6087741235e+00    2.0480000000e+03    4.7513695899e-03    6.2312825521e-01
       311   -5.8028324105e+01    3.3680375266e+03   -8.4467469661e+01    2.6439145556e+01    3.8992595671e+01   -1.3278297647e+02    9.3229111399e+00    2.0480000000e+03    4.7635119408e-03    6.2309570312e-01
       312   -5.7986839242e+01    3.3633511686e+03   -8.4097095236e+01    2.6110255993e+01    3.9052495859e+01   -1.3253249138e+02    9.3829002851e+00    2.0480000000e+03    4.7433034051e-03    6.2093098958e-01
       313   -5.7987587042e+01    3.3633071526e+03   -8.3802852617e+01    2.5815265575e+01    3.8734706650e+01   -1.3131772937e+02    8.7801700988e+00    2.0480000000e+03    4.7495085746e-03    6.2383626302e-01
       314   -5.7992139117e+01    3.3639427465e+03   -8.4185090690e+01    2.6192951573e+01    3.8984856052e+01   -1.3233744184e+02    9.1674951026e+00    2.0480000000e+03    4.7482647933e-03    6.2237141927e-01
       315   -5.8013879664e+01    3.3663921923e+03   -8.4300853619e+01    2.6286973955e+01    3.9094218557e+01   -1.3272724895e+02    9.3321767728e+00    2.0480000000e+03    4.7595587093e-03    6.2320149740e-01
       316   -5.7987675914e+01    3.3634366269e+03   -8.4696481954e+01    2.6708806040e+01    3.9103511622e+01   -1.3314214088e+02    9.3421473040e+00    2.0480000000e+03    4.7712891828e-03    6.2271321615e-01
       317   -5.7973353534e+01    3.3618358649e+03   -8.3832312103e+01    2.5858958569e+01    3.9022867525e+01   -1.3234603921e+02    9.4908595819e+00    2.0480000000e+03    4.7639943659e-03    6.2505696615e-01
       318   -5.7991042022e+01    3.3637694498e+03   -8.4052565504e+01    2.6061523482e+01    3.8856244317e+01   -1.3221102520e+02    9.3022153762e+00    2.0480000000e+03    4.7646688763e-03    6.2468261719e-01
       319   -5.8017156840e+01    3.3667343679e+03   -8.3929380571e+01    2.5912223731e+01    3.8815114653e+01   -1.3180506366e+02    9.0605684409e+00    2.0480000000e+03    4.7661343124e-03    6.2521158854e-01
       320   -5.7956648789e+01    3.3597303545e+03   -8.4374127160e+01    2.6417478371e+01    3.9112032697e+01   -1.3308159688e+02    9.5954370207e+00    2.0480000000e+03    4.7539400402e-03    6.2254231771e-01
       321   -5.7987257050e+01    3.3633931142e+03   -8.4437117575e+01    2.6449860525e+01    3.9132834829e+01   -1.3288700572e+02    9.3170533146e+00    2.0480000000e+03    4.7681923024e-03    6.2467447917e-01
       322   -5.8003967738e+01    3.3654260300e+03   -8.4705141329e+01    2.6701173591e+01    3.9322301256e+01   -1.3353576477e+02    9.5083221838e+00    2.0480000000e+03    4.7617044766e-03    6.2381184896e-01
       323   -5.8012165602e+01    3.3662021664e+03   -8.4244907352e+01    2.6232741749e+01    3.9201053391e+01   -1.3280266037e+02    9.3566996302e+00    2.0480000000e+03    4.7754833940e-03    6.2658691406e-01
       324   -5.7983823956e+01    3.3630853028e+03   -8.4522942122e+01    2.6539118166e+01    3.9320094449e+01   -1.3334800783e+02    9.5049712596e+00    2.0480000000e+03    4.7510007862e-03    6.2138671875e-01
       325   -5.7971327801e+01    3.3616177723e+03   -8.4354280870e+01    2.6382953068e+01    3.9063347311e+01   -1.3248022585e+02    9.0625976666e+00    2.0480000000e+03    4.7662344296e-03    6.2458496094e-01
       326   -5.8035144670e+01    3.3689940127e+03   -8.3807493099e+01    2.5772348429e+01    3.9087022720e+01   -1.3266295288e+02    9.7684370626e+00    2.0480000000e+03    4.7792899422e-03    6.2734375000e-01
       327   -5.7931289418e+01    3.3567710018e+03   -8.4032196649e+01    2.6100907231e+01    3.9027568135e+01   -1.3265129334e+02    9.5915285545e+00    2.0480000000e+03    4.7752163373e-03    6.2532552083e-01
       328   -5.8006240431e+01    3.3653984249e+03   -8.4245689620e+01    2.6239449189e+01    3.9173934629e+01   -1.3281778096e+02    9.3981567091e+00    2.0480000000e+03    4.7640700359e-03    6.2264811198e-01
       329   -5.7994644262e+01    3.3643278731e+03   -8.3854796071e+01    2.5860151809e+01    3.9003288664e+01   -1.3246830573e+02    9.6102209914e+00    2.0480000000e+03    4.7733082902e-03    6.2626139323e-01
       330   -5.7995938821e+01    3.3643749963e+03   -8.4121787153e+01    2.6125848331e+01    3.9052252036e+01   -1.3280374905e+02    9.6297098599e+00    2.0480000000e+03    4.7687953338e-03    6.2508138021e-01
       331   -5.7989285963e+01    3.3636470103e+03   -8.4356001803e+01    2.6366715840e+01    3.8974464171e+01   -1.3234963973e+02    9.0191737524e+00    2.0480000000e+03    4.7496045008e-03    6.2263997396e-01
       332   -5.8019062677e+01    3.3683888171e+03   -8.4362726424e+01    2.6343663747e+01    3.8968586497e+01   -1.3257356971e+02    9.2422567893e+00    2.0480000000e+03    4.7559468076e-03    6.2316080729e-01
       333   -5.8003742841e+01    3.3653385065e+03   -8.3934827801e+01    2.5931084960e+01    3.8923045598e+01   -1.3252823099e+02    9.6703575912e+00    2.0480000000e+03    4.7599740792e-03    6.2468261719e-01
       334   -5.8019555541e+01    3.3670312660e+03   -8.4253169461e+01    2.6233613920e+01    3.9002936547e+01   -1.3242199920e+02    9.1658931917e+00    2.0480000000e+03    4.7582427505e-03    6.2428385417e-01
       335   -5.8030590835e+01    3.3683500873e+03   -8.4492551672e+01    2.6461960837e+01    3.8893961995e+01   -1.3233742069e+02    8.9509070266e+00    2.0480000000e+03    4.7514000908e-03    6.2231445312e-01
       336   -5.8021143942e+01    3.3671498800e+03   -8.4141727620e+01    2.6120583677e+01    3.8986885129e+01   -1.3196944968e+02    8.8408369332e+00    2.0480000000e+03    4.7636043746e-03    6.2427571615e-01
       337   -5.7993888693e+01    3.3640876650e+03   -8.4556485265e+01    2.6562596572e+01    3.9079551181e+01   -1.3289064865e+02    9.2546121999e+00    2.0480000000e+03    4.7564592678e-03    6.2414550781e-01
       338   -5.8001654058e+01    3.3649383109e+03   -8.4499406007e+01    2.6497751948e+01    3.9095792256e+01   -1.3318567033e+02    9.5904720631e+00    2.0480000000e+03    4.7599771060e-03    6.2436523438e-01
       339   -5.8048667149e+01    3.3704426262e+03   -8.4470199475e+01    2.6421532325e+01    3.9062913509e+01   -1.3280683054e+02    9.2737175558e+00    2.0480000000e+03    4.7660334967e-03    6.2386881510e-01
       340   -5.7984290626e+01    3.3630756613e+03   -8.4038555342e+01    2.6054264715e+01    3.8911825505e+01   -1.3189469289e+02    8.9443120437e+00    2.0480000000e+03    4.7610169277e-03    6.2434082031e-01
       341   -5.7971628018e+01    3.3615756677e+03   -8.3831680704e+01    2.5860052686e+01    3.8921029249e+01   -1.3305743388e+02    1.0304723925e+01    2.0480000000e+03    4.7454026062e-03    6.2193196615e-01
       342   -5.8065140946e+01    3.3740619969e+03   -8.4683249551e+01    2.6618108604e+01    3.9053970512e+01   -1.3267608987e+02    8.9388698093e+00    2.0480000000e+03    4.7506184783e-03    6.2189941406e-01
       343   -5.8013175756e+01    3.3662790473e+03   -8.4452544352e+01    2.6439368596e+01    3.9036574321e+01   -1.3235848543e+02    8.8693667602e+00    2.0480000000e+03    4.7611254267e-03    6.2258300781e-01
       344   -5.7987296794e+01    3.3634420923e+03   -8.4160317057e+01    2.6173020263e+01    3.8988022408e+01   -1.3246861659e+02    9.3202771285e+00    2.0480000000e+03    4.7460182104e-03    6.2281901042e-01
       345   -5.7991990971e+01    3.3639011169e+03   -8.4004218864e+01    2.6012227893e+01    3.8919261168e+01   -1.3237618428e+02    9.4527042514e+00    2.0480000000e+03    4.7453781590e-03    6.2217610677e-01
       346   -5.7993982442e+01    3.3641824657e+03   -8.4415663492e+01    2.6421681050e+01    3.9018066864e+01   -1.3294879706e+02    9.5150667048e+00    2.0480000000e+03    4.7515109181e-03    6.2270507812e-01
       347   -5.8053902062e+01    3.3711670083e+03   -8.4452728722e+01    2.6398826660e+01    3.9022025885e+01   -1.3256376294e+02    9.0890083319e+00    2.0480000000e+03    4.7580266837e-03    6.2364095052e-01
       348   -5.8018662922e+01    3.3670354269e+03   -8.4051822421e+01    2.6033159499e+01    3.9136207065e+01   -1.3225380062e+02    9.0657711357e+00    2.0480000000e+03    4.7582760453e-03    6.2351888021e-01
       349   -5.7989499451e+01    3.3636714580e+03   -8.4452840111e+01    2.6463340660e+01    3.9078141483e+01   -1.3261293396e+02    9.0819523693e+00    2.0480000000e+03    4.7508720309e-03    6.2150878906e-01
       350   -5.7999544595e+01    3.3648699350e+03   -8.4004633961e+01    2.6005089365e+01    3.9047900491e+01   -1.3241118670e+02    9.3586522485e+00    2.0480000000e+03    4.7591554467e-03    6.2208658854e-01
       351   -5.7989204589e+01    3.3635676122e+03   -8.4201394040e+01    2.6212189452e+01    3.8865289440e+01   -1.3239235196e+02    9.3256684811e+00    2.0480000000e+03    4.7540892847e-03    6.2281901042e-01
       352   -5.7999489815e+01    3.3647406427e+03   -8.4307289899e+01    2.6307800084e+01    3.8958165258e+01   -1.3210519005e+02    8.8397348915e+00    2.0480000000e+03    4.7564674169e-03    6.2401529948e-01
       353   -5.8008236196e+01    3.3657872404e+03   -8.3826017228e+01    2.5817781032e+01    3.8892608679e+01   -1.3216201011e+02    9.4433842084e+00    2.0480000000e+03    4.7467399854e-03    6.2279459635e-01
       354   -5.8018119969e+01    3.3670199855e+03   -8.3973581774e+01    2.5955461805e+01    3.9034933489e+01   -1.3220651126e+02    9.1979959930e+00    2.0480000000e+03    4.7551542521e-03    6.2392578125e-01
       355   -5.8039671260e+01    3.3693130523e+03   -8.4118657787e+01    2.6078986527e+01    3.8849628135e+01   -1.3230234774e+02    9.3340618180e+00    2.0480000000e+03    4.7506233677e-03    6.2276204427e-01
       356   -5.7981076347e+01    3.3626014439e+03   -8.4461201891e+01    2.6480125544e+01    3.9053968980e+01   -1.3258627940e+02    9.0711085270e+00    2.0480000000e+03    4.7600634862e-03    6.2127278646e-01
       357   -5.8007499874e+01    3.3656448404e+03   -8.4188501803e+01    2.6181001929e+01    3.9028436928e+01   -1.3270195037e+02    9.4850116431e+00    2.0480000000e+03    4.7609696630e-03    6.2376302083e-01
       358   -5.8011792620e+01    3.3663435295e+03   -8.4171489833e+01    2.6159697213e+01    3.8892287650e+01   -1.3226894280e+02    9.2051653181e+00    2.0480000000e+03    4.7533661127e-03    6.2332356771e-01
       359   -5.7998768573e+01    3.3646812131e+03   -8.4182949026e+01    2.6184180453e+01    3.9103357840e+01   -1.3296346495e+02    9.6771580851e+00    2.0480000000e+03    4.7566101421e-03    6.2353515625e-01
       360   -5.8009282386e+01    3.3658459765e+03   -8.4121456409e+01    2.6112174023e+01    3.9125052126e+01   -1.3215929993e+02    8.9127913942e+00    2.0480000000e+03    4.7547104768e-03    6.2331542969e-01
       361   -5.8002832646e+01    3.3651102235e+03   -8.4258690754e+01    2.6255858109e+01    3.9131995292e+01   -1.3255535609e+02    9.1646700474e+00    2.0480000000e+03    4.7640455887e-03    6.2481282552e-01
       362   -5.7990414167e+01    3.3638683293e+03   -8.4163749465e+01    2.6173335297e+01    3.9118687722e+01   -1.3315015870e+02    9.8677215164e+00    2.0480000000e+03    4.7638684046e-03    6.2495930990e-01
       363   -5.7969801821e+01    3.3612647333e+03   -8.4361739731e+01    2.6391937910e+01    3.9112152243e+01   -1.3307745678e+02    9.6035648091e+00    2.0480000000e+03    4.7677699476e-03    6.2476399740e-01
       364   -5.8036804388e+01    3.3692641374e+03   -8.4531719195e+01    2.6494914808e+01    3.9216848191e+01   -1.3340199001e+02    9.6534226217e+00    2.0480000000e+03    4.7739949077e-03    6.2547200521e-01
       365   -5.8049573411e+01    3.3704211314e+03   -8.4171026867e+01    2.6121453457e+01    3.9009816726e+01   -1.3266560293e+02    9.4847593356e+00    2.0480000000e+03    4.7661454882e-03    6.2159016927e-01
       366   -5.7984289273e+01    3.3630022780e+03   -8.4436871809e+01    2.6452582537e+01    3.9033219729e+01   -1.3248476975e+02    9.0146782104e+00    2.0480000000e+03    4.7625708394e-03    6.2321777344e-01
       367   -5.7993120242e+01    3.3639888177e+03   -8.4364136476e+01    2.6371016234e+01    3.8882754853e+01   -1.3235479236e+02    9.1079010267e+00    2.0480000000e+03    4.7570890747e-03    6.2120768229e-01
       368   -5.8006114179e+01    3.3656304500e+03   -8.4199248280e+01    2.6193134101e+01    3.8849894007e+01   -1.3239505196e+02    9.3459096709e+00    2.0480000000e+03    4.7698898707e-03    6.2633463542e-01
       369   -5.8015668736e+01    3.3665519971e+03   -8.4086561972e+01    2.6070893236e+01    3.8850653467e+01   -1.3230328262e+02    9.3660671782e+00    2.0480000000e+03    4.7539176885e-03    6.2312825521e-01
       370   -5.8006726726e+01    3.3657101443e+03   -8.3870499513e+01    2.5863772786e+01    3.8919312647e+01   -1.3241679310e+02    9.6269809436e+00    2.0480000000e+03    4.7675075475e-03    6.2513020833e-01
       371   -5.8012773723e+01    3.3663545397e+03   -8.4226622491e+01    2.6213848768e+01    3.9085694301e+01   -1.3263103240e+02    9.3187156042e+00    2.0480000000e+03    4.7653391957e-03    6.2382812500e-01
       372   -5.7983814542e+01    3.3629006032e+03   -8.4238970329e+01    2.6255155788e+01    3.9043411537e+01   -1.3255596017e+02    9.2735783000e+00    2.0480000000e+03    4.7506683040e-03    6.2062174479e-01
       373   -5.8003740395e+01    3.3652441706e+03   -8.4608662213e+01    2.6604921819e+01    3.8992800562e+01   -1.3257984148e+02    8.9783787025e+00    2.0480000000e+03    4.7650528140e-03    6.2285970052e-01
       374   -5.8022395497e+01    3.3674925483e+03   -8.4591300946e+01    2.6568905449e+01    3.9136329624e+01   -1.3279941896e+02    9.0717883875e+00    2.0480000000e+03    4.7648649197e-03    6.2451171875e-01
       375   -5.7982301527e+01    3.3626699294e+03   -8.3858411171e+01    2.5876109644e+01    3.8757672370e+01   -1.3164202869e+02    9.0259451509e+00    2.0480000000e+03    4.7495588660e-03    6.2177734375e-01
       376   -5.8018460728e+01    3.3670853357e+03   -8.4114170719e+01    2.6095709991e+01    3.8931754677e+01   -1.3252064339e+02    9.4747179941e+00    2.0480000000e+03    4.7501209192e-03    6.2249348958e-01
       377   -5.7995703284e+01    3.3643884951e+03   -8.3995470880e+01    2.5999767596e+01    3.9174030797e+01   -1.3264414921e+02    9.4746475376e+00    2.0480000000e+03    4.7543039545e-03    6.2220865885e-01
       378   -5.8022504667e+01    3.3675116648e+03   -8.4403700732e+01    2.6381196065e+01    3.9256194285e+01   -1.3351472227e+02    9.8548272536e+00    2.0480000000e+03    4.7695133835e-03    6.2317708333e-01
       379   -5.7966430148e+01    3.3609607673e+03   -8.4285658073e+01    2.6319227925e+01    3.9067790411e+01   -1.3243854344e+02    9.0850949567e+00    2.0480000000e+03    4.7502587549e-03    6.2240397135e-01
       380   -5.8001857652e+01    3.3650192545e+03   -8.4085045086e+01    2.6083187434e+01    3.9070498655e+01   -1.3233298546e+02    9.1774417185e+00    2.0480000000e+03    4.7676139511e-03    6.2555338542e-01
       381   -5.8009785750e+01    3.3658819446e+03   -8.4198466102e+01    2.6188680352e+01    3.9154199125e+01   -1.3247690213e+02    9.1242369074e+00    2.0480000000e+03    4.7566662543e-03    6.2272949219e-01
       382   -5.8019474834e+01    3.3671431104e+03   -8.4077749081e+01    2.6058274247e+01    3.9208296097e+01   -1.3323062902e+02    9.9445838400e+00    2.0480000000e+03    4.7596050426e-03    6.2366536458e-01
       383   -5.7981061086e+01    3.3627154050e+03   -8.4456364198e+01    2.6475303112e+01    3.9183672361e+01   -1.3292610626e+02    9.2860696985e+00    2.0480000000e+03    4.7504501417e-03    6.2374674479e-01
       384   -5.8004548966e+01    3.3653466016e+03   -8.4265880363e+01    2.6261331396e+01    3.9155952057e+01   -1.3294846151e+02    9.5266290899e+00    2.0480000000e+03    4.7461565118e-03    6.2239583333e-01
       385   -5.7979737577e+01    3.3624692370e+03   -8.4326248153e+01    2.6346510576e+01    3.9170416359e+01   -1.3291292615e+02    9.4162616384e+00    2.0480000000e+03    4.7496932093e-03    6.2233886719e-01
       386   -5.8045220833e+01    3.3700253651e+03   -8.4254042202e+01    2.6208821369e+01    3.9205672578e+01   -1.3264849413e+02    9.1887793528e+00    2.0480000000e+03    4.7505944967e-03    6.2155761719e-01
       387   -5.7988105832e+01    3.3635456878e+03   -8.4196391610e+01    2.6208285778e+01    3.8871751423e+01   -1.3237076028e+02    9.3026172438e+00    2.0480000000e+03    4.7599358950e-03    6.2519531250e-01
       388   -5.7959301072e+01    3.3601936954e+03   -8.4710226336e+01    2.6750925264e+01    3.9184159607e+01   -1.3326715343e+02    9.3727674903e+00    2.0480000000e+03    4.7754072584e-03    6.2465820312e-01
       389   -5.7998114473e+01    3.3645902279e+03   -8.4598072407e+01    2.6599957935e+01    3.9132906202e+01   -1.3299152583e+02    9.2605472236e+00    2.0480000000e+03    4.7585428692e-03    6.2204589844e-01
       390   -5.8024348074e+01    3.3676155025e+03   -8.4442701336e+01    2.6418353263e+01    3.9094089797e+01   -1.3288650113e+02    9.3497100008e+00    2.0480000000e+03    4.7596688382e-03    6.2323404948e-01
       391   -5.8007813730e+01    3.3657414081e+03   -8.4270786605e+01    2.6262972874e+01    3.9182134358e+01   -1.3274723055e+02    9.2943095923e+00    2.0480000000e+03    4.7646686435e-03    6.2419433594e-01
       392   -5.8021381674e+01    3.3673344429e+03   -8.4425058116e+01    2.6403676442e+01    3.9034726869e+01   -1.3263422294e+02    9.1744379544e+00    2.0480000000e+03    4.7523234971e-03    6.2217610677e-01
       393   -5.8035531137e+01    3.3699754916e+03   -8.4251508090e+01    2.6215976953e+01    3.9096439177e+01   -1.3262467531e+02    9.2767280417e+00    2.0480000000e+03    4.7475008760e-03    6.2104492188e-01
       394   -5.8024303752e+01    3.3676561159e+03   -8.4374348788e+01    2.6350045036e+01    3.9193235052e+01   -1.3334058072e+02    9.7729968842e+00    2.0480000000e+03    4.7637191601e-03    6.2399088542e-01
       395   -5.7974485119e+01    3.3620970042e+03   -8.4166374386e+01    2.6191889267e+01    3.9262694140e+01   -1.3306683576e+02    9.6377672380e+00    2.0480000000e+03    4.7553228214e-03    6.2256673177e-01
       396   -5.7986890172e+01    3.3632666505e+03   -8.4427852749e+01    2.6440962577e+01    3.9177247209e+01   -1.3299613705e+02    9.3910370899e+00    2.0480000000e+03    4.7529898584e-03    6.2174479167e-01
       397   -5.8011383510e+01    3.3660980546e+03   -8.4415842808e+01    2.6404459298e+01    3.9169182334e+01   -1.3307103093e+02    9.4860057832e+00    2.0480000000e+03    4.7656875104e-03    6.2496744792e-01
       398   -5.7999461741e+01    3.3648020148e+03   -8.4276351265e+01    2.6276889524e+01    3.9049776157e+01   -1.3237564440e+02    9.0495169765e+00    2.0480000000e+03    4.7601377591e-03    6.2425130208e-01
       399   -5.8033946479e+01    3.3686106460e+03   -8.3829442603e+01    2.5795496124e+01    3.8745929583e+01   -1.3181317590e+02    9.2378037139e+00    2.0480000000e+03    4.7611098271e-03    6.2379557292e-01
