#   index    LocalEnergy         LocalEnergy_sq      LocalPotential      Kinetic             ElecElec            LocalECP            NonLocalECP         BlockWeight         BlockCPU            AcceptRatio         
         0   -5.7992466803e+01    3.3639201589e+03   -8.4324161522e+01    2.6331694720e+01    3.9283894462e+01   -1.3286859012e+02    9.2605341328e+00    2.0480000000e+03    5.0253232475e-03    6.2184244792e-01
         1   -5.8004893574e+01    3.3653860056e+03   -8.4725924576e+01    2.6721031002e+01    3.9233096242e+01   -1.3341818689e+02    9.4591660750e+00    2.0480000000e+03    4.8778669443e-03    6.2382812500e-01
         2   -5.7983472179e+01    3.3628288893e+03   -8.4449959320e+01    2.6466487142e+01    3.8961397957e+01   -1.3281562935e+02    9.4042720691e+00    2.0480000000e+03    4.8316216562e-03    6.2132975260e-01
         3   -5.7994808254e+01    3.3642375977e+03   -8.4821705342e+01    2.6826897088e+01    3.9142667580e+01   -1.3333226915e+02    9.3678962273e+00    2.0480000000e+03    4.8414540943e-03    6.2476399740e-01
         4   -5.7985896942e+01    3.3631648058e+03   -8.4111728288e+01    2.6125831346e+01    3.9012497615e+01   -1.3291271593e+02    9.7884900287e+00    2.0480000000e+03    4.8139614519e-03    6.2257486979e-01
         5   -5.7994374844e+01    3.3641559399e+03   -8.3897565111e+01    2.5903190267e+01    3.8996988977e+01   -1.3235347609e+02    9.4589219969e+00    2.0480000000e+03    4.8142902087e-03    6.2434895833e-01
         6   -5.8013723362e+01    3.3665230441e+03   -8.4281540803e+01    2.6267817442e+01    3.8996097580e+01   -1.3252518423e+02    9.2475458500e+00    2.0480000000e+03    4.8073080834e-03    6.2387695313e-01
         7   -5.7993536009e+01    3.3641303592e+03   -8.4061564813e+01    2.6068028804e+01    3.9114791016e+01   -1.3329477444e+02    1.0118418609e+01    2.0480000000e+03    4.8031914048e-03    6.2467447917e-01
         8   -5.8015352446e+01    3.3667421641e+03   -8.4372874826e+01    2.6357522379e+01    3.9286643578e+01   -1.3318831218e+02    9.5287937805e+00    2.0480000000e+03    4.7931703739e-03    6.2358398437e-01
         9   -5.7986484796e+01    3.3632972385e+03   -8.4005110918e+01    2.6018626122e+01    3.8908876500e+01   -1.3242706233e+02    9.5130749157e+00    2.0480000000e+03    4.7932569869e-03    6.2398274740e-01
        10   -5.7970916994e+01    3.3613661966e+03   -8.4453320616e+01    2.6482403621e+01    3.9028244488e+01   -1.3249801886e+02    9.0164537562e+00    2.0480000000e+03    4.7832524870e-03    6.2432454427e-01
        11   -5.8025157500e+01    3.3677613861e+03   -8.4500048628e+01    2.6474891128e+01    3.9050612781e+01   -1.3298247439e+02    9.4318129771e+00    2.0480000000e+03    4.7773981933e-03    6.2356770833e-01
        12   -5.7965249743e+01    3.3608244672e+03   -8.4196662588e+01    2.6231412845e+01    3.9021359105e+01   -1.3313965889e+02    9.9216372012e+00    2.0480000000e+03    4.7703837045e-03    6.2109375000e-01
        13   -5.7965118701e+01    3.3607615100e+03   -8.4356026597e+01    2.6390907896e+01    3.9060977723e+01   -1.3279877143e+02    9.3817671136e+00    2.0480000000e+03    4.7717713751e-03    6.2167154948e-01
        14   -5.7996120281e+01    3.3642246085e+03   -8.4558730106e+01    2.6562609824e+01    3.9213887388e+01   -1.3325510161e+02    9.4824841133e+00    2.0480000000e+03    4.7642292921e-03    6.2211100260e-01
        15   -5.7954931177e+01    3.3595456358e+03   -8.4063725626e+01    2.6108794449e+01    3.9143787653e+01   -1.3298238827e+02    9.7748749909e+00    2.0480000000e+03    4.7653538641e-03    6.2197265625e-01
        16   -5.8006144491e+01    3.3657045285e+03   -8.4544584945e+01    2.6538440454e+01    3.9114377235e+01   -1.3260554144e+02    8.9465792567e+00    2.0480000000e+03    4.7654903028e-03    6.2133789062e-01
        17   -5.8000075560e+01    3.3649691635e+03   -8.4259911503e+01    2.6259835943e+01    3.9097382113e+01   -1.3276785389e+02    9.4105602715e+00    2.0480000000e+03    4.7756487038e-03    6.2285970052e-01
        18   -5.7998478678e+01    3.3646122755e+03   -8.4210712672e+01    2.6212233993e+01    3.8894026389e+01   -1.3267138418e+02    9.5666451142e+00    2.0480000000e+03    4.7691627406e-03    6.2412109375e-01
        19   -5.8023043480e+01    3.3674544199e+03   -8.4333741081e+01    2.6310697601e+01    3.9214887118e+01   -1.3297427911e+02    9.4256509075e+00    2.0480000000e+03    4.7843346838e-03    6.2514648437e-01
        20   -5.8002015904e+01    3.3653352766e+03   -8.4531712200e+01    2.6529696296e+01    3.9045601821e+01   -1.3293077856e+02    9.3534645440e+00    2.0480000000e+03    4.7585258726e-03    6.2191569010e-01
        21   -5.7970203713e+01    3.3612406257e+03   -8.3588295307e+01    2.5618091594e+01    3.8725655242e+01   -1.3149708763e+02    9.1831370763e+00    2.0480000000e+03    4.7656258103e-03    6.2438964844e-01
        22   -5.8028436324e+01    3.3680496933e+03   -8.4352465876e+01    2.6324029553e+01    3.8885196070e+01   -1.3283861769e+02    9.6009557467e+00    2.0480000000e+03    4.7692582011e-03    6.2473958333e-01
        23   -5.8018311794e+01    3.3670150407e+03   -8.4861084170e+01    2.6842772377e+01    3.8978279669e+01   -1.3308467201e+02    9.2453081708e+00    2.0480000000e+03    4.7754319385e-03    6.2462565104e-01
        24   -5.8025414538e+01    3.3677580117e+03   -8.4254573423e+01    2.6229158885e+01    3.9204224984e+01   -1.3290664731e+02    9.4478489085e+00    2.0480000000e+03    4.7628718894e-03    6.2277018229e-01
        25   -5.7994160760e+01    3.3640403047e+03   -8.3914186925e+01    2.5920026165e+01    3.8798017827e+01   -1.3207514068e+02    9.3629359248e+00    2.0480000000e+03    4.7700970899e-03    6.2491861979e-01
        26   -5.7999153875e+01    3.3647999183e+03   -8.4461836481e+01    2.6462682606e+01    3.8956588964e+01   -1.3254640647e+02    9.1279810289e+00    2.0480000000e+03    4.7682835720e-03    6.2399902344e-01
        27   -5.8007967416e+01    3.3657499105e+03   -8.4209223479e+01    2.6201256063e+01    3.8854273316e+01   -1.3214364112e+02    9.0801443297e+00    2.0480000000e+03    4.7602546401e-03    6.2315266927e-01
        28   -5.7979342903e+01    3.3623455789e+03   -8.4117029255e+01    2.6137686351e+01    3.9055054893e+01   -1.3267537974e+02    9.5032955976e+00    2.0480000000e+03    4.7594488133e-03    6.2370605469e-01
        29   -5.7976726292e+01    3.3622256856e+03   -8.3917609273e+01    2.5940882981e+01    3.8928926626e+01   -1.3203994354e+02    9.1934076391e+00    2.0480000000e+03    4.7519900836e-03    6.2139485677e-01
        30   -5.8006306014e+01    3.3655399642e+03   -8.4274772252e+01    2.6268466238e+01    3.9202855133e+01   -1.3296521878e+02    9.4875913951e+00    2.0480000000e+03    4.7701210715e-03    6.2404785156e-01
        31   -5.8003419634e+01    3.3651924864e+03   -8.4639328244e+01    2.6635908610e+01    3.9218392173e+01   -1.3299555089e+02    9.1378304700e+00    2.0480000000e+03    4.7759495210e-03    6.2594401042e-01
        32   -5.8023598075e+01    3.3674712439e+03   -8.4326037171e+01    2.6302439096e+01    3.8834516340e+01   -1.3224284928e+02    9.0822957711e+00    2.0480000000e+03    4.7591759358e-03    6.2320149740e-01
        33   -5.8052743569e+01    3.3712462644e+03   -8.4410789944e+01    2.6358046375e+01    3.9021661660e+01   -1.3246621144e+02    9.0337598330e+00    2.0480000000e+03    4.7629806213e-03    6.2448730469e-01
        34   -5.8003451810e+01    3.3652224169e+03   -8.3945207072e+01    2.5941755262e+01    3.8899263458e+01   -1.3220854653e+02    9.3640760026e+00    2.0480000000e+03    4.7533940524e-03    6.2148437500e-01
        35   -5.7974026955e+01    3.3617115066e+03   -8.4407109947e+01    2.6433082992e+01    3.9017927267e+01   -1.3262486599e+02    9.1998287763e+00    2.0480000000e+03    4.7578604426e-03    6.2132161458e-01
        36   -5.7977675362e+01    3.3622742768e+03   -8.4300347044e+01    2.6322671682e+01    3.8948013305e+01   -1.3265183298e+02    9.4034726333e+00    2.0480000000e+03    4.7752177343e-03    6.2565104167e-01
        37   -5.8014105226e+01    3.3668524161e+03   -8.4699478976e+01    2.6685373750e+01    3.9197430686e+01   -1.3305517645e+02    9.1582667889e+00    2.0480000000e+03    4.7674814705e-03    6.2258300781e-01
        38   -5.8008645389e+01    3.3660646675e+03   -8.4058762234e+01    2.6050116846e+01    3.9065662062e+01   -1.3262862363e+02    9.5041993303e+00    2.0480000000e+03    4.7554762568e-03    6.2101236979e-01
        39   -5.8007646070e+01    3.3658118430e+03   -8.4117881793e+01    2.6110235724e+01    3.9078374248e+01   -1.3247354870e+02    9.2772926640e+00    2.0480000000e+03    4.7761958558e-03    6.2711588542e-01
        40   -5.8010166440e+01    3.3658978215e+03   -8.4194961360e+01    2.6184794920e+01    3.8867102749e+01   -1.3238117216e+02    9.3191080526e+00    2.0480000000e+03    4.7531323507e-03    6.2019042969e-01
        41   -5.7980264576e+01    3.3624967620e+03   -8.4477821986e+01    2.6497557410e+01    3.8837680561e+01   -1.3246429615e+02    9.1487936056e+00    2.0480000000e+03    4.7650102060e-03    6.2412923177e-01
        42   -5.7998642345e+01    3.3646916024e+03   -8.4302324019e+01    2.6303681674e+01    3.9037581356e+01   -1.3276289324e+02    9.4229878668e+00    2.0480000000e+03    4.7657662071e-03    6.2452799479e-01
        43   -5.8005024159e+01    3.3654438604e+03   -8.4375350133e+01    2.6370325974e+01    3.9071300731e+01   -1.3260183896e+02    9.1551880926e+00    2.0480000000e+03    4.7673790250e-03    6.2366536458e-01
        44   -5.8001381462e+01    3.3649101739e+03   -8.4376336739e+01    2.6374955278e+01    3.9154756122e+01   -1.3340781186e+02    9.8767189998e+00    2.0480000000e+03    4.7713136300e-03    6.2437337240e-01
        45   -5.7992600020e+01    3.3638568946e+03   -8.4425266472e+01    2.6432666451e+01    3.8928953499e+01   -1.3249150282e+02    9.1372828510e+00    2.0480000000e+03    4.7542206012e-03    6.2112630208e-01
        46   -5.7974222958e+01    3.3618069608e+03   -8.4390006809e+01    2.6415783851e+01    3.9209693033e+01   -1.3328058463e+02    9.6808847877e+00    2.0480000000e+03    4.7652255744e-03    6.2351888021e-01
        47   -5.7985778458e+01    3.3632423537e+03   -8.4383536409e+01    2.6397757951e+01    3.9127167796e+01   -1.3261685511e+02    9.1061509017e+00    2.0480000000e+03    4.7672155779e-03    6.2301432292e-01
        48   -5.8021608727e+01    3.3672694801e+03   -8.3948087007e+01    2.5926478280e+01    3.8934724364e+01   -1.3226292355e+02    9.3801121755e+00    2.0480000000e+03    4.7711841762e-03    6.2509765625e-01
        49   -5.7935150178e+01    3.3572819896e+03   -8.3897934492e+01    2.5962784314e+01    3.8917222635e+01   -1.3204795177e+02    9.2327946409e+00    2.0480000000e+03    4.7719313297e-03    6.2618001302e-01
        50   -5.7989712373e+01    3.3636537075e+03   -8.4082473077e+01    2.6092760704e+01    3.8897320282e+01   -1.3238429341e+02    9.4045000496e+00    2.0480000000e+03    4.7639852855e-03    6.2275390625e-01
        51   -5.7965462316e+01    3.3609337731e+03   -8.4290470645e+01    2.6325008329e+01    3.8903518412e+01   -1.3240528157e+02    9.2112925130e+00    2.0480000000e+03    4.7630674671e-03    6.2224934896e-01
        52   -5.7979911092e+01    3.3626965099e+03   -8.4167845207e+01    2.6187934115e+01    3.8996065990e+01   -1.3254104159e+02    9.3771303975e+00    2.0480000000e+03    4.7822569031e-03    6.2565917969e-01
        53   -5.8000690890e+01    3.3649551092e+03   -8.4229593610e+01    2.6228902720e+01    3.9040580207e+01   -1.3264950921e+02    9.3793353889e+00    2.0480000000e+03    4.7733681276e-03    6.2321777344e-01
        54   -5.7992329882e+01    3.3639520862e+03   -8.4350178574e+01    2.6357848693e+01    3.9284317070e+01   -1.3302585202e+02    9.3913563733e+00    2.0480000000e+03    4.7788885422e-03    6.2311197917e-01
        55   -5.8000179643e+01    3.3648299707e+03   -8.4225491960e+01    2.6225312317e+01    3.9132039503e+01   -1.3252217405e+02    9.1646425901e+00    2.0480000000e+03    4.7751965467e-03    6.2401529948e-01
        56   -5.8015698099e+01    3.3665437539e+03   -8.4178463388e+01    2.6162765289e+01    3.8960215404e+01   -1.3222071744e+02    9.0820386449e+00    2.0480000000e+03    4.7681487631e-03    6.2277832031e-01
        57   -5.8010876942e+01    3.3660404213e+03   -8.3915712617e+01    2.5904835674e+01    3.8944165172e+01   -1.3198300818e+02    9.1231303952e+00    2.0480000000e+03    4.7590190079e-03    6.2289225260e-01
        58   -5.8004076460e+01    3.3654371090e+03   -8.3642289521e+01    2.5638213061e+01    3.8951048538e+01   -1.3235959578e+02    9.7662577232e+00    2.0480000000e+03    4.7715958208e-03    6.2676595052e-01
        59   -5.7983913166e+01    3.3629703936e+03   -8.4022746541e+01    2.6038833375e+01    3.9111364303e+01   -1.3260068411e+02    9.4665732693e+00    2.0480000000e+03    4.7744598705e-03    6.2358398437e-01
        60   -5.8003408757e+01    3.3651111153e+03   -8.4260474397e+01    2.6257065640e+01    3.9062925591e+01   -1.3254630779e+02    9.2229078056e+00    2.0480000000e+03    4.7706968617e-03    6.2358398437e-01
        61   -5.7969043576e+01    3.3611428908e+03   -8.4359838251e+01    2.6390794675e+01    3.9059378227e+01   -1.3280344052e+02    9.3842240388e+00    2.0480000000e+03    4.7656912357e-03    6.2373860677e-01
        62   -5.7981188419e+01    3.3626691009e+03   -8.4252897958e+01    2.6271709539e+01    3.9030471744e+01   -1.3266862075e+02    9.3852510509e+00    2.0480000000e+03    4.7646525782e-03    6.2380371094e-01
        63   -5.7981635782e+01    3.3628162230e+03   -8.3953264053e+01    2.5971628271e+01    3.8941336779e+01   -1.3214440822e+02    9.2498073853e+00    2.0480000000e+03    4.7492720187e-03    6.2079264323e-01
        64   -5.8025048182e+01    3.3677229950e+03   -8.4414020045e+01    2.6388971863e+01    3.8734000513e+01   -1.3236425050e+02    9.2162299386e+00    2.0480000000e+03    4.7534510959e-03    6.2272949219e-01
        65   -5.8025473253e+01    3.3679483635e+03   -8.4302565920e+01    2.6277092667e+01    3.8893453581e+01   -1.3281859808e+02    9.6225785750e+00    2.0480000000e+03    4.7703033779e-03    6.2347819010e-01
        66   -5.7978625191e+01    3.3625769937e+03   -8.4456720880e+01    2.6478095689e+01    3.9130366681e+01   -1.3263433929e+02    9.0472517335e+00    2.0480000000e+03    4.7736482229e-03    6.2417805990e-01
        67   -5.7995444977e+01    3.3643259653e+03   -8.4075339143e+01    2.6079894166e+01    3.9062580750e+01   -1.3236171614e+02    9.2237962473e+00    2.0480000000e+03    4.7663680743e-03    6.2447916667e-01
        68   -5.7994577684e+01    3.3642695884e+03   -8.3865314009e+01    2.5870736325e+01    3.9133966109e+01   -1.3278406181e+02    9.7847816880e+00    2.0480000000e+03    4.7702228185e-03    6.2500813802e-01
        69   -5.8026020877e+01    3.3677180837e+03   -8.3971099474e+01    2.5945078598e+01    3.8878501231e+01   -1.3193087711e+02    9.0812764039e+00    2.0480000000e+03    4.7649706248e-03    6.2420247396e-01
        70   -5.8026029083e+01    3.3677412567e+03   -8.3950886091e+01    2.5924857008e+01    3.8855790698e+01   -1.3187475281e+02    9.0680760205e+00    2.0480000000e+03    4.7717920970e-03    6.2522786458e-01
        71   -5.7979457781e+01    3.3624553379e+03   -8.4446666751e+01    2.6467208970e+01    3.8961180641e+01   -1.3316503047e+02    9.7571830771e+00    2.0480000000e+03    4.7616041265e-03    6.2255045573e-01
        72   -5.8043198258e+01    3.3697824770e+03   -8.4012539003e+01    2.5969340745e+01    3.8947508019e+01   -1.3255653486e+02    9.5964878417e+00    2.0480000000e+03    4.7571263276e-03    6.2260742188e-01
        73   -5.8023796816e+01    3.3675970654e+03   -8.4207079929e+01    2.6183283113e+01    3.8865883835e+01   -1.3221636636e+02    9.1434025963e+00    2.0480000000e+03    4.7633529175e-03    6.2347819010e-01
        74   -5.8020705729e+01    3.3672391247e+03   -8.3664298735e+01    2.5643593005e+01    3.8669326522e+01   -1.3187718806e+02    9.5435628057e+00    2.0480000000e+03    4.7558844090e-03    6.2412923177e-01
        75   -5.8014597540e+01    3.3672156327e+03   -8.4683903796e+01    2.6669306255e+01    3.8956319907e+01   -1.3246148540e+02    8.8212616940e+00    2.0480000000e+03    4.7607158776e-03    6.2307128906e-01
        76   -5.8010240413e+01    3.3660520092e+03   -8.3990093731e+01    2.5979853318e+01    3.8883861868e+01   -1.3189216414e+02    9.0182085448e+00    2.0480000000e+03    4.7464582603e-03    6.2106119792e-01
        77   -5.7991335176e+01    3.3638384340e+03   -8.4198193477e+01    2.6206858302e+01    3.8974489736e+01   -1.3227218362e+02    9.0995004059e+00    2.0480000000e+03    4.7626493033e-03    6.2339680990e-01
        78   -5.8004814435e+01    3.3652888145e+03   -8.4200130234e+01    2.6195315799e+01    3.9133745929e+01   -1.3268711794e+02    9.3532417744e+00    2.0480000000e+03    4.7679187264e-03    6.2290039063e-01
        79   -5.8017732008e+01    3.3667586681e+03   -8.4102032447e+01    2.6084300440e+01    3.8880981705e+01   -1.3183443421e+02    8.8514200555e+00    2.0480000000e+03    4.7738114372e-03    6.2411295573e-01
        80   -5.8013552527e+01    3.3664915754e+03   -8.4051063762e+01    2.6037511234e+01    3.8983986850e+01   -1.3245737321e+02    9.4223225932e+00    2.0480000000e+03    4.7579417005e-03    6.2191569010e-01
        81   -5.8011933754e+01    3.3662372554e+03   -8.4113496486e+01    2.6101562731e+01    3.8998928154e+01   -1.3263149882e+02    9.5190741815e+00    2.0480000000e+03    4.7654099762e-03    6.2310384115e-01
        82   -5.8006278991e+01    3.3657785001e+03   -8.4101926511e+01    2.6095647519e+01    3.9012927296e+01   -1.3289134326e+02    9.7764894489e+00    2.0480000000e+03    4.7567372676e-03    6.2137858073e-01
        83   -5.7988658243e+01    3.3634101501e+03   -8.4492232442e+01    2.6503574198e+01    3.9195579998e+01   -1.3289896514e+02    9.2111527002e+00    2.0480000000e+03    4.7634481452e-03    6.2220865885e-01
        84   -5.7974256131e+01    3.3620874088e+03   -8.4638639099e+01    2.6664382968e+01    3.9160513106e+01   -1.3292954450e+02    9.1303922909e+00    2.0480000000e+03    4.7758119181e-03    6.2334798177e-01
        85   -5.7965263298e+01    3.3607874982e+03   -8.4339368683e+01    2.6374105385e+01    3.9147456363e+01   -1.3301623552e+02    9.5294104774e+00    2.0480000000e+03    4.7781956382e-03    6.2227376302e-01
        86   -5.8008531376e+01    3.3659121334e+03   -8.4028810614e+01    2.6020279238e+01    3.8884435081e+01   -1.3239376005e+02    9.4805143502e+00    2.0480000000e+03    4.7604355495e-03    6.2376302083e-01
        87   -5.7975366592e+01    3.3619495048e+03   -8.4096093656e+01    2.6120727064e+01    3.9039261979e+01   -1.3265587457e+02    9.5205189392e+00    2.0480000000e+03    4.7559915110e-03    6.2332356771e-01
        88   -5.8003540183e+01    3.3651868577e+03   -8.4091704283e+01    2.6088164099e+01    3.8920192084e+01   -1.3280749629e+02    9.7955999235e+00    2.0480000000e+03    4.7403725330e-03    6.1971842448e-01
        89   -5.8027641233e+01    3.3680140245e+03   -8.4183771907e+01    2.6156130674e+01    3.8964027516e+01   -1.3237275144e+02    9.2249520173e+00    2.0480000000e+03    4.7571265604e-03    6.2403971354e-01
        90   -5.7973967028e+01    3.3619723745e+03   -8.4328340142e+01    2.6354373114e+01    3.9001475857e+01   -1.3301285242e+02    9.6830364217e+00    2.0480000000e+03    4.7543118708e-03    6.2119140625e-01
        91   -5.7996566129e+01    3.3644143392e+03   -8.4318187623e+01    2.6321621494e+01    3.8992807199e+01   -1.3269358366e+02    9.3825888356e+00    2.0480000000e+03    4.7743944451e-03    6.2549641927e-01
        92   -5.8002999864e+01    3.3653399112e+03   -8.4460755948e+01    2.6457756083e+01    3.9083125835e+01   -1.3274953121e+02    9.2056494321e+00    2.0480000000e+03    4.7635016963e-03    6.2275390625e-01
        93   -5.7987452789e+01    3.3634347073e+03   -8.4280642591e+01    2.6293189802e+01    3.8954528761e+01   -1.3224487780e+02    9.0097064466e+00    2.0480000000e+03    4.7761027236e-03    6.2487792969e-01
        94   -5.8023930684e+01    3.3676136745e+03   -8.3901356455e+01    2.5877425771e+01    3.9011183329e+01   -1.3211010312e+02    9.1975633335e+00    2.0480000000e+03    4.7655277885e-03    6.2314453125e-01
        95   -5.8006191932e+01    3.3655887484e+03   -8.4194892157e+01    2.6188700225e+01    3.8893337082e+01   -1.3229314475e+02    9.2049155072e+00    2.0480000000e+03    4.7654046211e-03    6.2272949219e-01
        96   -5.7992797221e+01    3.3639223202e+03   -8.4727335552e+01    2.6734538331e+01    3.9113586007e+01   -1.3302295661e+02    9.1820350555e+00    2.0480000000e+03    4.7693122178e-03    6.2337239583e-01
        97   -5.8014808431e+01    3.3665880187e+03   -8.4480553156e+01    2.6465744725e+01    3.9077398120e+01   -1.3278406244e+02    9.2261111657e+00    2.0480000000e+03    4.7521062661e-03    6.2246907552e-01
        98   -5.7958000915e+01    3.3601312631e+03   -8.4003146352e+01    2.6045145437e+01    3.9009556685e+01   -1.3264572352e+02    9.6330204833e+00    2.0480000000e+03    4.7620630357e-03    6.2575683594e-01
        99   -5.7993857085e+01    3.3640616563e+03   -8.4252572723e+01    2.6258715638e+01    3.9119672570e+01   -1.3289821721e+02    9.5259719162e+00    2.0480000000e+03    4.7604737338e-03    6.2448730469e-01
       100   -5.7992290327e+01    3.3638981436e+03   -8.4494283446e+01    2.6501993119e+01    3.9036787629e+01   -1.3280199957e+02    9.2709284922e+00    2.0480000000e+03    4.7617529053e-03    6.2443847656e-01
       101   -5.7987559802e+01    3.3634885187e+03   -8.4451093685e+01    2.6463533883e+01    3.9062033424e+01   -1.3315292258e+02    9.6397954682e+00    2.0480000000e+03    4.7614783980e-03    6.2283528646e-01
       102   -5.7980217031e+01    3.3624520865e+03   -8.4289745310e+01    2.6309528279e+01    3.9079109975e+01   -1.3252894342e+02    9.1600881345e+00    2.0480000000e+03    4.7580839600e-03    6.2247721354e-01
       103   -5.7962713031e+01    3.3605223920e+03   -8.4244263199e+01    2.6281550168e+01    3.9225272438e+01   -1.3313367672e+02    9.6641410821e+00    2.0480000000e+03    4.7693233937e-03    6.2320963542e-01
       104   -5.8032211227e+01    3.3685134219e+03   -8.4267406732e+01    2.6235195505e+01    3.9212639679e+01   -1.3308184219e+02    9.6017957823e+00    2.0480000000e+03    4.7577437945e-03    6.2102050781e-01
       105   -5.7990139248e+01    3.3641848877e+03   -8.4259125381e+01    2.6268986134e+01    3.9195293136e+01   -1.3325168225e+02    9.7972637370e+00    2.0480000000e+03    4.7732589301e-03    6.2369791667e-01
       106   -5.7989341269e+01    3.3636386368e+03   -8.4686700699e+01    2.6697359430e+01    3.9141033455e+01   -1.3322750548e+02    9.3997713310e+00    2.0480000000e+03    4.7782054171e-03    6.2506510417e-01
       107   -5.7996351669e+01    3.3644403075e+03   -8.4476077152e+01    2.6479725483e+01    3.9136985708e+01   -1.3308902619e+02    9.4759633296e+00    2.0480000000e+03    4.7872185241e-03    6.2343750000e-01
       108   -5.8011380336e+01    3.3661505135e+03   -8.4190527678e+01    2.6179147342e+01    3.9127510413e+01   -1.3312201642e+02    9.8039783309e+00    2.0480000000e+03    4.7620837577e-03    6.2229003906e-01
       109   -5.8006272122e+01    3.3655508090e+03   -8.4252782065e+01    2.6246509943e+01    3.9040801308e+01   -1.3272136235e+02    9.4277789767e+00    2.0480000000e+03    4.7686819453e-03    6.2317708333e-01
       110   -5.7982961044e+01    3.3629448949e+03   -8.4348341824e+01    2.6365380781e+01    3.9115677374e+01   -1.3331586143e+02    9.8518422305e+00    2.0480000000e+03    4.7514541075e-03    6.2134602865e-01
       111   -5.7984695004e+01    3.3630249714e+03   -8.4331443188e+01    2.6346748184e+01    3.8981828937e+01   -1.3293282510e+02    9.6195529796e+00    2.0480000000e+03    4.7591989860e-03    6.2414550781e-01
       112   -5.8020167024e+01    3.3671716280e+03   -8.4276821866e+01    2.6256654842e+01    3.9011318207e+01   -1.3242495805e+02    9.1368179796e+00    2.0480000000e+03    4.7647249885e-03    6.2602539062e-01
       113   -5.8004974211e+01    3.3654468937e+03   -8.4168925488e+01    2.6163951278e+01    3.8919188730e+01   -1.3288304934e+02    9.7949351264e+00    2.0480000000e+03    4.7699173447e-03    6.2602539062e-01
       114   -5.8001157291e+01    3.3648438313e+03   -8.4326026564e+01    2.6324869274e+01    3.9010620494e+01   -1.3305371572e+02    9.7170686624e+00    2.0480000000e+03    4.7718409915e-03    6.2491048177e-01
       115   -5.7960856767e+01    3.3604292345e+03   -8.4141091578e+01    2.6180234811e+01    3.9250507971e+01   -1.3334617247e+02    9.9545729188e+00    2.0480000000e+03    4.7660442069e-03    6.2390136719e-01
       116   -5.8006862924e+01    3.3655362221e+03   -8.4546763721e+01    2.6539900797e+01    3.9291827705e+01   -1.3316299345e+02    9.3244020232e+00    2.0480000000e+03    4.7791635152e-03    6.2373046875e-01
       117   -5.8011365819e+01    3.3660424022e+03   -8.4484144171e+01    2.6472778352e+01    3.9242264547e+01   -1.3340505669e+02    9.6786479713e+00    2.0480000000e+03    4.7754864208e-03    6.2351888021e-01
       118   -5.7998182921e+01    3.3646648911e+03   -8.4185698697e+01    2.6187515776e+01    3.8883762281e+01   -1.3228194749e+02    9.2124865154e+00    2.0480000000e+03    4.7670439817e-03    6.2108561198e-01
       119   -5.7993416286e+01    3.3640388999e+03   -8.3938423294e+01    2.5945007008e+01    3.8998597167e+01   -1.3249647090e+02    9.5594504381e+00    2.0480000000e+03    4.7772934195e-03    6.2443033854e-01
       120   -5.8010782264e+01    3.3662414290e+03   -8.4137995880e+01    2.6127213616e+01    3.8904613917e+01   -1.3252905386e+02    9.4864440648e+00    2.0480000000e+03    4.7654914670e-03    6.2376302083e-01
       121   -5.8019262121e+01    3.3672705955e+03   -8.4252555835e+01    2.6233293714e+01    3.9010198954e+01   -1.3256853604e+02    9.3057812562e+00    2.0480000000e+03    4.7737904824e-03    6.2330729167e-01
       122   -5.7982960208e+01    3.3629838336e+03   -8.3537956030e+01    2.5554995822e+01    3.8774811217e+01   -1.3198539222e+02    9.6726249707e+00    2.0480000000e+03    4.7825749498e-03    6.2701822917e-01
       123   -5.8011316998e+01    3.3660963889e+03   -8.3784979209e+01    2.5773662211e+01    3.9016384631e+01   -1.3264993202e+02    9.8485681839e+00    2.0480000000e+03    4.7668127809e-03    6.2567545573e-01
       124   -5.7982506945e+01    3.3629161392e+03   -8.4009824906e+01    2.6027317961e+01    3.9107892238e+01   -1.3287746944e+02    9.7597522932e+00    2.0480000000e+03    4.7591717448e-03    6.2328287760e-01
       125   -5.8000264037e+01    3.3647368227e+03   -8.4447644566e+01    2.6447380529e+01    3.8930934184e+01   -1.3241030054e+02    9.0317217914e+00    2.0480000000e+03    4.7586960718e-03    6.2250162760e-01
       126   -5.7980381500e+01    3.3625013972e+03   -8.4191817126e+01    2.6211435627e+01    3.8847666326e+01   -1.3203941025e+02    8.9999268005e+00    2.0480000000e+03    4.7747031786e-03    6.2489420573e-01
       127   -5.7984589499e+01    3.3630238820e+03   -8.4250049449e+01    2.6265459950e+01    3.8895316870e+01   -1.3244631680e+02    9.3009504847e+00    2.0480000000e+03    4.7621147241e-03    6.2412109375e-01
       128   -5.8004461014e+01    3.3655682325e+03   -8.3893502440e+01    2.5889041426e+01    3.8848512882e+01   -1.3235270856e+02    9.6106932363e+00    2.0480000000e+03    4.7585377470e-03    6.2372233073e-01
       129   -5.7991776842e+01    3.3638719891e+03   -8.4128984801e+01    2.6137207959e+01    3.8989323619e+01   -1.3262303706e+02    9.5047286387e+00    2.0480000000e+03    4.7612225171e-03    6.2315266927e-01
       130   -5.7966419226e+01    3.3608497279e+03   -8.4171703464e+01    2.6205284238e+01    3.8855212833e+01   -1.3229968246e+02    9.2727661617e+00    2.0480000000e+03    4.7844506335e-03    6.2715657552e-01
       131   -5.8009268459e+01    3.3658461630e+03   -8.4338025712e+01    2.6328757252e+01    3.9161061054e+01   -1.3288060243e+02    9.3815156673e+00    2.0480000000e+03    4.7669801861e-03    6.2322591146e-01
       132   -5.8015750561e+01    3.3667603141e+03   -8.4603617022e+01    2.6587866461e+01    3.9166697701e+01   -1.3318829232e+02    9.4179776010e+00    2.0480000000e+03    4.7683692537e-03    6.2431640625e-01
       133   -5.7977485184e+01    3.3621303785e+03   -8.4122433513e+01    2.6144948329e+01    3.8939406850e+01   -1.3253809743e+02    9.4762570669e+00    2.0480000000e+03    4.7661378048e-03    6.2453613281e-01
       134   -5.8003899426e+01    3.3652569261e+03   -8.3916857710e+01    2.5912958283e+01    3.9012760398e+01   -1.3226117151e+02    9.3315534024e+00    2.0480000000e+03    4.7639650293e-03    6.2278645833e-01
       135   -5.7989029757e+01    3.3635906994e+03   -8.4472855841e+01    2.6483826084e+01    3.8997222906e+01   -1.3289642538e+02    9.4263466365e+00    2.0480000000e+03    4.7555305064e-03    6.2136230469e-01
       136   -5.8002441384e+01    3.3651945611e+03   -8.4026586274e+01    2.6024144890e+01    3.9072353758e+01   -1.3289345229e+02    9.7945122533e+00    2.0480000000e+03    4.7702530865e-03    6.2508138021e-01
       137   -5.8006138691e+01    3.3655663036e+03   -8.4649276012e+01    2.6643137320e+01    3.9317028903e+01   -1.3334542009e+02    9.3791151750e+00    2.0480000000e+03    4.7566087451e-03    6.2285156250e-01
       138   -5.8003689694e+01    3.3651845757e+03   -8.4492744663e+01    2.6489054969e+01    3.9230475164e+01   -1.3312651183e+02    9.4032920030e+00    2.0480000000e+03    4.7626923770e-03    6.2242024740e-01
       139   -5.8014934065e+01    3.3666375727e+03   -8.4687519651e+01    2.6672585586e+01    3.9315883062e+01   -1.3392325019e+02    9.9198474776e+00    2.0480000000e+03    4.7674442176e-03    6.2494303385e-01
       140   -5.8000992608e+01    3.3649938645e+03   -8.4138361302e+01    2.6137368694e+01    3.9157070518e+01   -1.3292017711e+02    9.6247452949e+00    2.0480000000e+03    4.7544080298e-03    6.2223307292e-01
       141   -5.7993147335e+01    3.3640149186e+03   -8.4441279009e+01    2.6448131674e+01    3.9091872421e+01   -1.3287878164e+02    9.3456302146e+00    2.0480000000e+03    4.7534976620e-03    6.2242838542e-01
       142   -5.7971818416e+01    3.3614664462e+03   -8.4461134106e+01    2.6489315691e+01    3.8947935768e+01   -1.3274832926e+02    9.3392593862e+00    2.0480000000e+03    4.7675641254e-03    6.2674153646e-01
       143   -5.7989516653e+01    3.3636411746e+03   -8.3863110535e+01    2.5873593883e+01    3.8765517746e+01   -1.3212422493e+02    9.4955966519e+00    2.0480000000e+03    4.7650374472e-03    6.2527669271e-01
       144   -5.8011619096e+01    3.3660866983e+03   -8.3655284265e+01    2.5643665168e+01    3.8684819365e+01   -1.3147204752e+02    9.1319438873e+00    2.0480000000e+03    4.7468652483e-03    6.2238769531e-01
       145   -5.8000243234e+01    3.3648170113e+03   -8.3821264286e+01    2.5821021052e+01    3.8811611939e+01   -1.3200108153e+02    9.3682053071e+00    2.0480000000e+03    4.7602546401e-03    6.2340494792e-01
       146   -5.7989473469e+01    3.3636071803e+03   -8.3989968972e+01    2.6000495503e+01    3.9099896002e+01   -1.3250108533e+02    9.4112203552e+00    2.0480000000e+03    4.7816545703e-03    6.2749023437e-01
       147   -5.8023776873e+01    3.3675796382e+03   -8.4531102180e+01    2.6507325307e+01    3.9129834159e+01   -1.3362882984e+02    9.9678934965e+00    2.0480000000e+03    4.7680293210e-03    6.2351074219e-01
       148   -5.7985272763e+01    3.3630799226e+03   -8.4606900757e+01    2.6621627993e+01    3.9217980071e+01   -1.3299037428e+02    9.1654934573e+00    2.0480000000e+03    4.7670914792e-03    6.2229003906e-01
       149   -5.7983895853e+01    3.3628423093e+03   -8.4656302791e+01    2.6672406938e+01    3.9081999459e+01   -1.3285309767e+02    9.1147954224e+00    2.0480000000e+03    4.7647326719e-03    6.2251790365e-01
       150   -5.8025930134e+01    3.3678628575e+03   -8.4330020792e+01    2.6304090658e+01    3.9137295092e+01   -1.3298474647e+02    9.5174305868e+00    2.0480000000e+03    4.7553349286e-03    6.2215169271e-01
       151   -5.7979656290e+01    3.3624101795e+03   -8.4342104331e+01    2.6362448041e+01    3.9072058397e+01   -1.3266614837e+02    9.2519856440e+00    2.0480000000e+03    4.7549975570e-03    6.2191569010e-01
       152   -5.8025617316e+01    3.3678800660e+03   -8.4412534277e+01    2.6386916962e+01    3.9097186433e+01   -1.3285223619e+02    9.3425154763e+00    2.0480000000e+03    4.7693240922e-03    6.2456868490e-01
       153   -5.7975200684e+01    3.3621086858e+03   -8.3990609888e+01    2.6015409205e+01    3.8896794205e+01   -1.3200044317e+02    9.1130390724e+00    2.0480000000e+03    4.7558373772e-03    6.2212727865e-01
       154   -5.7994229139e+01    3.3641699430e+03   -8.4100254756e+01    2.6106025617e+01    3.8953238413e+01   -1.3255320588e+02    9.4997127134e+00    2.0480000000e+03    4.7525838017e-03    6.2196451823e-01
       155   -5.8013986152e+01    3.3664824807e+03   -8.3697661952e+01    2.5683675800e+01    3.8982405342e+01   -1.3225140054e+02    9.5713332427e+00    2.0480000000e+03    4.7605971340e-03    6.2360839844e-01
       156   -5.7991210703e+01    3.3638041531e+03   -8.4866376611e+01    2.6875165909e+01    3.8945293116e+01   -1.3277419442e+02    8.9625246947e+00    2.0480000000e+03    4.7619361430e-03    6.2351888021e-01
       157   -5.7980396756e+01    3.3624765786e+03   -8.3774489874e+01    2.5794093117e+01    3.8752815138e+01   -1.3174151870e+02    9.2142136917e+00    2.0480000000e+03    4.7629780602e-03    6.2395833333e-01
       158   -5.8003406719e+01    3.3651234027e+03   -8.4009408361e+01    2.6006001642e+01    3.8876197185e+01   -1.3233229631e+02    9.4466907688e+00    2.0480000000e+03    4.7553442419e-03    6.2308756510e-01
       159   -5.7992247868e+01    3.3640151974e+03   -8.4319074795e+01    2.6326826927e+01    3.8936215220e+01   -1.3297976420e+02    9.7244741873e+00    2.0480000000e+03    4.7642483842e-03    6.2347005208e-01
       160   -5.8026782485e+01    3.3679283738e+03   -8.4603327630e+01    2.6576545145e+01    3.9134155803e+01   -1.3336400474e+02    9.6265213066e+00    2.0480000000e+03    4.7688705381e-03    6.2364095052e-01
       161   -5.7998237629e+01    3.3646856687e+03   -8.4212427132e+01    2.6214189503e+01    3.9022631875e+01   -1.3286504144e+02    9.6299824306e+00    2.0480000000e+03    4.7660018317e-03    6.2382812500e-01
       162   -5.7998844561e+01    3.3646126156e+03   -8.4027509636e+01    2.6028665074e+01    3.8741404438e+01   -1.3177273531e+02    9.0038212392e+00    2.0480000000e+03    4.7590355389e-03    6.2293294271e-01
       163   -5.7979765714e+01    3.3625662142e+03   -8.4339265166e+01    2.6359499453e+01    3.9054871982e+01   -1.3281396656e+02    9.4198294077e+00    2.0480000000e+03    4.7641452402e-03    6.2406412760e-01
       164   -5.8031611024e+01    3.3684321881e+03   -8.4282531118e+01    2.6250920094e+01    3.9139517685e+01   -1.3282764948e+02    9.4056006769e+00    2.0480000000e+03    4.7588690650e-03    6.2218424479e-01
       165   -5.7977722998e+01    3.3622073660e+03   -8.3861530038e+01    2.5883807040e+01    3.8896521815e+01   -1.3180599910e+02    9.0479472496e+00    2.0480000000e+03    4.7670798376e-03    6.2482910156e-01
       166   -5.7958946591e+01    3.3600656572e+03   -8.4038590206e+01    2.6079643615e+01    3.8918856155e+01   -1.3187627150e+02    8.9188251369e+00    2.0480000000e+03    4.7545835841e-03    6.2300618490e-01
       167   -5.7990497190e+01    3.3637307611e+03   -8.4310337160e+01    2.6319839970e+01    3.9220031515e+01   -1.3286766039e+02    9.3372917178e+00    2.0480000000e+03    4.7692277003e-03    6.2518717448e-01
       168   -5.8016229566e+01    3.3667087929e+03   -8.4183657024e+01    2.6167427458e+01    3.9021069807e+01   -1.3255399610e+02    9.3492692715e+00    2.0480000000e+03    4.7574762721e-03    6.2183430990e-01
       169   -5.7984037566e+01    3.3629697568e+03   -8.4242402354e+01    2.6258364788e+01    3.9050235339e+01   -1.3216746766e+02    8.8748299715e+00    2.0480000000e+03    4.7664947342e-03    6.2430013021e-01
       170   -5.7979093988e+01    3.3623846373e+03   -8.4697322820e+01    2.6718228832e+01    3.9252046042e+01   -1.3336882475e+02    9.4194558845e+00    2.0480000000e+03    4.7609016765e-03    6.2137044271e-01
       171   -5.8001794175e+01    3.3649640651e+03   -8.4547471714e+01    2.6545677538e+01    3.9128666365e+01   -1.3299067508e+02    9.3145370033e+00    2.0480000000e+03    4.7748689540e-03    6.2489420573e-01
       172   -5.7976905395e+01    3.3621170010e+03   -8.4540045160e+01    2.6563139765e+01    3.9007411538e+01   -1.3334408119e+02    9.7966244960e+00    2.0480000000e+03    4.7603454441e-03    6.2399088542e-01
       173   -5.8003732757e+01    3.3651915531e+03   -8.4863992807e+01    2.6860260051e+01    3.9197452687e+01   -1.3303438395e+02    8.9729384594e+00    2.0480000000e+03    4.7603801358e-03    6.2107747396e-01
       174   -5.7952006517e+01    3.3592786846e+03   -8.4690665695e+01    2.6738659178e+01    3.9273397230e+01   -1.3347113767e+02    9.5070747432e+00    2.0480000000e+03    4.7537053470e-03    6.1887207031e-01
       175   -5.7960076026e+01    3.3601161831e+03   -8.4154137623e+01    2.6194061597e+01    3.9058955365e+01   -1.3288922004e+02    9.6761270500e+00    2.0480000000e+03    4.7883673105e-03    6.2570800781e-01
       176   -5.7961166440e+01    3.3602967138e+03   -8.3888253024e+01    2.5927086585e+01    3.8886308213e+01   -1.3222547245e+02    9.4509112080e+00    2.0480000000e+03    4.7630299814e-03    6.2301432292e-01
       177   -5.8011489200e+01    3.3660948567e+03   -8.3759234730e+01    2.5747745530e+01    3.8930687707e+01   -1.3194610495e+02    9.2561825079e+00    2.0480000000e+03    4.7659126576e-03    6.2383626302e-01
       178   -5.7999900450e+01    3.3648651788e+03   -8.4200339000e+01    2.6200438550e+01    3.9032210188e+01   -1.3297388661e+02    9.7413374196e+00    2.0480000000e+03    4.7558355145e-03    6.2239583333e-01
       179   -5.7983285909e+01    3.3629457424e+03   -8.4325789683e+01    2.6342503774e+01    3.9151435575e+01   -1.3309209287e+02    9.6148676145e+00    2.0480000000e+03    4.7706973273e-03    6.2458496094e-01
       180   -5.8001643641e+01    3.3649478734e+03   -8.4780390004e+01    2.6778746363e+01    3.9298915997e+01   -1.3403674720e+02    9.9574411989e+00    2.0480000000e+03    4.7603887506e-03    6.2316894531e-01
       181   -5.7994198042e+01    3.3641792077e+03   -8.4199512092e+01    2.6205314050e+01    3.9080534927e+01   -1.3305952202e+02    9.7794750003e+00    2.0480000000e+03    4.7701650765e-03    6.2576497396e-01
       182   -5.7990084905e+01    3.3637660055e+03   -8.4170914960e+01    2.6180830055e+01    3.8988157017e+01   -1.3225725129e+02    9.0981793117e+00    2.0480000000e+03    4.7617699020e-03    6.2321777344e-01
       183   -5.7994497341e+01    3.3646403258e+03   -8.4269398370e+01    2.6274901029e+01    3.9024074759e+01   -1.3272572867e+02    9.4322555436e+00    2.0480000000e+03    4.7794622369e-03    6.2583007813e-01
       184   -5.8004236819e+01    3.3653806115e+03   -8.4197611386e+01    2.6193374567e+01    3.8972036372e+01   -1.3256880244e+02    9.3991546820e+00    2.0480000000e+03    4.7755639534e-03    6.2407226562e-01
       185   -5.8011558817e+01    3.3661167641e+03   -8.4348812203e+01    2.6337253386e+01    3.8878632306e+01   -1.3227070271e+02    9.0432582002e+00    2.0480000000e+03    4.7565440182e-03    6.2158203125e-01
       186   -5.7999301056e+01    3.3648416714e+03   -8.4236431210e+01    2.6237130153e+01    3.9026562453e+01   -1.3292268033e+02    9.6596866689e+00    2.0480000000e+03    4.7631058842e-03    6.2124837240e-01
       187   -5.8000023414e+01    3.3647728474e+03   -8.4194217705e+01    2.6194194291e+01    3.9141089376e+01   -1.3310388084e+02    9.7685737574e+00    2.0480000000e+03    4.7593088821e-03    6.2208658854e-01
       188   -5.8007614162e+01    3.3656986120e+03   -8.4276260109e+01    2.6268645948e+01    3.9138721420e+01   -1.3311935139e+02    9.7043698569e+00    2.0480000000e+03    4.7746095806e-03    6.2368164062e-01
       189   -5.7988577508e+01    3.3635570932e+03   -8.4204553032e+01    2.6215975525e+01    3.9102963054e+01   -1.3277427019e+02    9.4667541051e+00    2.0480000000e+03    4.7613221686e-03    6.2208658854e-01
       190   -5.8026000885e+01    3.3678679260e+03   -8.4054466337e+01    2.6028465452e+01    3.8882459396e+01   -1.3251930250e+02    9.5823767664e+00    2.0480000000e+03    4.7707692720e-03    6.2599283854e-01
       191   -5.8039601285e+01    3.3693625492e+03   -8.4365987932e+01    2.6326386647e+01    3.8989132839e+01   -1.3267769162e+02    9.3225708473e+00    2.0480000000e+03    4.7831877600e-03    6.2634277344e-01
       192   -5.7974786793e+01    3.3618768775e+03   -8.4234716674e+01    2.6259929881e+01    3.8917863334e+01   -1.3253327180e+02    9.3806917877e+00    2.0480000000e+03    4.7730784863e-03    6.2476399740e-01
       193   -5.8014273995e+01    3.3663964285e+03   -8.4121130067e+01    2.6106856072e+01    3.9002290133e+01   -1.3221803756e+02    9.0946173620e+00    2.0480000000e+03    4.7736833803e-03    6.2504882812e-01
       194   -5.7989382889e+01    3.3635625576e+03   -8.4351306496e+01    2.6361923607e+01    3.9083477780e+01   -1.3279273966e+02    9.3579553788e+00    2.0480000000e+03    4.7599303070e-03    6.2237955729e-01
       195   -5.7966738913e+01    3.3610333032e+03   -8.4421210609e+01    2.6454471695e+01    3.9137370830e+01   -1.3328020871e+02    9.7216272690e+00    2.0480000000e+03    4.7688339837e-03    6.2460123698e-01
       196   -5.8007239060e+01    3.3656056681e+03   -8.4095538799e+01    2.6088299738e+01    3.9160249091e+01   -1.3281201924e+02    9.5562313492e+00    2.0480000000e+03    4.7646833118e-03    6.2234700521e-01
       197   -5.7991698372e+01    3.3638177962e+03   -8.4772721545e+01    2.6781023172e+01    3.9083588043e+01   -1.3333281526e+02    9.4765056738e+00    2.0480000000e+03    4.7657168470e-03    6.2257486979e-01
       198   -5.8031966721e+01    3.3686579011e+03   -8.4709748256e+01    2.6677781535e+01    3.9185709861e+01   -1.3338484658e+02    9.4893884576e+00    2.0480000000e+03    4.7713473905e-03    6.2229817708e-01
       199   -5.8003059607e+01    3.3651051945e+03   -8.4488878844e+01    2.6485819238e+01    3.9089398378e+01   -1.3257482996e+02    8.9965527354e+00    2.0480000000e+03    4.7646665480e-03    6.2222493490e-01
       200   -5.7983453536e+01    3.3629925773e+03   -8.4203817091e+01    2.6220363555e+01    3.8984329599e+01   -1.3255640922e+02    9.3682625290e+00    2.0480000000e+03    4.7681168653e-03    6.2423502604e-01
       201   -5.7990946363e+01    3.3648193463e+03   -8.4694724493e+01    2.6703778130e+01    3.9051389374e+01   -1.3335914427e+02    9.6130303988e+00    2.0480000000e+03    4.7579964157e-03    6.2246907552e-01
       202   -5.7993118922e+01    3.3642074511e+03   -8.4040909049e+01    2.6047790126e+01    3.8865960965e+01   -1.3240985419e+02    9.5029841722e+00    2.0480000000e+03    4.7399951145e-03    6.1944986979e-01
       203   -5.8023452867e+01    3.3677907119e+03   -8.4255552867e+01    2.6232100000e+01    3.8929616733e+01   -1.3232225151e+02    9.1370819152e+00    2.0480000000e+03    4.7570790630e-03    6.2233886719e-01
       204   -5.7981159866e+01    3.3628109282e+03   -8.4006804347e+01    2.6025644481e+01    3.8995922695e+01   -1.3250071806e+02    9.4979910167e+00    2.0480000000e+03    4.7528471332e-03    6.2161458333e-01
       205   -5.7975723858e+01    3.3621271720e+03   -8.3927131035e+01    2.5951407177e+01    3.8888098615e+01   -1.3228772456e+02    9.4724949064e+00    2.0480000000e+03    4.7632541973e-03    6.2687174479e-01
       206   -5.7976597749e+01    3.3622915215e+03   -8.3888020664e+01    2.5911422915e+01    3.9049621547e+01   -1.3288630936e+02    9.9486671533e+00    2.0480000000e+03    4.7576331999e-03    6.2428385417e-01
       207   -5.8007149251e+01    3.3656551922e+03   -8.4544893564e+01    2.6537744313e+01    3.9136305589e+01   -1.3297610224e+02    9.2949030861e+00    2.0480000000e+03    4.7617133241e-03    6.2301432292e-01
       208   -5.7986827361e+01    3.3634070957e+03   -8.4269584615e+01    2.6282757255e+01    3.8944662905e+01   -1.3239881920e+02    9.1845716761e+00    2.0480000000e+03    4.8107835464e-03    6.2363281250e-01
       209   -5.8007791898e+01    3.3655735819e+03   -8.4424368948e+01    2.6416577050e+01    3.9217525415e+01   -1.3316406809e+02    9.5221737312e+00    2.0480000000e+03    4.7730072401e-03    6.2365722656e-01
       210   -5.7991445823e+01    3.3637836788e+03   -8.4575965054e+01    2.6584519231e+01    3.9132618871e+01   -1.3280256293e+02    9.0939790068e+00    2.0480000000e+03    4.7727152705e-03    6.2359212240e-01
       211   -5.7949956670e+01    3.3590986942e+03   -8.4703470750e+01    2.6753514080e+01    3.9271991820e+01   -1.3353000310e+02    9.5545405303e+00    2.0480000000e+03    4.7795842402e-03    6.2349446615e-01
       212   -5.7994806793e+01    3.3643442550e+03   -8.4370996694e+01    2.6376189902e+01    3.9140302423e+01   -1.3322092590e+02    9.7096267849e+00    2.0480000000e+03    4.7717960551e-03    6.2360839844e-01
       213   -5.7990147687e+01    3.3636578857e+03   -8.4530807060e+01    2.6540659373e+01    3.9074973064e+01   -1.3274041466e+02    9.1346345385e+00    2.0480000000e+03    4.7780226450e-03    6.2574055990e-01
       214   -5.7974700212e+01    3.3618650689e+03   -8.4545055664e+01    2.6570355452e+01    3.9133654828e+01   -1.3312570267e+02    9.4469921745e+00    2.0480000000e+03    4.7725783661e-03    6.2420247396e-01
       215   -5.8017790387e+01    3.3668622619e+03   -8.4423410944e+01    2.6405620558e+01    3.9094359930e+01   -1.3279983889e+02    9.2820680160e+00    2.0480000000e+03    4.7770983074e-03    6.2281901042e-01
       216   -5.7991292164e+01    3.3638389898e+03   -8.4238989695e+01    2.6247697530e+01    3.9078907818e+01   -1.3310004102e+02    9.7821435102e+00    2.0480000000e+03    4.7823514324e-03    6.2503255208e-01
       217   -5.8015366466e+01    3.3665525486e+03   -8.4480000384e+01    2.6464633918e+01    3.9346179273e+01   -1.3314496179e+02    9.3187821296e+00    2.0480000000e+03    4.7754393891e-03    6.2433268229e-01
       218   -5.8023315072e+01    3.3674754519e+03   -8.4144392807e+01    2.6121077734e+01    3.9071022505e+01   -1.3281539037e+02    9.5999750597e+00    2.0480000000e+03    4.7749795485e-03    6.2552083333e-01
       219   -5.7985681340e+01    3.3632915496e+03   -8.4600102495e+01    2.6614421155e+01    3.8981940167e+01   -1.3241397662e+02    8.8319339623e+00    2.0480000000e+03    4.7547514550e-03    6.2260742187e-01
       220   -5.8003144746e+01    3.3650097813e+03   -8.4111517482e+01    2.6108372736e+01    3.8929637925e+01   -1.3225379249e+02    9.2126370859e+00    2.0480000000e+03    4.7634297516e-03    6.2516276042e-01
       221   -5.7997912282e+01    3.3646829258e+03   -8.4029855923e+01    2.6031943641e+01    3.9156204556e+01   -1.3303175839e+02    9.8456979146e+00    2.0480000000e+03    4.7542036045e-03    6.2342936198e-01
       222   -5.7990038911e+01    3.3636744678e+03   -8.4382986878e+01    2.6392947967e+01    3.8970847714e+01   -1.3263783478e+02    9.2840001862e+00    2.0480000000e+03    4.7516515478e-03    6.2072753906e-01
       223   -5.8004273899e+01    3.3653109246e+03   -8.4496959978e+01    2.6492686080e+01    3.9003476854e+01   -1.3298285966e+02    9.4824228252e+00    2.0480000000e+03    4.7690621577e-03    6.2416992187e-01
       224   -5.7977588856e+01    3.3621230509e+03   -8.3936115508e+01    2.5958526652e+01    3.8958423696e+01   -1.3215143100e+02    9.2568917936e+00    2.0480000000e+03    4.7722156160e-03    6.2462565104e-01
       225   -5.8009224400e+01    3.3658136895e+03   -8.4128879396e+01    2.6119654997e+01    3.8872944280e+01   -1.3211588580e+02    9.1140621283e+00    2.0480000000e+03    4.7652695794e-03    6.2263997396e-01
       226   -5.7979604423e+01    3.3623908691e+03   -8.4719605499e+01    2.6740001076e+01    3.8982099957e+01   -1.3286060107e+02    9.1588956182e+00    2.0480000000e+03    4.7746440396e-03    6.2263183594e-01
       227   -5.7988482282e+01    3.3635649765e+03   -8.4128844421e+01    2.6140362139e+01    3.9059687351e+01   -1.3309689670e+02    9.9083649304e+00    2.0480000000e+03    4.7810825054e-03    6.2477213542e-01
       228   -5.8013991175e+01    3.3665769520e+03   -8.4230242108e+01    2.6216250933e+01    3.9084811241e+01   -1.3231587254e+02    9.0008191866e+00    2.0480000000e+03    4.7592164483e-03    6.2228190104e-01
       229   -5.7988792650e+01    3.3634677493e+03   -8.4493541815e+01    2.6504749165e+01    3.9099506307e+01   -1.3293400852e+02    9.3409603943e+00    2.0480000000e+03    4.7706433106e-03    6.2569173177e-01
       230   -5.8043636708e+01    3.3698893885e+03   -8.4559492917e+01    2.6515856209e+01    3.9204833344e+01   -1.3319959351e+02    9.4352672513e+00    2.0480000000e+03    4.7692847438e-03    6.2548828125e-01
       231   -5.8016360476e+01    3.3666811570e+03   -8.4733078016e+01    2.6716717540e+01    3.9123292673e+01   -1.3276580864e+02    8.9094379507e+00    2.0480000000e+03    4.7579745296e-03    6.2209472656e-01
       232   -5.8002027705e+01    3.3649728045e+03   -8.4077914447e+01    2.6075886742e+01    3.8892483803e+01   -1.3188287461e+02    8.9124763559e+00    2.0480000000e+03    4.7566175926e-03    6.2285156250e-01
       233   -5.7981646857e+01    3.3630048686e+03   -8.3868878953e+01    2.5887232096e+01    3.8844828455e+01   -1.3256037742e+02    9.8466700150e+00    2.0480000000e+03    4.7614439391e-03    6.2578938802e-01
       234   -5.7972489333e+01    3.3615848800e+03   -8.4465638302e+01    2.6493148970e+01    3.9021607496e+01   -1.3290123433e+02    9.4139885364e+00    2.0480000000e+03    4.7612434719e-03    6.2403157552e-01
       235   -5.7980302351e+01    3.3626066492e+03   -8.4001210718e+01    2.6020908367e+01    3.9144966160e+01   -1.3288431112e+02    9.7381342444e+00    2.0480000000e+03    4.7634998336e-03    6.2198893229e-01
       236   -5.8004360228e+01    3.3653562827e+03   -8.4311875737e+01    2.6307515510e+01    3.9292869990e+01   -1.3313837857e+02    9.5336328438e+00    2.0480000000e+03    4.7831151169e-03    6.2565917969e-01
       237   -5.7992060459e+01    3.3639315631e+03   -8.4663080286e+01    2.6671019827e+01    3.9127988126e+01   -1.3341886604e+02    9.6277976269e+00    2.0480000000e+03    4.7849658877e-03    6.2515462240e-01
       238   -5.7986215233e+01    3.3634771735e+03   -8.4371722333e+01    2.6385507100e+01    3.8942659500e+01   -1.3249512686e+02    9.1807450236e+00    2.0480000000e+03    4.7685317695e-03    6.2428385417e-01
       239   -5.8015955950e+01    3.3665995546e+03   -8.4350140169e+01    2.6334184219e+01    3.9039235571e+01   -1.3237113969e+02    8.9817639458e+00    2.0480000000e+03    4.8469421454e-03    6.2422688802e-01
       240   -5.8010491032e+01    3.3659078118e+03   -8.4242947322e+01    2.6232456290e+01    3.8964254317e+01   -1.3239775439e+02    9.1905527526e+00    2.0480000000e+03    5.1152806263e-03    6.2438964844e-01
       241   -5.8011261139e+01    3.3660557697e+03   -8.4364693552e+01    2.6353432413e+01    3.8994669724e+01   -1.3273641514e+02    9.3770518681e+00    2.0480000000e+03    4.8210669775e-03    6.2017415365e-01
       242   -5.7968596594e+01    3.3612252324e+03   -8.4026488506e+01    2.6057891912e+01    3.9088299016e+01   -1.3238953350e+02    9.2747459778e+00    2.0480000000e+03    4.7933883034e-03    6.2298177083e-01
       243   -5.8007704023e+01    3.3656932054e+03   -8.4293488276e+01    2.6285784253e+01    3.9008426478e+01   -1.3242179507e+02    9.1198803135e+00    2.0480000000e+03    4.7762393951e-03    6.2425944010e-01
       244   -5.8015410789e+01    3.3665935077e+03   -8.4643305045e+01    2.6627894256e+01    3.9086281724e+01   -1.3293729614e+02    9.2077093757e+00    2.0480000000e+03    4.7834042925e-03    6.2539062500e-01
       245   -5.7989339739e+01    3.3635310879e+03   -8.4263334770e+01    2.6273995031e+01    3.9041230969e+01   -1.3258837971e+02    9.2838139695e+00    2.0480000000e+03    4.7807949595e-03    6.2467447917e-01
       246   -5.8005090725e+01    3.3655023316e+03   -8.4638483757e+01    2.6633393033e+01    3.9011288359e+01   -1.3288180090e+02    9.2320287809e+00    2.0480000000e+03    4.7701164149e-03    6.2415364583e-01
       247   -5.7958536454e+01    3.3601774336e+03   -8.4207546360e+01    2.6249009906e+01    3.8978732546e+01   -1.3221351517e+02    9.0272362607e+00    2.0480000000e+03    4.7639633995e-03    6.2160644531e-01
       248   -5.7981529631e+01    3.3626247314e+03   -8.3918786918e+01    2.5937257287e+01    3.9023152133e+01   -1.3243776424e+02    9.4958251898e+00    2.0480000000e+03    4.7950735316e-03    6.2556966146e-01
       249   -5.7991493675e+01    3.3637917661e+03   -8.4280744117e+01    2.6289250442e+01    3.8893016834e+01   -1.3210602071e+02    8.9322597543e+00    2.0480000000e+03    4.7827600501e-03    6.2268066406e-01
       250   -5.8019027505e+01    3.3669182722e+03   -8.4230268184e+01    2.6211240679e+01    3.8985887540e+01   -1.3277844893e+02    9.5622932053e+00    2.0480000000e+03    4.7631340567e-03    6.2154947917e-01
       251   -5.8003605740e+01    3.3652653667e+03   -8.4598531447e+01    2.6594925707e+01    3.8978726973e+01   -1.3245345388e+02    8.8761954548e+00    2.0480000000e+03    4.7614141367e-03    6.2316080729e-01
       252   -5.7998073188e+01    3.3644594469e+03   -8.4213583250e+01    2.6215510061e+01    3.8931918451e+01   -1.3212479908e+02    8.9792973803e+00    2.0480000000e+03    4.7658649273e-03    6.2448730469e-01
       253   -5.8008479062e+01    3.3657555803e+03   -8.4243623947e+01    2.6235144885e+01    3.9220667324e+01   -1.3297549641e+02    9.5112051382e+00    2.0480000000e+03    4.7607596498e-03    6.2382812500e-01
       254   -5.7966951281e+01    3.3608631059e+03   -8.4430144239e+01    2.6463192958e+01    3.9135545793e+01   -1.3278823364e+02    9.2225436062e+00    2.0480000000e+03    4.7588995658e-03    6.2314453125e-01
       255   -5.7964944904e+01    3.3607583747e+03   -8.4328690666e+01    2.6363745762e+01    3.9095515492e+01   -1.3260422431e+02    9.1800181484e+00    2.0480000000e+03    4.7616001684e-03    6.2416178385e-01
       256   -5.8008240584e+01    3.3658346709e+03   -8.4363663905e+01    2.6355423321e+01    3.9302950344e+01   -1.3351749632e+02    9.8508820754e+00    2.0480000000e+03    4.7591282055e-03    6.2425944010e-01
       257   -5.7982038072e+01    3.3627906658e+03   -8.4375876675e+01    2.6393838603e+01    3.9173991730e+01   -1.3298087166e+02    9.4310032535e+00    2.0480000000e+03    4.7801053151e-03    6.2938639323e-01
       258   -5.7936569783e+01    3.3574505978e+03   -8.4245165765e+01    2.6308595982e+01    3.9231930740e+01   -1.3284976929e+02    9.3726727890e+00    2.0480000000e+03    4.7681974247e-03    6.2615559896e-01
       259   -5.8018913751e+01    3.3673125360e+03   -8.3964621167e+01    2.5945707416e+01    3.9028638227e+01   -1.3225227287e+02    9.2590134778e+00    2.0480000000e+03    4.7599163372e-03    6.2384440104e-01
       260   -5.8003366691e+01    3.3651658732e+03   -8.3818411207e+01    2.5815044516e+01    3.8958013146e+01   -1.3206680087e+02    9.2903765177e+00    2.0480000000e+03    4.7706337646e-03    6.2542317708e-01
       261   -5.7976062815e+01    3.3620696847e+03   -8.4069132061e+01    2.6093069247e+01    3.8760776638e+01   -1.3248862214e+02    9.6587134386e+00    2.0480000000e+03    4.7590022441e-03    6.2495117188e-01
       262   -5.8036645568e+01    3.3691776386e+03   -8.4126274566e+01    2.6089628998e+01    3.9098048184e+01   -1.3290074913e+02    9.6764263836e+00    2.0480000000e+03    4.7591545153e-03    6.2426757812e-01
       263   -5.7994560267e+01    3.3641054651e+03   -8.3994715096e+01    2.6000154829e+01    3.8954416715e+01   -1.3211209800e+02    9.1629661871e+00    2.0480000000e+03    4.7700691503e-03    6.2469075521e-01
       264   -5.7977838414e+01    3.3622461450e+03   -8.4092579129e+01    2.6114740715e+01    3.8977133087e+01   -1.3282606747e+02    9.7563552581e+00    2.0480000000e+03    4.7575153876e-03    6.2503255208e-01
       265   -5.7990823440e+01    3.3639545759e+03   -8.5251046938e+01    2.7260223499e+01    3.9017381486e+01   -1.3241786718e+02    8.1494387515e+00    2.0480000000e+03    4.7558557708e-03    6.2303059896e-01
       266   -5.7973107981e+01    3.3617698903e+03   -8.4207606897e+01    2.6234498916e+01    3.9217138542e+01   -1.3238956678e+02    8.9648213422e+00    2.0480000000e+03    4.7602034174e-03    6.2465820312e-01
       267   -5.8017828512e+01    3.3669918840e+03   -8.4492020278e+01    2.6474191766e+01    3.9065551362e+01   -1.3278032616e+02    9.2227545171e+00    2.0480000000e+03    4.7669450287e-03    6.2548014323e-01
       268   -5.7998105900e+01    3.3646274236e+03   -8.4126548609e+01    2.6128442709e+01    3.9054550493e+01   -1.3268856500e+02    9.5074659007e+00    2.0480000000e+03    4.7652528156e-03    6.2615559896e-01
       269   -5.8005312828e+01    3.3654459082e+03   -8.4200325228e+01    2.6195012399e+01    3.9062072743e+01   -1.3262804415e+02    9.3656461796e+00    2.0480000000e+03    4.7509237193e-03    6.2338867188e-01
       270   -5.7984209382e+01    3.3630528214e+03   -8.4112631531e+01    2.6128422149e+01    3.9085522108e+01   -1.3235416038e+02    9.1560067457e+00    2.0480000000e+03    4.7587773297e-03    6.2364908854e-01
       271   -5.7969627977e+01    3.3613966476e+03   -8.4210058740e+01    2.6240430763e+01    3.9307566032e+01   -1.3330399280e+02    9.7863680266e+00    2.0480000000e+03    4.7614087816e-03    6.2362467448e-01
       272   -5.8022943896e+01    3.3675100300e+03   -8.4579443198e+01    2.6556499303e+01    3.9146334657e+01   -1.3305597645e+02    9.3301985975e+00    2.0480000000e+03    4.7751141246e-03    6.2450358073e-01
       273   -5.7981068976e+01    3.3625709453e+03   -8.4309357060e+01    2.6328288084e+01    3.9265770419e+01   -1.3326563183e+02    9.6905043471e+00    2.0480000000e+03    4.7618288081e-03    6.2252604167e-01
       274   -5.8021502407e+01    3.3674979020e+03   -8.4239951994e+01    2.6218449586e+01    3.9189711349e+01   -1.3316898421e+02    9.7393208696e+00    2.0480000000e+03    4.7618695535e-03    6.2323404948e-01
       275   -5.8020665371e+01    3.3671613116e+03   -8.4201750220e+01    2.6181084849e+01    3.8894082564e+01   -1.3218237407e+02    9.0865412816e+00    2.0480000000e+03    4.7534902114e-03    6.2302246094e-01
       276   -5.8026170781e+01    3.3678805478e+03   -8.3792761718e+01    2.5766590937e+01    3.8874250064e+01   -1.3207570208e+02    9.4086902979e+00    2.0480000000e+03    4.7542972025e-03    6.2281087240e-01
       277   -5.7967151110e+01    3.3610585447e+03   -8.3849421869e+01    2.5882270760e+01    3.8896140848e+01   -1.3197369560e+02    9.2281328839e+00    2.0480000000e+03    4.7535684425e-03    6.2281901042e-01
       278   -5.8018448684e+01    3.3670363171e+03   -8.4737332094e+01    2.6718883409e+01    3.9246974983e+01   -1.3332152653e+02    9.3372194546e+00    2.0480000000e+03    4.7693322413e-03    6.2419433594e-01
       279   -5.7987426966e+01    3.3633178656e+03   -8.4621682189e+01    2.6634255223e+01    3.9048256424e+01   -1.3269424950e+02    9.0243108862e+00    2.0480000000e+03    4.7624178696e-03    6.2446289063e-01
       280   -5.8019905686e+01    3.3670989054e+03   -8.4228184833e+01    2.6208279148e+01    3.9124147000e+01   -1.3255721756e+02    9.2048857248e+00    2.0480000000e+03    4.7591736075e-03    6.2046712240e-01
       281   -5.7973638244e+01    3.3620747985e+03   -8.4251436459e+01    2.6277798215e+01    3.9132419732e+01   -1.3297603754e+02    9.5921813465e+00    2.0480000000e+03    4.7632441856e-03    6.2537434896e-01
       282   -5.7973101085e+01    3.3616556596e+03   -8.4329429712e+01    2.6356328627e+01    3.8946025506e+01   -1.3220835327e+02    8.9328980523e+00    2.0480000000e+03    4.7528930008e-03    6.2150878906e-01
       283   -5.8004002676e+01    3.3652231597e+03   -8.4195366758e+01    2.6191364082e+01    3.8929682513e+01   -1.3230619110e+02    9.1811418332e+00    2.0480000000e+03    4.7604965512e-03    6.2411295573e-01
       284   -5.8014519819e+01    3.3665148788e+03   -8.4058230833e+01    2.6043711014e+01    3.9108238928e+01   -1.3224186806e+02    9.0753982972e+00    2.0480000000e+03    4.7695494723e-03    6.2619628906e-01
       285   -5.8026161485e+01    3.3677332708e+03   -8.4473115249e+01    2.6446953765e+01    3.8970452577e+01   -1.3271366941e+02    9.2701015830e+00    2.0480000000e+03    4.7594835050e-03    6.2509765625e-01
       286   -5.8013629632e+01    3.3663926760e+03   -8.4090017817e+01    2.6076388185e+01    3.9091924091e+01   -1.3238937634e+02    9.2074344313e+00    2.0480000000e+03    4.7591316979e-03    6.2325032552e-01
       287   -5.8011324871e+01    3.3661112085e+03   -8.4465850965e+01    2.6454526094e+01    3.9206734133e+01   -1.3331669317e+02    9.6441080756e+00    2.0480000000e+03    4.7547151335e-03    6.2281901042e-01
       288   -5.8006905886e+01    3.3657451591e+03   -8.4345927717e+01    2.6339021830e+01    3.9229031916e+01   -1.3301691420e+02    9.4419545672e+00    2.0480000000e+03    4.7614395153e-03    6.2431640625e-01
       289   -5.7986890351e+01    3.3633607654e+03   -8.4380460411e+01    2.6393570060e+01    3.9146969497e+01   -1.3259804314e+02    9.0706132316e+00    2.0480000000e+03    4.7723543830e-03    6.2543131510e-01
       290   -5.8011250802e+01    3.3659882701e+03   -8.3881121323e+01    2.5869870521e+01    3.8835139029e+01   -1.3174890852e+02    9.0326481709e+00    2.0480000000e+03    4.7589093447e-03    6.2325846354e-01
       291   -5.7945567744e+01    3.3587137541e+03   -8.4412704220e+01    2.6467136476e+01    3.9141519644e+01   -1.3341424249e+02    9.8600186218e+00    2.0480000000e+03    4.7517409548e-03    6.2316894531e-01
       292   -5.7994487604e+01    3.3641913303e+03   -8.4475815328e+01    2.6481327724e+01    3.8960399013e+01   -1.3250039819e+02    9.0641838505e+00    2.0480000000e+03    4.7537179198e-03    6.2265625000e-01
       293   -5.7948915572e+01    3.3594227500e+03   -8.4197995241e+01    2.6249079669e+01    3.9103086274e+01   -1.3286726145e+02    9.5661799349e+00    2.0480000000e+03    4.7543724068e-03    6.2321777344e-01
       294   -5.7959853275e+01    3.3601441148e+03   -8.4357598060e+01    2.6397744785e+01    3.9164339215e+01   -1.3316867426e+02    9.6467369854e+00    2.0480000000e+03    4.7708011698e-03    6.2561848958e-01
       295   -5.7967230558e+01    3.3609755131e+03   -8.4434523695e+01    2.6467293137e+01    3.9036218355e+01   -1.3266255648e+02    9.1918144261e+00    2.0480000000e+03    4.7504000831e-03    6.2189127604e-01
       296   -5.8006502238e+01    3.3655783704e+03   -8.4201185495e+01    2.6194683257e+01    3.9072232191e+01   -1.3277550668e+02    9.5020889902e+00    2.0480000000e+03    4.7481560614e-03    6.2266438802e-01
       297   -5.7980807551e+01    3.3625192781e+03   -8.4564603656e+01    2.6583796105e+01    3.9258121454e+01   -1.3308855306e+02    9.2658279484e+00    2.0480000000e+03    4.7588073649e-03    6.2331542969e-01
       298   -5.7991432510e+01    3.3638256229e+03   -8.4136390706e+01    2.6144958196e+01    3.9097911090e+01   -1.3236630747e+02    9.1320056762e+00    2.0480000000e+03    4.7640802804e-03    6.2318522135e-01
       299   -5.8010427464e+01    3.3661824196e+03   -8.4646286514e+01    2.6635859050e+01    3.9039561686e+01   -1.3309335545e+02    9.4075072529e+00    2.0480000000e+03    4.7644276638e-03    6.2276204427e-01
       300   -5.7979912704e+01    3.3626230850e+03   -8.4463314740e+01    2.6483402036e+01    3.9156790804e+01   -1.3316022186e+02    9.5401163153e+00    2.0480000000e+03    4.7624234576e-03    6.2294921875e-01
       301   -5.7985608352e+01    3.3632747006e+03   -8.4257939997e+01    2.6272331645e+01    3.9151671318e+01   -1.3330682644e+02    9.8972151278e+00    2.0480000000e+03    4.7694679815e-03    6.2321777344e-01
       302   -5.8034716046e+01    3.3688313632e+03   -8.4279309937e+01    2.6244593891e+01    3.8974319715e+01   -1.3254459291e+02    9.2909632535e+00    2.0480000000e+03    4.7614898067e-03    6.2335611979e-01
       303   -5.7982527548e+01    3.3626452326e+03   -8.4000510171e+01    2.6017982623e+01    3.9014960515e+01   -1.3252410060e+02    9.5086299095e+00    2.0480000000e+03    4.7567291185e-03    6.2253417969e-01
       304   -5.7972337988e+01    3.3615410289e+03   -8.4141209706e+01    2.6168871718e+01    3.9153222222e+01   -1.3291971424e+02    9.6252823126e+00    2.0480000000e+03    4.7478680499e-03    6.2167154948e-01
       305   -5.7943297492e+01    3.3583247491e+03   -8.4409259840e+01    2.6465962348e+01    3.9003519763e+01   -1.3237921339e+02    8.9664337877e+00    2.0480000000e+03    4.7616565134e-03    6.2543945313e-01
       306   -5.8001979709e+01    3.3650476810e+03   -8.4175627913e+01    2.6173648204e+01    3.9060628230e+01   -1.3261160017e+02    9.3753440217e+00    2.0480000000e+03    4.7484894749e-03    6.2106933594e-01
       307   -5.7971319440e+01    3.3614855707e+03   -8.4276901657e+01    2.6305582217e+01    3.9078402255e+01   -1.3244184282e+02    9.0865389077e+00    2.0480000000e+03    4.7594404314e-03    6.2288411458e-01
       308   -5.7986950914e+01    3.3633199867e+03   -8.4142651258e+01    2.6155700343e+01    3.8890508798e+01   -1.3247691911e+02    9.4437590546e+00    2.0480000000e+03    4.7512357123e-03    6.2326660156e-01
       309   -5.7974138623e+01    3.3618754582e+03   -8.4272171124e+01    2.6298032501e+01    3.8752991128e+01   -1.3220211080e+02    9.1769485489e+00    2.0480000000e+03    4.7634043731e-03    6.2591145833e-01
       310   -5.7978755780e+01    3.3624515015e+03   -8.3883997232e+01    2.5905241452e+01    3.8950607565e+01   -1.3251207554e+02    9.6774707391e+00    2.0480000000e+03    4.7556296922e-03    6.2262369792e-01
       311   -5.8003993458e+01    3.3651914775e+03   -8.4334228510e+01    2.6330235052e+01    3.9077979821e+01   -1.3284852998e+02    9.4363216465e+00    2.0480000000e+03    4.7638611868e-03    6.2575683594e-01
       312   -5.7955972822e+01    3.3596992881e+03   -8.4237008598e+01    2.6281035776e+01    3.9060223071e+01   -1.3277211380e+02    9.4748821349e+00    2.0480000000e+03    4.7638965771e-03    6.2538248698e-01
       313   -5.7983396186e+01    3.3629763161e+03   -8.4052355899e+01    2.6068959713e+01    3.9044764357e+01   -1.3247907144e+02    9.3819511878e+00    2.0480000000e+03    4.7595682554e-03    6.2308756510e-01
       314   -5.7976753746e+01    3.3621568389e+03   -8.4277549460e+01    2.6300795713e+01    3.9241650933e+01   -1.3328326360e+02    9.7640632042e+00    2.0480000000e+03    4.7607098240e-03    6.2340494792e-01
       315   -5.7991488959e+01    3.3638511843e+03   -8.4001974296e+01    2.6010485337e+01    3.9059371061e+01   -1.3258502059e+02    9.5236752364e+00    2.0480000000e+03    4.7531563323e-03    6.2312011719e-01
       316   -5.7995741148e+01    3.3641882150e+03   -8.4279411571e+01    2.6283670423e+01    3.9027022787e+01   -1.3222171644e+02    8.9152820782e+00    2.0480000000e+03    4.7770687379e-03    6.2343750000e-01
       317   -5.8002135894e+01    3.3650904432e+03   -8.4121736303e+01    2.6119600409e+01    3.9110506745e+01   -1.3278700639e+02    9.5547633466e+00    2.0480000000e+03    4.7619917896e-03    6.2258300781e-01
       318   -5.8023075476e+01    3.3675513462e+03   -8.4564623785e+01    2.6541548310e+01    3.9065423692e+01   -1.3265828568e+02    9.0282382078e+00    2.0480000000e+03    4.7667922918e-03    6.2422688802e-01
       319   -5.7981728408e+01    3.3626680014e+03   -8.4547396294e+01    2.6565667885e+01    3.9299818048e+01   -1.3338774826e+02    9.5405339222e+00    2.0480000000e+03    4.7731753439e-03    6.2499186198e-01
       320   -5.7973559955e+01    3.3616880558e+03   -8.4428104531e+01    2.6454544577e+01    3.9218732654e+01   -1.3322210397e+02    9.5752667870e+00    2.0480000000e+03    4.7543551773e-03    6.2200520833e-01
       321   -5.7998003914e+01    3.3645825649e+03   -8.4235849254e+01    2.6237845340e+01    3.9097909676e+01   -1.3257888854e+02    9.2451296064e+00    2.0480000000e+03    4.7668507323e-03    6.2373046875e-01
       322   -5.7989534253e+01    3.3636231280e+03   -8.3789196705e+01    2.5799662452e+01    3.9074251575e+01   -1.3264721016e+02    9.7837618769e+00    2.0480000000e+03    4.7566576395e-03    6.2114257812e-01
       323   -5.7951875701e+01    3.3592972893e+03   -8.4308954729e+01    2.6357079029e+01    3.9159471571e+01   -1.3300175719e+02    9.5333308891e+00    2.0480000000e+03    4.7812433913e-03    6.2386881510e-01
       324   -5.7981072157e+01    3.3625600272e+03   -8.4270993859e+01    2.6289921703e+01    3.9132009377e+01   -1.3264558179e+02    9.2425785558e+00    2.0480000000e+03    4.7696698457e-03    6.2293294271e-01
       325   -5.8000469914e+01    3.3648342840e+03   -8.4253586683e+01    2.6253116769e+01    3.9117814686e+01   -1.3261700814e+02    9.2456067734e+00    2.0480000000e+03    4.7785472125e-03    6.2409667969e-01
       326   -5.8037975496e+01    3.3691568679e+03   -8.4359469841e+01    2.6321494345e+01    3.9128385349e+01   -1.3267987605e+02    9.1920208584e+00    2.0480000000e+03    4.7845607623e-03    6.2495117188e-01
       327   -5.7994738598e+01    3.3642111729e+03   -8.4155030161e+01    2.6160291563e+01    3.9032100445e+01   -1.3276728972e+02    9.5801591153e+00    2.0480000000e+03    4.7703720629e-03    6.2316080729e-01
       328   -5.7992350369e+01    3.3638924131e+03   -8.4632340900e+01    2.6639990531e+01    3.9124061616e+01   -1.3296974043e+02    9.2133379098e+00    2.0480000000e+03    4.7653345391e-03    6.2294921875e-01
       329   -5.7979229892e+01    3.3624424712e+03   -8.4378630811e+01    2.6399400919e+01    3.9205505913e+01   -1.3298870241e+02    9.4045656836e+00    2.0480000000e+03    4.7701206058e-03    6.2299804688e-01
       330   -5.7992387483e+01    3.3639975884e+03   -8.4285565370e+01    2.6293177888e+01    3.9141784191e+01   -1.3289705036e+02    9.4697008005e+00    2.0480000000e+03    4.7665028833e-03    6.2337239583e-01
       331   -5.7969832704e+01    3.3613057947e+03   -8.4283452746e+01    2.6313620042e+01    3.9320612692e+01   -1.3309080112e+02    9.4867356797e+00    2.0480000000e+03    4.7619126271e-03    6.2281087240e-01
       332   -5.7985357390e+01    3.3631449419e+03   -8.4031748790e+01    2.6046391400e+01    3.9152438191e+01   -1.3311450309e+02    9.9303161102e+00    2.0480000000e+03    4.7569780145e-03    6.2140299479e-01
       333   -5.7999063055e+01    3.3649975190e+03   -8.4156611336e+01    2.6157548281e+01    3.8961663806e+01   -1.3271160679e+02    9.5933316470e+00    2.0480000000e+03    4.7661061399e-03    6.2518717448e-01
       334   -5.7974445227e+01    3.3619441419e+03   -8.3878105381e+01    2.5903660154e+01    3.8908244151e+01   -1.3211018427e+02    9.3238347341e+00    2.0480000000e+03    4.7664246522e-03    6.2541503906e-01
       335   -5.7981501551e+01    3.3627985836e+03   -8.4426287939e+01    2.6444786388e+01    3.9110350630e+01   -1.3272319698e+02    9.1865584068e+00    2.0480000000e+03    4.7529183794e-03    6.2194010417e-01
       336   -5.8017279404e+01    3.3668709285e+03   -8.4463393949e+01    2.6446114545e+01    3.9075348397e+01   -1.3289820963e+02    9.3594672824e+00    2.0480000000e+03    4.7686703037e-03    6.2335611979e-01
       337   -5.7958563226e+01    3.3599978782e+03   -8.3994670536e+01    2.6036107310e+01    3.8914768413e+01   -1.3171274102e+02    8.8033020663e+00    2.0480000000e+03    4.7724407632e-03    6.2511393229e-01
       338   -5.7986835985e+01    3.3633127880e+03   -8.4416312201e+01    2.6429476215e+01    3.8958079525e+01   -1.3247652103e+02    9.1021293046e+00    2.0480000000e+03    4.7677292023e-03    6.2307942708e-01
       339   -5.8019231296e+01    3.3670211838e+03   -8.4254312630e+01    2.6235081333e+01    3.9217927020e+01   -1.3276887532e+02    9.2966356740e+00    2.0480000000e+03    4.7927598935e-03    6.2442220052e-01
       340   -5.7982124085e+01    3.3626299110e+03   -8.4780345869e+01    2.6798221784e+01    3.9244431500e+01   -1.3313224160e+02    9.1074642305e+00    2.0480000000e+03    4.7946819104e-03    6.2375488281e-01
       341   -5.7990455368e+01    3.3637028448e+03   -8.4357161326e+01    2.6366705958e+01    3.9164942836e+01   -1.3280738597e+02    9.2852818115e+00    2.0480000000e+03    4.7794766724e-03    6.2210286458e-01
       342   -5.7982305339e+01    3.3627792925e+03   -8.4197463470e+01    2.6215158131e+01    3.9147635687e+01   -1.3298268894e+02    9.6375897830e+00    2.0480000000e+03    4.7627687454e-03    6.2128906250e-01
       343   -5.7982874617e+01    3.3627636365e+03   -8.4111414961e+01    2.6128540344e+01    3.9200981741e+01   -1.3298668433e+02    9.6742876271e+00    2.0480000000e+03    4.7616609372e-03    6.2296549479e-01
       344   -5.8001956394e+01    3.3649288830e+03   -8.4213548520e+01    2.6211592127e+01    3.9019463887e+01   -1.3241565928e+02    9.1826468682e+00    2.0480000000e+03    4.7568089794e-03    6.2427571615e-01
       345   -5.7987185293e+01    3.3634406404e+03   -8.4495482850e+01    2.6508297557e+01    3.9112087617e+01   -1.3257581668e+02    8.9682462166e+00    2.0480000000e+03    4.7658649273e-03    6.2500000000e-01
       346   -5.7929553994e+01    3.3567306830e+03   -8.4221868186e+01    2.6292314193e+01    3.9047179552e+01   -1.3287931989e+02    9.6102721534e+00    2.0480000000e+03    4.7579139937e-03    6.2228190104e-01
       347   -5.7976315754e+01    3.3620373217e+03   -8.4062765085e+01    2.6086449331e+01    3.8964729661e+01   -1.3240698305e+02    9.3794883022e+00    2.0480000000e+03    4.7623668797e-03    6.2205403646e-01
       348   -5.7997998558e+01    3.3645555849e+03   -8.4162120644e+01    2.6164122086e+01    3.8902296833e+01   -1.3236259630e+02    9.2981788187e+00    2.0480000000e+03    4.7615705989e-03    6.2261555990e-01
       349   -5.8010567989e+01    3.3661417725e+03   -8.3819160550e+01    2.5808592561e+01    3.8934082827e+01   -1.3221669256e+02    9.4634491814e+00    2.0480000000e+03    4.7646532767e-03    6.2385253906e-01
       350   -5.7985179360e+01    3.3631775679e+03   -8.3868033580e+01    2.5882854219e+01    3.9236372442e+01   -1.3275466871e+02    9.6502626866e+00    2.0480000000e+03    4.7761658207e-03    6.2377115885e-01
       351   -5.8032169281e+01    3.3684544238e+03   -8.4563512635e+01    2.6531343354e+01    3.9287622207e+01   -1.3306088295e+02    9.2097481121e+00    2.0480000000e+03    4.7723008320e-03    6.2478841146e-01
       352   -5.7999166488e+01    3.3646872624e+03   -8.4304935016e+01    2.6305768528e+01    3.9080376584e+01   -1.3296860620e+02    9.5832945990e+00    2.0480000000e+03    4.7601840924e-03    6.2013346354e-01
       353   -5.7982817475e+01    3.3629168181e+03   -8.4203535014e+01    2.6220717540e+01    3.9186611911e+01   -1.3255094753e+02    9.1608006008e+00    2.0480000000e+03    4.7715371475e-03    6.2528483073e-01
       354   -5.8007618937e+01    3.3656977588e+03   -8.4247395397e+01    2.6239776460e+01    3.9093832104e+01   -1.3287601072e+02    9.5347832185e+00    2.0480000000e+03    4.7655194066e-03    6.2524414062e-01
       355   -5.8011340558e+01    3.3661550518e+03   -8.4310425376e+01    2.6299084818e+01    3.9151342239e+01   -1.3299972540e+02    9.5379577879e+00    2.0480000000e+03    4.7673189547e-03    6.2185872396e-01
       356   -5.8031936306e+01    3.3685445045e+03   -8.4322370514e+01    2.6290434208e+01    3.9133733144e+01   -1.3342527165e+02    9.9691679890e+00    2.0480000000e+03    4.7641403507e-03    6.2375488281e-01
       357   -5.7998998731e+01    3.3649043109e+03   -8.4649675662e+01    2.6650676931e+01    3.9084012780e+01   -1.3284103698e+02    9.1073485397e+00    2.0480000000e+03    4.7605864238e-03    6.2263183594e-01
       358   -5.7955404166e+01    3.3599166898e+03   -8.4496094494e+01    2.6540690328e+01    3.9159227135e+01   -1.3293090501e+02    9.2755833827e+00    2.0480000000e+03    4.7734188847e-03    6.2374674479e-01
       359   -5.8000352991e+01    3.3647985637e+03   -8.4050433153e+01    2.6050080162e+01    3.8806342859e+01   -1.3186314076e+02    9.0063647489e+00    2.0480000000e+03    4.7621787526e-03    6.2341308594e-01
       360   -5.7989862496e+01    3.3638948864e+03   -8.4195229715e+01    2.6205367219e+01    3.8881660874e+01   -1.3289784441e+02    9.8209538200e+00    2.0480000000e+03    4.7629370820e-03    6.2532552083e-01
       361   -5.8001791143e+01    3.3653913350e+03   -8.4242187605e+01    2.6240396462e+01    3.9015190069e+01   -1.3296200989e+02    9.7046322155e+00    2.0480000000e+03    4.7596544027e-03    6.2315266927e-01
       362   -5.8006081258e+01    3.3654561250e+03   -8.4048239788e+01    2.6042158529e+01    3.8875353336e+01   -1.3266377293e+02    9.7401798030e+00    2.0480000000e+03    4.7538212966e-03    6.2284342448e-01
       363   -5.8054241758e+01    3.3710655582e+03   -8.4001892510e+01    2.5947650752e+01    3.8850941105e+01   -1.3207214502e+02    9.2193114072e+00    2.0480000000e+03    4.7552366741e-03    6.2396647135e-01
       364   -5.8011014343e+01    3.3661395864e+03   -8.4338321335e+01    2.6327306992e+01    3.9069863268e+01   -1.3268841452e+02    9.2802299200e+00    2.0480000000e+03    4.7510017175e-03    6.2269694010e-01
       365   -5.7960085565e+01    3.3602745198e+03   -8.4064499975e+01    2.6104414410e+01    3.9100190755e+01   -1.3272759065e+02    9.5628999196e+00    2.0480000000e+03    4.7626616433e-03    6.2551269531e-01
       366   -5.7983043921e+01    3.3627926855e+03   -8.4603575228e+01    2.6620531307e+01    3.9036674940e+01   -1.3258376997e+02    8.9435198055e+00    2.0480000000e+03    4.7564185224e-03    6.2400716146e-01
       367   -5.7991259000e+01    3.3637698888e+03   -8.4214720174e+01    2.6223461173e+01    3.9026927024e+01   -1.3195405833e+02    8.7124111308e+00    2.0480000000e+03    4.7491467558e-03    6.2286783854e-01
       368   -5.8021764679e+01    3.3673192588e+03   -8.3938821563e+01    2.5917056884e+01    3.8907884350e+01   -1.3210762766e+02    9.2609217446e+00    2.0480000000e+03    4.7512173187e-03    6.2261555990e-01
       369   -5.7976860625e+01    3.3623701854e+03   -8.4461659598e+01    2.6484798973e+01    3.9042287505e+01   -1.3269395000e+02    9.1900028943e+00    2.0480000000e+03    4.7538441140e-03    6.2350260417e-01
       370   -5.7982736317e+01    3.3629683730e+03   -8.4306858122e+01    2.6324121805e+01    3.9135355791e+01   -1.3311973758e+02    9.6775236662e+00    2.0480000000e+03    4.7565731220e-03    6.2319335938e-01
       371   -5.8008080743e+01    3.3658291628e+03   -8.4520859871e+01    2.6512779128e+01    3.9206874427e+01   -1.3329642042e+02    9.5686861253e+00    2.0480000000e+03    4.7611906193e-03    6.2356770833e-01
       372   -5.7992283644e+01    3.3638074602e+03   -8.4429114719e+01    2.6436831075e+01    3.8969848667e+01   -1.3243927146e+02    9.0403080793e+00    2.0480000000e+03    4.7610166948e-03    6.2366536458e-01
       373   -5.7988355150e+01    3.3635169498e+03   -8.4251855263e+01    2.6263500113e+01    3.9049640784e+01   -1.3325211805e+02    9.9506219987e+00    2.0480000000e+03    4.7717308626e-03    6.2622070312e-01
       374   -5.7978189173e+01    3.3624850101e+03   -8.4172256304e+01    2.6194067131e+01    3.9146256761e+01   -1.3287697464e+02    9.5584615797e+00    2.0480000000e+03    4.7657112591e-03    6.2591959635e-01
       375   -5.8032245033e+01    3.3685281434e+03   -8.4134471646e+01    2.6102226612e+01    3.8960813016e+01   -1.3227206889e+02    9.1767842263e+00    2.0480000000e+03    4.7553132754e-03    6.2351074219e-01
       376   -5.7984987129e+01    3.3632864815e+03   -8.4139491022e+01    2.6154503893e+01    3.8926241297e+01   -1.3267119268e+02    9.6054603653e+00    2.0480000000e+03    4.7548401635e-03    6.2320149740e-01
       377   -5.7982797698e+01    3.3628287463e+03   -8.4553640370e+01    2.6570842672e+01    3.9039727062e+01   -1.3278831153e+02    9.1949440998e+00    2.0480000000e+03    4.7577696387e-03    6.2491861979e-01
       378   -5.8011451170e+01    3.3662567171e+03   -8.4108955380e+01    2.6097504210e+01    3.8941792133e+01   -1.3290777718e+02    9.8570296691e+00    2.0480000000e+03    4.7666495666e-03    6.2649739583e-01
       379   -5.8006321258e+01    3.3657020841e+03   -8.4267067486e+01    2.6260746228e+01    3.8968496479e+01   -1.3278306084e+02    9.5474968736e+00    2.0480000000e+03    4.7508662101e-03    6.2368977865e-01
       380   -5.8004089432e+01    3.3653923498e+03   -8.3667340941e+01    2.5663251508e+01    3.9002720574e+01   -1.3247664906e+02    9.8065875427e+00    2.0480000000e+03    4.7515248880e-03    6.2311197917e-01
       381   -5.7988369765e+01    3.3635408794e+03   -8.4130743955e+01    2.6142374190e+01    3.9108800361e+01   -1.3294420956e+02    9.7046652413e+00    2.0480000000e+03    4.7573328484e-03    6.2415364583e-01
       382   -5.8000181076e+01    3.3647164914e+03   -8.4366842680e+01    2.6366661603e+01    3.9033697133e+01   -1.3234382102e+02    8.9432812118e+00    2.0480000000e+03    4.7496799380e-03    6.2342936198e-01
       383   -5.7981289417e+01    3.3626756248e+03   -8.4201071444e+01    2.6219782028e+01    3.8915399096e+01   -1.3252536022e+02    9.4088896758e+00    2.0480000000e+03    4.7693904489e-03    6.2578125000e-01
       384   -5.7993599125e+01    3.3641050875e+03   -8.4234728675e+01    2.6241129549e+01    3.9036060034e+01   -1.3250214524e+02    9.2313565338e+00    2.0480000000e+03    4.7587314621e-03    6.2259114583e-01
       385   -5.7997991944e+01    3.3645606970e+03   -8.4033400665e+01    2.6035408721e+01    3.8956953018e+01   -1.3247910911e+02    9.4887554252e+00    2.0480000000e+03    4.7548417933e-03    6.2242024740e-01
       386   -5.8037675729e+01    3.3692516934e+03   -8.4478520454e+01    2.6440844726e+01    3.8932117621e+01   -1.3247587124e+02    9.0652331651e+00    2.0480000000e+03    4.7552296892e-03    6.2364908854e-01
       387   -5.7948717309e+01    3.3588967497e+03   -8.4382579435e+01    2.6433862126e+01    3.8851025852e+01   -1.3279359330e+02    9.5599880157e+00    2.0480000000e+03    4.7566785943e-03    6.2438964844e-01
       388   -5.7971446385e+01    3.3615647572e+03   -8.4081436065e+01    2.6109989680e+01    3.9075213111e+01   -1.3286384686e+02    9.7071976875e+00    2.0480000000e+03    4.7584839631e-03    6.2491861979e-01
       389   -5.8005875141e+01    3.3654187834e+03   -8.4231745172e+01    2.6225870031e+01    3.8868202543e+01   -1.3258933147e+02    9.4893837582e+00    2.0480000000e+03    4.7384744976e-03    6.2259928385e-01
       390   -5.7962035007e+01    3.3605931420e+03   -8.4124671472e+01    2.6162636466e+01    3.8942745739e+01   -1.3250093808e+02    9.4335208680e+00    2.0480000000e+03    4.7453972511e-03    6.2235514323e-01
       391   -5.7979005407e+01    3.3634245167e+03   -8.4028046328e+01    2.6049040921e+01    3.9059750647e+01   -1.3260798334e+02    9.5201863601e+00    2.0480000000e+03    4.7632411588e-03    6.2229817708e-01
       392   -5.7977583633e+01    3.3623490623e+03   -8.3827943383e+01    2.5850359750e+01    3.9085273400e+01   -1.3290688188e+02    9.9936650926e+00    2.0480000000e+03    4.7679063864e-03    6.2495930990e-01
       393   -5.8006637280e+01    3.3655039582e+03   -8.4807752909e+01    2.6801115629e+01    3.9226377884e+01   -1.3334822642e+02    9.3140956287e+00    2.0480000000e+03    4.7737029381e-03    6.2475585938e-01
       394   -5.7978102442e+01    3.3622505016e+03   -8.4544439836e+01    2.6566337394e+01    3.9190394917e+01   -1.3288460458e+02    9.1497698305e+00    2.0480000000e+03    4.7657792456e-03    6.2303059896e-01
       395   -5.8001179508e+01    3.3648925761e+03   -8.4137104808e+01    2.6135925300e+01    3.8874368563e+01   -1.3226070972e+02    9.2492363505e+00    2.0480000000e+03    4.7730247024e-03    6.2648925781e-01
       396   -5.8002074193e+01    3.3650497561e+03   -8.4434403107e+01    2.6432328913e+01    3.8950569744e+01   -1.3271834935e+02    9.3333764978e+00    2.0480000000e+03    4.7617575619e-03    6.2387695312e-01
       397   -5.7978100265e+01    3.3622261429e+03   -8.4225357059e+01    2.6247256793e+01    3.9016917326e+01   -1.3273674819e+02    9.4944738018e+00    2.0480000000e+03    4.7615349758e-03    6.2385253906e-01
       398   -5.7960911850e+01    3.3602627185e+03   -8.3952253217e+01    2.5991341367e+01    3.8821193382e+01   -1.3253465146e+02    9.7612048587e+00    2.0480000000e+03    4.7586860601e-03    6.2500813802e-01
       399   -5.7982122382e+01    3.3626114767e+03   -8.4283350021e+01    2.6301227639e+01    3.8955253825e+01   -1.3271331995e+02    9.4747161079e+00    2.0480000000e+03    4.7437360045e-03    6.2192382813e-01
