#   index    LocalEnergy         LocalEnergy_sq      LocalPotential      Kinetic             ElecElec            LocalECP            NonLocalECP         BlockWeight         BlockCPU            AcceptRatio         
         0   -5.7993539843e+01    3.3640656006e+03   -8.3969332055e+01    2.5975792212e+01    3.9085765312e+01   -1.3228407822e+02    9.2289808565e+00    1.0240000000e+03    2.7349400334e-03    6.2221679688e-01
         1   -5.7987247350e+01    3.3632153638e+03   -8.3994767331e+01    2.6007519981e+01    3.8742280586e+01   -1.3183772297e+02    9.1006750491e+00    1.0240000000e+03    2.6380966883e-03    6.2503255208e-01
         2   -5.7988946962e+01    3.3639024870e+03   -8.4099878251e+01    2.6110931289e+01    3.9140745912e+01   -1.3300591204e+02    9.7652878737e+00    1.0240000000e+03    2.6205331087e-03    6.2320963542e-01
         3   -5.8027022412e+01    3.3678621612e+03   -8.4330382205e+01    2.6303359793e+01    3.9412029066e+01   -1.3274213486e+02    8.9997235890e+00    1.0240000000e+03    2.5869824458e-03    6.2055664062e-01
         4   -5.8001200783e+01    3.3648893726e+03   -8.4011415949e+01    2.6010215166e+01    3.8940477237e+01   -1.3233572490e+02    9.3838317129e+00    1.0240000000e+03    2.5928860996e-03    6.2438151042e-01
         5   -5.7997269558e+01    3.3643859502e+03   -8.4344220910e+01    2.6346951351e+01    3.9179130824e+01   -1.3266124732e+02    9.1378955854e+00    1.0240000000e+03    2.5947708637e-03    6.2351888021e-01
         6   -5.7969049223e+01    3.3612784416e+03   -8.4559972475e+01    2.6590923253e+01    3.9150347024e+01   -1.3304038295e+02    9.3300634470e+00    1.0240000000e+03    2.5693397038e-03    6.2314453125e-01
         7   -5.7973793302e+01    3.3620727657e+03   -8.4200210767e+01    2.6226417465e+01    3.8981053317e+01   -1.3253539546e+02    9.3541313812e+00    1.0240000000e+03    2.5939350016e-03    6.2698567708e-01
         8   -5.8014472765e+01    3.3665041326e+03   -8.4406004827e+01    2.6391532062e+01    3.8904655719e+01   -1.3290256258e+02    9.5919020367e+00    1.0240000000e+03    2.5573309977e-03    6.2420247396e-01
         9   -5.8042284689e+01    3.3697994435e+03   -8.4463931538e+01    2.6421646849e+01    3.9125996371e+01   -1.3318769442e+02    9.5977665087e+00    1.0240000000e+03    2.5961247738e-03    6.2340494792e-01
        10   -5.8000256892e+01    3.3648598389e+03   -8.4160148966e+01    2.6159892074e+01    3.9108378720e+01   -1.3306093760e+02    9.7924099190e+00    1.0240000000e+03    2.5782079902e-03    6.2304687500e-01
        11   -5.8001691239e+01    3.3648704727e+03   -8.4401238076e+01    2.6399546837e+01    3.9041761413e+01   -1.3310711233e+02    9.6641128381e+00    1.0240000000e+03    2.5843146723e-03    6.2394205729e-01
        12   -5.7939005762e+01    3.3577435874e+03   -8.4499395763e+01    2.6560390001e+01    3.8854005376e+01   -1.3285621340e+02    9.5028122654e+00    1.0240000000e+03    2.5580427609e-03    6.2560221354e-01
        13   -5.8026688559e+01    3.3678762994e+03   -8.4228710543e+01    2.6202021984e+01    3.9026702901e+01   -1.3212913483e+02    8.8737213848e+00    1.0240000000e+03    2.5650402531e-03    6.2283528646e-01
        14   -5.7987041754e+01    3.3637372011e+03   -8.4519783462e+01    2.6532741708e+01    3.8948008147e+01   -1.3240912166e+02    8.9413300536e+00    1.0240000000e+03    2.5705050211e-03    6.2543945313e-01
        15   -5.8029162767e+01    3.3681533406e+03   -8.4353762109e+01    2.6324599342e+01    3.9070013085e+01   -1.3235757768e+02    8.9338024817e+00    1.0240000000e+03    2.5839435402e-03    6.2457682292e-01
        16   -5.8009503780e+01    3.3659272404e+03   -8.4584431887e+01    2.6574928107e+01    3.9114387430e+01   -1.3323761083e+02    9.5387915173e+00    1.0240000000e+03    2.5767327752e-03    6.2460937500e-01
        17   -5.7967612173e+01    3.3610672397e+03   -8.4129816509e+01    2.6162204336e+01    3.8881829485e+01   -1.3251618911e+02    9.5045431148e+00    1.0240000000e+03    2.5638230145e-03    6.2202148438e-01
        18   -5.7996192589e+01    3.3641594679e+03   -8.4283418290e+01    2.6287225701e+01    3.8842115476e+01   -1.3243258980e+02    9.3070560350e+00    1.0240000000e+03    2.5589175057e-03    6.2159830729e-01
        19   -5.7970559961e+01    3.3615184362e+03   -8.4456697909e+01    2.6486137948e+01    3.9094563805e+01   -1.3356815583e+02    1.0016894114e+01    1.0240000000e+03    2.5613051839e-03    6.2343750000e-01
        20   -5.7985470874e+01    3.3630654681e+03   -8.4147551855e+01    2.6162080981e+01    3.9040419198e+01   -1.3257007182e+02    9.3821007628e+00    1.0240000000e+03    2.5448892266e-03    6.2446289063e-01
        21   -5.7961936702e+01    3.3604922440e+03   -8.3867217489e+01    2.5905280787e+01    3.8853991057e+01   -1.3207012404e+02    9.3489154932e+00    1.0240000000e+03    2.5600665249e-03    6.2500000000e-01
        22   -5.7959700661e+01    3.3602025903e+03   -8.3703395092e+01    2.5743694431e+01    3.8893190098e+01   -1.3226778020e+02    9.6711950048e+00    1.0240000000e+03    2.5550045539e-03    6.2194010417e-01
        23   -5.7981638328e+01    3.3627212823e+03   -8.4179604592e+01    2.6197966264e+01    3.8992064467e+01   -1.3241467535e+02    9.2430062935e+00    1.0240000000e+03    2.5515605230e-03    6.2124023438e-01
        24   -5.8008562389e+01    3.3657791574e+03   -8.4330236434e+01    2.6321674045e+01    3.8943423044e+01   -1.3223326924e+02    8.9596097640e+00    1.0240000000e+03    2.5566031691e-03    6.2555338542e-01
        25   -5.7968526760e+01    3.3613151099e+03   -8.4522782690e+01    2.6554255931e+01    3.9074200567e+01   -1.3362530814e+02    1.0028324883e+01    1.0240000000e+03    2.5597491767e-03    6.2579752604e-01
        26   -5.7989620188e+01    3.3636150362e+03   -8.4380419760e+01    2.6390799571e+01    3.9102998286e+01   -1.3339665953e+02    9.9132414883e+00    1.0240000000e+03    2.5638388470e-03    6.2298177083e-01
        27   -5.7988977702e+01    3.3635351353e+03   -8.4206506929e+01    2.6217529227e+01    3.9026698870e+01   -1.3247016972e+02    9.2369639255e+00    1.0240000000e+03    2.5553549640e-03    6.2306315104e-01
        28   -5.8000428647e+01    3.3650785989e+03   -8.4280749451e+01    2.6280320804e+01    3.9006142436e+01   -1.3305618048e+02    9.7692885959e+00    1.0240000000e+03    2.5575347245e-03    6.2023111979e-01
        29   -5.7948687264e+01    3.3587722588e+03   -8.4486346589e+01    2.6537659325e+01    3.8996505217e+01   -1.3223973314e+02    8.7568813322e+00    1.0240000000e+03    2.5547035038e-03    6.2469075521e-01
        30   -5.7959593935e+01    3.3601272278e+03   -8.3678738480e+01    2.5719144545e+01    3.8909846428e+01   -1.3209988778e+02    9.5113028770e+00    1.0240000000e+03    2.5498368777e-03    6.2303059896e-01
        31   -5.7991564828e+01    3.3637519072e+03   -8.4382622469e+01    2.6391057641e+01    3.8976918690e+01   -1.3236581279e+02    9.0062716296e+00    1.0240000000e+03    2.5587629061e-03    6.2600911458e-01
        32   -5.8013776580e+01    3.3664379477e+03   -8.4545125118e+01    2.6531348537e+01    3.9088119836e+01   -1.3267138901e+02    9.0381440572e+00    1.0240000000e+03    2.5570753496e-03    6.2597656250e-01
        33   -5.8015388428e+01    3.3664816987e+03   -8.4747941692e+01    2.6732553264e+01    3.8925599190e+01   -1.3252963527e+02    8.8560943926e+00    1.0240000000e+03    2.5707895402e-03    6.2410481771e-01
        34   -5.7995437994e+01    3.3642234948e+03   -8.4414612717e+01    2.6419174723e+01    3.9146858959e+01   -1.3289333246e+02    9.3318607885e+00    1.0240000000e+03    2.5608609430e-03    6.2418619792e-01
        35   -5.8020109772e+01    3.3670688765e+03   -8.4498818815e+01    2.6478709042e+01    3.9175497033e+01   -1.3251109546e+02    8.8367796135e+00    1.0240000000e+03    2.5435646530e-03    6.2151692708e-01
        36   -5.8003049725e+01    3.3650831579e+03   -8.4115105756e+01    2.6112056030e+01    3.9062614396e+01   -1.3234098616e+02    9.1632660034e+00    1.0240000000e+03    2.5560606737e-03    6.1974283854e-01
        37   -5.7951546357e+01    3.3592673396e+03   -8.4164829840e+01    2.6213283483e+01    3.9042559736e+01   -1.3329386864e+02    1.0086479068e+01    1.0240000000e+03    2.5514836889e-03    6.2027994792e-01
        38   -5.7975289749e+01    3.3620560111e+03   -8.4636329534e+01    2.6661039785e+01    3.9045759981e+01   -1.3214563942e+02    8.4635499041e+00    1.0240000000e+03    2.5467395317e-03    6.2338867188e-01
        39   -5.7985023335e+01    3.3631694644e+03   -8.4212481803e+01    2.6227458468e+01    3.8949718884e+01   -1.3326627439e+02    1.0104073705e+01    1.0240000000e+03    2.5435553398e-03    6.2612304688e-01
        40   -5.7959338979e+01    3.3600940569e+03   -8.4768948576e+01    2.6809609596e+01    3.9061336788e+01   -1.3329430751e+02    9.4640221434e+00    1.0240000000e+03    2.5630311575e-03    6.2558593750e-01
        41   -5.7972624840e+01    3.3615922398e+03   -8.4249347511e+01    2.6276722671e+01    3.8954466030e+01   -1.3254837811e+02    9.3445645715e+00    1.0240000000e+03    2.5725101586e-03    6.2293294271e-01
        42   -5.7981131114e+01    3.3626346064e+03   -8.4289024848e+01    2.6307893734e+01    3.9018896983e+01   -1.3271978618e+02    9.4118643467e+00    1.0240000000e+03    2.5653203484e-03    6.2470703125e-01
        43   -5.7959273431e+01    3.3599896188e+03   -8.4285207008e+01    2.6325933578e+01    3.9128922681e+01   -1.3258621058e+02    9.1720808917e+00    1.0240000000e+03    2.5623247493e-03    6.2366536458e-01
        44   -5.7990599387e+01    3.3636260082e+03   -8.4600460277e+01    2.6609860890e+01    3.8971035207e+01   -1.3209671587e+02    8.5252203884e+00    1.0240000000e+03    2.5469118264e-03    6.2120768229e-01
        45   -5.7923758691e+01    3.3559674388e+03   -8.4523066407e+01    2.6599307715e+01    3.9040384117e+01   -1.3312269782e+02    9.5592472921e+00    1.0240000000e+03    2.5469753891e-03    6.2389322917e-01
        46   -5.8023171984e+01    3.3674754702e+03   -8.4636457167e+01    2.6613285184e+01    3.9071509674e+01   -1.3319179168e+02    9.4838248413e+00    1.0240000000e+03    2.5608101860e-03    6.2224934896e-01
        47   -5.7989042823e+01    3.3634815214e+03   -8.3962280078e+01    2.5973237256e+01    3.8909341863e+01   -1.3242493852e+02    9.5533165780e+00    1.0240000000e+03    2.5652898476e-03    6.2566731771e-01
        48   -5.8040246749e+01    3.3694946879e+03   -8.4608894687e+01    2.6568647939e+01    3.9125177695e+01   -1.3304982829e+02    9.3157559047e+00    1.0240000000e+03    2.5621196255e-03    6.2024739583e-01
        49   -5.7942376610e+01    3.3581356412e+03   -8.4622946174e+01    2.6680569565e+01    3.9038921415e+01   -1.3281918960e+02    9.1573220126e+00    1.0240000000e+03    2.5602206588e-03    6.2646484375e-01
        50   -5.7986966826e+01    3.3633245233e+03   -8.4277913911e+01    2.6290947085e+01    3.9267400901e+01   -1.3312970875e+02    9.5843939422e+00    1.0240000000e+03    2.5506312959e-03    6.2197265625e-01
        51   -5.7942890317e+01    3.3583475680e+03   -8.4970902838e+01    2.7028012522e+01    3.8954223479e+01   -1.3275686425e+02    8.8317379302e+00    1.0240000000e+03    2.5678484235e-03    6.2407226562e-01
        52   -5.7931994542e+01    3.3568427029e+03   -8.4602553530e+01    2.6670558988e+01    3.8944553418e+01   -1.3315252420e+02    9.6054172517e+00    1.0240000000e+03    2.5627503637e-03    6.2565104167e-01
        53   -5.7998402413e+01    3.3644915954e+03   -8.3846744784e+01    2.5848342370e+01    3.9032343705e+01   -1.3206741928e+02    9.1883307883e+00    1.0240000000e+03    2.5750421919e-03    6.2449544271e-01
        54   -5.7967271798e+01    3.3611064293e+03   -8.3891792170e+01    2.5924520371e+01    3.9043846490e+01   -1.3260285484e+02    9.6672161854e+00    1.0240000000e+03    2.5570478756e-03    6.2337239583e-01
        55   -5.7978174439e+01    3.3622231704e+03   -8.3998285582e+01    2.6020111143e+01    3.8969387835e+01   -1.3235710072e+02    9.3894273006e+00    1.0240000000e+03    2.5414694101e-03    6.2184244792e-01
        56   -5.7985435197e+01    3.3631771328e+03   -8.4121602745e+01    2.6136167549e+01    3.8922560927e+01   -1.3197116921e+02    8.9270055361e+00    1.0240000000e+03    2.5646551512e-03    6.2628580729e-01
        57   -5.8005683845e+01    3.3655009016e+03   -8.4077081297e+01    2.6071397452e+01    3.8894957143e+01   -1.3217024645e+02    9.1982080086e+00    1.0240000000e+03    2.5587712880e-03    6.2508138021e-01
        58   -5.7970761883e+01    3.3613834571e+03   -8.4135785344e+01    2.6165023461e+01    3.8875687615e+01   -1.3247745272e+02    9.4659797596e+00    1.0240000000e+03    2.5628930889e-03    6.2122395833e-01
        59   -5.8028291561e+01    3.3680919108e+03   -8.4484676660e+01    2.6456385099e+01    3.8997001428e+01   -1.3228118183e+02    8.7995037462e+00    1.0240000000e+03    2.5733176153e-03    6.2648111979e-01
        60   -5.7963508879e+01    3.3605087058e+03   -8.4155147419e+01    2.6191638541e+01    3.9053467964e+01   -1.3273907231e+02    9.5304569245e+00    1.0240000000e+03    2.5404505432e-03    6.2412109375e-01
        61   -5.7998093869e+01    3.3645626469e+03   -8.4217802634e+01    2.6219708764e+01    3.8928944327e+01   -1.3219786168e+02    9.0511147176e+00    1.0240000000e+03    2.5610111188e-03    6.2167968750e-01
        62   -5.8019699312e+01    3.3671168717e+03   -8.4358182095e+01    2.6338482783e+01    3.8950346500e+01   -1.3251272055e+02    9.2041919527e+00    1.0240000000e+03    2.5668302551e-03    6.2194010417e-01
        63   -5.8025994381e+01    3.3677641618e+03   -8.4123746390e+01    2.6097752009e+01    3.8991735145e+01   -1.3306166956e+02    9.9461880205e+00    1.0240000000e+03    2.5494820438e-03    6.2434895833e-01
        64   -5.8020367055e+01    3.3671894375e+03   -8.4338012870e+01    2.6317645815e+01    3.9028915800e+01   -1.3300491421e+02    9.6379855440e+00    1.0240000000e+03    2.5691732299e-03    6.2758789062e-01
        65   -5.8001020643e+01    3.3649306110e+03   -8.4256453576e+01    2.6255432933e+01    3.9173542492e+01   -1.3302492673e+02    9.5949306656e+00    1.0240000000e+03    2.5570851285e-03    6.2262369792e-01
        66   -5.8006889304e+01    3.3656364068e+03   -8.4424001009e+01    2.6417111705e+01    3.8889212242e+01   -1.3243952235e+02    9.1263091041e+00    1.0240000000e+03    2.5378572755e-03    6.2504882812e-01
        67   -5.8034247128e+01    3.3687738357e+03   -8.4663516670e+01    2.6629269542e+01    3.9082182494e+01   -1.3298838586e+02    9.2426866983e+00    1.0240000000e+03    2.5503863581e-03    6.2106119792e-01
        68   -5.8003820106e+01    3.3650959310e+03   -8.4619280552e+01    2.6615460447e+01    3.9030345447e+01   -1.3283325690e+02    9.1836308969e+00    1.0240000000e+03    2.5484447833e-03    6.2464192708e-01
        69   -5.8017839905e+01    3.3668739851e+03   -8.4100785020e+01    2.6082945115e+01    3.9114142529e+01   -1.3245618893e+02    9.2412613797e+00    1.0240000000e+03    2.5568525307e-03    6.2483723958e-01
        70   -5.7988312362e+01    3.3633737329e+03   -8.4189920932e+01    2.6201608571e+01    3.8863286429e+01   -1.3177795704e+02    8.7247496745e+00    1.0240000000e+03    2.5561323855e-03    6.2721354167e-01
        71   -5.7929062836e+01    3.3566301972e+03   -8.4088637754e+01    2.6159574918e+01    3.9120941270e+01   -1.3310795242e+02    9.8983733937e+00    1.0240000000e+03    2.5434929412e-03    6.2304687500e-01
        72   -5.8015161096e+01    3.3666353925e+03   -8.4574504228e+01    2.6559343132e+01    3.9237656036e+01   -1.3347651420e+02    9.6643539337e+00    1.0240000000e+03    2.5699962862e-03    6.2682291667e-01
        73   -5.7977487931e+01    3.3624516125e+03   -8.4365716450e+01    2.6388228520e+01    3.9205640396e+01   -1.3310918305e+02    9.5378262042e+00    1.0240000000e+03    2.5681096595e-03    6.2654622396e-01
        74   -5.7955847169e+01    3.3596888724e+03   -8.4357960156e+01    2.6402112988e+01    3.9084738676e+01   -1.3317581382e+02    9.7331149859e+00    1.0240000000e+03    2.5471327826e-03    6.2695312500e-01
        75   -5.7990597585e+01    3.3637519898e+03   -8.4888479347e+01    2.6897881761e+01    3.9156342103e+01   -1.3336659865e+02    9.3217772019e+00    1.0240000000e+03    2.5367797352e-03    6.1935221354e-01
        76   -5.7979016121e+01    3.3624099040e+03   -8.4080043341e+01    2.6101027220e+01    3.8844545328e+01   -1.3195274371e+02    9.0281550403e+00    1.0240000000e+03    2.5626323186e-03    6.2670898438e-01
        77   -5.7990726182e+01    3.3637506865e+03   -8.3793363170e+01    2.5802636989e+01    3.8924967856e+01   -1.3175826873e+02    9.0399377024e+00    1.0240000000e+03    2.5617296342e-03    6.2350260417e-01
        78   -5.8002335941e+01    3.3649998802e+03   -8.3910351131e+01    2.5908015190e+01    3.8939489733e+01   -1.3228480488e+02    9.4349640170e+00    1.0240000000e+03    2.5535123423e-03    6.2672526042e-01
        79   -5.7965409783e+01    3.3607868077e+03   -8.3997224320e+01    2.6031814537e+01    3.8734572027e+01   -1.3189249649e+02    9.1607001471e+00    1.0240000000e+03    2.5405401830e-03    6.2184244792e-01
        80   -5.8011211829e+01    3.3661040684e+03   -8.3485048348e+01    2.5473836519e+01    3.8784434864e+01   -1.3207199028e+02    9.8025070681e+00    1.0240000000e+03    2.5581715163e-03    6.2353515625e-01
        81   -5.7985297703e+01    3.3630308975e+03   -8.3542246514e+01    2.5556948810e+01    3.8799861181e+01   -1.3204096678e+02    9.6988590847e+00    1.0240000000e+03    2.5723897852e-03    6.2504882812e-01
        82   -5.8004440172e+01    3.3652727458e+03   -8.4083698910e+01    2.6079258738e+01    3.8957720395e+01   -1.3268069170e+02    9.6392723966e+00    1.0240000000e+03    2.5549142156e-03    6.2459309896e-01
        83   -5.7990675706e+01    3.3635989766e+03   -8.4021058634e+01    2.6030382928e+01    3.8676218060e+01   -1.3189668529e+02    9.1994085931e+00    1.0240000000e+03    2.5657564402e-03    6.2718098958e-01
        84   -5.7984716487e+01    3.3629944542e+03   -8.4113508018e+01    2.6128791531e+01    3.8899163030e+01   -1.3278917386e+02    9.7765028148e+00    1.0240000000e+03    2.5625640992e-03    6.2307942708e-01
        85   -5.7949898310e+01    3.3589549579e+03   -8.4268143557e+01    2.6318245247e+01    3.9095085982e+01   -1.3275863385e+02    9.3954043158e+00    1.0240000000e+03    2.5756806135e-03    6.2311197917e-01
        86   -5.8049710887e+01    3.3705550603e+03   -8.4304918670e+01    2.6255207783e+01    3.9189658901e+01   -1.3333092232e+02    9.8363447465e+00    1.0240000000e+03    2.5577768683e-03    6.2224934896e-01
        87   -5.8020080201e+01    3.3672335297e+03   -8.4220145526e+01    2.6200065325e+01    3.9102244994e+01   -1.3224678472e+02    8.9243941956e+00    1.0240000000e+03    2.5675164070e-03    6.2596028646e-01
        88   -5.7980243993e+01    3.3625242477e+03   -8.4394175257e+01    2.6413931264e+01    3.9057755450e+01   -1.3272658162e+02    9.2746509155e+00    1.0240000000e+03    2.5588327553e-03    6.2630208333e-01
        89   -5.7974734720e+01    3.3619143969e+03   -8.4132595765e+01    2.6157861045e+01    3.8975735230e+01   -1.3218295203e+02    9.0746210348e+00    1.0240000000e+03    2.5560229551e-03    6.2542317708e-01
        90   -5.7995654242e+01    3.3645525703e+03   -8.4256058506e+01    2.6260404264e+01    3.9076092152e+01   -1.3251179284e+02    9.1796421859e+00    1.0240000000e+03    2.5706246961e-03    6.2413736979e-01
        91   -5.7963054483e+01    3.3605215930e+03   -8.3714701735e+01    2.5751647252e+01    3.9052888354e+01   -1.3226792624e+02    9.5003361480e+00    1.0240000000e+03    2.5481204502e-03    6.2128906250e-01
        92   -5.7949901223e+01    3.3590264399e+03   -8.4403235580e+01    2.6453334356e+01    3.9237049003e+01   -1.3354071278e+02    9.9004281973e+00    1.0240000000e+03    2.5548900012e-03    6.2540690104e-01
        93   -5.8039180260e+01    3.3694835677e+03   -8.5282780491e+01    2.7243600231e+01    3.9392326818e+01   -1.3347294620e+02    8.7978388871e+00    1.0240000000e+03    2.5602132082e-03    6.2249348958e-01
        94   -5.7958430450e+01    3.3601283374e+03   -8.4309411549e+01    2.6350981099e+01    3.9142666914e+01   -1.3310070105e+02    9.6486225914e+00    1.0240000000e+03    2.5756701361e-03    6.2267252604e-01
        95   -5.8008819660e+01    3.3657032339e+03   -8.4552289995e+01    2.6543470335e+01    3.9224530710e+01   -1.3297288682e+02    9.1960661145e+00    1.0240000000e+03    2.5733041111e-03    6.2654622396e-01
        96   -5.7978265639e+01    3.3621949751e+03   -8.4014972908e+01    2.6036707269e+01    3.9216248373e+01   -1.3248811012e+02    9.2568888404e+00    1.0240000000e+03    2.5492776185e-03    6.2355143229e-01
        97   -5.8016645245e+01    3.3667553700e+03   -8.4146281789e+01    2.6129636543e+01    3.9020993271e+01   -1.3224056265e+02    9.0732875948e+00    1.0240000000e+03    2.5660200045e-03    6.2255859375e-01
        98   -5.8009909562e+01    3.3659143958e+03   -8.4082096259e+01    2.6072186697e+01    3.9285571187e+01   -1.3327446873e+02    9.9068012840e+00    1.0240000000e+03    2.5807337370e-03    6.2540690104e-01
        99   -5.8022187746e+01    3.3672705502e+03   -8.4080272566e+01    2.6058084820e+01    3.9115154311e+01   -1.3237114893e+02    9.1757220571e+00    1.0240000000e+03    2.5753318332e-03    6.2555338542e-01
       100   -5.7986809676e+01    3.3631246398e+03   -8.4336775313e+01    2.6349965637e+01    3.8991647050e+01   -1.3216330458e+02    8.8348822190e+00    1.0240000000e+03    2.5660027750e-03    6.2342122396e-01
       101   -5.7980022953e+01    3.3626807480e+03   -8.4361100545e+01    2.6381077592e+01    3.8975146659e+01   -1.3246222366e+02    9.1259764573e+00    1.0240000000e+03    2.5452985428e-03    6.2301432292e-01
       102   -5.7982201919e+01    3.3627116397e+03   -8.3783480047e+01    2.5801278128e+01    3.8730838971e+01   -1.3166639125e+02    9.1520722359e+00    1.0240000000e+03    2.5644940324e-03    6.2054036458e-01
       103   -5.8005213492e+01    3.3653979365e+03   -8.3924378278e+01    2.5919164786e+01    3.9002842587e+01   -1.3251404530e+02    9.5868244382e+00    1.0240000000e+03    2.5741341524e-03    6.2628580729e-01
       104   -5.7978147973e+01    3.3622170244e+03   -8.4177642421e+01    2.6199494448e+01    3.9085605282e+01   -1.3320588825e+02    9.9426405507e+00    1.0240000000e+03    2.5493416470e-03    6.2421875000e-01
       105   -5.8023437682e+01    3.3674660101e+03   -8.4503891852e+01    2.6480454170e+01    3.9011275650e+01   -1.3242898317e+02    8.9138156638e+00    1.0240000000e+03    2.5587058626e-03    6.2014973958e-01
       106   -5.8021917437e+01    3.3673201057e+03   -8.4146453005e+01    2.6124535567e+01    3.9038366301e+01   -1.3194623363e+02    8.7614143264e+00    1.0240000000e+03    2.5536869653e-03    6.2454427083e-01
       107   -5.7990518950e+01    3.3640584962e+03   -8.4137418481e+01    2.6146899531e+01    3.9206113041e+01   -1.3268497691e+02    9.3414453895e+00    1.0240000000e+03    2.5688193273e-03    6.2351888021e-01
       108   -5.8001811730e+01    3.3656231025e+03   -8.4098926664e+01    2.6097114934e+01    3.9033684377e+01   -1.3258268963e+02    9.4500785941e+00    1.0240000000e+03    2.5729222689e-03    6.2495117188e-01
       109   -5.7987375983e+01    3.3633935230e+03   -8.4132837695e+01    2.6145461712e+01    3.9097800907e+01   -1.3276692556e+02    9.5362869609e+00    1.0240000000e+03    2.5492047425e-03    6.2096354167e-01
       110   -5.8013608108e+01    3.3669688629e+03   -8.4014816764e+01    2.6001208657e+01    3.9045959760e+01   -1.3222474517e+02    9.1639686494e+00    1.0240000000e+03    2.5419676676e-03    6.2180989583e-01
       111   -5.7984160921e+01    3.3628601794e+03   -8.4252161681e+01    2.6268000760e+01    3.9017824079e+01   -1.3223133514e+02    8.9613493757e+00    1.0240000000e+03    2.5726924650e-03    6.2330729167e-01
       112   -5.7972881128e+01    3.3616912004e+03   -8.4243247244e+01    2.6270366116e+01    3.9005777664e+01   -1.3257273595e+02    9.3237110429e+00    1.0240000000e+03    2.5683881249e-03    6.2296549479e-01
       113   -5.8028985446e+01    3.3681818324e+03   -8.4508313982e+01    2.6479328536e+01    3.9166606313e+01   -1.3363487136e+02    9.9599510652e+00    1.0240000000e+03    2.5434626732e-03    6.2146809896e-01
       114   -5.8042531870e+01    3.3696923832e+03   -8.4127760527e+01    2.6085228657e+01    3.9077875100e+01   -1.3262398237e+02    9.4183467393e+00    1.0240000000e+03    2.5582334492e-03    6.2441406250e-01
       115   -5.7987517269e+01    3.3634458497e+03   -8.4577323890e+01    2.6589806621e+01    3.9041835297e+01   -1.3285980437e+02    9.2406451882e+00    1.0240000000e+03    2.5454391725e-03    6.2332356771e-01
       116   -5.7967024875e+01    3.3609172951e+03   -8.3977518319e+01    2.6010493444e+01    3.9040887912e+01   -1.3275020729e+02    9.7318010580e+00    1.0240000000e+03    2.5388698559e-03    6.2425130208e-01
       117   -5.8015397156e+01    3.3667249566e+03   -8.4902416653e+01    2.6887019497e+01    3.9138388214e+01   -1.3303813116e+02    8.9973262954e+00    1.0240000000e+03    2.5527230464e-03    6.2337239583e-01
       118   -5.7991804263e+01    3.3638335601e+03   -8.4238710501e+01    2.6246906237e+01    3.8899224826e+01   -1.3228024332e+02    9.1423079897e+00    1.0240000000e+03    2.5612069294e-03    6.2246093750e-01
       119   -5.8000568127e+01    3.3650125935e+03   -8.4414587525e+01    2.6414019398e+01    3.8900970303e+01   -1.3245260512e+02    9.1370472946e+00    1.0240000000e+03    2.5344865862e-03    6.2263997396e-01
       120   -5.8020864967e+01    3.3670367181e+03   -8.4609170778e+01    2.6588305811e+01    3.8948355622e+01   -1.3223635482e+02    8.6788284202e+00    1.0240000000e+03    2.5702076964e-03    6.2197265625e-01
       121   -5.7999445377e+01    3.3648729647e+03   -8.4478035385e+01    2.6478590008e+01    3.8959493829e+01   -1.3236062927e+02    8.9231000530e+00    1.0240000000e+03    2.5437457953e-03    6.2176106771e-01
       122   -5.7982210158e+01    3.3628064076e+03   -8.4368064104e+01    2.6385853946e+01    3.9089044156e+01   -1.3261040125e+02    9.1532929856e+00    1.0240000000e+03    2.5541132782e-03    6.2565104167e-01
       123   -5.8026921512e+01    3.3679332291e+03   -8.3772863173e+01    2.5745941661e+01    3.9079685945e+01   -1.3312282802e+02    1.0270278905e+01    1.0240000000e+03    2.5597021449e-03    6.2386067708e-01
       124   -5.7960251092e+01    3.3603308597e+03   -8.4565080620e+01    2.6604829528e+01    3.9158744391e+01   -1.3306321651e+02    9.3393914965e+00    1.0240000000e+03    2.5780037977e-03    6.2511393229e-01
       125   -5.7995794123e+01    3.3644397162e+03   -8.5069992384e+01    2.7074198262e+01    3.9148568173e+01   -1.3320864316e+02    8.9900826070e+00    1.0240000000e+03    2.5717776734e-03    6.2194010417e-01
       126   -5.7992933801e+01    3.3640636436e+03   -8.4308619323e+01    2.6315685522e+01    3.9057348851e+01   -1.3262717936e+02    9.2612111883e+00    1.0240000000e+03    2.5725706946e-03    6.2548828125e-01
       127   -5.7955699041e+01    3.3598413568e+03   -8.3973562464e+01    2.6017863422e+01    3.9018940379e+01   -1.3224657688e+02    9.2540740408e+00    1.0240000000e+03    2.5450966787e-03    6.2749023437e-01
       128   -5.8019724365e+01    3.3670956101e+03   -8.4042318309e+01    2.6022593944e+01    3.8878744065e+01   -1.3186244342e+02    8.9413810455e+00    1.0240000000e+03    2.5575112086e-03    6.2500000000e-01
       129   -5.7946102745e+01    3.3585488839e+03   -8.3903747827e+01    2.5957645083e+01    3.8967110876e+01   -1.3206504657e+02    9.1941878695e+00    1.0240000000e+03    2.5777793489e-03    6.2553710937e-01
       130   -5.7962350124e+01    3.3604246090e+03   -8.4553520801e+01    2.6591170677e+01    3.9141659373e+01   -1.3270266533e+02    9.0074851601e+00    1.0240000000e+03    2.5349215139e-03    6.2192382813e-01
       131   -5.7982857145e+01    3.3627654783e+03   -8.4181396940e+01    2.6198539796e+01    3.9114317246e+01   -1.3268215946e+02    9.3864452749e+00    1.0240000000e+03    2.5508250110e-03    6.2509765625e-01
       132   -5.7922125503e+01    3.3560424220e+03   -8.3733475362e+01    2.5811349859e+01    3.8763455591e+01   -1.3159631201e+02    9.0993810567e+00    1.0240000000e+03    2.5415266864e-03    6.2462565104e-01
       133   -5.7974850229e+01    3.3618452307e+03   -8.3516820031e+01    2.5541969801e+01    3.8677772082e+01   -1.3118667987e+02    8.9920877609e+00    1.0240000000e+03    2.5413469411e-03    6.2369791667e-01
       134   -5.7951674116e+01    3.3593468415e+03   -8.3326041975e+01    2.5374367860e+01    3.8926472347e+01   -1.3163173783e+02    9.3792235060e+00    1.0240000000e+03    2.5537468027e-03    6.2275390625e-01
       135   -5.7971759223e+01    3.3615435454e+03   -8.3918587992e+01    2.5946828770e+01    3.8879599775e+01   -1.3205304092e+02    9.2548531479e+00    1.0240000000e+03    2.5336395483e-03    6.2166341146e-01
       136   -5.8006685678e+01    3.3654705595e+03   -8.4067377862e+01    2.6060692183e+01    3.9008812839e+01   -1.3249593746e+02    9.4197467555e+00    1.0240000000e+03    2.5430775713e-03    6.2073567708e-01
       137   -5.7965060887e+01    3.3607164322e+03   -8.4587072593e+01    2.6622011706e+01    3.9170681451e+01   -1.3343000978e+02    9.6722557367e+00    1.0240000000e+03    2.5546774268e-03    6.2472330729e-01
       138   -5.8030676050e+01    3.3685645682e+03   -8.4381857017e+01    2.6351180966e+01    3.9000736300e+01   -1.3316353878e+02    9.7809454623e+00    1.0240000000e+03    2.5581999216e-03    6.2431640625e-01
       139   -5.7980608450e+01    3.3624955577e+03   -8.3930181280e+01    2.5949572830e+01    3.8849143407e+01   -1.3213708147e+02    9.3577567801e+00    1.0240000000e+03    2.5534243323e-03    6.2076822917e-01
       140   -5.7988883470e+01    3.3633517414e+03   -8.4102809073e+01    2.6113925603e+01    3.8872852015e+01   -1.3242565331e+02    9.4499922263e+00    1.0240000000e+03    2.5452398695e-03    6.2128906250e-01
       141   -5.8022219882e+01    3.3674347662e+03   -8.4203327940e+01    2.6181108058e+01    3.9302901054e+01   -1.3328000418e+02    9.7737751899e+00    1.0240000000e+03    2.5541088544e-03    6.2447916667e-01
       142   -5.7970912491e+01    3.3614423126e+03   -8.4557797954e+01    2.6586885463e+01    3.9240023666e+01   -1.3366859127e+02    9.8707696545e+00    1.0240000000e+03    2.5493619032e-03    6.2298177083e-01
       143   -5.7989406929e+01    3.3634383474e+03   -8.4314450706e+01    2.6325043777e+01    3.9065179655e+01   -1.3267603488e+02    9.2964045152e+00    1.0240000000e+03    2.5543915108e-03    6.2195638021e-01
       144   -5.8029424758e+01    3.3681597794e+03   -8.4423393425e+01    2.6393968667e+01    3.9294760779e+01   -1.3319546259e+02    9.4773083847e+00    1.0240000000e+03    2.5443867780e-03    6.2176106771e-01
       145   -5.7958326018e+01    3.3601783689e+03   -8.3830130347e+01    2.5871804329e+01    3.9101183711e+01   -1.3290182356e+02    9.9705094982e+00    1.0240000000e+03    2.5552222505e-03    6.1943359375e-01
       146   -5.8020611532e+01    3.3671628226e+03   -8.4224425597e+01    2.6203814065e+01    3.9086812665e+01   -1.3209533265e+02    8.7840943892e+00    1.0240000000e+03    2.5652728509e-03    6.2643229167e-01
       147   -5.7992769789e+01    3.3639255807e+03   -8.3740407683e+01    2.5747637894e+01    3.9214681359e+01   -1.3268304776e+02    9.7279587200e+00    1.0240000000e+03    2.5810296647e-03    6.2154947917e-01
       148   -5.8030756478e+01    3.3684471606e+03   -8.4433674702e+01    2.6402918223e+01    3.9149906353e+01   -1.3260661571e+02    9.0230346516e+00    1.0240000000e+03    2.5816552807e-03    6.2381184896e-01
       149   -5.8016839073e+01    3.3668045252e+03   -8.4726088618e+01    2.6709249545e+01    3.9301093441e+01   -1.3310367843e+02    9.0764963737e+00    1.0240000000e+03    2.5594923645e-03    6.2513020833e-01
       150   -5.8019279434e+01    3.3669878352e+03   -8.4862810122e+01    2.6843530688e+01    3.9351747501e+01   -1.3295218787e+02    8.7376302511e+00    1.0240000000e+03    2.5556243490e-03    6.2547200521e-01
       151   -5.7978760979e+01    3.3622654469e+03   -8.4372696768e+01    2.6393935789e+01    3.9050781033e+01   -1.3277841787e+02    9.3549400683e+00    1.0240000000e+03    2.5629552547e-03    6.2290039063e-01
       152   -5.7932006158e+01    3.3569508803e+03   -8.4271373420e+01    2.6339367262e+01    3.9043139203e+01   -1.3252612889e+02    9.2116162633e+00    1.0240000000e+03    2.5641869288e-03    6.2413736979e-01
       153   -5.7957967927e+01    3.3599163234e+03   -8.4059036774e+01    2.6101068846e+01    3.9056360008e+01   -1.3233747973e+02    9.2220829454e+00    1.0240000000e+03    2.5662533008e-03    6.2381184896e-01
       154   -5.8025654620e+01    3.3676257302e+03   -8.4484530925e+01    2.6458876304e+01    3.9011697676e+01   -1.3220055752e+02    8.7043289198e+00    1.0240000000e+03    2.5607345160e-03    6.2293294271e-01
       155   -5.8046752961e+01    3.3701806125e+03   -8.4299743826e+01    2.6252990865e+01    3.9133926424e+01   -1.3316235207e+02    9.7286818214e+00    1.0240000000e+03    2.5520168711e-03    6.2483723958e-01
       156   -5.8023758658e+01    3.3675429102e+03   -8.4086012601e+01    2.6062253943e+01    3.9121542732e+01   -1.3279695583e+02    9.5894004948e+00    1.0240000000e+03    2.5753006339e-03    6.2197265625e-01
       157   -5.7967947001e+01    3.3609948408e+03   -8.3697185710e+01    2.5729238709e+01    3.9244538415e+01   -1.3323775752e+02    1.0296033394e+01    1.0240000000e+03    2.5724843144e-03    6.2792968750e-01
       158   -5.8039318801e+01    3.3694443375e+03   -8.4059207953e+01    2.6019889151e+01    3.9126824528e+01   -1.3326082001e+02    1.0074787535e+01    1.0240000000e+03    2.5766792241e-03    6.2319335937e-01
       159   -5.7999719361e+01    3.3646810636e+03   -8.4390144298e+01    2.6390424937e+01    3.8959985588e+01   -1.3244659817e+02    9.0964682807e+00    1.0240000000e+03    2.5555607863e-03    6.2390950521e-01
       160   -5.7975063031e+01    3.3618235846e+03   -8.4050530232e+01    2.6075467201e+01    3.8927999567e+01   -1.3233896410e+02    9.3604343034e+00    1.0240000000e+03    2.5514280424e-03    6.2609049479e-01
       161   -5.8075643315e+01    3.3734100761e+03   -8.4302475259e+01    2.6226831944e+01    3.8874212403e+01   -1.3213904649e+02    8.9623588276e+00    1.0240000000e+03    2.5498154573e-03    6.2473958333e-01
       162   -5.8014784469e+01    3.3664534562e+03   -8.3859167750e+01    2.5844383281e+01    3.8784151637e+01   -1.3222314204e+02    9.5798226528e+00    1.0240000000e+03    2.5463611819e-03    6.2301432292e-01
       163   -5.8050435158e+01    3.3705828836e+03   -8.4064898364e+01    2.6014463206e+01    3.8829584449e+01   -1.3222386237e+02    9.3293795565e+00    1.0240000000e+03    2.5593400933e-03    6.2563476563e-01
       164   -5.8018804182e+01    3.3668804482e+03   -8.4198171635e+01    2.6179367453e+01    3.8933632400e+01   -1.3255084183e+02    9.4190377956e+00    1.0240000000e+03    2.5565868709e-03    6.2153320313e-01
       165   -5.8017789534e+01    3.3667825084e+03   -8.3774894882e+01    2.5757105347e+01    3.8969966391e+01   -1.3166052832e+02    8.9156670513e+00    1.0240000000e+03    2.5615147315e-03    6.2600911458e-01
       166   -5.8004312415e+01    3.3653565260e+03   -8.3813232762e+01    2.5808920347e+01    3.8887647848e+01   -1.3184858112e+02    9.1477005115e+00    1.0240000000e+03    2.5487507228e-03    6.2447916667e-01
       167   -5.7967081183e+01    3.3610227747e+03   -8.3706845950e+01    2.5739764767e+01    3.8846405616e+01   -1.3176681148e+02    9.2135599105e+00    1.0240000000e+03    2.5575731415e-03    6.2452799479e-01
       168   -5.8013376462e+01    3.3663477308e+03   -8.4355437973e+01    2.6342061512e+01    3.9127256649e+01   -1.3236807432e+02    8.8853796950e+00    1.0240000000e+03    2.5622358080e-03    6.2856445312e-01
       169   -5.8017541335e+01    3.3667582485e+03   -8.4293934297e+01    2.6276392962e+01    3.9107009665e+01   -1.3215953417e+02    8.7585902058e+00    1.0240000000e+03    2.5574997999e-03    6.2425130208e-01
       170   -5.7976363472e+01    3.3621308221e+03   -8.3568935931e+01    2.5592572459e+01    3.8902510579e+01   -1.3215418760e+02    9.6827410874e+00    1.0240000000e+03    2.5694789365e-03    6.2246093750e-01
       171   -5.8004004162e+01    3.3651221592e+03   -8.4451311268e+01    2.6447307106e+01    3.8935908923e+01   -1.3244955634e+02    9.0623361444e+00    1.0240000000e+03    2.5582427625e-03    6.2381184896e-01
       172   -5.8060769975e+01    3.3717935900e+03   -8.4540612669e+01    2.6479842693e+01    3.9018625561e+01   -1.3249056639e+02    8.9313281614e+00    1.0240000000e+03    2.5501721539e-03    6.2490234375e-01
       173   -5.7986690145e+01    3.3631833525e+03   -8.4386037116e+01    2.6399346971e+01    3.9049294864e+01   -1.3329909868e+02    9.8637666993e+00    1.0240000000e+03    2.5449085515e-03    6.2159830729e-01
       174   -5.8022116576e+01    3.3675296791e+03   -8.4210519127e+01    2.6188402551e+01    3.9181817538e+01   -1.3364685675e+02    1.0254520082e+01    1.0240000000e+03    2.5570539292e-03    6.2298177083e-01
       175   -5.8009934649e+01    3.3658553086e+03   -8.4165968023e+01    2.6156033374e+01    3.9071487531e+01   -1.3259866446e+02    9.3612089043e+00    1.0240000000e+03    2.5402309839e-03    6.2298177083e-01
       176   -5.7938561102e+01    3.3579419750e+03   -8.3997130886e+01    2.6058569783e+01    3.9093866781e+01   -1.3269993362e+02    9.6089359488e+00    1.0240000000e+03    2.5693271309e-03    6.2338867187e-01
       177   -5.8010060320e+01    3.3660303109e+03   -8.3970180921e+01    2.5960120601e+01    3.8939071891e+01   -1.3281755376e+02    9.9083009454e+00    1.0240000000e+03    2.5649433956e-03    6.2626953125e-01
       178   -5.7996451113e+01    3.3642908371e+03   -8.4617331113e+01    2.6620880000e+01    3.9275570905e+01   -1.3350821856e+02    9.6153165415e+00    1.0240000000e+03    2.5553929154e-03    6.2519531250e-01
       179   -5.7927639261e+01    3.3565382490e+03   -8.4069974937e+01    2.6142335676e+01    3.9080275390e+01   -1.3354315039e+02    1.0392900065e+01    1.0240000000e+03    2.5510562118e-03    6.1977539062e-01
       180   -5.7975915635e+01    3.3619733323e+03   -8.4402669730e+01    2.6426754095e+01    3.9054642671e+01   -1.3378553088e+02    1.0328218478e+01    1.0240000000e+03    2.5543153752e-03    6.2495117187e-01
       181   -5.7952643552e+01    3.3593519213e+03   -8.4095338823e+01    2.6142695271e+01    3.8914735771e+01   -1.3233220434e+02    9.3221297498e+00    1.0240000000e+03    2.5470072869e-03    6.2345377604e-01
       182   -5.7992066427e+01    3.3637241399e+03   -8.5005608041e+01    2.7013541614e+01    3.9058197446e+01   -1.3287399801e+02    8.8101925216e+00    1.0240000000e+03    2.5512797292e-03    6.2456054687e-01
       183   -5.8017534500e+01    3.3668573521e+03   -8.4224033868e+01    2.6206499368e+01    3.9207908701e+01   -1.3319425792e+02    9.7623153467e+00    1.0240000000e+03    2.5516729802e-03    6.2250976562e-01
       184   -5.8015980359e+01    3.3665822852e+03   -8.4140206271e+01    2.6124225912e+01    3.8945492576e+01   -1.3201464537e+02    8.9289465189e+00    1.0240000000e+03    2.5594835170e-03    6.2277018229e-01
       185   -5.7977918897e+01    3.3621186170e+03   -8.4111183729e+01    2.6133264832e+01    3.9080051988e+01   -1.3248183256e+02    9.2905968410e+00    1.0240000000e+03    2.5708533358e-03    6.2438151042e-01
       186   -5.7943214175e+01    3.3581813406e+03   -8.4522940631e+01    2.6579726456e+01    3.9150112379e+01   -1.3313836577e+02    9.4653127629e+00    1.0240000000e+03    2.5530778803e-03    6.2247721354e-01
       187   -5.7995392727e+01    3.3643462814e+03   -8.4108743457e+01    2.6113350730e+01    3.9130214877e+01   -1.3279183906e+02    9.5528807278e+00    1.0240000000e+03    2.5534424931e-03    6.2161458333e-01
       188   -5.7980165612e+01    3.3625057846e+03   -8.3972210865e+01    2.5992045253e+01    3.9030549902e+01   -1.3274262695e+02    9.7398661856e+00    1.0240000000e+03    2.5604155380e-03    6.2530924479e-01
       189   -5.8016188265e+01    3.3666206808e+03   -8.4003139581e+01    2.5986951316e+01    3.8936962566e+01   -1.3225186462e+02    9.3117624687e+00    1.0240000000e+03    2.5425427593e-03    6.2687174479e-01
       190   -5.8013395007e+01    3.3665157463e+03   -8.4281578813e+01    2.6268183806e+01    3.8989870817e+01   -1.3270401695e+02    9.4325673167e+00    1.0240000000e+03    2.5762298610e-03    6.2750651042e-01
       191   -5.7992990289e+01    3.3640684757e+03   -8.4529127779e+01    2.6536137490e+01    3.8893661246e+01   -1.3240273020e+02    8.9799411778e+00    1.0240000000e+03    2.5519514456e-03    6.2421875000e-01
       192   -5.7998015432e+01    3.3645374258e+03   -8.4796283393e+01    2.6798267961e+01    3.9029161771e+01   -1.3301789108e+02    9.1924459177e+00    1.0240000000e+03    2.5604309049e-03    6.2719726562e-01
       193   -5.7999893042e+01    3.3646528998e+03   -8.3919934857e+01    2.5920041815e+01    3.8647304846e+01   -1.3143121168e+02    8.8639719809e+00    1.0240000000e+03    2.5445828214e-03    6.2083333333e-01
       194   -5.8025670805e+01    3.3677317810e+03   -8.4149661410e+01    2.6123990605e+01    3.8981776431e+01   -1.3284521167e+02    9.7137738294e+00    1.0240000000e+03    2.5574460160e-03    6.2281901042e-01
       195   -5.7980770386e+01    3.3627599750e+03   -8.4416042392e+01    2.6435272006e+01    3.9016855508e+01   -1.3325676636e+02    9.8238684636e+00    1.0240000000e+03    2.5530790444e-03    6.2395833333e-01
       196   -5.7918116738e+01    3.3552760348e+03   -8.4540525661e+01    2.6622408923e+01    3.9099761391e+01   -1.3256050391e+02    8.9202168595e+00    1.0240000000e+03    2.5617412757e-03    6.2159830729e-01
       197   -5.7941505697e+01    3.3579160054e+03   -8.4101299095e+01    2.6159793398e+01    3.8825017213e+01   -1.3237492342e+02    9.4486071101e+00    1.0240000000e+03    2.5470699184e-03    6.1878255208e-01
       198   -5.7986930753e+01    3.3632085146e+03   -8.4222980920e+01    2.6236050168e+01    3.8706453210e+01   -1.3178963870e+02    8.8602045715e+00    1.0240000000e+03    2.5542685762e-03    6.2836914063e-01
       199   -5.8048467779e+01    3.3703095740e+03   -8.3878476188e+01    2.5830008409e+01    3.8786817941e+01   -1.3161733997e+02    8.9520458432e+00    1.0240000000e+03    2.5349466596e-03    6.1922200521e-01
       200   -5.7947560072e+01    3.3586778426e+03   -8.4077108617e+01    2.6129548545e+01    3.8938040097e+01   -1.3276864849e+02    9.7534997766e+00    1.0240000000e+03    2.5473190472e-03    6.2226562500e-01
       201   -5.7998825489e+01    3.3647400842e+03   -8.4906138681e+01    2.6907313192e+01    3.9094129996e+01   -1.3315219630e+02    9.1519276181e+00    1.0240000000e+03    2.5583673269e-03    6.2358398437e-01
       202   -5.7965415853e+01    3.3608669799e+03   -8.4283604168e+01    2.6318188314e+01    3.9009910208e+01   -1.3258612136e+02    9.2926069856e+00    1.0240000000e+03    2.5482811034e-03    6.2008463542e-01
       203   -5.7995443836e+01    3.3642376017e+03   -8.4250007639e+01    2.6254563803e+01    3.8794872436e+01   -1.3244029264e+02    9.3954125606e+00    1.0240000000e+03    2.5698298123e-03    6.2350260417e-01
       204   -5.8031439150e+01    3.3685341072e+03   -8.4116819498e+01    2.6085380348e+01    3.8925772201e+01   -1.3237475557e+02    9.3321638665e+00    1.0240000000e+03    2.5602576789e-03    6.2490234375e-01
       205   -5.8017702675e+01    3.3668501220e+03   -8.3733416138e+01    2.5715713464e+01    3.9098638803e+01   -1.3259422525e+02    9.7621703045e+00    1.0240000000e+03    2.5668507442e-03    6.2353515625e-01
       206   -5.7956461223e+01    3.3599791777e+03   -8.4252398158e+01    2.6295936935e+01    3.9161938255e+01   -1.3263706824e+02    9.2227318303e+00    1.0240000000e+03    2.5663974229e-03    6.2605794271e-01
       207   -5.8023216642e+01    3.3674348687e+03   -8.4972422436e+01    2.6949205794e+01    3.9232357176e+01   -1.3304816458e+02    8.8433849647e+00    1.0240000000e+03    2.5491775014e-03    6.2675781250e-01
       208   -5.7959950540e+01    3.3601250677e+03   -8.4215295270e+01    2.6255344730e+01    3.9020304084e+01   -1.3247319904e+02    9.2375996829e+00    1.0240000000e+03    2.5482203346e-03    6.2574869792e-01
       209   -5.8000150290e+01    3.3647674053e+03   -8.4423636275e+01    2.6423485986e+01    3.8895874513e+01   -1.3200217696e+02    8.6826661749e+00    1.0240000000e+03    2.5466838852e-03    6.2268880208e-01
       210   -5.7954614733e+01    3.3595054343e+03   -8.4156505933e+01    2.6201891199e+01    3.8949750310e+01   -1.3257716197e+02    9.4709057235e+00    1.0240000000e+03    2.5443942286e-03    6.2656250000e-01
       211   -5.7926298595e+01    3.3563757391e+03   -8.3852235898e+01    2.5925937302e+01    3.8814772416e+01   -1.3224025213e+02    9.5732438136e+00    1.0240000000e+03    2.5695019867e-03    6.2333984375e-01
       212   -5.8008133789e+01    3.3661809814e+03   -8.4029376723e+01    2.6021242935e+01    3.8876853457e+01   -1.3180652389e+02    8.9002937111e+00    1.0240000000e+03    2.5398689322e-03    6.2013346354e-01
       213   -5.8008507681e+01    3.3657063043e+03   -8.3970625741e+01    2.5962118060e+01    3.9081408069e+01   -1.3329503859e+02    1.0243004776e+01    1.0240000000e+03    2.5527656544e-03    6.2646484375e-01
       214   -5.7916072264e+01    3.3550717856e+03   -8.4031361117e+01    2.6115288853e+01    3.8746696509e+01   -1.3168413893e+02    8.9060812998e+00    1.0240000000e+03    2.5597736239e-03    6.2386067708e-01
       215   -5.7983540751e+01    3.3628575913e+03   -8.4047224856e+01    2.6063684105e+01    3.8849261330e+01   -1.3196042117e+02    9.0639349817e+00    1.0240000000e+03    2.5519100018e-03    6.2625325521e-01
       216   -5.7987431645e+01    3.3634106471e+03   -8.3986256569e+01    2.5998824924e+01    3.8846692042e+01   -1.3214600644e+02    9.3130578262e+00    1.0240000000e+03    2.5536790490e-03    6.2600911458e-01
       217   -5.7962870554e+01    3.3605733673e+03   -8.3763755985e+01    2.5800885431e+01    3.8854631916e+01   -1.3180500379e+02    9.1866158848e+00    1.0240000000e+03    2.5562059600e-03    6.2775065104e-01
       218   -5.7976312992e+01    3.3620519226e+03   -8.3725647979e+01    2.5749334987e+01    3.8798725556e+01   -1.3171046440e+02    9.1860908680e+00    1.0240000000e+03    2.5364491157e-03    6.2184244792e-01
       219   -5.7998105944e+01    3.3645114555e+03   -8.3913521469e+01    2.5915415526e+01    3.8845845186e+01   -1.3190782445e+02    9.1484577912e+00    1.0240000000e+03    2.5680093095e-03    6.2369791667e-01
       220   -5.7986641673e+01    3.3631792437e+03   -8.4122447080e+01    2.6135805407e+01    3.8869306068e+01   -1.3225324588e+02    9.2614927281e+00    1.0240000000e+03    2.5584544055e-03    6.2332356771e-01
       221   -5.7998225567e+01    3.3646414877e+03   -8.4165458993e+01    2.6167233426e+01    3.8869097245e+01   -1.3251860157e+02    9.4840453333e+00    1.0240000000e+03    2.5622639805e-03    6.2511393229e-01
       222   -5.8014383169e+01    3.3664378255e+03   -8.4596852520e+01    2.6582469352e+01    3.8983988010e+01   -1.3248502191e+02    8.9041813784e+00    1.0240000000e+03    2.5639072992e-03    6.2532552083e-01
       223   -5.8008537748e+01    3.3659775695e+03   -8.4149585623e+01    2.6141047875e+01    3.9320422535e+01   -1.3382049244e+02    1.0350484283e+01    1.0240000000e+03    2.5580867659e-03    6.2311197917e-01
       224   -5.7945945122e+01    3.3585797047e+03   -8.4000627091e+01    2.6054681968e+01    3.8989533048e+01   -1.3247476913e+02    9.4846089880e+00    1.0240000000e+03    2.5539000053e-03    6.2509765625e-01
       225   -5.8007474483e+01    3.3655993617e+03   -8.3984204986e+01    2.5976730503e+01    3.8903416012e+01   -1.3169889690e+02    8.8112758982e+00    1.0240000000e+03    2.5336088147e-03    6.2329101562e-01
       226   -5.8035341917e+01    3.3687646544e+03   -8.4254078571e+01    2.6218736654e+01    3.8947309632e+01   -1.3226607056e+02    9.0646823521e+00    1.0240000000e+03    2.5504690129e-03    6.2643229167e-01
       227   -5.8009349526e+01    3.3658636846e+03   -8.4011787915e+01    2.6002438389e+01    3.8971661208e+01   -1.3267701925e+02    9.6935701292e+00    1.0240000000e+03    2.5459614117e-03    6.2241210937e-01
       228   -5.8001019330e+01    3.3649260955e+03   -8.4315498461e+01    2.6314479131e+01    3.9052087324e+01   -1.3309122782e+02    9.7236420395e+00    1.0240000000e+03    2.5471269619e-03    6.2351888021e-01
       229   -5.7995664889e+01    3.3642072942e+03   -8.4014715145e+01    2.6019050256e+01    3.8948129271e+01   -1.3211055968e+02    9.1477152641e+00    1.0240000000e+03    2.5583452079e-03    6.2267252604e-01
       230   -5.8037543341e+01    3.3690646339e+03   -8.4643600476e+01    2.6606057135e+01    3.8995833772e+01   -1.3227206192e+02    8.6326276731e+00    1.0240000000e+03    2.5393697433e-03    6.2275390625e-01
       231   -5.8011234634e+01    3.3660585390e+03   -8.4196815375e+01    2.6185580741e+01    3.9184507430e+01   -1.3292248144e+02    9.5411586313e+00    1.0240000000e+03    2.5305829477e-03    6.2218424479e-01
       232   -5.8031752093e+01    3.3687074465e+03   -8.4599490248e+01    2.6567738155e+01    3.9083297141e+01   -1.3264579140e+02    8.9630040065e+00    1.0240000000e+03    2.5485099759e-03    6.2233072917e-01
       233   -5.7990489927e+01    3.3637794826e+03   -8.4196815550e+01    2.6206325623e+01    3.9064252076e+01   -1.3243539284e+02    9.1743252186e+00    1.0240000000e+03    2.5595549960e-03    6.2146809896e-01
       234   -5.8039000368e+01    3.3691910163e+03   -8.4675567741e+01    2.6636567373e+01    3.9099800778e+01   -1.3268108444e+02    8.9057159187e+00    1.0240000000e+03    2.5417436846e-03    6.2456054687e-01
       235   -5.8023903938e+01    3.3675511205e+03   -8.4411477808e+01    2.6387573870e+01    3.9153466440e+01   -1.3336484018e+02    9.7998959313e+00    1.0240000000e+03    2.5377201382e-03    6.2412109375e-01
       236   -5.7980044857e+01    3.3624868003e+03   -8.4592807752e+01    2.6612762895e+01    3.9056247721e+01   -1.3271543899e+02    9.0663835214e+00    1.0240000000e+03    2.5627168361e-03    6.2488606771e-01
       237   -5.7971102543e+01    3.3614181964e+03   -8.4424958449e+01    2.6453855906e+01    3.8989638431e+01   -1.3266687662e+02    9.2522797425e+00    1.0240000000e+03    2.5633743498e-03    6.2320963542e-01
       238   -5.7959556349e+01    3.3601077041e+03   -8.4025513968e+01    2.6065957619e+01    3.8955018584e+01   -1.3212330556e+02    9.1427730026e+00    1.0240000000e+03    2.5793369859e-03    6.2347005208e-01
       239   -5.8006871671e+01    3.3656972821e+03   -8.4164951090e+01    2.6158079419e+01    3.8996387426e+01   -1.3249904451e+02    9.3377059962e+00    1.0240000000e+03    2.5663187262e-03    6.2568359375e-01
       240   -5.8003697952e+01    3.3651516223e+03   -8.4197376676e+01    2.6193678725e+01    3.9002291195e+01   -1.3243457162e+02    9.2349037459e+00    1.0240000000e+03    2.5519991759e-03    6.2439778646e-01
       241   -5.7996840776e+01    3.3645144343e+03   -8.4011454739e+01    2.6014613964e+01    3.9110635323e+01   -1.3287965843e+02    9.7575683683e+00    1.0240000000e+03    2.5490028784e-03    6.2307942708e-01
       242   -5.7967682518e+01    3.3610762480e+03   -8.4509424124e+01    2.6541741605e+01    3.8917567312e+01   -1.3276528079e+02    9.3382893582e+00    1.0240000000e+03    2.5611168239e-03    6.2389322917e-01
       243   -5.8008536582e+01    3.3657917280e+03   -8.4092730044e+01    2.6084193462e+01    3.8908619211e+01   -1.3165183289e+02    8.6504836389e+00    1.0240000000e+03    2.5500324555e-03    6.2267252604e-01
       244   -5.7985331738e+01    3.3629737389e+03   -8.4375420209e+01    2.6390088471e+01    3.9034520122e+01   -1.3318113173e+02    9.7711913967e+00    1.0240000000e+03    2.5363084860e-03    6.1765950521e-01
       245   -5.8001367444e+01    3.3648922944e+03   -8.4119163595e+01    2.6117796151e+01    3.9107491233e+01   -1.3262126698e+02    9.3946121483e+00    1.0240000000e+03    2.5537041947e-03    6.2443033854e-01
       246   -5.7971052356e+01    3.3614652410e+03   -8.4401248838e+01    2.6430196482e+01    3.8948342001e+01   -1.3251623363e+02    9.1666427897e+00    1.0240000000e+03    2.5392284151e-03    6.2239583333e-01
       247   -5.7974068711e+01    3.3617646753e+03   -8.4453028110e+01    2.6478959399e+01    3.9050162000e+01   -1.3277274487e+02    9.2695547581e+00    1.0240000000e+03    2.5655622594e-03    6.2306315104e-01
       248   -5.7941380112e+01    3.3584552347e+03   -8.4354733195e+01    2.6413353083e+01    3.9302527254e+01   -1.3338565327e+02    9.7283928161e+00    1.0240000000e+03    2.5454044808e-03    6.2138671875e-01
       249   -5.8001293440e+01    3.3652006882e+03   -8.4221960120e+01    2.6220666680e+01    3.9113410327e+01   -1.3302012134e+02    9.6847508895e+00    1.0240000000e+03    2.5321934372e-03    6.2076822917e-01
       250   -5.7979191169e+01    3.3624902070e+03   -8.4429082726e+01    2.6449891557e+01    3.9059653091e+01   -1.3289952319e+02    9.4107873741e+00    1.0240000000e+03    2.5582490489e-03    6.2475585938e-01
       251   -5.7960832254e+01    3.3602230521e+03   -8.4240725515e+01    2.6279893261e+01    3.8865034375e+01   -1.3205358550e+02    8.9478256067e+00    1.0240000000e+03    2.5494049769e-03    6.2291666667e-01
       252   -5.8006578530e+01    3.3655343362e+03   -8.4089067881e+01    2.6082489351e+01    3.8893607076e+01   -1.3234321099e+02    9.3605360288e+00    1.0240000000e+03    2.5573209859e-03    6.2236328125e-01
       253   -5.8012431368e+01    3.3662346396e+03   -8.4117242363e+01    2.6104810995e+01    3.8991803547e+01   -1.3224274616e+02    9.1337002534e+00    1.0240000000e+03    2.5455134455e-03    6.2320963542e-01
       254   -5.7988239480e+01    3.3633685496e+03   -8.4184086065e+01    2.6195846585e+01    3.8795966581e+01   -1.3177171050e+02    8.7916578547e+00    1.0240000000e+03    2.5544855744e-03    6.2200520833e-01
       255   -5.8032952094e+01    3.3685636990e+03   -8.4086244314e+01    2.6053292220e+01    3.8932239291e+01   -1.3245414292e+02    9.4356593156e+00    1.0240000000e+03    2.5400482118e-03    6.2347005208e-01
       256   -5.7975993027e+01    3.3620434982e+03   -8.4128376577e+01    2.6152383549e+01    3.9107554663e+01   -1.3247737304e+02    9.2414418023e+00    1.0240000000e+03    2.5391166564e-03    6.2542317708e-01
       257   -5.8008268325e+01    3.3658932310e+03   -8.4136853230e+01    2.6128584905e+01    3.8946849429e+01   -1.3206677968e+02    8.9830770185e+00    1.0240000000e+03    2.5477353483e-03    6.2379557292e-01
       258   -5.8006257651e+01    3.3655671714e+03   -8.4680215717e+01    2.6673958066e+01    3.8871689683e+01   -1.3234150132e+02    8.7895959209e+00    1.0240000000e+03    2.5454012211e-03    6.2355143229e-01
       259   -5.7992529076e+01    3.3639857096e+03   -8.4254840138e+01    2.6262311062e+01    3.9113806376e+01   -1.3301338173e+02    9.6447352147e+00    1.0240000000e+03    2.5468894746e-03    6.2547200521e-01
       260   -5.8002062409e+01    3.3650197014e+03   -8.4302433163e+01    2.6300370754e+01    3.8870936277e+01   -1.3223129352e+02    9.0579240852e+00    1.0240000000e+03    2.5408240035e-03    6.2062174479e-01
       261   -5.8042921504e+01    3.3698164434e+03   -8.4408806281e+01    2.6365884777e+01    3.9018855293e+01   -1.3265737022e+02    9.2297086429e+00    1.0240000000e+03    2.5378717110e-03    6.2125651042e-01
       262   -5.8046595163e+01    3.3702120016e+03   -8.3887761619e+01    2.5841166456e+01    3.9070680053e+01   -1.3237424715e+02    9.4158054751e+00    1.0240000000e+03    2.5333347730e-03    6.2547200521e-01
       263   -5.7995458602e+01    3.3643782652e+03   -8.4154351542e+01    2.6158892940e+01    3.9095003082e+01   -1.3318780672e+02    9.9384520966e+00    1.0240000000e+03    2.5516361929e-03    6.2223307292e-01
       264   -5.8017621604e+01    3.3668584130e+03   -8.4196838725e+01    2.6179217121e+01    3.8782559083e+01   -1.3214350521e+02    9.1641074060e+00    1.0240000000e+03    2.5440193713e-03    6.2654622396e-01
       265   -5.8032247411e+01    3.3693358819e+03   -8.4391299224e+01    2.6359051812e+01    3.8923603119e+01   -1.3271444944e+02    9.3995470963e+00    1.0240000000e+03    2.5548436679e-03    6.2600911458e-01
       266   -5.7981491063e+01    3.3626463701e+03   -8.4394199899e+01    2.6412708836e+01    3.9117985872e+01   -1.3310009686e+02    9.5879110872e+00    1.0240000000e+03    2.5324947201e-03    6.2055664063e-01
       267   -5.7958196932e+01    3.3598961594e+03   -8.4643719700e+01    2.6685522768e+01    3.8952988440e+01   -1.3281186965e+02    9.2151615048e+00    1.0240000000e+03    2.5459111203e-03    6.2268880208e-01
       268   -5.8006892882e+01    3.3655375637e+03   -8.4242255350e+01    2.6235362468e+01    3.8904376397e+01   -1.3230204025e+02    9.1554085027e+00    1.0240000000e+03    2.5332102086e-03    6.2568359375e-01
       269   -5.7939944462e+01    3.3580384179e+03   -8.4129920512e+01    2.6189976051e+01    3.9195559814e+01   -1.3343475177e+02    1.0109271443e+01    1.0240000000e+03    2.5635347702e-03    6.2832031250e-01
       270   -5.7965195894e+01    3.3606984436e+03   -8.4485360331e+01    2.6520164437e+01    3.9278231195e+01   -1.3306152671e+02    9.2979351848e+00    1.0240000000e+03    2.5566604454e-03    6.2374674479e-01
       271   -5.8023519772e+01    3.3674401270e+03   -8.4762703601e+01    2.6739183829e+01    3.8969991200e+01   -1.3298712297e+02    9.2544281670e+00    1.0240000000e+03    2.5567971170e-03    6.2418619792e-01
       272   -5.8053196501e+01    3.3710479001e+03   -8.4181721470e+01    2.6128524968e+01    3.9106185745e+01   -1.3298754943e+02    9.6996422141e+00    1.0240000000e+03    2.5350649375e-03    6.2556966146e-01
       273   -5.8067794442e+01    3.3726020301e+03   -8.4625118262e+01    2.6557323820e+01    3.8988385963e+01   -1.3287232699e+02    9.2588227623e+00    1.0240000000e+03    2.5509372354e-03    6.2415364583e-01
       274   -5.8020954443e+01    3.3672202004e+03   -8.4205548192e+01    2.6184593749e+01    3.8998251741e+01   -1.3258987457e+02    9.3860746334e+00    1.0240000000e+03    2.5555193424e-03    6.2312825521e-01
       275   -5.7979758288e+01    3.3624742689e+03   -8.4029475398e+01    2.6049717110e+01    3.8980603906e+01   -1.3231686819e+02    9.3067888878e+00    1.0240000000e+03    2.5503474753e-03    6.2553710937e-01
       276   -5.8019876689e+01    3.3670322577e+03   -8.4101083749e+01    2.6081207060e+01    3.9047660372e+01   -1.3208627308e+02    8.9375289573e+00    1.0240000000e+03    2.5550383143e-03    6.2390950521e-01
       277   -5.7968689597e+01    3.3610998111e+03   -8.4026729427e+01    2.6058039830e+01    3.9070142514e+01   -1.3248812549e+02    9.3912535519e+00    1.0240000000e+03    2.5575777981e-03    6.2374674479e-01
       278   -5.7966565512e+01    3.3609659559e+03   -8.3752962317e+01    2.5786396805e+01    3.8954505394e+01   -1.3232250246e+02    9.6150347447e+00    1.0240000000e+03    2.5557908230e-03    6.2084960938e-01
       279   -5.8059302259e+01    3.3716220850e+03   -8.3993680798e+01    2.5934378539e+01    3.8853918525e+01   -1.3208947278e+02    9.2418734516e+00    1.0240000000e+03    2.5531675201e-03    6.2449544271e-01
       280   -5.8022105000e+01    3.3672026869e+03   -8.3478743197e+01    2.5456638197e+01    3.8574806586e+01   -1.3134039398e+02    9.2868441998e+00    1.0240000000e+03    2.5363883469e-03    6.2371419271e-01
       281   -5.7986420031e+01    3.3631116651e+03   -8.3789712608e+01    2.5803292576e+01    3.8792553685e+01   -1.3150356701e+02    8.9213007159e+00    1.0240000000e+03    2.5417318102e-03    6.2291666667e-01
       282   -5.8022176520e+01    3.3672494418e+03   -8.3820643310e+01    2.5798466791e+01    3.8712112402e+01   -1.3167181024e+02    9.1390545234e+00    1.0240000000e+03    2.5473611895e-03    6.2921549479e-01
       283   -5.7982713326e+01    3.3628130442e+03   -8.4100047083e+01    2.6117333757e+01    3.8809681129e+01   -1.3247611160e+02    9.5663833837e+00    1.0240000000e+03    2.5593962055e-03    6.2555338542e-01
       284   -5.7955223637e+01    3.3597328092e+03   -8.3494392253e+01    2.5539168616e+01    3.8648992778e+01   -1.3109585608e+02    8.9524710444e+00    1.0240000000e+03    2.5657294318e-03    6.2444661458e-01
       285   -5.8002061222e+01    3.3650358876e+03   -8.4176758221e+01    2.6174696999e+01    3.8946099595e+01   -1.3223808526e+02    9.1152274423e+00    1.0240000000e+03    2.5785004254e-03    6.2610677083e-01
       286   -5.8061192157e+01    3.3718969928e+03   -8.4099046816e+01    2.6037854659e+01    3.8944938358e+01   -1.3220260704e+02    9.1586218648e+00    1.0240000000e+03    2.5486892555e-03    6.2635091146e-01
       287   -5.7974683173e+01    3.3619334026e+03   -8.3286097133e+01    2.5311413960e+01    3.8604892478e+01   -1.3122774000e+02    9.3367503917e+00    1.0240000000e+03    2.5710240006e-03    6.2628580729e-01
       288   -5.7962604210e+01    3.3603918664e+03   -8.3352440626e+01    2.5389836415e+01    3.8579117009e+01   -1.3076444389e+02    8.8328862594e+00    1.0240000000e+03    2.5674565695e-03    6.2612304687e-01
       289   -5.7996209911e+01    3.3642008575e+03   -8.3837970414e+01    2.5841760503e+01    3.8725015305e+01   -1.3197229441e+02    9.4093086931e+00    1.0240000000e+03    2.5628374424e-03    6.2488606771e-01
       290   -5.7998852656e+01    3.3647217562e+03   -8.4403638181e+01    2.6404785525e+01    3.8799356548e+01   -1.3256026389e+02    9.3572691597e+00    1.0240000000e+03    2.5381685700e-03    6.2397460938e-01
       291   -5.7967831398e+01    3.3610061995e+03   -8.4091614654e+01    2.6123783256e+01    3.8644771325e+01   -1.3204100508e+02    9.3046190967e+00    1.0240000000e+03    2.5701455306e-03    6.2701822917e-01
       292   -5.8041856107e+01    3.3696548596e+03   -8.4287246931e+01    2.6245390823e+01    3.8794282670e+01   -1.3244066456e+02    9.3591349578e+00    1.0240000000e+03    2.5502319913e-03    6.2242838542e-01
       293   -5.7998863697e+01    3.3645335902e+03   -8.4155157383e+01    2.6156293686e+01    3.8982587826e+01   -1.3201558772e+02    8.8778425081e+00    1.0240000000e+03    2.5672428310e-03    6.2552083333e-01
       294   -5.7948506062e+01    3.3592759617e+03   -8.4309896360e+01    2.6361390298e+01    3.8813264866e+01   -1.3305451013e+02    9.9313489060e+00    1.0240000000e+03    2.5394079275e-03    6.2338867188e-01
       295   -5.7975164622e+01    3.3618590892e+03   -8.4044631218e+01    2.6069466596e+01    3.8739851639e+01   -1.3166277463e+02    8.8782917765e+00    1.0240000000e+03    2.5354786776e-03    6.2475585938e-01
       296   -5.7997640998e+01    3.3644528418e+03   -8.4880470383e+01    2.6882829385e+01    3.8956815073e+01   -1.3285537008e+02    9.0180846223e+00    1.0240000000e+03    2.5528394617e-03    6.2555338542e-01
       297   -5.7951759094e+01    3.3592298036e+03   -8.4340218677e+01    2.6388459582e+01    3.8969125358e+01   -1.3254019168e+02    9.2308476471e+00    1.0240000000e+03    2.5366251357e-03    6.2111002604e-01
       298   -5.7949221827e+01    3.3589150107e+03   -8.3520611234e+01    2.5571389407e+01    3.8995123312e+01   -1.3270028020e+02    1.0184545654e+01    1.0240000000e+03    2.5545479730e-03    6.2267252604e-01
       299   -5.7943709859e+01    3.3583300502e+03   -8.4285666714e+01    2.6341956855e+01    3.8793654715e+01   -1.3217763084e+02    9.0983094150e+00    1.0240000000e+03    2.5635722559e-03    6.2259114583e-01
       300   -5.7966632732e+01    3.3607296997e+03   -8.4646305748e+01    2.6679673016e+01    3.8878000135e+01   -1.3263887234e+02    9.1145664533e+00    1.0240000000e+03    2.5535165332e-03    6.2293294271e-01
       301   -5.7961259169e+01    3.3602499473e+03   -8.4337134873e+01    2.6375875704e+01    3.9029328019e+01   -1.3299210482e+02    9.6256419327e+00    1.0240000000e+03    2.5524434168e-03    6.2789713542e-01
       302   -5.7966357666e+01    3.3610124542e+03   -8.3836857020e+01    2.5870499354e+01    3.9057232127e+01   -1.3289518718e+02    1.0001098031e+01    1.0240000000e+03    2.5563342497e-03    6.2249348958e-01
       303   -5.7959150828e+01    3.3601615074e+03   -8.4109538082e+01    2.6150387254e+01    3.8910780525e+01   -1.3276768820e+02    9.7473695927e+00    1.0240000000e+03    2.5569912978e-03    6.2377929688e-01
       304   -5.7984062622e+01    3.3629534805e+03   -8.3896523841e+01    2.5912461219e+01    3.8726992278e+01   -1.3188623477e+02    9.2627186523e+00    1.0240000000e+03    2.5493446738e-03    6.2317708333e-01
       305   -5.7991075852e+01    3.3637656349e+03   -8.4492984891e+01    2.6501909039e+01    3.8923036447e+01   -1.3294140817e+02    9.5253868342e+00    1.0240000000e+03    2.5352693629e-03    6.2252604167e-01
       306   -5.7974457669e+01    3.3616650172e+03   -8.3384505664e+01    2.5410047996e+01    3.8569146884e+01   -1.3108347035e+02    9.1298178015e+00    1.0240000000e+03    2.5531447027e-03    6.2436523438e-01
       307   -5.8021644892e+01    3.3672444125e+03   -8.4244375175e+01    2.6222730283e+01    3.8736505327e+01   -1.3272046366e+02    9.7395831590e+00    1.0240000000e+03    2.5465257932e-03    6.2220052083e-01
       308   -5.8005169452e+01    3.3654736331e+03   -8.3803526852e+01    2.5798357400e+01    3.8964908288e+01   -1.3240454915e+02    9.6361140116e+00    1.0240000000e+03    2.5551032741e-03    6.2386067708e-01
       309   -5.8028717727e+01    3.3680962595e+03   -8.4233468928e+01    2.6204751201e+01    3.9026570871e+01   -1.3286980997e+02    9.6097701706e+00    1.0240000000e+03    2.5507232640e-03    6.2416992187e-01
       310   -5.8049863489e+01    3.3712471682e+03   -8.4488183913e+01    2.6438320424e+01    3.8835742973e+01   -1.3142772280e+02    8.1037959102e+00    1.0240000000e+03    2.5374779943e-03    6.1984049479e-01
       311   -5.8007706150e+01    3.3655959262e+03   -8.4237475686e+01    2.6229769535e+01    3.8834078364e+01   -1.3236427030e+02    9.2927162457e+00    1.0240000000e+03    2.5626583956e-03    6.2493489583e-01
       312   -5.7986489444e+01    3.3632100701e+03   -8.4157593006e+01    2.6171103562e+01    3.9136261647e+01   -1.3267832450e+02    9.3844698489e+00    1.0240000000e+03    2.5649834424e-03    6.2508138021e-01
       313   -5.7987038382e+01    3.3632243897e+03   -8.4041616591e+01    2.6054578209e+01    3.9176144706e+01   -1.3294610122e+02    9.7283399196e+00    1.0240000000e+03    2.5339401327e-03    6.2071940104e-01
       314   -5.7918952207e+01    3.3555575980e+03   -8.3801107778e+01    2.5882155571e+01    3.8865875385e+01   -1.3222811616e+02    9.5611329995e+00    1.0240000000e+03    2.5653049815e-03    6.2633463542e-01
       315   -5.7951653858e+01    3.3595995188e+03   -8.3990410564e+01    2.6038756706e+01    3.8706888867e+01   -1.3179475792e+02    9.0974584922e+00    1.0240000000e+03    2.5556078181e-03    6.2509765625e-01
       316   -5.8025938391e+01    3.3676726673e+03   -8.4097553097e+01    2.6071614706e+01    3.8898351913e+01   -1.3228363309e+02    9.2877280791e+00    1.0240000000e+03    2.5419879239e-03    6.2638346354e-01
       317   -5.7989679906e+01    3.3636188417e+03   -8.4344942199e+01    2.6355262293e+01    3.9016416538e+01   -1.3260035347e+02    9.2389947324e+00    1.0240000000e+03    2.5480487384e-03    6.2296549479e-01
       318   -5.7977385448e+01    3.3621392262e+03   -8.4374629220e+01    2.6397243773e+01    3.8973583008e+01   -1.3181468525e+02    8.4664730180e+00    1.0240000000e+03    2.5546075776e-03    6.2198893229e-01
       319   -5.7990694877e+01    3.3636932126e+03   -8.4818159163e+01    2.6827464286e+01    3.9257308247e+01   -1.3300303074e+02    8.9275633340e+00    1.0240000000e+03    2.5504655205e-03    6.2408854167e-01
       320   -5.7984191211e+01    3.3628812908e+03   -8.4327097543e+01    2.6342906331e+01    3.9157190249e+01   -1.3240297786e+02    8.9186900697e+00    1.0240000000e+03    2.5535391178e-03    6.2509765625e-01
       321   -5.7966219972e+01    3.3609071364e+03   -8.4481494149e+01    2.6515274177e+01    3.9014037256e+01   -1.3255388909e+02    9.0583576859e+00    1.0240000000e+03    2.5466131046e-03    6.2882486979e-01
       322   -5.7968121854e+01    3.3611039578e+03   -8.4507220070e+01    2.6539098217e+01    3.9119389931e+01   -1.3330649736e+02    9.6798873618e+00    1.0240000000e+03    2.5426617358e-03    6.2625325521e-01
       323   -5.7978890806e+01    3.3624332053e+03   -8.4617027588e+01    2.6638136782e+01    3.9157838193e+01   -1.3298424633e+02    9.2093805481e+00    1.0240000000e+03    2.5409189984e-03    6.2250976563e-01
       324   -5.7936459865e+01    3.3575057704e+03   -8.3679392497e+01    2.5742932632e+01    3.8966044241e+01   -1.3283714204e+02    1.0191705300e+01    1.0240000000e+03    2.5358265266e-03    6.2137044271e-01
       325   -5.7986158379e+01    3.3631458535e+03   -8.3974363055e+01    2.5988204676e+01    3.8859533105e+01   -1.3253339436e+02    9.6994982042e+00    1.0240000000e+03    2.5426254142e-03    6.2574869792e-01
       326   -5.7957875720e+01    3.3600716038e+03   -8.4072770586e+01    2.6114894867e+01    3.8970785011e+01   -1.3266185837e+02    9.6183027750e+00    1.0240000000e+03    2.5246781297e-03    6.2293294271e-01
       327   -5.7965258781e+01    3.3606704925e+03   -8.4167786688e+01    2.6202527907e+01    3.8897711820e+01   -1.3229868334e+02    9.2331848339e+00    1.0240000000e+03    2.5586681440e-03    6.2589518229e-01
       328   -5.8018017385e+01    3.3668793829e+03   -8.3569931490e+01    2.5551914105e+01    3.8695982886e+01   -1.3169744213e+02    9.4315277539e+00    1.0240000000e+03    2.5618353393e-03    6.2657877604e-01
       329   -5.8032888676e+01    3.3685116973e+03   -8.4287886930e+01    2.6254998254e+01    3.8835758668e+01   -1.3250375694e+02    9.3801113384e+00    1.0240000000e+03    2.5668689050e-03    6.2771809896e-01
       330   -5.8026898839e+01    3.3680140243e+03   -8.4094086052e+01    2.6067187212e+01    3.8803027696e+01   -1.3227974447e+02    9.3826307226e+00    1.0240000000e+03    2.5325310417e-03    6.2194010417e-01
       331   -5.7948445797e+01    3.3588211316e+03   -8.3744830017e+01    2.5796384220e+01    3.8687951747e+01   -1.3168686121e+02    9.2540794437e+00    1.0240000000e+03    2.5328919291e-03    6.2332356771e-01
       332   -5.7960803463e+01    3.3602385531e+03   -8.3750673539e+01    2.5789870076e+01    3.8911076098e+01   -1.3291726095e+02    1.0255511314e+01    1.0240000000e+03    2.5514191948e-03    6.2892252604e-01
       333   -5.7973559071e+01    3.3617598235e+03   -8.4337276275e+01    2.6363717204e+01    3.8869713529e+01   -1.3275242903e+02    9.5454392269e+00    1.0240000000e+03    2.5523446966e-03    6.2506510417e-01
       334   -5.7971455434e+01    3.3613937752e+03   -8.4158727296e+01    2.6187271862e+01    3.9162336057e+01   -1.3321617391e+02    9.8951105609e+00    1.0240000000e+03    2.5523158256e-03    6.2283528646e-01
       335   -5.8006837004e+01    3.3657440151e+03   -8.4536641821e+01    2.6529804817e+01    3.9131595639e+01   -1.3340091187e+02    9.7326744140e+00    1.0240000000e+03    2.5433276314e-03    6.2478841146e-01
       336   -5.7984864414e+01    3.3629590554e+03   -8.3867507853e+01    2.5882643439e+01    3.8950272497e+01   -1.3261856317e+02    9.8007828198e+00    1.0240000000e+03    2.5501116179e-03    6.2433268229e-01
       337   -5.7993871542e+01    3.3642009452e+03   -8.3909206337e+01    2.5915334795e+01    3.8773136743e+01   -1.3152029927e+02    8.8379561889e+00    1.0240000000e+03    2.5394945405e-03    6.2132161458e-01
       338   -5.8007720301e+01    3.3655773615e+03   -8.4192652972e+01    2.6184932671e+01    3.8877772483e+01   -1.3176666388e+02    8.6962384285e+00    1.0240000000e+03    2.5722831488e-03    6.2638346354e-01
       339   -5.7986869513e+01    3.3632013867e+03   -8.4297080087e+01    2.6310210574e+01    3.8878570127e+01   -1.3259010399e+02    9.4144537719e+00    1.0240000000e+03    2.5497504976e-03    6.2257486979e-01
       340   -5.8012949176e+01    3.3663486650e+03   -8.3979782152e+01    2.5966832976e+01    3.8927725968e+01   -1.3201393110e+02    9.1064229805e+00    1.0240000000e+03    2.5444023777e-03    6.2164713542e-01
       341   -5.7983954189e+01    3.3629619735e+03   -8.4180401570e+01    2.6196447381e+01    3.8867306710e+01   -1.3192127588e+02    8.8735675959e+00    1.0240000000e+03    2.5516576134e-03    6.2316080729e-01
       342   -5.7987557799e+01    3.3633636707e+03   -8.3514633174e+01    2.5527075375e+01    3.8813661034e+01   -1.3262147326e+02    1.0293179057e+01    1.0240000000e+03    2.5479674805e-03    6.2693684896e-01
       343   -5.7972765943e+01    3.3615906918e+03   -8.4123933543e+01    2.6151167600e+01    3.8787825433e+01   -1.3196855037e+02    9.0567913943e+00    1.0240000000e+03    2.5715141091e-03    6.2407226562e-01
       344   -5.7982228484e+01    3.3627248132e+03   -8.4428355548e+01    2.6446127064e+01    3.9028797559e+01   -1.3289538066e+02    9.4382275558e+00    1.0240000000e+03    2.5576914195e-03    6.2281901042e-01
       345   -5.7957365543e+01    3.3610441551e+03   -8.4492519558e+01    2.6535154014e+01    3.9071895461e+01   -1.3272722160e+02    9.1628065853e+00    1.0240000000e+03    2.5480913464e-03    6.2591145833e-01
       346   -5.7996508732e+01    3.3642983944e+03   -8.4285830335e+01    2.6289321603e+01    3.8812868124e+01   -1.3205895034e+02    8.9602518853e+00    1.0240000000e+03    2.5553824380e-03    6.2433268229e-01
       347   -5.7983224505e+01    3.3627662812e+03   -8.4240331562e+01    2.6257107057e+01    3.9034512841e+01   -1.3245423481e+02    9.1793904102e+00    1.0240000000e+03    2.5468147360e-03    6.2397460938e-01
       348   -5.7987462184e+01    3.3634798062e+03   -8.4685343201e+01    2.6697881017e+01    3.8892141785e+01   -1.3287167516e+02    9.2941901725e+00    1.0240000000e+03    2.5422007311e-03    6.2280273438e-01
       349   -5.8003441591e+01    3.3650636739e+03   -8.4446153633e+01    2.6442712042e+01    3.9048490415e+01   -1.3230168002e+02    8.8070359701e+00    1.0240000000e+03    2.5505011436e-03    6.2446289063e-01
       350   -5.7976309347e+01    3.3620908117e+03   -8.4392970174e+01    2.6416660828e+01    3.9050781318e+01   -1.3329307728e+02    9.8493257915e+00    1.0240000000e+03    2.5483127683e-03    6.2426757812e-01
       351   -5.8016155858e+01    3.3666080458e+03   -8.4986829282e+01    2.6970673424e+01    3.9253517510e+01   -1.3401551964e+02    9.7751728478e+00    1.0240000000e+03    2.5473816786e-03    6.2456054687e-01
       352   -5.7998519126e+01    3.3646437604e+03   -8.4465418133e+01    2.6466899007e+01    3.9233872593e+01   -1.3349530709e+02    9.7960163694e+00    1.0240000000e+03    2.5553933810e-03    6.2301432292e-01
       353   -5.8020512676e+01    3.3672599976e+03   -8.3948657719e+01    2.5928145043e+01    3.9145682059e+01   -1.3287404270e+02    9.7797029260e+00    1.0240000000e+03    2.5663438719e-03    6.2579752604e-01
       354   -5.8032842665e+01    3.3684528543e+03   -8.4493607308e+01    2.6460764643e+01    3.9240187513e+01   -1.3319291517e+02    9.4591203483e+00    1.0240000000e+03    2.5581736118e-03    6.2277018229e-01
       355   -5.7971178477e+01    3.3618463712e+03   -8.4580382072e+01    2.6609203595e+01    3.9234918309e+01   -1.3264969174e+02    8.8343913579e+00    1.0240000000e+03    2.5660635438e-03    6.2257486979e-01
       356   -5.7967609712e+01    3.3610434395e+03   -8.4653061182e+01    2.6685451470e+01    3.9111447431e+01   -1.3280360424e+02    9.0390956225e+00    1.0240000000e+03    2.5408216752e-03    6.2425130208e-01
       357   -5.7969144078e+01    3.3612013798e+03   -8.4361878330e+01    2.6392734252e+01    3.9029630035e+01   -1.3328744439e+02    9.8959360286e+00    1.0240000000e+03    2.5625571143e-03    6.2102864583e-01
       358   -5.7965405116e+01    3.3609939385e+03   -8.4589385534e+01    2.6623980418e+01    3.9091538856e+01   -1.3311526311e+02    9.4343387185e+00    1.0240000000e+03    2.5589421857e-03    6.2545572917e-01
       359   -5.8026473918e+01    3.3681428446e+03   -8.4144761890e+01    2.6118287972e+01    3.8896919567e+01   -1.3256398357e+02    9.5223021079e+00    1.0240000000e+03    2.5352507364e-03    6.2309570312e-01
       360   -5.7996396896e+01    3.3643099724e+03   -8.4458286778e+01    2.6461889882e+01    3.8977997197e+01   -1.3224267985e+02    8.8063958778e+00    1.0240000000e+03    2.5431376416e-03    6.2111002604e-01
       361   -5.8025357374e+01    3.3676179615e+03   -8.4531860678e+01    2.6506503304e+01    3.9113639248e+01   -1.3267703859e+02    9.0315386621e+00    1.0240000000e+03    2.5478911120e-03    6.2216796875e-01
       362   -5.8004348838e+01    3.3652824419e+03   -8.4266602533e+01    2.6262253695e+01    3.8929784489e+01   -1.3257159147e+02    9.3752044435e+00    1.0240000000e+03    2.5471188128e-03    6.1918945312e-01
       363   -5.7941051252e+01    3.3579230617e+03   -8.3902387126e+01    2.5961335874e+01    3.8922199754e+01   -1.3239998074e+02    9.5753938626e+00    1.0240000000e+03    2.5592113379e-03    6.2293294271e-01
       364   -5.8030225714e+01    3.3695678533e+03   -8.4729122963e+01    2.6698897249e+01    3.9177064793e+01   -1.3281944672e+02    8.9132589639e+00    1.0240000000e+03    2.5556306355e-03    6.2491861979e-01
       365   -5.8006007066e+01    3.3654639533e+03   -8.4427165893e+01    2.6421158827e+01    3.9104887518e+01   -1.3323513397e+02    9.7030805583e+00    1.0240000000e+03    2.5445607025e-03    6.2423502604e-01
       366   -5.8001698608e+01    3.3649688612e+03   -8.4615779357e+01    2.6614080749e+01    3.9218220073e+01   -1.3373079014e+02    9.8967907132e+00    1.0240000000e+03    2.5457756128e-03    6.2306315104e-01
       367   -5.8004099706e+01    3.3653502343e+03   -8.4529030999e+01    2.6524931293e+01    3.9101803656e+01   -1.3340228956e+02    9.7714549092e+00    1.0240000000e+03    2.5498203468e-03    6.2386067708e-01
       368   -5.7995795232e+01    3.3642534874e+03   -8.4548781148e+01    2.6552985915e+01    3.9113778833e+01   -1.3313558547e+02    9.4730254843e+00    1.0240000000e+03    2.5631210301e-03    6.2281901042e-01
       369   -5.7990880170e+01    3.3639897784e+03   -8.4149309447e+01    2.6158429277e+01    3.9068309800e+01   -1.3307860577e+02    9.8609865222e+00    1.0240000000e+03    2.5633643381e-03    6.2255859375e-01
       370   -5.8006496587e+01    3.3654442990e+03   -8.4273051671e+01    2.6266555085e+01    3.8956588494e+01   -1.3245217792e+02    9.2225377512e+00    1.0240000000e+03    2.5550322607e-03    6.2434895833e-01
       371   -5.7994861390e+01    3.3642573207e+03   -8.4679219948e+01    2.6684358558e+01    3.9065470578e+01   -1.3256288685e+02    8.8181963222e+00    1.0240000000e+03    2.5444452185e-03    6.2239583333e-01
       372   -5.8000144142e+01    3.3647607372e+03   -8.4105061930e+01    2.6104917788e+01    3.8910896298e+01   -1.3188103252e+02    8.8650742920e+00    1.0240000000e+03    2.5396593846e-03    6.2211914062e-01
       373   -5.8036619145e+01    3.3689517670e+03   -8.4023598616e+01    2.5986979471e+01    3.8743185966e+01   -1.3177962493e+02    9.0128403462e+00    1.0240000000e+03    2.5434941053e-03    6.2311197917e-01
       374   -5.7991503802e+01    3.3637829638e+03   -8.4286332368e+01    2.6294828566e+01    3.8897106472e+01   -1.3245216782e+02    9.2687289778e+00    1.0240000000e+03    2.5397094432e-03    6.2491861979e-01
       375   -5.7984770874e+01    3.3630102919e+03   -8.4367934511e+01    2.6383163638e+01    3.8972280155e+01   -1.3285366592e+02    9.5134512555e+00    1.0240000000e+03    2.5722426362e-03    6.2330729167e-01
       376   -5.8022558379e+01    3.3673967466e+03   -8.3991727375e+01    2.5969168997e+01    3.9106234461e+01   -1.3282454276e+02    9.7265809254e+00    1.0240000000e+03    2.5392768439e-03    6.2641601563e-01
       377   -5.8024351851e+01    3.3677764019e+03   -8.4214121934e+01    2.6189770084e+01    3.9000347836e+01   -1.3267870683e+02    9.4642370619e+00    1.0240000000e+03    2.5597838685e-03    6.2280273438e-01
       378   -5.8003433174e+01    3.3651242365e+03   -8.4647386777e+01    2.6643953603e+01    3.9090815564e+01   -1.3277740005e+02    9.0391977085e+00    1.0240000000e+03    2.5486359373e-03    6.2317708333e-01
       379   -5.7993383684e+01    3.3644532950e+03   -8.4094918918e+01    2.6101535233e+01    3.9221802074e+01   -1.3312251626e+02    9.8057952665e+00    1.0240000000e+03    2.5490636472e-03    6.2389322917e-01
       380   -5.7943461744e+01    3.3583105442e+03   -8.3920277825e+01    2.5976816082e+01    3.9002031439e+01   -1.3205582049e+02    9.1335112218e+00    1.0240000000e+03    2.5554518215e-03    6.2338867187e-01
       381   -5.8044587166e+01    3.3698646984e+03   -8.3922870455e+01    2.5878283289e+01    3.8908888269e+01   -1.3224332255e+02    9.4115638237e+00    1.0240000000e+03    2.5469730608e-03    6.2348632813e-01
       382   -5.8041720092e+01    3.3697202287e+03   -8.3690825233e+01    2.5649105141e+01    3.8982307341e+01   -1.3224701161e+02    9.5738790352e+00    1.0240000000e+03    2.5676982477e-03    6.2319335938e-01
       383   -5.8025998175e+01    3.3677483613e+03   -8.4183468286e+01    2.6157470111e+01    3.8874933378e+01   -1.3195026522e+02    8.8918635548e+00    1.0240000000e+03    2.5642493274e-03    6.2381184896e-01
       384   -5.7995567930e+01    3.3642383311e+03   -8.4183715043e+01    2.6188147113e+01    3.8977883855e+01   -1.3275956245e+02    9.5979635498e+00    1.0240000000e+03    2.5627636351e-03    6.2587890625e-01
       385   -5.7976317856e+01    3.3619500137e+03   -8.3855419171e+01    2.5879101315e+01    3.9052952549e+01   -1.3228792451e+02    9.3795527931e+00    1.0240000000e+03    2.5718735997e-03    6.2330729167e-01
       386   -5.7977383959e+01    3.3621835746e+03   -8.4162866892e+01    2.6185482933e+01    3.8906170089e+01   -1.3218842703e+02    9.1193900487e+00    1.0240000000e+03    2.5592364836e-03    6.2060546875e-01
       387   -5.7934686000e+01    3.3574324848e+03   -8.4126086075e+01    2.6191400076e+01    3.9194045377e+01   -1.3312363735e+02    9.8035058937e+00    1.0240000000e+03    2.5624837726e-03    6.2324218750e-01
       388   -5.8023892209e+01    3.3684673175e+03   -8.4555407565e+01    2.6531515356e+01    3.9092441870e+01   -1.3322686393e+02    9.5790144950e+00    1.0240000000e+03    2.5564264506e-03    6.2605794271e-01
       389   -5.8010276217e+01    3.3659837493e+03   -8.4552118037e+01    2.6541841820e+01    3.9082369308e+01   -1.3317711485e+02    9.5426275083e+00    1.0240000000e+03    2.5465721264e-03    6.2667643229e-01
       390   -5.7947076582e+01    3.3609146329e+03   -8.4062983925e+01    2.6115907343e+01    3.9233363500e+01   -1.3303606018e+02    9.7397127563e+00    1.0240000000e+03    2.5502459612e-03    6.2345377604e-01
       391   -5.7978311383e+01    3.3622747462e+03   -8.4322128441e+01    2.6343817058e+01    3.9207919954e+01   -1.3306444154e+02    9.5343931463e+00    1.0240000000e+03    2.5644949637e-03    6.2260742187e-01
       392   -5.7977909813e+01    3.3622623852e+03   -8.4626167782e+01    2.6648257970e+01    3.9072286225e+01   -1.3369327176e+02    9.9948177555e+00    1.0240000000e+03    2.5511269923e-03    6.2382812500e-01
       393   -5.7974992871e+01    3.3618573339e+03   -8.4594610538e+01    2.6619617666e+01    3.9135832386e+01   -1.3292701928e+02    9.1965763541e+00    1.0240000000e+03    2.5603622198e-03    6.2444661458e-01
       394   -5.7999329464e+01    3.3646371615e+03   -8.4042964756e+01    2.6043635292e+01    3.8896381513e+01   -1.3231769988e+02    9.3783536106e+00    1.0240000000e+03    2.5533977896e-03    6.2244466146e-01
       395   -5.7987323344e+01    3.3636549494e+03   -8.4106663984e+01    2.6119340640e+01    3.9002904279e+01   -1.3255075480e+02    9.4411865393e+00    1.0240000000e+03    2.5679753162e-03    6.2604166667e-01
       396   -5.8033352630e+01    3.3687031147e+03   -8.4899025829e+01    2.6865673199e+01    3.9155902609e+01   -1.3350654803e+02    9.4516195936e+00    1.0240000000e+03    2.5761548895e-03    6.2371419271e-01
       397   -5.7979223786e+01    3.3626201740e+03   -8.4618044616e+01    2.6638820830e+01    3.9066466771e+01   -1.3296303932e+02    9.2785279325e+00    1.0240000000e+03    2.5728393812e-03    6.2496744792e-01
       398   -5.7998490825e+01    3.3644733206e+03   -8.4348157570e+01    2.6349666745e+01    3.8920678796e+01   -1.3235766163e+02    9.0888252688e+00    1.0240000000e+03    2.5477448944e-03    6.1992187500e-01
       399   -5.7994623857e+01    3.3643914366e+03   -8.4011643622e+01    2.6017019765e+01    3.8902707468e+01   -1.3249451844e+02    9.5801673548e+00    1.0240000000e+03    2.5547258556e-03    6.2382812500e-01
