#  Lmax = 2 nonlocal L channels2
#  Units = bohr hartree 
#  r  -r*V/zeff   Vnl ... 
2.210000000000e-03       1.734592267202e-02       1.927728254920e+02       1.226265357234e+02
1.921000000000e-02       1.500449017345e-01       1.919281338285e+02       1.220929794668e+02
3.621000000000e-02       2.793901936846e-01       1.897600602732e+02       1.207234669073e+02
5.321000000000e-02       4.027831119918e-01       1.863147471891e+02       1.185470626240e+02
7.021000000000e-02       5.180731099254e-01       1.816646333959e+02       1.156093978885e+02
8.721000000000e-02       6.236066202200e-01       1.759059518645e+02       1.119710985201e+02
1.042100000000e-01       7.182445709331e-01       1.691553994285e+02       1.077056919120e+02
1.212100000000e-01       8.013501984737e-01       1.615461299219e+02       1.028970881608e+02
1.382100000000e-01       8.727515706591e-01       1.532233633494e+02       9.763681905015e+01
1.552100000000e-01       9.326839251399e-01       1.443397363004e+02       9.202111317225e+01
1.722100000000e-01       9.817182588104e-01       1.350506340614e+02       8.614795816768e+01
1.892100000000e-01       1.020682747515e+00       1.255097170342e+02       8.011428367742e+01
2.062100000000e-01       1.050582975987e+00       1.158647727256e+02       7.401334744114e+01
2.232100000000e-01       1.072526500319e+00       1.062540945403e+02       6.793245135794e+01
2.402100000000e-01       1.087655775806e+00       9.680346206694e+01       6.195103466764e+01
2.572100000000e-01       1.097092343730e+00       8.762381464617e+01       5.613920241791e+01
2.742100000000e-01       1.101893702990e+00       7.880965324118e+01       5.055671174629e+01
2.912100000000e-01       1.103023131390e+00       7.043815853973e+01       4.525240884992e+01
3.082100000000e-01       1.101331571639e+00       6.256899592478e+01       4.026409875623e+01
3.252100000000e-01       1.097550056641e+00       5.524473567794e+01       3.561880325541e+01
3.422100000000e-01       1.092290605761e+00       4.849180287225e+01       3.133335358526e+01
3.592100000000e-01       1.086053322368e+00       4.232184907528e+01       2.741525026248e+01
3.762100000000e-01       1.079237598063e+00       3.673344327698e+01       2.386372564963e+01
3.932100000000e-01       1.072155397798e+00       3.171396162261e+01       2.067093348635e+01
4.102100000000e-01       1.065045120094e+00       2.724157878008e+01       1.782320410961e+01
4.272100000000e-01       1.058084840620e+00       2.328726351492e+01       1.530230380979e+01
4.442100000000e-01       1.051404174475e+00       1.981669496485e+01       1.308664543119e+01
4.612100000000e-01       1.045094403240e+00       1.679204295007e+01       1.115241418499e+01
4.782100000000e-01       1.039216734229e+00       1.417355655758e+01       9.474573157669e+00
4.952100000000e-01       1.033808836848e+00       1.192093702436e+01       8.027733042008e+00
5.122100000000e-01       1.028889891613e+00       9.994477199576e+00       6.786874576442e+00
5.292100000000e-01       1.024464453476e+00       8.355965333558e+00       5.727921981686e+00
5.462100000000e-01       1.020525445351e+00       6.969365457102e+00       4.828174896845e+00
5.632100000000e-01       1.017056538525e+00       5.801289406255e+00       4.066608157973e+00
5.802100000000e-01       1.014034138596e+00       4.821286403268e+00       3.424055676740e+00
5.972100000000e-01       1.011429119244e+00       4.001976517623e+00       2.883295014971e+00
6.142100000000e-01       1.009208389161e+00       3.319056809884e+00       2.429050881242e+00
6.312100000000e-01       1.007336332323e+00       2.751208181044e+00       2.047935321452e+00
6.482100000000e-01       1.005776122170e+00       2.279929333611e+00       1.728341410642e+00
6.652100000000e-01       1.004490895701e+00       1.889321144291e+00       1.460305296158e+00
6.822100000000e-01       1.003444763682e+00       1.565841648288e+00       1.235349504201e+00
6.992100000000e-01       1.002603637738e+00       1.298048514818e+00       1.046318317346e+00
7.162100000000e-01       1.001935861389e+00       1.076341457667e+00       8.872132123179e-01
7.332100000000e-01       1.001412646381e+00       8.927149839293e-01       7.530350403749e-01
7.502100000000e-01       1.001008323590e+00       7.405276775446e-01       6.396369469489e-01
7.672100000000e-01       1.000700429166e+00       6.142924244209e-01       5.435908704081e-01
7.842100000000e-01       1.000469653692e+00       5.094898367379e-01       4.620690704731e-01
8.012100000000e-01       1.000299682239e+00       4.224050163596e-01       3.927407829933e-01
8.182100000000e-01       1.000176958596e+00       3.499873931421e-01       3.336838077437e-01
8.352100000000e-01       1.000090400291e+00       2.897318310645e-01       2.833098576702e-01
8.522100000000e-01       1.000031090260e+00       2.395791272764e-01       2.403024349950e-01
8.692100000000e-01       9.999919660449e-01       1.978336973655e-01       2.035657811350e-01
8.862100000000e-01       9.999675206878e-01       1.630959824296e-01       1.721832924894e-01
9.032100000000e-01       9.999535275153e-01       1.342075077512e-01       1.453840271780e-01
9.202100000000e-01       9.999467942065e-01       1.102063953515e-01       1.225158666809e-01
9.372100000000e-01       9.999449495674e-01       9.029152319215e-02       1.030241392101e-01
9.542100000000e-01       9.999462634177e-01       7.379373064509e-02       8.643465050522e-02
9.712100000000e-01       9.999494974889e-01       6.015264128415e-02       7.234019047986e-02
9.882100000000e-01       9.999537849684e-01       4.889802241254e-02       6.038980240057e-02
1.005210000000e+00       9.999585348037e-01       3.963470136655e-02       5.028018194085e-02
1.022210000000e+00       9.999633571697e-01       3.203030549442e-02       4.174873106655e-02
1.039210000000e+00       9.999680064618e-01       2.580523727645e-02       3.456789082260e-02
1.056210000000e+00       9.999723383507e-01       2.072439480029e-02       2.854044633297e-02
1.073210000000e+00       9.999762780510e-01       1.659030133275e-02       2.349559604827e-02
1.090210000000e+00       9.999797972150e-01       1.323734526754e-02       1.928560639132e-02
1.107210000000e+00       9.999828974144e-01       1.052692334024e-02       1.578293177505e-02
1.124210000000e+00       9.999855985460e-01       8.343325661059e-03       1.287771107117e-02
1.141210000000e+00       9.999879308446e-01       6.590224411669e-03       1.047556593578e-02
1.158210000000e+00       9.999899295170e-01       5.187679091374e-03       8.495660071974e-03
1.175210000000e+00       9.999916312321e-01       4.069570818806e-03       6.868976327993e-03
1.192210000000e+00       9.999930719143e-01       3.181406246501e-03       5.536786290454e-03
1.209210000000e+00       9.999942854306e-01       2.478441104753e-03       4.449292196961e-03
1.226210000000e+00       9.999953028826e-01       1.924075375373e-03       3.564419474416e-03
1.243210000000e+00       9.999961522962e-01       1.488489054177e-03       2.846749896262e-03
1.260210000000e+00       9.999968585665e-01       1.147482815950e-03       2.266578892841e-03
1.277210000000e+00       9.999974435608e-01       8.814976807388e-04       1.799086775426e-03
1.294210000000e+00       9.999979263112e-01       6.747901141902e-04       1.423613874952e-03
1.311210000000e+00       9.999983232566e-01       5.147391580376e-04       1.123027489095e-03
1.328210000000e+00       9.999986485018e-01       3.912690335489e-04       8.831736324840e-04
1.345210000000e+00       9.999989140782e-01       2.963688964329e-04       6.924029984041e-04
1.362210000000e+00       9.999991301943e-01       2.236958007563e-04       5.411635849055e-04
1.379210000000e+00       9.999993054691e-01       1.682482860833e-04       4.216526104267e-04
1.396210000000e+00       9.999994471459e-01       1.260986871175e-04       3.275196856037e-04
1.413210000000e+00       9.999995612851e-01       9.417535698959e-05       2.536157937115e-04
1.430210000000e+00       9.999996529358e-01       7.008588831373e-05       1.957813812965e-04
1.447210000000e+00       9.999997262872e-01       5.197448281968e-05       1.506685304503e-04
1.464210000000e+00       9.999997848011e-01       3.840750166147e-05       1.155925423800e-04
1.481210000000e+00       9.999998313265e-01       2.828186278238e-05       8.840830861805e-05
1.498210000000e+00       9.999998681996e-01       2.075228799442e-05       6.740813976221e-05
1.515210000000e+00       9.999998973282e-01       1.517364759897e-05       5.123746279264e-05
1.532210000000e+00       9.999999202645e-01       1.105553669049e-05       3.882565594549e-05
1.549210000000e+00       9.999999382667e-01       8.026674480012e-06       2.932959010630e-05
1.566210000000e+00       9.999999523508e-01       5.807073057096e-06       2.208762938418e-05
1.583210000000e+00       9.999999633342e-01       4.186439066053e-06       1.658242938850e-05
1.600210000000e+00       9.999999718720e-01       3.004466804127e-06       1.239845990945e-05
1.617210000000e+00       9.999999784877e-01       0.000000000000e+00       0.000000000000e+00
1.634210000000e+00       9.999999835976e-01       0.000000000000e+00       0.000000000000e+00
1.651210000000e+00       9.999999875318e-01       0.000000000000e+00       0.000000000000e+00
1.668210000000e+00       9.999999905513e-01       0.000000000000e+00       0.000000000000e+00
1.685210000000e+00       9.999999928613e-01       0.000000000000e+00       0.000000000000e+00
1.702210000000e+00       9.999999946230e-01       0.000000000000e+00       0.000000000000e+00
1.719210000000e+00       9.999999959622e-01       0.000000000000e+00       0.000000000000e+00
1.736210000000e+00       9.999999969771e-01       0.000000000000e+00       0.000000000000e+00
1.753210000000e+00       9.999999977438e-01       0.000000000000e+00       0.000000000000e+00
1.770210000000e+00       9.999999983211e-01       0.000000000000e+00       0.000000000000e+00
1.787210000000e+00       9.999999987545e-01       0.000000000000e+00       0.000000000000e+00
1.804210000000e+00       9.999999990788e-01       0.000000000000e+00       0.000000000000e+00
1.821210000000e+00       9.999999993208e-01       0.000000000000e+00       0.000000000000e+00
1.838210000000e+00       9.999999995007e-01       0.000000000000e+00       0.000000000000e+00
1.855210000000e+00       9.999999996340e-01       0.000000000000e+00       0.000000000000e+00
1.872210000000e+00       9.999999997326e-01       0.000000000000e+00       0.000000000000e+00
1.889210000000e+00       9.999999998052e-01       0.000000000000e+00       0.000000000000e+00
1.906210000000e+00       9.999999998585e-01       0.000000000000e+00       0.000000000000e+00
1.923210000000e+00       9.999999998976e-01       0.000000000000e+00       0.000000000000e+00
1.940210000000e+00       9.999999999261e-01       0.000000000000e+00       0.000000000000e+00
1.957210000000e+00       9.999999999468e-01       0.000000000000e+00       0.000000000000e+00
1.974210000000e+00       9.999999999618e-01       0.000000000000e+00       0.000000000000e+00
1.991210000000e+00       9.999999999727e-01       0.000000000000e+00       0.000000000000e+00
2.008210000000e+00       9.999999999805e-01       0.000000000000e+00       0.000000000000e+00
2.025210000000e+00       9.999999999861e-01       0.000000000000e+00       0.000000000000e+00
2.042210000000e+00       9.999999999902e-01       0.000000000000e+00       0.000000000000e+00
2.059210000000e+00       9.999999999931e-01       0.000000000000e+00       0.000000000000e+00
2.076210000000e+00       9.999999999951e-01       0.000000000000e+00       0.000000000000e+00
2.093210000000e+00       9.999999999966e-01       0.000000000000e+00       0.000000000000e+00
2.110210000000e+00       9.999999999976e-01       0.000000000000e+00       0.000000000000e+00
2.127210000000e+00       9.999999999983e-01       0.000000000000e+00       0.000000000000e+00
2.144210000000e+00       9.999999999988e-01       0.000000000000e+00       0.000000000000e+00
2.161210000000e+00       9.999999999992e-01       0.000000000000e+00       0.000000000000e+00
2.178210000000e+00       9.999999999994e-01       0.000000000000e+00       0.000000000000e+00
2.195210000000e+00       9.999999999996e-01       0.000000000000e+00       0.000000000000e+00
2.212210000000e+00       9.999999999997e-01       0.000000000000e+00       0.000000000000e+00
2.229210000000e+00       9.999999999998e-01       0.000000000000e+00       0.000000000000e+00
2.246210000000e+00       9.999999999999e-01       0.000000000000e+00       0.000000000000e+00
2.263210000000e+00       9.999999999999e-01       0.000000000000e+00       0.000000000000e+00
2.280210000000e+00       9.999999999999e-01       0.000000000000e+00       0.000000000000e+00
2.297210000000e+00       1.000000000000e+00       0.000000000000e+00       0.000000000000e+00
2.314210000000e+00       1.000000000000e+00       0.000000000000e+00       0.000000000000e+00
2.331210000000e+00       1.000000000000e+00       0.000000000000e+00       0.000000000000e+00
2.348210000000e+00       1.000000000000e+00       0.000000000000e+00       0.000000000000e+00
2.365210000000e+00       1.000000000000e+00       0.000000000000e+00       0.000000000000e+00
2.382210000000e+00       1.000000000000e+00       0.000000000000e+00       0.000000000000e+00
2.399210000000e+00       1.000000000000e+00       0.000000000000e+00       0.000000000000e+00
2.416210000000e+00       1.000000000000e+00       0.000000000000e+00       0.000000000000e+00
2.433210000000e+00       1.000000000000e+00       0.000000000000e+00       0.000000000000e+00
2.450210000000e+00       1.000000000000e+00       0.000000000000e+00       0.000000000000e+00
2.467210000000e+00       1.000000000000e+00       0.000000000000e+00       0.000000000000e+00
2.484210000000e+00       1.000000000000e+00       0.000000000000e+00       0.000000000000e+00
2.501210000000e+00       1.000000000000e+00       0.000000000000e+00       0.000000000000e+00
2.518210000000e+00       1.000000000000e+00       0.000000000000e+00       0.000000000000e+00
2.535210000000e+00       1.000000000000e+00       0.000000000000e+00       0.000000000000e+00
2.552210000000e+00       1.000000000000e+00       0.000000000000e+00       0.000000000000e+00
2.569210000000e+00       1.000000000000e+00       0.000000000000e+00       0.000000000000e+00
2.586210000000e+00       1.000000000000e+00       0.000000000000e+00       0.000000000000e+00
2.603210000000e+00       1.000000000000e+00       0.000000000000e+00       0.000000000000e+00
2.620210000000e+00       1.000000000000e+00       0.000000000000e+00       0.000000000000e+00
2.637210000000e+00       1.000000000000e+00       0.000000000000e+00       0.000000000000e+00
2.654210000000e+00       1.000000000000e+00       0.000000000000e+00       0.000000000000e+00
2.671210000000e+00       1.000000000000e+00       0.000000000000e+00       0.000000000000e+00
2.688210000000e+00       1.000000000000e+00       0.000000000000e+00       0.000000000000e+00
2.705210000000e+00       1.000000000000e+00       0.000000000000e+00       0.000000000000e+00
2.722210000000e+00       1.000000000000e+00       0.000000000000e+00       0.000000000000e+00
2.739210000000e+00       1.000000000000e+00       0.000000000000e+00       0.000000000000e+00
2.756210000000e+00       1.000000000000e+00       0.000000000000e+00       0.000000000000e+00
2.773210000000e+00       1.000000000000e+00       0.000000000000e+00       0.000000000000e+00
2.790210000000e+00       1.000000000000e+00       0.000000000000e+00       0.000000000000e+00
2.807210000000e+00       1.000000000000e+00       0.000000000000e+00       0.000000000000e+00
2.824210000000e+00       1.000000000000e+00       0.000000000000e+00       0.000000000000e+00
2.841210000000e+00       1.000000000000e+00       0.000000000000e+00       0.000000000000e+00
2.858210000000e+00       1.000000000000e+00       0.000000000000e+00       0.000000000000e+00
2.875210000000e+00       1.000000000000e+00       0.000000000000e+00       0.000000000000e+00
2.892210000000e+00       1.000000000000e+00       0.000000000000e+00       0.000000000000e+00
2.909210000000e+00       1.000000000000e+00       0.000000000000e+00       0.000000000000e+00
2.926210000000e+00       1.000000000000e+00       0.000000000000e+00       0.000000000000e+00
2.943210000000e+00       1.000000000000e+00       0.000000000000e+00       0.000000000000e+00
2.960210000000e+00       1.000000000000e+00       0.000000000000e+00       0.000000000000e+00
2.977210000000e+00       1.000000000000e+00       0.000000000000e+00       0.000000000000e+00
2.994210000000e+00       1.000000000000e+00       0.000000000000e+00       0.000000000000e+00
3.011210000000e+00       1.000000000000e+00       0.000000000000e+00       0.000000000000e+00
3.028210000000e+00       1.000000000000e+00       0.000000000000e+00       0.000000000000e+00
3.045210000000e+00       1.000000000000e+00       0.000000000000e+00       0.000000000000e+00
3.062210000000e+00       1.000000000000e+00       0.000000000000e+00       0.000000000000e+00
3.079210000000e+00       1.000000000000e+00       0.000000000000e+00       0.000000000000e+00
3.096210000000e+00       1.000000000000e+00       0.000000000000e+00       0.000000000000e+00
3.113210000000e+00       1.000000000000e+00       0.000000000000e+00       0.000000000000e+00
3.130210000000e+00       1.000000000000e+00       0.000000000000e+00       0.000000000000e+00
3.147210000000e+00       1.000000000000e+00       0.000000000000e+00       0.000000000000e+00
3.164210000000e+00       1.000000000000e+00       0.000000000000e+00       0.000000000000e+00
3.181210000000e+00       1.000000000000e+00       0.000000000000e+00       0.000000000000e+00
3.198210000000e+00       1.000000000000e+00       0.000000000000e+00       0.000000000000e+00
3.215210000000e+00       1.000000000000e+00       0.000000000000e+00       0.000000000000e+00
3.232210000000e+00       1.000000000000e+00       0.000000000000e+00       0.000000000000e+00
3.249210000000e+00       1.000000000000e+00       0.000000000000e+00       0.000000000000e+00
3.266210000000e+00       1.000000000000e+00       0.000000000000e+00       0.000000000000e+00
3.283210000000e+00       1.000000000000e+00       0.000000000000e+00       0.000000000000e+00
3.300210000000e+00       1.000000000000e+00       0.000000000000e+00       0.000000000000e+00
3.317210000000e+00       1.000000000000e+00       0.000000000000e+00       0.000000000000e+00
3.334210000000e+00       1.000000000000e+00       0.000000000000e+00       0.000000000000e+00
3.351210000000e+00       1.000000000000e+00       0.000000000000e+00       0.000000000000e+00
3.368210000000e+00       1.000000000000e+00       0.000000000000e+00       0.000000000000e+00
3.385210000000e+00       1.000000000000e+00       0.000000000000e+00       0.000000000000e+00
3.402210000000e+00       1.000000000000e+00       0.000000000000e+00       0.000000000000e+00
3.419210000000e+00       1.000000000000e+00       0.000000000000e+00       0.000000000000e+00
3.436210000000e+00       1.000000000000e+00       0.000000000000e+00       0.000000000000e+00
3.453210000000e+00       1.000000000000e+00       0.000000000000e+00       0.000000000000e+00
3.470210000000e+00       1.000000000000e+00       0.000000000000e+00       0.000000000000e+00
3.487210000000e+00       1.000000000000e+00       0.000000000000e+00       0.000000000000e+00
3.504210000000e+00       1.000000000000e+00       0.000000000000e+00       0.000000000000e+00
3.521210000000e+00       1.000000000000e+00       0.000000000000e+00       0.000000000000e+00
3.538210000000e+00       1.000000000000e+00       0.000000000000e+00       0.000000000000e+00
3.555210000000e+00       1.000000000000e+00       0.000000000000e+00       0.000000000000e+00
3.572210000000e+00       1.000000000000e+00       0.000000000000e+00       0.000000000000e+00
3.589210000000e+00       1.000000000000e+00       0.000000000000e+00       0.000000000000e+00
3.606210000000e+00       1.000000000000e+00       0.000000000000e+00       0.000000000000e+00
3.623210000000e+00       1.000000000000e+00       0.000000000000e+00       0.000000000000e+00
3.640210000000e+00       1.000000000000e+00       0.000000000000e+00       0.000000000000e+00
3.657210000000e+00       1.000000000000e+00       0.000000000000e+00       0.000000000000e+00
3.674210000000e+00       1.000000000000e+00       0.000000000000e+00       0.000000000000e+00
3.691210000000e+00       1.000000000000e+00       0.000000000000e+00       0.000000000000e+00
3.708210000000e+00       1.000000000000e+00       0.000000000000e+00       0.000000000000e+00
3.725210000000e+00       1.000000000000e+00       0.000000000000e+00       0.000000000000e+00
3.742210000000e+00       1.000000000000e+00       0.000000000000e+00       0.000000000000e+00
3.759210000000e+00       1.000000000000e+00       0.000000000000e+00       0.000000000000e+00
3.776210000000e+00       1.000000000000e+00       0.000000000000e+00       0.000000000000e+00
3.793210000000e+00       1.000000000000e+00       0.000000000000e+00       0.000000000000e+00
3.810210000000e+00       1.000000000000e+00       0.000000000000e+00       0.000000000000e+00
3.827210000000e+00       1.000000000000e+00       0.000000000000e+00       0.000000000000e+00
3.844210000000e+00       1.000000000000e+00       0.000000000000e+00       0.000000000000e+00
3.861210000000e+00       1.000000000000e+00       0.000000000000e+00       0.000000000000e+00
3.878210000000e+00       1.000000000000e+00       0.000000000000e+00       0.000000000000e+00
3.895210000000e+00       1.000000000000e+00       0.000000000000e+00       0.000000000000e+00
3.912210000000e+00       1.000000000000e+00       0.000000000000e+00       0.000000000000e+00
3.929210000000e+00       1.000000000000e+00       0.000000000000e+00       0.000000000000e+00
3.946210000000e+00       1.000000000000e+00       0.000000000000e+00       0.000000000000e+00
3.963210000000e+00       1.000000000000e+00       0.000000000000e+00       0.000000000000e+00
3.980210000000e+00       1.000000000000e+00       0.000000000000e+00       0.000000000000e+00
3.997210000000e+00       1.000000000000e+00       0.000000000000e+00       0.000000000000e+00
4.014210000000e+00       1.000000000000e+00       0.000000000000e+00       0.000000000000e+00
4.031210000000e+00       1.000000000000e+00       0.000000000000e+00       0.000000000000e+00
4.048210000000e+00       1.000000000000e+00       0.000000000000e+00       0.000000000000e+00
4.065210000000e+00       1.000000000000e+00       0.000000000000e+00       0.000000000000e+00
4.082210000000e+00       1.000000000000e+00       0.000000000000e+00       0.000000000000e+00
4.099210000000e+00       1.000000000000e+00       0.000000000000e+00       0.000000000000e+00
4.116210000000e+00       1.000000000000e+00       0.000000000000e+00       0.000000000000e+00
4.133210000000e+00       1.000000000000e+00       0.000000000000e+00       0.000000000000e+00
4.150210000000e+00       1.000000000000e+00       0.000000000000e+00       0.000000000000e+00
4.167210000000e+00       1.000000000000e+00       0.000000000000e+00       0.000000000000e+00
4.184210000000e+00       1.000000000000e+00       0.000000000000e+00       0.000000000000e+00
4.201210000000e+00       1.000000000000e+00       0.000000000000e+00       0.000000000000e+00
4.218210000000e+00       1.000000000000e+00       0.000000000000e+00       0.000000000000e+00
4.235210000000e+00       1.000000000000e+00       0.000000000000e+00       0.000000000000e+00
4.252210000000e+00       1.000000000000e+00       0.000000000000e+00       0.000000000000e+00
4.269210000000e+00       1.000000000000e+00       0.000000000000e+00       0.000000000000e+00
4.286210000000e+00       1.000000000000e+00       0.000000000000e+00       0.000000000000e+00
4.303210000000e+00       1.000000000000e+00       0.000000000000e+00       0.000000000000e+00
4.320210000000e+00       1.000000000000e+00       0.000000000000e+00       0.000000000000e+00
4.337210000000e+00       1.000000000000e+00       0.000000000000e+00       0.000000000000e+00
4.354210000000e+00       1.000000000000e+00       0.000000000000e+00       0.000000000000e+00
4.371210000000e+00       1.000000000000e+00       0.000000000000e+00       0.000000000000e+00
4.388210000000e+00       1.000000000000e+00       0.000000000000e+00       0.000000000000e+00
4.405210000000e+00       1.000000000000e+00       0.000000000000e+00       0.000000000000e+00
4.422210000000e+00       1.000000000000e+00       0.000000000000e+00       0.000000000000e+00
4.439210000000e+00       1.000000000000e+00       0.000000000000e+00       0.000000000000e+00
4.456210000000e+00       1.000000000000e+00       0.000000000000e+00       0.000000000000e+00
4.473210000000e+00       1.000000000000e+00       0.000000000000e+00       0.000000000000e+00
4.490210000000e+00       1.000000000000e+00       0.000000000000e+00       0.000000000000e+00
4.507210000000e+00       1.000000000000e+00       0.000000000000e+00       0.000000000000e+00
4.524210000000e+00       1.000000000000e+00       0.000000000000e+00       0.000000000000e+00
4.541210000000e+00       1.000000000000e+00       0.000000000000e+00       0.000000000000e+00
4.558210000000e+00       1.000000000000e+00       0.000000000000e+00       0.000000000000e+00
4.575210000000e+00       1.000000000000e+00       0.000000000000e+00       0.000000000000e+00
4.592210000000e+00       1.000000000000e+00       0.000000000000e+00       0.000000000000e+00
4.609210000000e+00       1.000000000000e+00       0.000000000000e+00       0.000000000000e+00
4.626210000000e+00       1.000000000000e+00       0.000000000000e+00       0.000000000000e+00
4.643210000000e+00       1.000000000000e+00       0.000000000000e+00       0.000000000000e+00
4.660210000000e+00       1.000000000000e+00       0.000000000000e+00       0.000000000000e+00
4.677210000000e+00       1.000000000000e+00       0.000000000000e+00       0.000000000000e+00
4.694210000000e+00       1.000000000000e+00       0.000000000000e+00       0.000000000000e+00
4.711210000000e+00       1.000000000000e+00       0.000000000000e+00       0.000000000000e+00
4.728210000000e+00       1.000000000000e+00       0.000000000000e+00       0.000000000000e+00
4.745210000000e+00       1.000000000000e+00       0.000000000000e+00       0.000000000000e+00
4.762210000000e+00       1.000000000000e+00       0.000000000000e+00       0.000000000000e+00
4.779210000000e+00       1.000000000000e+00       0.000000000000e+00       0.000000000000e+00
4.796210000000e+00       1.000000000000e+00       0.000000000000e+00       0.000000000000e+00
4.813210000000e+00       1.000000000000e+00       0.000000000000e+00       0.000000000000e+00
4.830210000000e+00       1.000000000000e+00       0.000000000000e+00       0.000000000000e+00
4.847210000000e+00       1.000000000000e+00       0.000000000000e+00       0.000000000000e+00
4.864210000000e+00       1.000000000000e+00       0.000000000000e+00       0.000000000000e+00
4.881210000000e+00       1.000000000000e+00       0.000000000000e+00       0.000000000000e+00
4.898210000000e+00       1.000000000000e+00       0.000000000000e+00       0.000000000000e+00
4.915210000000e+00       1.000000000000e+00       0.000000000000e+00       0.000000000000e+00
4.932210000000e+00       1.000000000000e+00       0.000000000000e+00       0.000000000000e+00
4.949210000000e+00       1.000000000000e+00       0.000000000000e+00       0.000000000000e+00
4.966210000000e+00       1.000000000000e+00       0.000000000000e+00       0.000000000000e+00
4.983210000000e+00       1.000000000000e+00       0.000000000000e+00       0.000000000000e+00
