#   index    LocalEnergy         LocalEnergy_sq      LocalPotential      Kinetic             ElecElec            LocalECP            NonLocalECP         BlockWeight         BlockCPU            AcceptRatio         
         0   -2.2634545897e+02    5.1248777687e+04   -3.7908606064e+02    1.5274060167e+02    1.8017662574e+02   -5.8265166351e+02    2.3388977126e+01    8.1966000000e+04    1.1660571602e+02    9.6166718007e-01
         1   -2.2635711295e+02    5.1254233553e+04   -3.7887968676e+02    1.5252257380e+02    1.8000756723e+02   -5.8215776961e+02    2.3270515618e+01    8.2337000000e+04    1.2586260715e+02    9.6129908732e-01
         2   -2.2633495482e+02    5.1243559628e+04   -3.7833219535e+02    1.5199724053e+02    1.7978852671e+02   -5.8122635410e+02    2.3105632038e+01    8.2228000000e+04    1.2559186334e+02    9.6164899982e-01
         3   -2.2632025589e+02    5.1237190920e+04   -3.7827230843e+02    1.5195205254e+02    1.7992305804e+02   -5.8141570854e+02    2.3220342070e+01    8.1020000000e+04    1.0763018724e+02    9.6190409675e-01
         4   -2.2633027493e+02    5.1241658005e+04   -3.7835337209e+02    1.5202309716e+02    1.7963618110e+02   -5.8121029414e+02    2.3220740956e+01    8.0390000000e+04    1.0581489365e+02    9.6154055542e-01
         5   -2.2636882484e+02    5.1259278054e+04   -3.7832613084e+02    1.5195730600e+02    1.7958927155e+02   -5.8106200182e+02    2.3146599437e+01    8.1160000000e+04    1.0824181750e+02    9.6165075725e-01
         6   -2.2633156557e+02    5.1242304208e+04   -3.7899350322e+02    1.5266193764e+02    1.8004003380e+02   -5.8231793577e+02    2.3284398754e+01    8.0297000000e+04    1.0776470219e+02    9.6139275453e-01
         7   -2.2636553718e+02    5.1256939956e+04   -3.7926787759e+02    1.5290234041e+02    1.8006396139e+02   -5.8243823708e+02    2.3106398098e+01    8.0264000000e+04    1.0686345493e+02    9.6145416910e-01
         8   -2.2634178297e+02    5.1246887167e+04   -3.7906887656e+02    1.5272709359e+02    1.8019286309e+02   -5.8243141069e+02    2.3169671043e+01    7.9950000000e+04    1.0917258868e+02    9.6158865667e-01
         9   -2.2635054067e+02    5.1251194518e+04   -3.7846031796e+02    1.5210977729e+02    1.7996573759e+02   -5.8157011784e+02    2.3144062287e+01    8.0039000000e+04    1.0649522531e+02    9.6163528830e-01
        10   -2.2636223618e+02    5.1257563655e+04   -3.7778399885e+02    1.5142176268e+02    1.7953062939e+02   -5.8023698227e+02    2.2922354026e+01    7.9693000000e+04    1.0746710594e+02    9.6180430035e-01
        11   -2.2633624667e+02    5.1244702272e+04   -3.7753897948e+02    1.5120273281e+02    1.7949463447e+02   -5.7989483542e+02    2.2861221479e+01    7.9983000000e+04    1.0500630250e+02    9.6174331045e-01
        12   -2.2634163651e+02    5.1246873742e+04   -3.7817299845e+02    1.5183136194e+02    1.7962311667e+02   -5.8087894731e+02    2.3082832186e+01    8.0557000000e+04    1.0680818640e+02    9.6183401878e-01
        13   -2.2637399257e+02    5.1264561028e+04   -3.7796272416e+02    1.5158873159e+02    1.7951119713e+02   -5.8058929138e+02    2.3115370088e+01    8.1411000000e+04    1.0598909555e+02    9.6138390532e-01
        14   -2.2634543839e+02    5.1248069188e+04   -3.7820041390e+02    1.5185497551e+02    1.7956435847e+02   -5.8088567713e+02    2.3120904758e+01    8.1486000000e+04    1.0606450798e+02    9.6196265043e-01
        15   -2.2635618129e+02    5.1254274417e+04   -3.7779985664e+02    1.5144367535e+02    1.7949667963e+02   -5.8048018614e+02    2.3183649875e+01    8.2348000000e+04    1.3332830933e+02    9.6190109221e-01
        16   -2.2634727242e+02    5.1249168787e+04   -3.7789659942e+02    1.5154932701e+02    1.7926629901e+02   -5.8018295194e+02    2.3020053512e+01    8.2008000000e+04    1.1934270726e+02    9.6163725443e-01
        17   -2.2637361145e+02    5.1261402803e+04   -3.7827613941e+02    1.5190252797e+02    1.7967288148e+02   -5.8128032964e+02    2.3331308744e+01    8.1981000000e+04    1.1983425068e+02    9.6147823187e-01
        18   -2.2631570542e+02    5.1235992087e+04   -3.7824888656e+02    1.5193318114e+02    1.7991439289e+02   -5.8114543062e+02    2.2982151171e+01    8.2214000000e+04    1.2487435560e+02    9.6155047358e-01
        19   -2.2632827932e+02    5.1240436916e+04   -3.7846312962e+02    1.5213485030e+02    1.7983840976e+02   -5.8129460421e+02    2.2993064831e+01    8.2177000000e+04    1.2179488343e+02    9.6182757287e-01
        20   -2.2633280610e+02    5.1242515194e+04   -3.7844281201e+02    1.5211000591e+02    1.7966392791e+02   -5.8134603529e+02    2.3239295383e+01    8.3549000000e+04    1.4086186101e+02    9.6173567882e-01
        21   -2.2634467730e+02    5.1248578997e+04   -3.7760848446e+02    1.5126380716e+02    1.7941502617e+02   -5.7985220691e+02    2.2828696284e+01    8.3546000000e+04    1.4248651729e+02    9.6200167876e-01
        22   -2.2635955920e+02    5.1255081224e+04   -3.7888667514e+02    1.5252711595e+02    1.7977406616e+02   -5.8180993183e+02    2.3149190526e+01    8.3124000000e+04    1.4126831833e+02    9.6161163649e-01
        23   -2.2635051194e+02    5.1250409125e+04   -3.7921390724e+02    1.5286339529e+02    1.8020136326e+02   -5.8249271365e+02    2.3077443150e+01    8.2404000000e+04    1.3091426540e+02    9.6164576576e-01
        24   -2.2632808263e+02    5.1240043537e+04   -3.7880710628e+02    1.5247902364e+02    1.8031873558e+02   -5.8227416363e+02    2.3148321777e+01    8.0767000000e+04    1.1147784678e+02    9.6156046648e-01
        25   -2.2634599348e+02    5.1248310871e+04   -3.7868254041e+02    1.5233654693e+02    1.8036725316e+02   -5.8207533233e+02    2.3025538764e+01    7.9752000000e+04    1.1020568063e+02    9.6171111463e-01
        26   -2.2632617743e+02    5.1240473706e+04   -3.7876207679e+02    1.5243589936e+02    1.8030211881e+02   -5.8224620686e+02    2.3182011258e+01    7.9854000000e+04    1.0661038306e+02    9.6177939376e-01
        27   -2.2631221746e+02    5.1233666360e+04   -3.7899824550e+02    1.5268602804e+02    1.8003246921e+02   -5.8226391675e+02    2.3233202041e+01    7.9586000000e+04    1.0667485169e+02    9.6145510053e-01
        28   -2.2629141696e+02    5.1223595131e+04   -3.7915657201e+02    1.5286515506e+02    1.8014705417e+02   -5.8220039021e+02    2.2896764030e+01    7.9977000000e+04    1.0679330577e+02    9.6168319307e-01
        29   -2.2634358135e+02    5.1247069740e+04   -3.7831030184e+02    1.5196672049e+02    1.7992531314e+02   -5.8091471440e+02    2.2679099414e+01    8.0226000000e+04    1.0563247039e+02    9.6150424350e-01
        30   -2.2636332810e+02    5.1256431479e+04   -3.7773448773e+02    1.5137115963e+02    1.7978094249e+02   -5.8060071399e+02    2.3085283776e+01    7.9813000000e+04    1.0520844650e+02    9.6184972641e-01
        31   -2.2637121549e+02    5.1260349052e+04   -3.7792940527e+02    1.5155818977e+02    1.7952385078e+02   -5.8067000023e+02    2.3216744181e+01    8.0026000000e+04    1.0429449974e+02    9.6195488902e-01
        32   -2.2634359220e+02    5.1247839985e+04   -3.7795036579e+02    1.5160677359e+02    1.7952622783e+02   -5.8071796645e+02    2.3241372826e+01    8.0424000000e+04    1.0372958955e+02    9.6187041347e-01
        33   -2.2633144175e+02    5.1242352309e+04   -3.7760753187e+02    1.5127609011e+02    1.7942619215e+02   -5.8024943220e+02    2.3215708188e+01    8.1088000000e+04    1.0628964142e+02    9.6163156842e-01
        34   -2.2633268678e+02    5.1242120561e+04   -3.7816148227e+02    1.5182879549e+02    1.7979275103e+02   -5.8118035306e+02    2.3226119771e+01    8.1621000000e+04    1.0862980244e+02    9.6173547531e-01
        35   -2.2634942007e+02    5.1251569781e+04   -3.7846291181e+02    1.5211349174e+02    1.8007092339e+02   -5.8170645343e+02    2.3172618228e+01    8.2510000000e+04    1.3190276940e+02    9.6166289819e-01
        36   -2.2635833942e+02    5.1254720104e+04   -3.7861556982e+02    1.5225723040e+02    1.8006761008e+02   -5.8158590927e+02    2.2902729373e+01    8.3353000000e+04    1.3917740057e+02    9.6158364541e-01
        37   -2.2635958803e+02    5.1255058887e+04   -3.7862353841e+02    1.5226395038e+02    1.8010460084e+02   -5.8181902401e+02    2.3090884752e+01    8.3941000000e+04    1.4001985122e+02    9.6174875673e-01
        38   -2.2635166985e+02    5.1251065998e+04   -3.7925771922e+02    1.5290604937e+02    1.8039931191e+02   -5.8310110503e+02    2.3444073902e+01    8.4815000000e+04    1.4079111017e+02    9.6146982064e-01
        39   -2.2636938193e+02    5.1259021528e+04   -3.7869954700e+02    1.5233016507e+02    1.8006283374e+02   -5.8214059216e+02    2.3378211418e+01    8.4801000000e+04    1.4223206470e+02    9.6153886657e-01
        40   -2.2632213736e+02    5.1238367157e+04   -3.7837827092e+02    1.5205613356e+02    1.7997799826e+02   -5.8159984655e+02    2.3243577371e+01    8.3490000000e+04    1.3953549622e+02    9.6159925018e-01
        41   -2.2632548954e+02    5.1239532283e+04   -3.7798923295e+02    1.5166374341e+02    1.7970787205e+02   -5.8058266205e+02    2.2885557045e+01    8.3000000000e+04    1.3808093884e+02    9.6149906219e-01
        42   -2.2630018894e+02    5.1228559812e+04   -3.7829180642e+02    1.5199161749e+02    1.7971023439e+02   -5.8116360153e+02    2.3161560719e+01    8.2010000000e+04    1.1398426694e+02    9.6150674296e-01
        43   -2.2632779723e+02    5.1239755378e+04   -3.7843821536e+02    1.5211041813e+02    1.7959973751e+02   -5.8093098336e+02    2.2893030486e+01    8.1661000000e+04    1.0686007131e+02    9.6172493720e-01
        44   -2.2635505197e+02    5.1252189138e+04   -3.7777232000e+02    1.5141726803e+02    1.7935161812e+02   -5.8020545025e+02    2.3081512127e+01    8.1335000000e+04    1.0354908404e+02    9.6190445046e-01
        45   -2.2634659904e+02    5.1249205401e+04   -3.7830915915e+02    1.5196256011e+02    1.7940127273e+02   -5.8071506528e+02    2.3004633405e+01    8.1418000000e+04    1.0416836137e+02    9.6158085252e-01
        46   -2.2630610401e+02    5.1231343997e+04   -3.7823039602e+02    1.5192429201e+02    1.7969865854e+02   -5.8121910603e+02    2.3290051476e+01    8.2214000000e+04    1.2209639178e+02    9.6136325284e-01
        47   -2.2634822808e+02    5.1249359043e+04   -3.7862494930e+02    1.5227672122e+02    1.7976080691e+02   -5.8140169201e+02    2.3015935797e+01    8.3178000000e+04    1.3918265129e+02    9.6132984129e-01
        48   -2.2633592496e+02    5.1244095491e+04   -3.7871632280e+02    1.5238039784e+02    1.7988196292e+02   -5.8173286626e+02    2.3134580549e+01    8.4295000000e+04    1.4054808037e+02    9.6150185868e-01
        49   -2.2636234665e+02    5.1255934211e+04   -3.7820119830e+02    1.5183885165e+02    1.7985458802e+02   -5.8132698600e+02    2.3271199682e+01    8.5895000000e+04    1.4228646410e+02    9.6142922796e-01
        50   -2.2631933866e+02    5.1236866457e+04   -3.7877131031e+02    1.5245197164e+02    1.7992718113e+02   -5.8197781121e+02    2.3279319768e+01    8.5250000000e+04    1.4236768388e+02    9.6126494492e-01
        51   -2.2631003656e+02    5.1232730653e+04   -3.7810909075e+02    1.5179905420e+02    1.7990501579e+02   -5.8111913779e+02    2.3105031243e+01    8.5056000000e+04    1.4197409924e+02    9.6179174174e-01
        52   -2.2633951380e+02    5.1246351115e+04   -3.7875514626e+02    1.5241563247e+02    1.7991448654e+02   -5.8196405208e+02    2.3294419283e+01    8.4727000000e+04    1.4206654274e+02    9.6167886694e-01
        53   -2.2639489596e+02    5.1270206066e+04   -3.7856262068e+02    1.5216772472e+02    1.7982065035e+02   -5.8158973247e+02    2.3206461435e+01    8.4246000000e+04    1.4106254140e+02    9.6145770793e-01
        54   -2.2637890442e+02    5.1262429352e+04   -3.7815761128e+02    1.5177870685e+02    1.7964719696e+02   -5.8086044461e+02    2.3055636380e+01    8.3789000000e+04    1.4320459516e+02    9.6153689169e-01
        55   -2.2634054520e+02    5.1247439798e+04   -3.7809802904e+02    1.5175748384e+02    1.7982041433e+02   -5.8103203299e+02    2.3113589617e+01    8.2961000000e+04    1.3963980690e+02    9.6167309073e-01
        56   -2.2635053077e+02    5.1251294251e+04   -3.7884638756e+02    1.5249585679e+02    1.7992319753e+02   -5.8195923122e+02    2.3189646123e+01    8.3141000000e+04    1.3751346922e+02    9.6167107288e-01
        57   -2.2636508378e+02    5.1256583347e+04   -3.7834759215e+02    1.5198250837e+02    1.7973775326e+02   -5.8125713645e+02    2.3171791036e+01    8.3565000000e+04    1.3973398203e+02    9.6143952897e-01
        58   -2.2632033691e+02    5.1237169698e+04   -3.7877564350e+02    1.5245530659e+02    1.7995329270e+02   -5.8202697096e+02    2.3298034758e+01    8.3022000000e+04    1.4235189350e+02    9.6169509455e-01
        59   -2.2634162321e+02    5.1246532330e+04   -3.7876134556e+02    1.5241972235e+02    1.7996706557e+02   -5.8229605546e+02    2.3567644327e+01    8.2565000000e+04    1.3494344048e+02    9.6169299258e-01
        60   -2.2633726561e+02    5.1245321298e+04   -3.7829797304e+02    1.5196070743e+02    1.7970601624e+02   -5.8133818659e+02    2.3334197303e+01    8.2169000000e+04    1.2100436518e+02    9.6178310956e-01
        61   -2.2636025668e+02    5.1254675820e+04   -3.7846001077e+02    1.5209975409e+02    1.7979738534e+02   -5.8162762371e+02    2.3370227607e+01    8.2096000000e+04    1.1822863714e+02    9.6173184043e-01
        62   -2.2630073606e+02    5.1229352427e+04   -3.7756445342e+02    1.5126371736e+02    1.7963575771e+02   -5.8035859089e+02    2.3158379761e+01    8.1498000000e+04    1.0231576988e+02    9.6184954014e-01
        63   -2.2633488055e+02    5.1243575279e+04   -3.7788152191e+02    1.5154664136e+02    1.7951729983e+02   -5.8035519502e+02    2.2956373284e+01    8.0662000000e+04    1.0544637731e+02    9.6206094238e-01
        64   -2.2635845605e+02    5.1254533549e+04   -3.7772010183e+02    1.5136164578e+02    1.7939910901e+02   -5.8035166163e+02    2.3232450785e+01    8.0775000000e+04    1.0477964273e+02    9.6166007045e-01
        65   -2.2633209461e+02    5.1242621919e+04   -3.7776097347e+02    1.5142887886e+02    1.7970970391e+02   -5.8050391386e+02    2.3033236476e+01    7.9706000000e+04    1.0509881215e+02    9.6196439367e-01
        66   -2.2633164903e+02    5.1242689776e+04   -3.7859048982e+02    1.5225884080e+02    1.8000968197e+02   -5.8157380388e+02    2.2973632088e+01    7.9856000000e+04    1.0395234974e+02    9.6121666982e-01
        67   -2.2631920969e+02    5.1236876232e+04   -3.7805798001e+02    1.5173877031e+02    1.7994010198e+02   -5.8122789511e+02    2.3229813126e+01    7.9862000000e+04    1.0330534267e+02    9.6164476077e-01
        68   -2.2635629221e+02    5.1254170296e+04   -3.7845099288e+02    1.5209470067e+02    1.7982346022e+02   -5.8140060297e+02    2.3126149878e+01    8.0284000000e+04    1.0552136653e+02    9.6160621543e-01
        69   -2.2634059859e+02    5.1247077219e+04   -3.7827983435e+02    1.5193923576e+02    1.7975521033e+02   -5.8095670113e+02    2.2921656447e+01    8.0110000000e+04    1.0484839361e+02    9.6179301424e-01
        70   -2.2639409733e+02    5.1270884732e+04   -3.7827362985e+02    1.5187953252e+02    1.7984287891e+02   -5.8144344915e+02    2.3326940391e+01    7.9719000000e+04    1.0516817197e+02    9.6180757253e-01
        71   -2.2634305546e+02    5.1247618056e+04   -3.7829624253e+02    1.5195318707e+02    1.7988824802e+02   -5.8164890405e+02    2.3464413499e+01    8.0961000000e+04    1.0515950887e+02    9.6184050835e-01
        72   -2.2631917556e+02    5.1235830656e+04   -3.7804596898e+02    1.5172679341e+02    1.7982885039e+02   -5.8107778101e+02    2.3202961647e+01    8.1231000000e+04    1.0514070355e+02    9.6172102006e-01
        73   -2.2636472468e+02    5.1258236558e+04   -3.7844782707e+02    1.5208310239e+02    1.7988789480e+02   -5.8153577889e+02    2.3200057020e+01    8.1943000000e+04    1.1489342809e+02    9.6136818168e-01
        74   -2.2636077722e+02    5.1255354229e+04   -3.7824513346e+02    1.5188435624e+02    1.7978107885e+02   -5.8118346985e+02    2.3157257531e+01    8.1802000000e+04    1.0618586246e+02    9.6160147536e-01
        75   -2.2634080037e+02    5.1245788376e+04   -3.7878800041e+02    1.5244720004e+02    1.8002473440e+02   -5.8198579979e+02    2.3173064977e+01    8.2327000000e+04    1.2321471018e+02    9.6167326841e-01
        76   -2.2634049270e+02    5.1246351765e+04   -3.7812803476e+02    1.5178754205e+02    1.8002477985e+02   -5.8143557380e+02    2.3282759193e+01    8.2563000000e+04    1.3399795406e+02    9.6160579685e-01
        77   -2.2631003416e+02    5.1232066864e+04   -3.7861291419e+02    1.5230288003e+02    1.7992142533e+02   -5.8187753552e+02    2.3343196002e+01    8.1643000000e+04    1.0764101326e+02    9.6192582932e-01
        78   -2.2634024323e+02    5.1246974913e+04   -3.7849691467e+02    1.5215667144e+02    1.7993689929e+02   -5.8159519169e+02    2.3161377728e+01    8.1576000000e+04    1.0387008390e+02    9.6179891464e-01
        79   -2.2630097237e+02    5.1229229034e+04   -3.7776176389e+02    1.5146079152e+02    1.7955898142e+02   -5.8039083141e+02    2.3070086098e+01    8.1143000000e+04    1.0525157598e+02    9.6186503057e-01
