#   index    LocalEnergy         LocalEnergy_sq      LocalPotential      Kinetic             ElecElec            LocalECP            NonLocalECP         BlockWeight         BlockCPU            AcceptRatio         
         0   -1.4505145751e+02    2.1042519663e+04   -2.3302418472e+02    8.7972727203e+01    1.1080717181e+02   -3.6141656768e+02    1.7585211158e+01    1.0240000000e+03    4.0783737786e-03    5.0919117647e-01
         1   -1.4499016430e+02    2.1024558326e+04   -2.3169285910e+02    8.6702694800e+01    1.1005882531e+02   -3.6009523336e+02    1.8343548945e+01    1.0240000000e+03    3.9230657276e-03    5.0629595588e-01
         2   -1.4499695454e+02    2.1026230320e+04   -2.3386649237e+02    8.8869537827e+01    1.1062907938e+02   -3.6136777404e+02    1.6872202283e+01    1.0240000000e+03    3.9097049739e-03    5.0761718750e-01
         3   -1.4491429574e+02    2.1002766813e+04   -2.3483607576e+02    8.9921780023e+01    1.1084636649e+02   -3.6219109694e+02    1.6508654691e+01    1.0240000000e+03    3.9061936550e-03    5.0874310662e-01
         4   -1.4495617188e+02    2.1014859868e+04   -2.3390835738e+02    8.8952185508e+01    1.1079160650e+02   -3.6232203995e+02    1.7622076067e+01    1.0240000000e+03    3.8786074147e-03    5.0782398897e-01
         5   -1.4507249846e+02    2.1048778839e+04   -2.3411416684e+02    8.9041668383e+01    1.1060985308e+02   -3.6283106823e+02    1.8107048311e+01    1.0240000000e+03    3.8979649544e-03    5.1081112132e-01
         6   -1.4500196553e+02    2.1028835995e+04   -2.3418455716e+02    8.9182591633e+01    1.1078466295e+02   -3.6297625021e+02    1.8007030105e+01    1.0240000000e+03    3.8743156474e-03    5.0757123162e-01
         7   -1.4495496016e+02    2.1014331423e+04   -2.3376121230e+02    8.8806252140e+01    1.1035481330e+02   -3.6025486776e+02    1.6138842153e+01    1.0240000000e+03    3.8660003338e-03    5.0729549632e-01
         8   -1.4502587808e+02    2.1034821656e+04   -2.3431580202e+02    8.9289923941e+01    1.1026280524e+02   -3.6269370105e+02    1.8115093792e+01    1.0240000000e+03    3.8552314509e-03    5.0968520221e-01
         9   -1.4486908314e+02    2.0989371097e+04   -2.3391045549e+02    8.9041372345e+01    1.1034826831e+02   -3.6294380936e+02    1.8685085560e+01    1.0240000000e+03    3.8552745245e-03    5.0744485294e-01
        10   -1.4500112376e+02    2.1027679708e+04   -2.3294310340e+02    8.7941979647e+01    1.1023441431e+02   -3.6085373884e+02    1.7676221123e+01    1.0240000000e+03    3.8490556180e-03    5.0692784926e-01
        11   -1.4499542151e+02    2.1026573834e+04   -2.3422599642e+02    8.9230574914e+01    1.1066410713e+02   -3.6115865708e+02    1.6268553532e+01    1.0240000000e+03    3.8732618559e-03    5.1150045956e-01
        12   -1.4496058481e+02    2.1016001588e+04   -2.3385023097e+02    8.8889646166e+01    1.1041856077e+02   -3.6188257010e+02    1.7613778360e+01    1.0240000000e+03    3.8317628205e-03    5.0523897059e-01
        13   -1.4497158818e+02    2.1018934133e+04   -2.3334918002e+02    8.8377591844e+01    1.1030178425e+02   -3.6117154184e+02    1.7520577570e+01    1.0240000000e+03    3.8505101111e-03    5.0741038603e-01
        14   -1.4499000526e+02    2.1024486102e+04   -2.3356467160e+02    8.8574666339e+01    1.1045943667e+02   -3.6212325387e+02    1.8099145597e+01    1.0240000000e+03    3.8655928802e-03    5.1040900735e-01
        15   -1.4501213741e+02    2.1031153057e+04   -2.3533871013e+02    9.0326572721e+01    1.1091413459e+02   -3.6465769410e+02    1.8404849388e+01    1.0240000000e+03    3.8440742064e-03    5.0836397059e-01
        16   -1.4503404505e+02    2.1038114384e+04   -2.3460163580e+02    8.9567590752e+01    1.1073217304e+02   -3.6308120075e+02    1.7747391916e+01    1.0240000000e+03    3.8512230385e-03    5.0692784926e-01
        17   -1.4501165311e+02    2.1031719795e+04   -2.3472627080e+02    8.9714617695e+01    1.1045109780e+02   -3.6269960823e+02    1.7522239623e+01    1.0240000000e+03    3.8427237887e-03    5.1012178309e-01
        18   -1.4494189448e+02    2.1010802333e+04   -2.3404812263e+02    8.9106228153e+01    1.1051035436e+02   -3.6209047602e+02    1.7531999030e+01    1.0240000000e+03    3.8160171825e-03    5.0554917279e-01
        19   -1.4492789373e+02    2.1006795241e+04   -2.3148075971e+02    8.6552865983e+01    1.1061330591e+02   -3.6128435564e+02    1.9190290019e+01    1.0240000000e+03    3.8401326165e-03    5.1040900735e-01
        20   -1.4499082883e+02    2.1024945279e+04   -2.3363550221e+02    8.8644673382e+01    1.1004430029e+02   -3.6065911423e+02    1.6979311725e+01    1.0240000000e+03    3.8347721566e-03    5.1061580882e-01
        21   -1.4498324140e+02    2.1022857359e+04   -2.3384097705e+02    8.8857735648e+01    1.1052251360e+02   -3.6110848134e+02    1.6744990688e+01    1.0240000000e+03    3.8235750981e-03    5.0438878676e-01
        22   -1.4500630457e+02    2.1028839276e+04   -2.3474488282e+02    8.9738578247e+01    1.1042443829e+02   -3.6202821061e+02    1.6858889501e+01    1.0240000000e+03    3.8291774690e-03    5.0527343750e-01
        23   -1.4488505577e+02    2.0993881857e+04   -2.3529402668e+02    9.0408970912e+01    1.1026202809e+02   -3.6261619098e+02    1.7060136200e+01    1.0240000000e+03    3.8329469971e-03    5.0888097426e-01
        24   -1.4494917581e+02    2.1012584503e+04   -2.3397072728e+02    8.9021551467e+01    1.1018633009e+02   -3.6050296114e+02    1.6345903778e+01    1.0240000000e+03    3.8387132809e-03    5.0485983456e-01
        25   -1.4492537595e+02    2.1005699009e+04   -2.3370595970e+02    8.8780583752e+01    1.1050337981e+02   -3.6206780915e+02    1.7858469646e+01    1.0240000000e+03    3.8203482982e-03    5.0723805147e-01
        26   -1.4499213705e+02    2.1025303258e+04   -2.3393646975e+02    8.8944332700e+01    1.1026462111e+02   -3.6204977556e+02    1.7848684695e+01    1.0240000000e+03    3.8182518911e-03    5.0801930147e-01
        27   -1.4495527094e+02    2.1014480065e+04   -2.3548691662e+02    9.0531645686e+01    1.1110878997e+02   -3.6435842881e+02    1.7762722211e+01    1.0240000000e+03    3.8279334549e-03    5.0820312500e-01
        28   -1.4498945607e+02    2.1024390912e+04   -2.3415688525e+02    8.9167429181e+01    1.1042925207e+02   -3.6219204424e+02    1.7605906920e+01    1.0240000000e+03    3.8288466167e-03    5.0698529412e-01
        29   -1.4508570473e+02    2.1052560992e+04   -2.3295715146e+02    8.7871446724e+01    1.1016665614e+02   -3.6027312641e+02    1.7149318806e+01    1.0240000000e+03    3.8153575733e-03    5.0515854779e-01
        30   -1.4494614030e+02    2.1012273251e+04   -2.3239709650e+02    8.7450956193e+01    1.1049393656e+02   -3.6226955322e+02    1.9378520163e+01    1.0240000000e+03    3.8413130678e-03    5.0760569853e-01
        31   -1.4497411576e+02    2.1019811051e+04   -2.3265632514e+02    8.7682209375e+01    1.1010102769e+02   -3.6096581260e+02    1.8208459766e+01    1.0240000000e+03    3.8258451968e-03    5.0666360294e-01
        32   -1.4499180248e+02    2.1025015815e+04   -2.3419781306e+02    8.9206010580e+01    1.1047076471e+02   -3.6222021058e+02    1.7551632806e+01    1.0240000000e+03    3.8322114851e-03    5.0755974265e-01
        33   -1.4500285837e+02    2.1028258860e+04   -2.3456544388e+02    8.9562585516e+01    1.1116438038e+02   -3.6364001420e+02    1.7910189931e+01    1.0240000000e+03    3.8622554857e-03    5.0969669118e-01
        34   -1.4499957567e+02    2.1027620874e+04   -2.3579780308e+02    9.0798227407e+01    1.1093360691e+02   -3.6337492299e+02    1.6643513006e+01    1.0240000000e+03    3.8261357695e-03    5.0894990809e-01
        35   -1.4497583590e+02    2.1020818780e+04   -2.3360727236e+02    8.8631436462e+01    1.1051560071e+02   -3.6119612649e+02    1.7073253417e+01    1.0240000000e+03    3.8199888077e-03    5.0909926471e-01
        36   -1.4492358900e+02    2.1005336920e+04   -2.3559683539e+02    9.0673246390e+01    1.1058430007e+02   -3.6320049703e+02    1.7019361567e+01    1.0240000000e+03    3.7996282335e-03    5.0768612132e-01
        37   -1.4494967030e+02    2.1013061144e+04   -2.3355284193e+02    8.8603171630e+01    1.1026147965e+02   -3.6156662559e+02    1.7752304015e+01    1.0240000000e+03    3.8175540976e-03    5.0680147059e-01
        38   -1.4499701054e+02    2.1026545555e+04   -2.3425135503e+02    8.9254344493e+01    1.1047490012e+02   -3.6229774141e+02    1.7571486263e+01    1.0240000000e+03    3.8158975076e-03    5.0472196691e-01
        39   -1.4492446969e+02    2.1005593519e+04   -2.3465183930e+02    8.9727369614e+01    1.1118099320e+02   -3.6409669600e+02    1.8263863502e+01    1.0240000000e+03    3.8408716209e-03    5.0704273897e-01
        40   -1.4505441987e+02    2.1051540126e+04   -2.3412052992e+02    8.9066110051e+01    1.1067591897e+02   -3.6306779267e+02    1.8271343776e+01    1.0240000000e+03    3.8230055943e-03    5.0575597426e-01
        41   -1.4495362461e+02    2.1014102851e+04   -2.3426907261e+02    8.9315447995e+01    1.1056528248e+02   -3.6217130371e+02    1.7336948620e+01    1.0240000000e+03    3.8315651473e-03    5.0556066176e-01
        42   -1.4497422467e+02    2.1020045121e+04   -2.3366241427e+02    8.8688189601e+01    1.1033629578e+02   -3.6179103455e+02    1.7792324497e+01    1.0240000000e+03    3.7934202701e-03    5.0634191176e-01
        43   -1.4495499753e+02    2.1014646913e+04   -2.3397839326e+02    8.9023395724e+01    1.1094329617e+02   -3.6416360956e+02    1.9241920134e+01    1.0240000000e+03    3.8277599961e-03    5.0718060662e-01
        44   -1.4493518746e+02    2.1008457975e+04   -2.3440154406e+02    8.9466356606e+01    1.1100896268e+02   -3.6208200378e+02    1.6671497037e+01    1.0240000000e+03    3.8263448514e-03    5.1078814338e-01
        45   -1.4493676295e+02    2.1009345200e+04   -2.3477188858e+02    8.9835125627e+01    1.1062630719e+02   -3.6232609489e+02    1.6927899128e+01    1.0240000000e+03    3.8183929864e-03    5.0706571691e-01
        46   -1.4495039735e+02    2.1013170164e+04   -2.3593899348e+02    9.0988596125e+01    1.1065004716e+02   -3.6412292617e+02    1.7533885536e+01    1.0240000000e+03    3.8318333682e-03    5.0639935662e-01
        47   -1.4494378042e+02    2.1010839153e+04   -2.3553016959e+02    9.0586389178e+01    1.1076478022e+02   -3.6257620654e+02    1.6281256718e+01    1.0240000000e+03    3.8199354894e-03    5.0471047794e-01
        48   -1.4493403518e+02    2.1008462752e+04   -2.3474497768e+02    8.9810942499e+01    1.1064322358e+02   -3.6364251589e+02    1.8254314629e+01    1.0240000000e+03    3.8208456244e-03    5.0661764706e-01
        49   -1.4493313553e+02    2.1008203744e+04   -2.3472968718e+02    8.9796551654e+01    1.1118608670e+02   -3.6405644758e+02    1.8140673691e+01    1.0240000000e+03    3.8156979717e-03    5.0827205882e-01
        50   -1.4495375242e+02    2.1014091690e+04   -2.3582308275e+02    9.0869330333e+01    1.1077812656e+02   -3.6351981596e+02    1.6918606647e+01    1.0240000000e+03    3.8231099024e-03    5.0635340074e-01
        51   -1.4499631991e+02    2.1026490294e+04   -2.3419325168e+02    8.9196931775e+01    1.1087516121e+02   -3.6310035003e+02    1.8031937136e+01    1.0240000000e+03    3.8390532136e-03    5.0860523897e-01
        52   -1.4499844536e+02    2.1026860992e+04   -2.3436469232e+02    8.9366246955e+01    1.1082869249e+02   -3.6225156261e+02    1.7058177801e+01    1.0240000000e+03    3.8061228115e-03    5.0796185662e-01
        53   -1.4499724021e+02    2.1026586793e+04   -2.3374185569e+02    8.8744615486e+01    1.1003043571e+02   -3.6098950033e+02    1.7217208925e+01    1.0240000000e+03    3.8150865585e-03    5.0730698529e-01
        54   -1.4497735901e+02    2.1020883725e+04   -2.3357733266e+02    8.8599973645e+01    1.0975197383e+02   -3.6029789542e+02    1.6968588935e+01    1.0240000000e+03    3.8284561597e-03    5.0746783088e-01
        55   -1.4492141412e+02    2.1004782475e+04   -2.3494579245e+02    9.0024378322e+01    1.1055510012e+02   -3.6353041894e+02    1.8029526382e+01    1.0240000000e+03    3.8367812522e-03    5.0947840074e-01
        56   -1.4495376731e+02    2.1014915591e+04   -2.3259754138e+02    8.7643774067e+01    1.1031016071e+02   -3.6110500312e+02    1.8197301033e+01    1.0240000000e+03    3.8269502111e-03    5.0865119485e-01
        57   -1.4512980827e+02    2.1065858686e+04   -2.3324269465e+02    8.8112886375e+01    1.1047567954e+02   -3.6184042959e+02    1.8122055403e+01    1.0240000000e+03    3.8197415415e-03    5.0703125000e-01
        58   -1.4503500427e+02    2.1037650014e+04   -2.3417793731e+02    8.9142933045e+01    1.1031308920e+02   -3.6244271232e+02    1.7951685806e+01    1.0240000000e+03    3.8312401157e-03    5.0940946691e-01
        59   -1.4503404091e+02    2.1037753974e+04   -2.3265688832e+02    8.7622847405e+01    1.1035235870e+02   -3.6014250743e+02    1.7133260413e+01    1.0240000000e+03    3.8393898867e-03    5.0944393382e-01
        60   -1.4498635230e+02    2.1023402271e+04   -2.3400729899e+02    8.9020946695e+01    1.1011154483e+02   -3.6050967201e+02    1.6390828185e+01    1.0240000000e+03    3.8233292289e-03    5.0699678309e-01
        61   -1.4495939352e+02    2.1015460185e+04   -2.3216646173e+02    8.7207068205e+01    1.1037839424e+02   -3.5990976614e+02    1.7364910164e+01    1.0240000000e+03    3.8075826596e-03    5.0607766544e-01
        62   -1.4501899751e+02    2.1033282128e+04   -2.3456203777e+02    8.9543040262e+01    1.1006524228e+02   -3.6099408381e+02    1.6366803759e+01    1.0240000000e+03    3.8417286705e-03    5.0700827206e-01
        63   -1.4490818287e+02    2.1001076411e+04   -2.3495652566e+02    9.0048342788e+01    1.1019587240e+02   -3.6198540098e+02    1.6833002916e+01    1.0240000000e+03    3.8187245373e-03    5.0662913603e-01
        64   -1.4492760878e+02    2.1006707636e+04   -2.3393084089e+02    8.9003232116e+01    1.1093270752e+02   -3.6238393621e+02    1.7520387801e+01    1.0240000000e+03    3.8243294694e-03    5.0442325368e-01
        65   -1.4493658737e+02    2.1009340896e+04   -2.3459085696e+02    8.9654269587e+01    1.1053899410e+02   -3.6254392093e+02    1.7414069869e+01    1.0240000000e+03    3.8487936836e-03    5.0943244485e-01
        66   -1.4491166563e+02    2.1002326505e+04   -2.3363164700e+02    8.8719981369e+01    1.1039052317e+02   -3.6229545634e+02    1.8273286168e+01    1.0240000000e+03    3.8648582995e-03    5.0842141544e-01
        67   -1.4500877210e+02    2.1030197015e+04   -2.3220948023e+02    8.7200708123e+01    1.0942575248e+02   -3.5761992464e+02    1.5984691932e+01    1.0240000000e+03    3.8399780169e-03    5.0744485294e-01
        68   -1.4492140282e+02    2.1004644947e+04   -2.3282501595e+02    8.7903613130e+01    1.1013869049e+02   -3.6005583132e+02    1.7092124874e+01    1.0240000000e+03    3.8486481644e-03    5.0954733456e-01
        69   -1.4496017384e+02    2.1016552327e+04   -2.3349271707e+02    8.8532543236e+01    1.1028332300e+02   -3.6070817536e+02    1.6932135280e+01    1.0240000000e+03    3.8318028674e-03    5.0700827206e-01
        70   -1.4509020406e+02    2.1054840601e+04   -2.3237631156e+02    8.7286107492e+01    1.1012220878e+02   -3.6007429041e+02    1.7575770078e+01    1.0240000000e+03    3.8188642357e-03    5.0430836397e-01
        71   -1.4501160060e+02    2.1030726280e+04   -2.3371329303e+02    8.8701692430e+01    1.1054403227e+02   -3.6198012910e+02    1.7722803799e+01    1.0240000000e+03    3.8312275428e-03    5.0659466912e-01
        72   -1.4498247794e+02    2.1022700503e+04   -2.3332969148e+02    8.8347213541e+01    1.1043028192e+02   -3.6153110111e+02    1.7771127714e+01    1.0240000000e+03    3.8563960698e-03    5.0832950368e-01
        73   -1.4504450995e+02    2.1040361786e+04   -2.3374732105e+02    8.8702811104e+01    1.1014520543e+02   -3.6054643860e+02    1.6653912120e+01    1.0240000000e+03    3.8369614631e-03    5.0953584559e-01
        74   -1.4486321917e+02    2.0988169206e+04   -2.3301203519e+02    8.8148816020e+01    1.1068055172e+02   -3.6063036688e+02    1.6937779959e+01    1.0240000000e+03    3.8226440083e-03    5.0635340074e-01
        75   -1.4497912636e+02    2.1021661233e+04   -2.3634319554e+02    9.1364069181e+01    1.1133344515e+02   -3.6464938119e+02    1.6972740503e+01    1.0240000000e+03    3.8349393290e-03    5.0672104779e-01
        76   -1.4492892663e+02    2.1006770965e+04   -2.3509943451e+02    9.0170507881e+01    1.1096923989e+02   -3.6355423510e+02    1.7485560702e+01    1.0240000000e+03    3.8379584439e-03    5.0633042279e-01
        77   -1.4498537668e+02    2.1022944825e+04   -2.3448469160e+02    8.9499314926e+01    1.1067427093e+02   -3.6167303249e+02    1.6514069958e+01    1.0240000000e+03    3.8293264806e-03    5.0862821691e-01
        78   -1.4499521748e+02    2.1026245269e+04   -2.3553082489e+02    9.0535607410e+01    1.1064443627e+02   -3.6283100878e+02    1.6655747626e+01    1.0240000000e+03    3.8352014963e-03    5.0618106618e-01
        79   -1.4508517193e+02    2.1056360441e+04   -2.3317419387e+02    8.8089021939e+01    1.1082912680e+02   -3.6199587963e+02    1.7992558954e+01    1.0240000000e+03    3.8321074098e-03    5.0750229779e-01
        80   -1.4493399946e+02    2.1008227233e+04   -2.3608957055e+02    9.1155571084e+01    1.1100569855e+02   -3.6344162103e+02    1.6346351926e+01    1.0240000000e+03    3.8195354864e-03    5.0766314338e-01
        81   -1.4490133126e+02    2.0999293575e+04   -2.3397320715e+02    8.9071875898e+01    1.1107095152e+02   -3.6328358456e+02    1.8239425888e+01    1.0240000000e+03    3.8488521241e-03    5.0680147059e-01
        82   -1.4500156881e+02    2.1028135841e+04   -2.3177029352e+02    8.6768724715e+01    1.1045760012e+02   -3.6245341568e+02    2.0225522037e+01    1.0240000000e+03    3.8254726678e-03    5.0714613971e-01
        83   -1.4504279762e+02    2.1040203398e+04   -2.3247254788e+02    8.7429750265e+01    1.0999026460e+02   -3.6015981616e+02    1.7697003675e+01    1.0240000000e+03    3.8246151526e-03    5.0403262868e-01
        84   -1.4499190063e+02    2.1024930900e+04   -2.3377119657e+02    8.8779295942e+01    1.0996290574e+02   -3.6123645074e+02    1.7502348423e+01    1.0240000000e+03    3.8625677116e-03    5.1176470588e-01
        85   -1.4501737672e+02    2.1032682655e+04   -2.3446082313e+02    8.9443446409e+01    1.0984867189e+02   -3.6140076346e+02    1.7091268439e+01    1.0240000000e+03    3.8003628142e-03    5.0523897059e-01
        86   -1.4494841182e+02    2.1012412677e+04   -2.3280774313e+02    8.7859331315e+01    1.1023238963e+02   -3.6127757751e+02    1.8237444753e+01    1.0240000000e+03    3.8241331931e-03    5.0774356618e-01
        87   -1.4494021535e+02    2.1010170519e+04   -2.3416456738e+02    8.9224352034e+01    1.0998386769e+02   -3.6137566114e+02    1.7227226067e+01    1.0240000000e+03    3.8347307127e-03    5.0611213235e-01
        88   -1.4501408769e+02    2.1031281317e+04   -2.3394859156e+02    8.8934503870e+01    1.1046007577e+02   -3.6209176557e+02    1.7683098231e+01    1.0240000000e+03    3.8456488401e-03    5.0911075368e-01
        89   -1.4498416477e+02    2.1023935097e+04   -2.3351741037e+02    8.8533245604e+01    1.1014994756e+02   -3.6115948546e+02    1.7492127530e+01    1.0240000000e+03    3.8315558340e-03    5.0824908088e-01
        90   -1.4498322569e+02    2.1022241943e+04   -2.3250482070e+02    8.7521595012e+01    1.0976787020e+02   -3.6028676102e+02    1.8014070122e+01    1.0240000000e+03    3.8314864505e-03    5.0957031250e-01
        91   -1.4498685682e+02    2.1023998676e+04   -2.3205828713e+02    8.7071430309e+01    1.0936293972e+02   -3.5841782459e+02    1.6996597741e+01    1.0240000000e+03    3.8360557519e-03    5.0708869485e-01
        92   -1.4502629427e+02    2.1034868546e+04   -2.3528163192e+02    9.0255337644e+01    1.0970523617e+02   -3.6182633446e+02    1.6839466367e+01    1.0240000000e+03    3.8451894652e-03    5.1059283088e-01
        93   -1.4514280045e+02    2.1078499554e+04   -2.3333117699e+02    8.8188376535e+01    1.0978390465e+02   -3.6107059067e+02    1.7955509031e+01    1.0240000000e+03    3.8174521178e-03    5.0875459559e-01
        94   -1.4499268202e+02    2.1025085491e+04   -2.3321426274e+02    8.8221580718e+01    1.0959641018e+02   -3.5898966615e+02    1.6178993231e+01    1.0240000000e+03    3.8227927871e-03    5.0928308824e-01
        95   -1.4501014698e+02    2.1030075376e+04   -2.3421886067e+02    8.9208713690e+01    1.0986485222e+02   -3.6182081195e+02    1.7737099068e+01    1.0240000000e+03    3.8224211894e-03    5.0774356618e-01
        96   -1.4495706326e+02    2.1014761800e+04   -2.3541566045e+02    9.0458597184e+01    1.1055297199e+02   -3.6378909190e+02    1.7820459460e+01    1.0240000000e+03    3.8215718232e-03    5.0882352941e-01
        97   -1.4497221663e+02    2.1020064675e+04   -2.3413302036e+02    8.9160803734e+01    1.1011081835e+02   -3.6144154188e+02    1.7197703166e+01    1.0240000000e+03    3.8142025005e-03    5.0634191176e-01
        98   -1.4492885974e+02    2.1007850876e+04   -2.3409510360e+02    8.9166243866e+01    1.1056396155e+02   -3.6237520946e+02    1.7716144305e+01    1.0240000000e+03    3.8194749504e-03    5.0830652574e-01
        99   -1.4499873262e+02    2.1027427500e+04   -2.3401909173e+02    8.9020359113e+01    1.1054537002e+02   -3.6228992921e+02    1.7725467456e+01    1.0240000000e+03    3.8420467172e-03    5.1102941176e-01
       100   -1.4501581233e+02    2.1032142051e+04   -2.3458445967e+02    8.9568647342e+01    1.1018740952e+02   -3.6197640172e+02    1.7204532537e+01    1.0240000000e+03    3.8145310245e-03    5.0621553309e-01
       101   -1.4514213978e+02    2.1072651478e+04   -2.3274844672e+02    8.7606306942e+01    1.1056210220e+02   -3.6182456996e+02    1.8514021036e+01    1.0240000000e+03    3.8404536899e-03    5.0932904412e-01
       102   -1.4496843563e+02    2.1018749160e+04   -2.3404672340e+02    8.9078287767e+01    1.1072562787e+02   -3.6157238125e+02    1.6800029980e+01    1.0240000000e+03    3.8379228208e-03    5.0793887868e-01
       103   -1.4499662920e+02    2.1028138593e+04   -2.3272554315e+02    8.7728913950e+01    1.1050006336e+02   -3.6204824467e+02    1.8822638160e+01    1.0240000000e+03    3.8288445212e-03    5.0485983456e-01
       104   -1.4498855185e+02    2.1024692148e+04   -2.3552462162e+02    9.0536069768e+01    1.1090267225e+02   -3.6353659078e+02    1.7109296912e+01    1.0240000000e+03    3.8387710229e-03    5.0863970588e-01
       105   -1.4507944824e+02    2.1051492938e+04   -2.3502771865e+02    8.9948270405e+01    1.1063969516e+02   -3.6253766001e+02    1.6870246197e+01    1.0240000000e+03    3.8381773047e-03    5.1016773897e-01
       106   -1.4498776308e+02    2.1024190362e+04   -2.3466467901e+02    8.9676915929e+01    1.1083432161e+02   -3.6352282928e+02    1.8023828653e+01    1.0240000000e+03    3.8457324263e-03    5.0829503676e-01
       107   -1.4504236307e+02    2.1039444891e+04   -2.3287197810e+02    8.7829615034e+01    1.1006251774e+02   -3.6030464302e+02    1.7370147180e+01    1.0240000000e+03    3.8143629208e-03    5.0727251838e-01
       108   -1.4486666966e+02    2.0988768696e+04   -2.3276590863e+02    8.7899238973e+01    1.1014414153e+02   -3.5938303310e+02    1.6472982929e+01    1.0240000000e+03    3.8196526002e-03    5.0818014706e-01
       109   -1.4496483060e+02    2.1017150325e+04   -2.3357654146e+02    8.8611710869e+01    1.1059626606e+02   -3.6088858773e+02    1.6715780211e+01    1.0240000000e+03    3.8062320091e-03    5.0510110294e-01
       110   -1.4501898488e+02    2.1033244856e+04   -2.3443689668e+02    8.9417911804e+01    1.1056420660e+02   -3.6189301598e+02    1.6891912698e+01    1.0240000000e+03    3.8341011386e-03    5.0855928309e-01
       111   -1.4506232183e+02    2.1045255802e+04   -2.3421401481e+02    8.9151692987e+01    1.1044076276e+02   -3.6138468528e+02    1.6729907705e+01    1.0240000000e+03    3.8368008099e-03    5.0877757353e-01
       112   -1.4499536509e+02    2.1025829495e+04   -2.3071795897e+02    8.5722593874e+01    1.1036791931e+02   -3.5810145914e+02    1.7015580866e+01    1.0240000000e+03    3.8309691008e-03    5.0919117647e-01
       113   -1.4490434234e+02    2.1000540625e+04   -2.3454405422e+02    8.9639711874e+01    1.1073775092e+02   -3.6115679565e+02    1.5874990507e+01    1.0240000000e+03    3.8028177805e-03    5.0846737132e-01
       114   -1.4493209358e+02    2.1007844931e+04   -2.3368511797e+02    8.8753024386e+01    1.1087106434e+02   -3.6225884324e+02    1.7702660931e+01    1.0240000000e+03    3.8224367891e-03    5.0664062500e-01
       115   -1.4500993715e+02    2.1030236972e+04   -2.3352593358e+02    8.8515996436e+01    1.1087907910e+02   -3.6278681726e+02    1.8381804576e+01    1.0240000000e+03    3.8413391449e-03    5.0951286765e-01
       116   -1.4498023834e+02    2.1022793738e+04   -2.3431005285e+02    8.9329814502e+01    1.1058743452e+02   -3.6124508615e+02    1.6347598787e+01    1.0240000000e+03    3.8271909580e-03    5.0602022059e-01
       117   -1.4492697786e+02    2.1006053348e+04   -2.3417648840e+02    8.9249510542e+01    1.1038602535e+02   -3.6255709950e+02    1.7994585746e+01    1.0240000000e+03    3.8412865251e-03    5.1120174632e-01
       118   -1.4486037571e+02    2.0988205284e+04   -2.3235756314e+02    8.7497187437e+01    1.0994303378e+02   -3.5925483374e+02    1.6954236819e+01    1.0240000000e+03    3.8273965474e-03    5.0940946691e-01
       119   -1.4500337399e+02    2.1028372948e+04   -2.3275216919e+02    8.7748795198e+01    1.1029677797e+02   -3.6119198578e+02    1.8143038616e+01    1.0240000000e+03    3.8296638522e-03    5.0926011029e-01
       120   -1.4498515473e+02    2.1023473182e+04   -2.3381049335e+02    8.8825338618e+01    1.1050636792e+02   -3.6211561724e+02    1.7798755975e+01    1.0240000000e+03    3.8234081585e-03    5.0929457721e-01
       121   -1.4498468822e+02    2.1023562881e+04   -2.3392792467e+02    8.8943236450e+01    1.1042628365e+02   -3.6186278695e+02    1.7508578630e+01    1.0240000000e+03    3.8311393000e-03    5.0830652574e-01
       122   -1.4496654933e+02    2.1017896478e+04   -2.3405819935e+02    8.9091650023e+01    1.1071360214e+02   -3.6167668645e+02    1.6904884962e+01    1.0240000000e+03    3.8520514499e-03    5.1017922794e-01
       123   -1.4488632534e+02    2.0994507172e+04   -2.3464609367e+02    8.9759768330e+01    1.1062762001e+02   -3.6344562857e+02    1.8171914891e+01    1.0240000000e+03    3.8227445912e-03    5.0444623162e-01
       124   -1.4486453924e+02    2.0988008495e+04   -2.3350895655e+02    8.8644417313e+01    1.1014974396e+02   -3.6083132170e+02    1.7172621182e+01    1.0240000000e+03    3.8440783974e-03    5.0736443015e-01
       125   -1.4501010933e+02    2.1030262394e+04   -2.3375985162e+02    8.8749742296e+01    1.1046199956e+02   -3.6130703380e+02    1.7085182615e+01    1.0240000000e+03    3.8311823737e-03    5.0777803309e-01
       126   -1.4496429471e+02    2.1017123796e+04   -2.3329234333e+02    8.8328048623e+01    1.1019617500e+02   -3.6034679926e+02    1.6858280930e+01    1.0240000000e+03    3.8225997705e-03    5.0988051471e-01
       127   -1.4498580263e+02    2.1025361483e+04   -2.3515080334e+02    9.0165000710e+01    1.1076588835e+02   -3.6256790136e+02    1.6651209672e+01    1.0240000000e+03    3.8436653558e-03    5.0945542279e-01
       128   -1.4498126242e+02    2.1022504849e+04   -2.3408697168e+02    8.9105709260e+01    1.1030437873e+02   -3.6085003241e+02    1.6458681991e+01    1.0240000000e+03    3.8257669657e-03    5.0724954044e-01
       129   -1.4504276274e+02    2.1039967912e+04   -2.3480244470e+02    8.9759681962e+01    1.1076780308e+02   -3.6357018232e+02    1.7999934540e+01    1.0240000000e+03    3.8443524390e-03    5.0764016544e-01
       130   -1.4492233244e+02    2.1005048176e+04   -2.3447595482e+02    8.9553622382e+01    1.1027912518e+02   -3.6294839601e+02    1.8193316011e+01    1.0240000000e+03    3.8372115232e-03    5.0564108456e-01
       131   -1.4498863992e+02    2.1024164366e+04   -2.3424541322e+02    8.9256773299e+01    1.1024161853e+02   -3.6190551168e+02    1.7418479941e+01    1.0240000000e+03    3.8345062640e-03    5.0977711397e-01
       132   -1.4490820212e+02    2.1001396837e+04   -2.3331042635e+02    8.8402224231e+01    1.1005729031e+02   -3.6034022954e+02    1.6972512878e+01    1.0240000000e+03    3.8171976339e-03    5.0852481618e-01
       133   -1.4493515357e+02    2.1008861725e+04   -2.3292628459e+02    8.7991131018e+01    1.0973882800e+02   -3.5935658436e+02    1.6691471769e+01    1.0240000000e+03    3.8168490864e-03    5.0552619485e-01
       134   -1.4488742103e+02    2.0994667744e+04   -2.3228970533e+02    8.7402284303e+01    1.1001526048e+02   -3.5926630115e+02    1.6961335333e+01    1.0240000000e+03    3.8500858936e-03    5.0912224265e-01
       135   -1.4494937015e+02    2.1012603821e+04   -2.3344284269e+02    8.8493472544e+01    1.1040857637e+02   -3.6111001475e+02    1.7258595686e+01    1.0240000000e+03    3.8268270437e-03    5.0876608456e-01
       136   -1.4494454247e+02    2.1011143245e+04   -2.3528193707e+02    9.0337394601e+01    1.1124368978e+02   -3.6471702037e+02    1.8191393517e+01    1.0240000000e+03    3.8150115870e-03    5.0440027574e-01
       137   -1.4498393500e+02    2.1022751753e+04   -2.3582028002e+02    9.0836345024e+01    1.1098924608e+02   -3.6519223776e+02    1.8382711660e+01    1.0240000000e+03    3.8451675791e-03    5.0556066176e-01
       138   -1.4505527860e+02    2.1044701120e+04   -2.3662758522e+02    9.1572306621e+01    1.1138996152e+02   -3.6473609068e+02    1.6718543943e+01    1.0240000000e+03    3.8108248264e-03    5.0458409926e-01
       139   -1.4504252408e+02    2.1040167455e+04   -2.3437473607e+02    8.9332211987e+01    1.1060799004e+02   -3.6192979582e+02    1.6947069710e+01    1.0240000000e+03    3.8171291817e-03    5.0483685662e-01
       140   -1.4497638938e+02    2.1020581923e+04   -2.3274886592e+02    8.7772476546e+01    1.1010776627e+02   -3.5973911287e+02    1.6882480680e+01    1.0240000000e+03    3.8452355657e-03    5.0818014706e-01
       141   -1.4493424421e+02    2.1009478479e+04   -2.3343823402e+02    8.8503989812e+01    1.1044823764e+02   -3.6278638593e+02    1.8899914274e+01    1.0240000000e+03    3.8126448635e-03    5.0559512868e-01
       142   -1.4494611985e+02    2.1014027122e+04   -2.3440016055e+02    8.9454040704e+01    1.1049267099e+02   -3.6228163762e+02    1.7388806083e+01    1.0240000000e+03    3.8368047681e-03    5.0678998162e-01
       143   -1.4496733709e+02    2.1017971264e+04   -2.3313229844e+02    8.8164961348e+01    1.1021654549e+02   -3.6065877681e+02    1.7309932885e+01    1.0240000000e+03    3.8183457218e-03    5.0778952206e-01
       144   -1.4496448993e+02    2.1017169759e+04   -2.3332333559e+02    8.8358845665e+01    1.1057712964e+02   -3.6074217575e+02    1.6841710526e+01    1.0240000000e+03    3.8209066261e-03    5.0843290441e-01
       145   -1.4502505223e+02    2.1035653466e+04   -2.3344495784e+02    8.8419905606e+01    1.1062522419e+02   -3.6124233729e+02    1.7172155265e+01    1.0240000000e+03    3.8245175965e-03    5.0611213235e-01
       146   -1.4503613909e+02    2.1037977155e+04   -2.3391620954e+02    8.8880070454e+01    1.1028280535e+02   -3.6190818941e+02    1.7709174514e+01    1.0240000000e+03    3.8276205305e-03    5.0764016544e-01
       147   -1.4498488439e+02    2.1023226274e+04   -2.3407419368e+02    8.9089309283e+01    1.1023186111e+02   -3.6254861062e+02    1.8242555838e+01    1.0240000000e+03    3.8131929468e-03    5.0658318015e-01
       148   -1.4501666275e+02    2.1031929181e+04   -2.3331461162e+02    8.8297948873e+01    1.1024785120e+02   -3.6168741582e+02    1.8124953005e+01    1.0240000000e+03    3.8289430086e-03    5.0743336397e-01
       149   -1.4500783119e+02    2.1030224352e+04   -2.3450640221e+02    8.9498571025e+01    1.1046227299e+02   -3.6280153798e+02    1.7832862781e+01    1.0240000000e+03    3.8523338735e-03    5.0989200368e-01
       150   -1.4504098500e+02    2.1039592208e+04   -2.3432151593e+02    8.9280530929e+01    1.1042071468e+02   -3.6237968908e+02    1.7637458472e+01    1.0240000000e+03    3.8167522289e-03    5.0600873162e-01
       151   -1.4498595884e+02    2.1023200198e+04   -2.3304670330e+02    8.8060744458e+01    1.1026922125e+02   -3.6081028719e+02    1.7494362634e+01    1.0240000000e+03    3.8351460826e-03    5.0774356618e-01
       152   -1.4493313454e+02    2.1007976240e+04   -2.3447669379e+02    8.9543559246e+01    1.1075907648e+02   -3.6290434726e+02    1.7668576992e+01    1.0240000000e+03    3.8088636938e-03    5.0701976103e-01
       153   -1.4501758798e+02    2.1032619338e+04   -2.3520605801e+02    9.0188470027e+01    1.1143651784e+02   -3.6417856329e+02    1.7535987442e+01    1.0240000000e+03    3.8256272674e-03    5.0630744485e-01
       154   -1.4482307960e+02    2.0976324153e+04   -2.3569877233e+02    9.0875692731e+01    1.1099160414e+02   -3.6424748972e+02    1.7557113251e+01    1.0240000000e+03    3.8548696321e-03    5.0783547794e-01
       155   -1.4498719739e+02    2.1023752023e+04   -2.3428985367e+02    8.9302656283e+01    1.1072303297e+02   -3.6103998214e+02    1.6027095499e+01    1.0240000000e+03    3.8401670754e-03    5.0690487132e-01
       156   -1.4497011164e+02    2.1018825699e+04   -2.3526044049e+02    9.0290328845e+01    1.1015342517e+02   -3.6215314065e+02    1.6739274986e+01    1.0240000000e+03    3.8297835272e-03    5.0850183824e-01
       157   -1.4495494873e+02    2.1014004718e+04   -2.3241426208e+02    8.7459313355e+01    1.0994809560e+02   -3.6059213473e+02    1.8229777047e+01    1.0240000000e+03    3.8148022722e-03    5.0828354779e-01
       158   -1.4501012678e+02    2.1030685738e+04   -2.3376289862e+02    8.8752771845e+01    1.0991412115e+02   -3.6038828193e+02    1.6711262153e+01    1.0240000000e+03    3.8360864855e-03    5.1005284926e-01
       159   -1.4497759737e+02    2.1021454938e+04   -2.3342463461e+02    8.8447037247e+01    1.1070831525e+02   -3.6225962006e+02    1.8126670200e+01    1.0240000000e+03    3.8297795691e-03    5.1194852941e-01
       160   -1.4496718954e+02    2.1017877424e+04   -2.3625898665e+02    9.1291797107e+01    1.1073060696e+02   -3.6417965572e+02    1.7190062114e+01    1.0240000000e+03    3.8416625466e-03    5.1168428309e-01
       161   -1.4502604434e+02    2.1035322261e+04   -2.3516393008e+02    9.0137885744e+01    1.1092235513e+02   -3.6260906164e+02    1.6522776427e+01    1.0240000000e+03    3.8265192416e-03    5.0953584559e-01
       162   -1.4497699689e+02    2.1020804007e+04   -2.3263326711e+02    8.7656270223e+01    1.1049198909e+02   -3.5970694474e+02    1.6581688539e+01    1.0240000000e+03    3.7998293992e-03    5.0611213235e-01
       163   -1.4492760971e+02    2.1006556026e+04   -2.3215673792e+02    8.7229128214e+01    1.1003169218e+02   -3.5945726727e+02    1.7268837173e+01    1.0240000000e+03    3.8212765940e-03    5.0803079044e-01
       164   -1.4499509174e+02    2.1026467766e+04   -2.3380412528e+02    8.8809033537e+01    1.1070056826e+02   -3.6247078825e+02    1.7966094711e+01    1.0240000000e+03    3.8243427407e-03    5.1048943015e-01
       165   -1.4498635267e+02    2.1024187432e+04   -2.3491375946e+02    8.9927406785e+01    1.1026414232e+02   -3.6092972936e+02    1.5751827586e+01    1.0240000000e+03    3.8323537447e-03    5.0739889706e-01
       166   -1.4500103311e+02    2.1028095260e+04   -2.3484469443e+02    8.9843661318e+01    1.1057818412e+02   -3.6279879811e+02    1.7375919574e+01    1.0240000000e+03    3.8373242132e-03    5.0837545956e-01
       167   -1.4505338055e+02    2.1042809410e+04   -2.3187497648e+02    8.6821595930e+01    1.1019067476e+02   -3.5873675584e+02    1.6671104606e+01    1.0240000000e+03    3.8284824695e-03    5.0423943015e-01
       168   -1.4501141849e+02    2.1031075344e+04   -2.3349596037e+02    8.8484541876e+01    1.0991763371e+02   -3.6158544224e+02    1.8171848168e+01    1.0240000000e+03    3.8088259753e-03    5.0633042279e-01
       169   -1.4501378696e+02    2.1031663239e+04   -2.3425308909e+02    8.9239302132e+01    1.1023669138e+02   -3.6215579243e+02    1.7666011965e+01    1.0240000000e+03    3.8180507254e-03    5.0398667279e-01
       170   -1.4496585879e+02    2.1017685244e+04   -2.3453283587e+02    8.9566977082e+01    1.1020762175e+02   -3.6240273668e+02    1.7662279054e+01    1.0240000000e+03    3.8230181672e-03    5.0591681985e-01
       171   -1.4491822752e+02    2.1003694852e+04   -2.3400987037e+02    8.9091642846e+01    1.0989039534e+02   -3.6105542855e+02    1.7155162845e+01    1.0240000000e+03    3.8418036420e-03    5.0932904412e-01
       172   -1.4496252513e+02    2.1016242797e+04   -2.3430897889e+02    8.9346453769e+01    1.0976984605e+02   -3.6038119361e+02    1.6302368666e+01    1.0240000000e+03    3.8063032553e-03    5.0620404412e-01
       173   -1.4501533773e+02    2.1032355746e+04   -2.3454086937e+02    8.9525531639e+01    1.0985163309e+02   -3.6032947623e+02    1.5936973768e+01    1.0240000000e+03    3.8357451558e-03    5.1128216912e-01
       174   -1.4496361298e+02    2.1017038314e+04   -2.3261586336e+02    8.7652250380e+01    1.0992041598e+02   -3.6002693757e+02    1.7490658226e+01    1.0240000000e+03    3.8312347606e-03    5.0898437500e-01
       175   -1.4497835611e+02    2.1021405016e+04   -2.3272118421e+02    8.7742828096e+01    1.1013762118e+02   -3.6000494039e+02    1.7146135002e+01    1.0240000000e+03    3.8218791597e-03    5.1002987132e-01
       176   -1.4505537931e+02    2.1043542617e+04   -2.3243924670e+02    8.7383867388e+01    1.0970857634e+02   -3.5996490787e+02    1.7817084832e+01    1.0240000000e+03    3.8206984755e-03    5.0805376838e-01
       177   -1.4495898927e+02    2.1015982958e+04   -2.3415027718e+02    8.9191287906e+01    1.1041643993e+02   -3.6256818484e+02    1.8001467729e+01    1.0240000000e+03    3.8996643852e-03    5.0974264706e-01
       178   -1.4501662454e+02    2.1032265828e+04   -2.3450923642e+02    8.9492611876e+01    1.1044789598e+02   -3.6185608152e+02    1.6898949123e+01    1.0240000000e+03    3.8296023849e-03    5.0682444853e-01
       179   -1.4489513228e+02    2.0997227994e+04   -2.3389690465e+02    8.9001772370e+01    1.1085057728e+02   -3.6196919407e+02    1.7221712137e+01    1.0240000000e+03    3.8619632833e-03    5.1044347426e-01
       180   -1.4492354547e+02    2.1006454998e+04   -2.3427884039e+02    8.9355294920e+01    1.1016287623e+02   -3.6128700797e+02    1.6845291351e+01    1.0240000000e+03    3.8265420590e-03    5.0699678309e-01
       181   -1.4495972283e+02    2.1015803012e+04   -2.3364708984e+02    8.8687367008e+01    1.1019953602e+02   -3.6221581585e+02    1.8369189995e+01    1.0240000000e+03    3.8211685605e-03    5.0747931985e-01
       182   -1.4499617597e+02    2.1026516178e+04   -2.3431764832e+02    8.9321472352e+01    1.1048865503e+02   -3.6157774770e+02    1.6771444352e+01    1.0240000000e+03    3.8437822368e-03    5.0770909926e-01
       183   -1.4495845989e+02    2.1015482850e+04   -2.3489671980e+02    8.9938259913e+01    1.1075497598e+02   -3.6361176301e+02    1.7960067222e+01    1.0240000000e+03    3.8435722236e-03    5.0705422794e-01
       184   -1.4492601060e+02    2.1006405404e+04   -2.3378686863e+02    8.8860858035e+01    1.1044751331e+02   -3.6199961473e+02    1.7765232793e+01    1.0240000000e+03    3.8031744771e-03    5.0616957721e-01
       185   -1.4495417560e+02    2.1014005193e+04   -2.3433287442e+02    8.9378698828e+01    1.1039188638e+02   -3.6130328706e+02    1.6578526262e+01    1.0240000000e+03    3.8431955036e-03    5.0770909926e-01
       186   -1.4503592617e+02    2.1038123181e+04   -2.3315091468e+02    8.8114988514e+01    1.1032014899e+02   -3.6185966469e+02    1.8388601019e+01    1.0240000000e+03    3.8406408858e-03    5.0870863971e-01
       187   -1.4499255176e+02    2.1025092908e+04   -2.3226742105e+02    8.7274869294e+01    1.1020452398e+02   -3.6035856379e+02    1.7886618760e+01    1.0240000000e+03    3.8151587360e-03    5.0900735294e-01
       188   -1.4496216682e+02    2.1016648937e+04   -2.3500575778e+02    9.0043590963e+01    1.1011341455e+02   -3.6158147774e+02    1.6462305406e+01    1.0240000000e+03    3.8113810588e-03    5.0730698529e-01
       189   -1.4490916948e+02    2.1001231250e+04   -2.3496223376e+02    9.0053064278e+01    1.1050366149e+02   -3.6199586799e+02    1.6529972737e+01    1.0240000000e+03    3.8339097518e-03    5.0675551471e-01
       190   -1.4498909451e+02    2.1024902689e+04   -2.3435143797e+02    8.9362343461e+01    1.1014221441e+02   -3.6011248379e+02    1.5618831418e+01    1.0240000000e+03    3.8368417881e-03    5.0868566176e-01
       191   -1.4498559397e+02    2.1023362190e+04   -2.3257453909e+02    8.7588945112e+01    1.0973773322e+02   -3.5931666834e+02    1.7004396034e+01    1.0240000000e+03    3.8263904862e-03    5.0791590074e-01
       192   -1.4497286886e+02    2.1019391385e+04   -2.3367125407e+02    8.8698385210e+01    1.0988451479e+02   -3.6066706995e+02    1.7111301087e+01    1.0240000000e+03    3.8391109556e-03    5.0776654412e-01
       193   -1.4488449839e+02    2.0994270622e+04   -2.3445874315e+02    8.9574244762e+01    1.1019169756e+02   -3.6128118853e+02    1.6630747814e+01    1.0240000000e+03    3.8365831133e-03    5.0706571691e-01
       194   -1.4494176914e+02    2.1010692964e+04   -2.3530602867e+02    9.0364259529e+01    1.1065151773e+02   -3.6159664145e+02    1.5639095055e+01    1.0240000000e+03    3.8385805674e-03    5.0536534926e-01
       195   -1.4496091089e+02    2.1015899186e+04   -2.3399488611e+02    8.9033975222e+01    1.1032589559e+02   -3.6135352033e+02    1.7032738631e+01    1.0240000000e+03    3.8298782893e-03    5.0689338235e-01
       196   -1.4491930582e+02    2.1003966964e+04   -2.3370955779e+02    8.8790251966e+01    1.1068430193e+02   -3.6280924328e+02    1.8415383573e+01    1.0240000000e+03    3.8124243729e-03    5.0576746324e-01
       197   -1.4500644048e+02    2.1029545413e+04   -2.3377576229e+02    8.8769321812e+01    1.1026696471e+02   -3.6170469104e+02    1.7661964039e+01    1.0240000000e+03    3.8420199417e-03    5.0577895221e-01
       198   -1.4499314955e+02    2.1025202611e+04   -2.3413627080e+02    8.9143121252e+01    1.1104714766e+02   -3.6289561664e+02    1.7712198179e+01    1.0240000000e+03    3.8303057663e-03    5.0705422794e-01
       199   -1.4497514304e+02    2.1020584059e+04   -2.3540005514e+02    9.0424912100e+01    1.1104574096e+02   -3.6331596232e+02    1.6870166227e+01    1.0240000000e+03    3.8322058972e-03    5.0607766544e-01
       200   -1.4490279157e+02    2.0998819743e+04   -2.3339642190e+02    8.8493630329e+01    1.1042298659e+02   -3.6075690370e+02    1.6937495214e+01    1.0240000000e+03    3.8174889050e-03    5.0572150735e-01
       201   -1.4497328301e+02    2.1019412407e+04   -2.3257647063e+02    8.7603187622e+01    1.1036203805e+02   -3.6184722476e+02    1.8908716076e+01    1.0240000000e+03    3.8199461997e-03    5.0639935662e-01
       202   -1.4493702249e+02    2.1009839608e+04   -2.3424817578e+02    8.9311153290e+01    1.1046893851e+02   -3.6264817991e+02    1.7931065621e+01    1.0240000000e+03    3.8101556711e-03    5.0589384191e-01
       203   -1.4500173760e+02    2.1028537991e+04   -2.3414445781e+02    8.9142720209e+01    1.1069749184e+02   -3.6299905159e+02    1.8157101944e+01    1.0240000000e+03    3.8239730056e-03    5.0611213235e-01
       204   -1.4497790647e+02    2.1020887242e+04   -2.3597978116e+02    9.1001874688e+01    1.1035976798e+02   -3.6399289632e+02    1.7653347181e+01    1.0240000000e+03    3.8205450401e-03    5.0649126838e-01
       205   -1.4500214531e+02    2.1028264451e+04   -2.3223196642e+02    8.7229821111e+01    1.1041528698e+02   -3.6053924903e+02    1.7891995638e+01    1.0240000000e+03    3.8280764129e-03    5.1005284926e-01
       206   -1.4502445139e+02    2.1035230453e+04   -2.3316116927e+02    8.8136717881e+01    1.1061172212e+02   -3.6136385938e+02    1.7590967997e+01    1.0240000000e+03    3.8162663113e-03    5.0737591912e-01
       207   -1.4503662423e+02    2.1038090518e+04   -2.3346013331e+02    8.8423509073e+01    1.1076184300e+02   -3.6229307202e+02    1.8071095721e+01    1.0240000000e+03    3.8217334077e-03    5.0699678309e-01
       208   -1.4495578837e+02    2.1014731989e+04   -2.3483684443e+02    8.9881056059e+01    1.1062485275e+02   -3.6234268101e+02    1.6880983831e+01    1.0240000000e+03    3.8183687720e-03    5.0800781250e-01
       209   -1.4490961478e+02    2.1001383320e+04   -2.3429144508e+02    8.9381830298e+01    1.1060957849e+02   -3.6336386698e+02    1.8462843411e+01    1.0240000000e+03    3.8245429751e-03    5.0665211397e-01
       210   -1.4505335483e+02    2.1043289770e+04   -2.3535368064e+02    9.0300325809e+01    1.1029759265e+02   -3.6224887916e+02    1.6597605881e+01    1.0240000000e+03    3.8245853502e-03    5.0727251838e-01
       211   -1.4501982778e+02    2.1033167718e+04   -2.3418688344e+02    8.9167055658e+01    1.1023422808e+02   -3.6122978303e+02    1.6808671504e+01    1.0240000000e+03    3.8107987493e-03    5.0699678309e-01
       212   -1.4493530854e+02    2.1008489467e+04   -2.3253641844e+02    8.7601109907e+01    1.0989418706e+02   -3.6049236271e+02    1.8061757209e+01    1.0240000000e+03    3.8110238966e-03    5.0834099265e-01
       213   -1.4499114177e+02    2.1024963591e+04   -2.3406767154e+02    8.9076529766e+01    1.1040281478e+02   -3.6076744240e+02    1.6296956086e+01    1.0240000000e+03    3.8111959584e-03    5.0742187500e-01
       214   -1.4506451679e+02    2.1048240250e+04   -2.3362042187e+02    8.8555905076e+01    1.1044526053e+02   -3.6195347428e+02    1.7887791887e+01    1.0240000000e+03    3.8253492676e-03    5.0911075368e-01
       215   -1.4497998055e+02    2.1021937619e+04   -2.3426601151e+02    8.9286030964e+01    1.1033650332e+02   -3.6226460548e+02    1.7662090647e+01    1.0240000000e+03    3.8271839730e-03    5.0731847426e-01
       216   -1.4497783944e+02    2.1021181520e+04   -2.3516835415e+02    9.0190514711e+01    1.1049804824e+02   -3.6219971115e+02    1.6533308753e+01    1.0240000000e+03    3.8291134406e-03    5.0981158088e-01
       217   -1.4498149186e+02    2.1022931155e+04   -2.3563779372e+02    9.0656301867e+01    1.1050492134e+02   -3.6207732838e+02    1.5934613315e+01    1.0240000000e+03    3.8246368058e-03    5.0766314338e-01
       218   -1.4496501153e+02    2.1019179001e+04   -2.3430013188e+02    8.9335120348e+01    1.1014212367e+02   -3.6098233937e+02    1.6540083823e+01    1.0240000000e+03    3.8043654058e-03    5.0818014706e-01
       219   -1.4492933276e+02    2.1006815205e+04   -2.3402875140e+02    8.9099418645e+01    1.1011009580e+02   -3.6228756458e+02    1.8148717374e+01    1.0240000000e+03    3.8093640469e-03    5.0646829044e-01
       220   -1.4499676853e+02    2.1026267673e+04   -2.3368461650e+02    8.8687847976e+01    1.1047025840e+02   -3.6207931923e+02    1.7924444326e+01    1.0240000000e+03    3.8047451526e-03    5.0593979779e-01
       221   -1.4495310279e+02    2.1014298489e+04   -2.3368947137e+02    8.8736368578e+01    1.1053234007e+02   -3.6205272927e+02    1.7830917830e+01    1.0240000000e+03    3.8433724549e-03    5.0831801471e-01
       222   -1.4501753554e+02    2.1032312595e+04   -2.3468159094e+02    8.9664055401e+01    1.1032446473e+02   -3.6149700619e+02    1.6490950510e+01    1.0240000000e+03    3.8123978302e-03    5.0778952206e-01
       223   -1.4500387023e+02    2.1028221919e+04   -2.3385712089e+02    8.8853250657e+01    1.1015872715e+02   -3.6153440612e+02    1.7518558077e+01    1.0240000000e+03    3.8031286094e-03    5.0687040441e-01
       224   -1.4497814662e+02    2.1021048747e+04   -2.3310812201e+02    8.8129975389e+01    1.1009613843e+02   -3.6078098774e+02    1.7576727308e+01    1.0240000000e+03    3.8090229500e-03    5.0579044118e-01
       225   -1.4495209469e+02    2.1013699324e+04   -2.3298727230e+02    8.8035177610e+01    1.1045253535e+02   -3.6124195378e+02    1.7802146131e+01    1.0240000000e+03    3.8315241691e-03    5.0866268382e-01
       226   -1.4503755602e+02    2.1038376180e+04   -2.3461821258e+02    8.9580656563e+01    1.1038215734e+02   -3.6268330543e+02    1.7682935512e+01    1.0240000000e+03    3.8224020973e-03    5.0546875000e-01
       227   -1.4500897253e+02    2.1029900152e+04   -2.3515781440e+02    9.0148841878e+01    1.1017586228e+02   -3.6095392610e+02    1.5620249413e+01    1.0240000000e+03    3.8430367131e-03    5.0970818015e-01
       228   -1.4498947919e+02    2.1024835620e+04   -2.3264042324e+02    8.7650944045e+01    1.1019870838e+02   -3.6083112200e+02    1.7991990382e+01    1.0240000000e+03    3.8465014659e-03    5.0968520221e-01
       229   -1.4495277969e+02    2.1013893126e+04   -2.3321287609e+02    8.8260096403e+01    1.1024395549e+02   -3.6142096484e+02    1.7964133257e+01    1.0240000000e+03    3.8366669323e-03    5.1114430147e-01
       230   -1.4493243493e+02    2.1007827654e+04   -2.3351282398e+02    8.8580389057e+01    1.1019734604e+02   -3.6119910124e+02    1.7488931208e+01    1.0240000000e+03    3.8276801351e-03    5.0867417279e-01
       231   -1.4505696133e+02    2.1043729605e+04   -2.3376859967e+02    8.8711638339e+01    1.0990600127e+02   -3.6135963679e+02    1.7685035854e+01    1.0240000000e+03    3.8256824482e-03    5.0559512868e-01
       232   -1.4504082919e+02    2.1039836506e+04   -2.3438206153e+02    8.9341232343e+01    1.1040227561e+02   -3.6360634586e+02    1.8822008721e+01    1.0240000000e+03    3.8290345110e-03    5.0615808824e-01
       233   -1.4501477031e+02    2.1031807013e+04   -2.3531712449e+02    9.0302354180e+01    1.1083521651e+02   -3.6405802290e+02    1.7905681895e+01    1.0240000000e+03    3.8163887803e-03    5.0746783088e-01
       234   -1.4499571472e+02    2.1026342729e+04   -2.3344945617e+02    8.8453741447e+01    1.1015286033e+02   -3.6085757165e+02    1.7255255150e+01    1.0240000000e+03    3.8420136552e-03    5.0973115809e-01
       235   -1.4500595236e+02    2.1029721717e+04   -2.3378260525e+02    8.8776652886e+01    1.1030838511e+02   -3.6047782155e+02    1.6386831193e+01    1.0240000000e+03    3.8415666204e-03    5.1053538603e-01
       236   -1.4492021498e+02    2.1004313953e+04   -2.3373864656e+02    8.8818431583e+01    1.1023730003e+02   -3.6107271920e+02    1.7096772610e+01    1.0240000000e+03    3.8202032447e-03    5.0868566176e-01
       237   -1.4494900846e+02    2.1012634299e+04   -2.3358386016e+02    8.8634851701e+01    1.1033966115e+02   -3.6204245413e+02    1.8118932815e+01    1.0240000000e+03    3.8259781431e-03    5.0473345588e-01
       238   -1.4498155236e+02    2.1021905132e+04   -2.3252516510e+02    8.7543612743e+01    1.1019643318e+02   -3.5996193525e+02    1.7240336972e+01    1.0240000000e+03    3.8488467690e-03    5.0930606618e-01
       239   -1.4494781528e+02    2.1012154697e+04   -2.3358836633e+02    8.8640551050e+01    1.1005181355e+02   -3.6110613576e+02    1.7465955876e+01    1.0240000000e+03    3.8359968457e-03    5.0897288603e-01
       240   -1.4496296402e+02    2.1016511006e+04   -2.3248958119e+02    8.7526617165e+01    1.0993918417e+02   -3.5916357960e+02    1.6734814243e+01    1.0240000000e+03    3.8289234508e-03    5.0963924632e-01
       241   -1.4499637159e+02    2.1026022231e+04   -2.3420123935e+02    8.9204867752e+01    1.1008189890e+02   -3.6158586581e+02    1.7302727564e+01    1.0240000000e+03    3.8220153656e-03    5.0962775735e-01
       242   -1.4505989225e+02    2.1045642574e+04   -2.3458104743e+02    8.9521155180e+01    1.1030085645e+02   -3.6207710225e+02    1.7195198371e+01    1.0240000000e+03    3.8356534205e-03    5.0738740809e-01
       243   -1.4502319557e+02    2.1035472636e+04   -2.3381175530e+02    8.8788559726e+01    1.1060572981e+02   -3.6133219535e+02    1.6914710240e+01    1.0240000000e+03    3.8272833917e-03    5.0830652574e-01
       244   -1.4496176793e+02    2.1016418142e+04   -2.3233666074e+02    8.7374892803e+01    1.1024761680e+02   -3.5959120758e+02    1.7006930036e+01    1.0240000000e+03    3.8281308953e-03    5.0960477941e-01
       245   -1.4499518888e+02    2.1028088516e+04   -2.3121737326e+02    8.6222184383e+01    1.0995530139e+02   -3.5836667773e+02    1.7194003081e+01    1.0240000000e+03    3.8366997615e-03    5.0935202206e-01
       246   -1.4496642439e+02    2.1017447441e+04   -2.3384929524e+02    8.8882870854e+01    1.1053190163e+02   -3.6197811066e+02    1.7596913783e+01    1.0240000000e+03    3.8096155040e-03    5.0529641544e-01
       247   -1.4501643816e+02    2.1032122068e+04   -2.3475207702e+02    8.9735638853e+01    1.1065341248e+02   -3.6300761942e+02    1.7602129918e+01    1.0240000000e+03    3.8387640379e-03    5.0900735294e-01
       248   -1.4496903761e+02    2.1019222264e+04   -2.3547384839e+02    9.0504810785e+01    1.1081343408e+02   -3.6327642634e+02    1.6989143864e+01    1.0240000000e+03    3.8334336132e-03    5.0741038603e-01
       249   -1.4503564918e+02    2.1037895310e+04   -2.3298380898e+02    8.7948159800e+01    1.1058166279e+02   -3.6169359357e+02    1.8128121797e+01    1.0240000000e+03    3.8254607935e-03    5.0929457721e-01
       250   -1.4493073556e+02    2.1008224075e+04   -2.3353455344e+02    8.8603817883e+01    1.1008496378e+02   -3.6053272317e+02    1.6913205950e+01    1.0240000000e+03    3.8321854081e-03    5.0819163603e-01
       251   -1.4504845867e+02    2.1045025131e+04   -2.3294122359e+02    8.7892764925e+01    1.1045857630e+02   -3.6114550500e+02    1.7745705111e+01    1.0240000000e+03    3.8290102966e-03    5.0751378676e-01
       252   -1.4498447071e+02    2.1022775420e+04   -2.3343135133e+02    8.8446880613e+01    1.1042231441e+02   -3.6155485087e+02    1.7701185139e+01    1.0240000000e+03    3.8368711248e-03    5.0722656250e-01
       253   -1.4498740317e+02    2.1023347037e+04   -2.3388562212e+02    8.8898218951e+01    1.1051130171e+02   -3.6129166107e+02    1.6894737241e+01    1.0240000000e+03    3.8477566559e-03    5.0765165441e-01
       254   -1.4494891731e+02    2.1012799925e+04   -2.3296597790e+02    8.8017060593e+01    1.1053422799e+02   -3.6228301420e+02    1.8782808318e+01    1.0240000000e+03    3.8230821956e-03    5.0765165441e-01
       255   -1.4498440360e+02    2.1023040091e+04   -2.3543838361e+02    9.0453980009e+01    1.1091466765e+02   -3.6436945430e+02    1.8016403046e+01    1.0240000000e+03    3.8067328278e-03    5.0774356618e-01
       256   -1.4504235869e+02    2.1039726166e+04   -2.3374957190e+02    8.8707213209e+01    1.1033290511e+02   -3.6073453624e+02    1.6652059230e+01    1.0240000000e+03    3.8122655824e-03    5.0675551471e-01
       257   -1.4500971825e+02    2.1030242231e+04   -2.3409663291e+02    8.9086914661e+01    1.1063223531e+02   -3.6265175303e+02    1.7922884809e+01    1.0240000000e+03    3.8202477153e-03    5.0697380515e-01
       258   -1.4495902530e+02    2.1015672346e+04   -2.3484714308e+02    8.9888117780e+01    1.1044190032e+02   -3.6318071229e+02    1.7891668883e+01    1.0240000000e+03    3.8294235710e-03    5.1005284926e-01
       259   -1.4493182304e+02    2.1007957503e+04   -2.3254220724e+02    8.7610384196e+01    1.1021316956e+02   -3.6072050204e+02    1.7965125239e+01    1.0240000000e+03    3.8305812050e-03    5.0587086397e-01
       260   -1.4497144363e+02    2.1019182916e+04   -2.3291465566e+02    8.7943212031e+01    1.0990359481e+02   -3.5987048571e+02    1.7052235235e+01    1.0240000000e+03    3.8468926214e-03    5.0721507353e-01
       261   -1.4499848762e+02    2.1027150949e+04   -2.3385738568e+02    8.8858898065e+01    1.1035100349e+02   -3.6149814545e+02    1.7289756278e+01    1.0240000000e+03    3.8294543047e-03    5.0897288603e-01
       262   -1.4492250259e+02    2.1005143303e+04   -2.3206590350e+02    8.7143400912e+01    1.1003566948e+02   -3.5917194469e+02    1.7070371714e+01    1.0240000000e+03    3.8395824376e-03    5.0811121324e-01
       263   -1.4498020336e+02    2.1021247213e+04   -2.3341857334e+02    8.8438369989e+01    1.1028180975e+02   -3.6068919559e+02    1.6988812499e+01    1.0240000000e+03    3.8076054770e-03    5.0772058824e-01
       264   -1.4500878811e+02    2.1029913330e+04   -2.3414001528e+02    8.9131227166e+01    1.1088971261e+02   -3.6368690515e+02    1.8657177269e+01    1.0240000000e+03    3.8159068208e-03    5.0721507353e-01
       265   -1.4497221673e+02    2.1019290526e+04   -2.3402926643e+02    8.9057049697e+01    1.1101641590e+02   -3.6335683520e+02    1.8311152865e+01    1.0240000000e+03    3.7989951670e-03    5.0301011029e-01
       266   -1.4496070530e+02    2.1016066292e+04   -2.3562495560e+02    9.0664250296e+01    1.1035135263e+02   -3.6254018946e+02    1.6563881239e+01    1.0240000000e+03    3.8333735429e-03    5.0862821691e-01
       267   -1.4496785194e+02    2.1018176639e+04   -2.3507223301e+02    9.0104381071e+01    1.1015339121e+02   -3.6203800265e+02    1.6812378428e+01    1.0240000000e+03    3.8364524953e-03    5.0798483456e-01
       268   -1.4500215113e+02    2.1028510183e+04   -2.3459823819e+02    8.9596087068e+01    1.1043654935e+02   -3.6235599706e+02    1.7321209515e+01    1.0240000000e+03    3.8319176529e-03    5.0621553309e-01
       269   -1.4490266338e+02    2.0999259832e+04   -2.3397699754e+02    8.9074334158e+01    1.1050365794e+02   -3.6130461801e+02    1.6823962531e+01    1.0240000000e+03    3.8398667239e-03    5.0821461397e-01
       270   -1.4500266150e+02    2.1028091399e+04   -2.3674492895e+02    9.1742267456e+01    1.1073214579e+02   -3.6439838887e+02    1.6921314127e+01    1.0240000000e+03    3.8379337639e-03    5.0901884191e-01
       271   -1.4497248038e+02    2.1019409425e+04   -2.3442682051e+02    8.9454340132e+01    1.1009668349e+02   -3.6270398392e+02    1.8180479918e+01    1.0240000000e+03    3.8372066338e-03    5.1106387868e-01
       272   -1.4495417998e+02    2.1014185628e+04   -2.3346146095e+02    8.8507280967e+01    1.1026174027e+02   -3.6136209330e+02    1.7638892072e+01    1.0240000000e+03    3.8174765650e-03    5.0890395221e-01
       273   -1.4496127077e+02    2.1016477415e+04   -2.3443319076e+02    8.9471919999e+01    1.1010740308e+02   -3.6183543362e+02    1.7294839775e+01    1.0240000000e+03    3.8367295638e-03    5.0982306985e-01
       274   -1.4494649829e+02    2.1012349030e+04   -2.3389667143e+02    8.8950173141e+01    1.1043537841e+02   -3.6092763861e+02    1.6595588770e+01    1.0240000000e+03    3.8306009956e-03    5.0844439338e-01
       275   -1.4495787087e+02    2.1014993681e+04   -2.3380904352e+02    8.8851172655e+01    1.1073454829e+02   -3.6306794842e+02    1.8524356607e+01    1.0240000000e+03    3.8264335599e-03    5.0757123162e-01
       276   -1.4503829317e+02    2.1039040293e+04   -2.3427313265e+02    8.9234839484e+01    1.1046938018e+02   -3.6256331598e+02    1.7820803147e+01    1.0240000000e+03    3.8345041685e-03    5.0459558824e-01
       277   -1.4488244491e+02    2.0993353228e+04   -2.3373072878e+02    8.8848283879e+01    1.1067040855e+02   -3.6193686483e+02    1.7535727494e+01    1.0240000000e+03    3.8247006014e-03    5.0638786765e-01
       278   -1.4493742987e+02    2.1008995090e+04   -2.3319542400e+02    8.8257994128e+01    1.1040792027e+02   -3.6096383217e+02    1.7360487912e+01    1.0240000000e+03    3.8242358714e-03    5.0712316176e-01
       279   -1.4499874869e+02    2.1027061241e+04   -2.3342654864e+02    8.8427799950e+01    1.1048344734e+02   -3.6111321370e+02    1.7203217717e+01    1.0240000000e+03    3.8125070278e-03    5.0538832721e-01
       280   -1.4511382503e+02    2.1060620133e+04   -2.3172843259e+02    8.6614607560e+01    1.1003726101e+02   -3.5964719314e+02    1.7881499541e+01    1.0240000000e+03    3.8346436340e-03    5.0950137868e-01
       281   -1.4499244572e+02    2.1025422333e+04   -2.3169513434e+02    8.6702688619e+01    1.0996368618e+02   -3.5892809199e+02    1.7269271474e+01    1.0240000000e+03    3.8349505048e-03    5.0855928309e-01
       282   -1.4505550767e+02    2.1043209906e+04   -2.3269838856e+02    8.7642880898e+01    1.1002332650e+02   -3.6030223175e+02    1.7580516681e+01    1.0240000000e+03    3.8448907435e-03    5.0900735294e-01
       283   -1.4493537465e+02    2.1008980926e+04   -2.3226873440e+02    8.7333359749e+01    1.1017581443e+02   -3.6015814736e+02    1.7713598529e+01    1.0240000000e+03    3.8206614554e-03    5.0785845588e-01
       284   -1.4508484358e+02    2.1052009877e+04   -2.3573109711e+02    9.0646253528e+01    1.1043916530e+02   -3.6267211473e+02    1.6501852324e+01    1.0240000000e+03    3.9140044246e-03    5.0747931985e-01
       285   -1.4505553154e+02    2.1043657232e+04   -2.3286798101e+02    8.7812449464e+01    1.1035461962e+02   -3.6111193715e+02    1.7889336518e+01    1.0240000000e+03    3.8509145379e-03    5.0614659926e-01
       286   -1.4496877574e+02    2.1018077387e+04   -2.3380602973e+02    8.8837253987e+01    1.0987027688e+02   -3.6152730614e+02    1.7850999539e+01    1.0240000000e+03    3.8538156077e-03    5.0827205882e-01
       287   -1.4491909833e+02    2.1004242805e+04   -2.3354570193e+02    8.8626603598e+01    1.1016984045e+02   -3.6053910664e+02    1.6823564270e+01    1.0240000000e+03    3.8191839121e-03    5.0875459559e-01
       288   -1.4494535702e+02    2.1011458857e+04   -2.3331016872e+02    8.8364811699e+01    1.1019475240e+02   -3.6061468098e+02    1.7109759856e+01    1.0240000000e+03    3.8408774417e-03    5.0831801471e-01
       289   -1.4495002117e+02    2.1012988250e+04   -2.3407057344e+02    8.9120552261e+01    1.1031559755e+02   -3.6105503565e+02    1.6668864666e+01    1.0240000000e+03    3.8441990037e-03    5.0888097426e-01
       290   -1.4500320747e+02    2.1028410028e+04   -2.3230995533e+02    8.7306747862e+01    1.1003592141e+02   -3.6088009361e+02    1.8534216877e+01    1.0240000000e+03    3.8207443431e-03    5.0676700368e-01
       291   -1.4496373067e+02    2.1016696524e+04   -2.3412336556e+02    8.9159634897e+01    1.1025695025e+02   -3.6151947816e+02    1.7139162352e+01    1.0240000000e+03    3.8414227311e-03    5.0684742647e-01
       292   -1.4501627813e+02    2.1032336202e+04   -2.3351055405e+02    8.8494275916e+01    1.1072570774e+02   -3.6271635544e+02    1.8480093651e+01    1.0240000000e+03    3.8281474262e-03    5.0605468750e-01
       293   -1.4505243478e+02    2.1043038731e+04   -2.3382009029e+02    8.8767655511e+01    1.1061641175e+02   -3.6315280137e+02    1.8716299324e+01    1.0240000000e+03    3.8210051134e-03    5.0518152574e-01
       294   -1.4502790780e+02    2.1035307143e+04   -2.3447255884e+02    8.9444651035e+01    1.1057658678e+02   -3.6279083243e+02    1.7741686819e+01    1.0240000000e+03    3.8218849804e-03    5.0737591912e-01
       295   -1.4503142497e+02    2.1037077109e+04   -2.3374711175e+02    8.8715686776e+01    1.1036773193e+02   -3.6210900213e+02    1.7994158455e+01    1.0240000000e+03    3.8280021399e-03    5.0835248162e-01
       296   -1.4498981800e+02    2.1025184156e+04   -2.3385738354e+02    8.8867565534e+01    1.1034896343e+02   -3.6123566290e+02    1.7029315939e+01    1.0240000000e+03    3.8221047726e-03    5.0696231618e-01
       297   -1.4502081023e+02    2.1033383678e+04   -2.3430195233e+02    8.9281142104e+01    1.1063399806e+02   -3.6256827141e+02    1.7632321010e+01    1.0240000000e+03    3.8211462088e-03    5.0888097426e-01
       298   -1.4501697719e+02    2.1032316929e+04   -2.3252879973e+02    8.7511822543e+01    1.1049743464e+02   -3.6056677533e+02    1.7540540957e+01    1.0240000000e+03    3.8133342750e-03    5.0799632353e-01
       299   -1.4494077085e+02    2.1010618811e+04   -2.3378621270e+02    8.8845441846e+01    1.1064943190e+02   -3.6192713788e+02    1.7491493282e+01    1.0240000000e+03    3.8287185598e-03    5.0819163603e-01
       300   -1.4494987202e+02    2.1013140597e+04   -2.3320269393e+02    8.8252821915e+01    1.1021851792e+02   -3.6026998522e+02    1.6848773362e+01    1.0240000000e+03    3.8311600219e-03    5.0647977941e-01
       301   -1.4485201454e+02    2.0984346736e+04   -2.3123964831e+02    8.6387633769e+01    1.1005215372e+02   -3.5916265305e+02    1.7870851025e+01    1.0240000000e+03    3.8527075667e-03    5.1056985294e-01
       302   -1.4502516349e+02    2.1034573116e+04   -2.3383177899e+02    8.8806615503e+01    1.1032504442e+02   -3.6126254203e+02    1.7105718616e+01    1.0240000000e+03    3.8103912957e-03    5.0492876838e-01
       303   -1.4500565195e+02    2.1029439913e+04   -2.3327923660e+02    8.8273584649e+01    1.1049524263e+02   -3.6188674953e+02    1.8112270300e+01    1.0240000000e+03    3.8504644763e-03    5.0732996324e-01
       304   -1.4503911291e+02    2.1038965823e+04   -2.3543411595e+02    9.0395003044e+01    1.1009217302e+02   -3.6191128962e+02    1.6385000654e+01    1.0240000000e+03    3.8217920810e-03    5.0701976103e-01
       305   -1.4494305076e+02    2.1011010147e+04   -2.3349696242e+02    8.8553911659e+01    1.1070722024e+02   -3.6186018360e+02    1.7656000945e+01    1.0240000000e+03    3.8066105917e-03    5.0475643382e-01
       306   -1.4497405205e+02    2.1020262932e+04   -2.3449245870e+02    8.9518406650e+01    1.1068647060e+02   -3.6232000250e+02    1.7141073193e+01    1.0240000000e+03    3.8086327258e-03    5.0618106618e-01
       307   -1.4498253562e+02    2.1022238523e+04   -2.3498121365e+02    8.9998678034e+01    1.1106968677e+02   -3.6322721231e+02    1.7176311885e+01    1.0240000000e+03    3.8185843732e-03    5.0530790441e-01
       308   -1.4501970346e+02    2.1033482286e+04   -2.3517913039e+02    9.0159426921e+01    1.1051654564e+02   -3.6276615595e+02    1.7070479929e+01    1.0240000000e+03    3.7916121073e-03    5.0335477941e-01
       309   -1.4500363683e+02    2.1028251935e+04   -2.3467842235e+02    8.9674785527e+01    1.1028107856e+02   -3.6230672962e+02    1.7347228710e+01    1.0240000000e+03    3.7972738501e-03    5.0662913603e-01
       310   -1.4496490823e+02    2.1017514505e+04   -2.3398986772e+02    8.9024959490e+01    1.1007973162e+02   -3.6169440612e+02    1.7624806776e+01    1.0240000000e+03    3.8019099738e-03    5.0805376838e-01
       311   -1.4494219449e+02    2.1010728757e+04   -2.3460210629e+02    8.9659911806e+01    1.1004786561e+02   -3.6111094338e+02    1.6460971485e+01    1.0240000000e+03    3.8167866878e-03    5.0804227941e-01
       312   -1.4500182109e+02    2.1028329539e+04   -2.3386041539e+02    8.8858594297e+01    1.1069197380e+02   -3.6218497230e+02    1.7632583103e+01    1.0240000000e+03    3.8048934657e-03    5.0847886029e-01
       313   -1.4493577093e+02    2.1008631407e+04   -2.3261322684e+02    8.7677455912e+01    1.1016728971e+02   -3.6017341261e+02    1.7392896053e+01    1.0240000000e+03    3.8386632223e-03    5.0693933824e-01
       314   -1.4500745684e+02    2.1029480708e+04   -2.3383428548e+02    8.8826828645e+01    1.1060607389e+02   -3.6128730624e+02    1.6846946875e+01    1.0240000000e+03    3.8237944245e-03    5.0765165441e-01
       315   -1.4503638153e+02    2.1037529769e+04   -2.3541329261e+02    9.0376911084e+01    1.1151340441e+02   -3.6392695148e+02    1.7000254461e+01    1.0240000000e+03    3.8346177898e-03    5.0851332721e-01
       316   -1.4499531613e+02    2.1025807032e+04   -2.3502806399e+02    9.0032747857e+01    1.1093330597e+02   -3.6237593840e+02    1.6414568444e+01    1.0240000000e+03    3.8254384417e-03    5.0739889706e-01
       317   -1.4502452404e+02    2.1034528812e+04   -2.3367827356e+02    8.8653749519e+01    1.1154612280e+02   -3.6252937435e+02    1.7304977981e+01    1.0240000000e+03    3.8270673249e-03    5.0773207721e-01
       318   -1.4494258583e+02    2.1012301736e+04   -2.3630499945e+02    9.1362413620e+01    1.1146750677e+02   -3.6434265536e+02    1.6570149141e+01    1.0240000000e+03    3.8331167307e-03    5.0829503676e-01
       319   -1.4495518133e+02    2.1015390720e+04   -2.3481041188e+02    8.9855230556e+01    1.1113426819e+02   -3.6297028585e+02    1.7025605777e+01    1.0240000000e+03    3.8109458983e-03    5.0592830882e-01
       320   -1.4497582755e+02    2.1020563115e+04   -2.3501451174e+02    9.0038684186e+01    1.1113833055e+02   -3.6274093998e+02    1.6588097692e+01    1.0240000000e+03    3.8209939376e-03    5.0564108456e-01
       321   -1.4495020154e+02    2.1013019144e+04   -2.3440246697e+02    8.9452265435e+01    1.1088321502e+02   -3.6246130928e+02    1.7175627291e+01    1.0240000000e+03    3.8177701645e-03    5.0579044118e-01
       322   -1.4492826902e+02    2.1006442878e+04   -2.3385562384e+02    8.8927354820e+01    1.1071492342e+02   -3.6201946836e+02    1.7448921097e+01    1.0240000000e+03    3.8307062350e-03    5.0746783088e-01
       323   -1.4490091913e+02    2.1000132618e+04   -2.3351973920e+02    8.8618820076e+01    1.1076886008e+02   -3.6266353105e+02    1.8374931758e+01    1.0240000000e+03    3.8305323105e-03    5.0853630515e-01
       324   -1.4502563180e+02    2.1035326686e+04   -2.3509782833e+02    9.0072196534e+01    1.1031441863e+02   -3.6273760479e+02    1.7325357827e+01    1.0240000000e+03    3.8230037317e-03    5.0870863971e-01
       325   -1.4509853089e+02    2.1055802136e+04   -2.3458168779e+02    8.9483156893e+01    1.1049476299e+02   -3.6245489330e+02    1.7378442520e+01    1.0240000000e+03    3.8309399970e-03    5.0893841912e-01
       326   -1.4505500904e+02    2.1043454116e+04   -2.3270375758e+02    8.7648748547e+01    1.0979706042e+02   -3.6038927138e+02    1.7888453377e+01    1.0240000000e+03    3.8135177456e-03    5.0776654412e-01
       327   -1.4493209633e+02    2.1007486174e+04   -2.3508731476e+02    9.0155218433e+01    1.1030215412e+02   -3.6230641706e+02    1.6916948173e+01    1.0240000000e+03    3.8217040710e-03    5.0809972426e-01
       328   -1.4500493826e+02    2.1029320332e+04   -2.3423479273e+02    8.9229854474e+01    1.1040382358e+02   -3.6210346148e+02    1.7464845174e+01    1.0240000000e+03    3.8060108200e-03    5.0595128676e-01
       329   -1.4503833335e+02    2.1038750948e+04   -2.3354689077e+02    8.8508557423e+01    1.0991139631e+02   -3.6092191145e+02    1.7463624367e+01    1.0240000000e+03    3.8308454677e-03    5.1023667279e-01
       330   -1.4496953265e+02    2.1018452414e+04   -2.3440065362e+02    8.9431120973e+01    1.1041028805e+02   -3.6175388848e+02    1.6942946803e+01    1.0240000000e+03    3.7986536045e-03    5.0433134191e-01
       331   -1.4496611953e+02    2.1017894265e+04   -2.3562142636e+02    9.0655306827e+01    1.1066361455e+02   -3.6235475949e+02    1.6069718586e+01    1.0240000000e+03    3.8204239681e-03    5.0799632353e-01
       332   -1.4501901849e+02    2.1032974771e+04   -2.3375409670e+02    8.8735078211e+01    1.1082961409e+02   -3.6309115167e+02    1.8507440883e+01    1.0240000000e+03    3.8184085861e-03    5.0603170956e-01
       333   -1.4500664398e+02    2.1029455063e+04   -2.3559941361e+02    9.0592769635e+01    1.1078831054e+02   -3.6392183237e+02    1.7534108212e+01    1.0240000000e+03    3.8340520114e-03    5.0712316176e-01
       334   -1.4493105823e+02    2.1007619492e+04   -2.3380802788e+02    8.8876969655e+01    1.1060828984e+02   -3.6207676711e+02    1.7660449385e+01    1.0240000000e+03    3.8292503450e-03    5.0785845588e-01
       335   -1.4500916947e+02    2.1031371819e+04   -2.3430421773e+02    8.9295048267e+01    1.1013510521e+02   -3.6064551420e+02    1.6206191267e+01    1.0240000000e+03    3.8196481764e-03    5.0963924632e-01
       336   -1.4495565953e+02    2.1014769017e+04   -2.3398869694e+02    8.9033037406e+01    1.1054160603e+02   -3.6182920816e+02    1.7298905183e+01    1.0240000000e+03    3.8134730421e-03    5.0587086397e-01
       337   -1.4494915486e+02    2.1014400533e+04   -2.3503825061e+02    9.0089095744e+01    1.1072246401e+02   -3.6154063699e+02    1.5779922372e+01    1.0240000000e+03    3.8331407122e-03    5.0730698529e-01
       338   -1.4499331978e+02    2.1025281094e+04   -2.3271907108e+02    8.7725751299e+01    1.1027862139e+02   -3.6173280673e+02    1.8735114255e+01    1.0240000000e+03    3.8249101490e-03    5.0786994485e-01
       339   -1.4495223678e+02    2.1013811955e+04   -2.3212272149e+02    8.7170484707e+01    1.0997537869e+02   -3.6004282761e+02    1.7944727438e+01    1.0240000000e+03    3.8142732810e-03    5.0789292279e-01
       340   -1.4497981022e+02    2.1021261617e+04   -2.3331221102e+02    8.8332400805e+01    1.1008671419e+02   -3.6083685567e+02    1.7437930461e+01    1.0240000000e+03    3.8197902031e-03    5.0927159926e-01
       341   -1.4496293083e+02    2.1017989502e+04   -2.3391797454e+02    8.8955043713e+01    1.1053256009e+02   -3.6204686761e+02    1.7596332975e+01    1.0240000000e+03    3.8330291864e-03    5.0518152574e-01
       342   -1.4496722087e+02    2.1017899792e+04   -2.3277715161e+02    8.7809930737e+01    1.0992657580e+02   -3.6036798944e+02    1.7664262033e+01    1.0240000000e+03    3.8198584225e-03    5.0629595588e-01
       343   -1.4502483111e+02    2.1034855226e+04   -2.3433252381e+02    8.9307692700e+01    1.0994456992e+02   -3.6226239775e+02    1.7985304017e+01    1.0240000000e+03    3.8136006333e-03    5.0652573529e-01
       344   -1.4497653344e+02    2.1020743239e+04   -2.3431349017e+02    8.9336956727e+01    1.1001884952e+02   -3.6226207920e+02    1.7929739508e+01    1.0240000000e+03    3.8150348701e-03    5.0813419118e-01
       345   -1.4503176287e+02    2.1036733921e+04   -2.3326237268e+02    8.8230609805e+01    1.1007949892e+02   -3.6128481738e+02    1.7942945785e+01    1.0240000000e+03    3.8410434499e-03    5.0792738971e-01
       346   -1.4501869811e+02    2.1033115493e+04   -2.3290459410e+02    8.7885895991e+01    1.1014311836e+02   -3.6042208979e+02    1.7374377327e+01    1.0240000000e+03    3.8241078146e-03    5.0942095588e-01
       347   -1.4503547908e+02    2.1038599992e+04   -2.3202952551e+02    8.6994046430e+01    1.0968069304e+02   -3.5959865290e+02    1.7888434343e+01    1.0240000000e+03    3.8413361181e-03    5.0996093750e-01
       348   -1.4499665695e+02    2.1026779458e+04   -2.3342637952e+02    8.8429722570e+01    1.1031719792e+02   -3.6126940456e+02    1.7525827122e+01    1.0240000000e+03    3.8270757068e-03    5.0858226103e-01
       349   -1.4493195119e+02    2.1007740463e+04   -2.3354584563e+02    8.8613894444e+01    1.1032197606e+02   -3.6193692521e+02    1.8069103519e+01    1.0240000000e+03    3.8266507909e-03    5.0993795956e-01
       350   -1.4489715235e+02    2.0997655727e+04   -2.3305227241e+02    8.8155120065e+01    1.0991585313e+02   -3.6084826596e+02    1.7880140421e+01    1.0240000000e+03    3.8490525912e-03    5.0958180147e-01
       351   -1.4498614200e+02    2.1023638537e+04   -2.3325508458e+02    8.8268942576e+01    1.1009190869e+02   -3.6121174464e+02    1.7864751376e+01    1.0240000000e+03    3.8182949647e-03    5.0788143382e-01
       352   -1.4497656474e+02    2.1020774620e+04   -2.3217368434e+02    8.7197119603e+01    1.0984737003e+02   -3.6030374065e+02    1.8282686282e+01    1.0240000000e+03    3.8195601664e-03    5.0724954044e-01
       353   -1.4499145216e+02    2.1025008617e+04   -2.3317901754e+02    8.8187565382e+01    1.1030434127e+02   -3.6157841725e+02    1.8095058434e+01    1.0240000000e+03    3.8384124637e-03    5.1058134191e-01
       354   -1.4498796304e+02    2.1023704138e+04   -2.3475828392e+02    8.9770320873e+01    1.1000430736e+02   -3.6156756684e+02    1.6804975560e+01    1.0240000000e+03    3.8310613018e-03    5.0750229779e-01
       355   -1.4498505930e+02    2.1024059856e+04   -2.3389252456e+02    8.8907465267e+01    1.1009366737e+02   -3.6125900234e+02    1.7272810410e+01    1.0240000000e+03    3.8217420224e-03    5.0928308824e-01
       356   -1.4489794276e+02    2.0997895485e+04   -2.3521853262e+02    9.0320589860e+01    1.1102876000e+02   -3.6446729691e+02    1.8220004289e+01    1.0240000000e+03    3.8145659491e-03    5.0644531250e-01
       357   -1.4504399725e+02    2.1039818929e+04   -2.3335531145e+02    8.8311314202e+01    1.1030859232e+02   -3.6030378377e+02    1.6639880004e+01    1.0240000000e+03    3.8296882994e-03    5.0712316176e-01
       358   -1.4499681948e+02    2.1027856668e+04   -2.3416141759e+02    8.9164598112e+01    1.1004933707e+02   -3.6159951112e+02    1.7388756450e+01    1.0240000000e+03    3.8286831696e-03    5.0690487132e-01
       359   -1.4493517804e+02    2.1008772197e+04   -2.3231073890e+02    8.7375560860e+01    1.1057472523e+02   -3.6086021622e+02    1.7974752091e+01    1.0240000000e+03    3.8251979277e-03    5.1054687500e-01
       360   -1.4494571051e+02    2.1012135466e+04   -2.3334247993e+02    8.8396769422e+01    1.1014689074e+02   -3.6025413590e+02    1.6764765225e+01    1.0240000000e+03    3.8141414989e-03    5.0502068015e-01
       361   -1.4501054641e+02    2.1031686125e+04   -2.3361986580e+02    8.8609319385e+01    1.1040631090e+02   -3.6141694897e+02    1.7390772276e+01    1.0240000000e+03    3.8295297418e-03    5.0464154412e-01
       362   -1.4500053154e+02    2.1028000499e+04   -2.3497990725e+02    8.9979375713e+01    1.1073655485e+02   -3.6299873149e+02    1.7282269392e+01    1.0240000000e+03    3.8258810528e-03    5.0622702206e-01
       363   -1.4499760914e+02    2.1026492621e+04   -2.3364537462e+02    8.8647765482e+01    1.1048629052e+02   -3.6167559650e+02    1.7543931356e+01    1.0240000000e+03    3.8294268306e-03    5.0961626838e-01
       364   -1.4506819776e+02    2.1048168487e+04   -2.3407636320e+02    8.9008165439e+01    1.1021804115e+02   -3.6143695820e+02    1.7142553844e+01    1.0240000000e+03    3.8324568886e-03    5.0890395221e-01
       365   -1.4485187017e+02    2.0984924311e+04   -2.3387115237e+02    8.9019282201e+01    1.1010756186e+02   -3.6204173892e+02    1.8063024692e+01    1.0240000000e+03    3.8266540505e-03    5.0599724265e-01
       366   -1.4495313500e+02    2.1013947655e+04   -2.3379914499e+02    8.8846009990e+01    1.0996657405e+02   -3.6110462820e+02    1.7338909162e+01    1.0240000000e+03    3.8252032828e-03    5.0651424632e-01
       367   -1.4486583285e+02    2.0988574539e+04   -2.3227578374e+02    8.7409950887e+01    1.1019331978e+02   -3.6073217245e+02    1.8263068930e+01    1.0240000000e+03    3.8312026300e-03    5.0744485294e-01
       368   -1.4498438440e+02    2.1022957852e+04   -2.3524343362e+02    9.0259049213e+01    1.1032445459e+02   -3.6103536192e+02    1.5467473721e+01    1.0240000000e+03    3.8182132412e-03    5.0859375000e-01
       369   -1.4503475795e+02    2.1037473575e+04   -2.3308433234e+02    8.8049574395e+01    1.1065658853e+02   -3.6243164084e+02    1.8690719969e+01    1.0240000000e+03    3.7965602241e-03    5.0602022059e-01
       370   -1.4499116235e+02    2.1024745441e+04   -2.3591374511e+02    9.0922582760e+01    1.1070032542e+02   -3.6351284762e+02    1.6898777089e+01    1.0240000000e+03    3.8181855343e-03    5.0598575368e-01
       371   -1.4499839370e+02    2.1027246929e+04   -2.3538440611e+02    9.0386012407e+01    1.1085855656e+02   -3.6462679845e+02    1.8383835779e+01    1.0240000000e+03    3.8179149851e-03    5.0349264706e-01
       372   -1.4504006517e+02    2.1039938836e+04   -2.3449666233e+02    8.9456597159e+01    1.1077538370e+02   -3.6277580908e+02    1.7503763056e+01    1.0240000000e+03    3.8333116099e-03    5.0881204044e-01
       373   -1.4493496538e+02    2.1008481079e+04   -2.3346393419e+02    8.8528968820e+01    1.1050444536e+02   -3.6179955855e+02    1.7831178999e+01    1.0240000000e+03    3.8078892976e-03    5.0784696691e-01
       374   -1.4495739407e+02    2.1015304565e+04   -2.3510392683e+02    9.0146532761e+01    1.1043568555e+02   -3.6241199275e+02    1.6872380372e+01    1.0240000000e+03    3.8198432885e-03    5.0650275735e-01
       375   -1.4499721889e+02    2.1026596833e+04   -2.3257081388e+02    8.7573594989e+01    1.1022579591e+02   -3.6092357250e+02    1.8126962716e+01    1.0240000000e+03    3.8125631399e-03    5.0659466912e-01
       376   -1.4504554717e+02    2.1040714423e+04   -2.3457932636e+02    8.9533779181e+01    1.1113537428e+02   -3.6318780292e+02    1.7473102283e+01    1.0240000000e+03    3.8249152713e-03    5.0873161765e-01
       377   -1.4494453428e+02    2.1011672431e+04   -2.3463355235e+02    8.9689018067e+01    1.1102473755e+02   -3.6307770709e+02    1.7419417192e+01    1.0240000000e+03    3.8118590601e-03    5.0553768382e-01
       378   -1.4507221811e+02    2.1048426659e+04   -2.3397551101e+02    8.8903292909e+01    1.1055321667e+02   -3.6230063782e+02    1.7771910138e+01    1.0240000000e+03    3.8246139884e-03    5.0729549632e-01
       379   -1.4490925662e+02    2.1001938123e+04   -2.3254453143e+02    8.7635274805e+01    1.1030473957e+02   -3.5940757249e+02    1.6558301492e+01    1.0240000000e+03    3.8178034592e-03    5.0480238971e-01
       380   -1.4493109398e+02    2.1007683790e+04   -2.3343693351e+02    8.8505839532e+01    1.1058259512e+02   -3.6216502212e+02    1.8145493485e+01    1.0240000000e+03    3.8205836900e-03    5.0867417279e-01
       381   -1.4497867994e+02    2.1021652075e+04   -2.3365001495e+02    8.8671335004e+01    1.0987137140e+02   -3.6002654978e+02    1.6505163433e+01    1.0240000000e+03    3.8150523324e-03    5.1065027574e-01
       382   -1.4498046156e+02    2.1022109236e+04   -2.3391412712e+02    8.8933665569e+01    1.0997508492e+02   -3.6144002041e+02    1.7550808363e+01    1.0240000000e+03    3.8114518393e-03    5.0758272059e-01
       383   -1.4492487866e+02    2.1005650344e+04   -2.3488152669e+02    8.9956648032e+01    1.1029394304e+02   -3.6197941500e+02    1.6803945268e+01    1.0240000000e+03    3.8279234432e-03    5.0957031250e-01
       384   -1.4499852471e+02    2.1027224821e+04   -2.3444535514e+02    8.9446830425e+01    1.1039114499e+02   -3.6263184810e+02    1.7795347977e+01    1.0240000000e+03    3.8317304570e-03    5.0764016544e-01
       385   -1.4487414151e+02    2.0991084460e+04   -2.3503607826e+02    9.0161936750e+01    1.1049025738e+02   -3.6263193367e+02    1.7105598033e+01    1.0240000000e+03    3.8210027851e-03    5.0628446691e-01
       386   -1.4504768882e+02    2.1041354867e+04   -2.3377781838e+02    8.8730129560e+01    1.1046028763e+02   -3.6194633928e+02    1.7708233264e+01    1.0240000000e+03    3.8232915103e-03    5.0713465074e-01
       387   -1.4493989897e+02    2.1009818163e+04   -2.3328828840e+02    8.8348389434e+01    1.1035179335e+02   -3.6037632423e+02    1.6736242472e+01    1.0240000000e+03    3.8339700550e-03    5.0890395221e-01
       388   -1.4501599759e+02    2.1031708272e+04   -2.3273476675e+02    8.7718769156e+01    1.0988186760e+02   -3.5957225163e+02    1.6955617284e+01    1.0240000000e+03    3.8172886707e-03    5.0788143382e-01
       389   -1.4498050914e+02    2.1021877070e+04   -2.3319997118e+02    8.8219462036e+01    1.0977329468e+02   -3.6009892289e+02    1.7125657030e+01    1.0240000000e+03    3.8317260332e-03    5.0931755515e-01
       390   -1.4495606710e+02    2.1014718951e+04   -2.3422784083e+02    8.9271773731e+01    1.1037890198e+02   -3.6192075742e+02    1.7314014609e+01    1.0240000000e+03    3.8351886906e-03    5.0670955882e-01
       391   -1.4498446736e+02    2.1022961710e+04   -2.3486097251e+02    8.9876505155e+01    1.1023980066e+02   -3.6276306513e+02    1.7662291965e+01    1.0240000000e+03    3.8071842864e-03    5.0438878676e-01
       392   -1.4500572470e+02    2.1029514293e+04   -2.3356045357e+02    8.8554728867e+01    1.0990470892e+02   -3.6040815786e+02    1.6942995378e+01    1.0240000000e+03    3.8327972870e-03    5.0808823529e-01
       393   -1.4491816572e+02    2.1004480558e+04   -2.3443634970e+02    8.9518183981e+01    1.1004716917e+02   -3.6198208439e+02    1.7498565518e+01    1.0240000000e+03    3.8249490317e-03    5.0714613971e-01
       394   -1.4496710489e+02    2.1018097081e+04   -2.3381032505e+02    8.8843220161e+01    1.1001051710e+02   -3.6150730059e+02    1.7686458432e+01    1.0240000000e+03    3.8152220659e-03    5.0799632353e-01
       395   -1.4497798594e+02    2.1021643663e+04   -2.3269711722e+02    8.7719131274e+01    1.1025898561e+02   -3.5989478281e+02    1.6938679983e+01    1.0240000000e+03    3.8419051562e-03    5.0915670956e-01
       396   -1.4494166118e+02    2.1010556640e+04   -2.3461383151e+02    8.9672170331e+01    1.1084920198e+02   -3.6345208511e+02    1.7989051618e+01    1.0240000000e+03    3.8241762668e-03    5.0849034926e-01
       397   -1.4491016037e+02    2.1001546590e+04   -2.3463848416e+02    8.9728323790e+01    1.1071106308e+02   -3.6328690038e+02    1.7937353145e+01    1.0240000000e+03    3.8383672945e-03    5.1090303309e-01
       398   -1.4494133966e+02    2.1010579346e+04   -2.3483932242e+02    8.9897982756e+01    1.1045904950e+02   -3.6361316609e+02    1.8314794175e+01    1.0240000000e+03    3.8175843656e-03    5.0859375000e-01
       399   -1.4504023103e+02    2.1038929872e+04   -2.3273940634e+02    8.7699175306e+01    1.1032265195e+02   -3.6046072262e+02    1.7398664333e+01    1.0240000000e+03    3.8029872812e-03    5.0636488971e-01
