#   index    LocalEnergy         LocalEnergy_sq      LocalPotential      Kinetic             ElecElec            LocalECP            NonLocalECP         BlockWeight         BlockCPU            AcceptRatio         
         0   -1.4489504851e+02    2.0997074952e+04   -2.3050960421e+02    8.5614555693e+01    1.0888374961e+02   -3.5570371685e+02    1.6310363034e+01    1.0240000000e+03    5.6851292029e-03    5.1385569853e-01
         1   -1.4480893837e+02    2.0971856311e+04   -2.3262975564e+02    8.7820817262e+01    1.0954161264e+02   -3.5857694325e+02    1.6405574977e+01    1.0240000000e+03    5.3741880693e-03    5.0936351103e-01
         2   -1.4487487855e+02    2.0991059523e+04   -2.3341457875e+02    8.8539700196e+01    1.0963954243e+02   -3.5979295139e+02    1.6738830219e+01    1.0240000000e+03    5.2603390068e-03    5.0714613971e-01
         3   -1.4498235522e+02    2.1024377723e+04   -2.3327237428e+02    8.8290019063e+01    1.0978776873e+02   -3.5821686316e+02    1.5156720150e+01    1.0240000000e+03    5.2917229477e-03    5.1225873162e-01
         4   -1.4496954878e+02    2.1018701784e+04   -2.3357034357e+02    8.8600794784e+01    1.0994313950e+02   -3.6042821062e+02    1.6914727556e+01    1.0240000000e+03    5.3200686816e-03    5.0965073529e-01
         5   -1.4491150928e+02    2.1002006962e+04   -2.3436995077e+02    8.9458441495e+01    1.1035511117e+02   -3.6302247052e+02    1.8297408584e+01    1.0240000000e+03    5.3120243829e-03    5.0889246324e-01
         6   -1.4500891737e+02    2.1030019275e+04   -2.3339960430e+02    8.8390686929e+01    1.1002159065e+02   -3.5977232132e+02    1.6351126372e+01    1.0240000000e+03    5.3203387652e-03    5.0984604779e-01
         7   -1.4489075068e+02    2.0996024462e+04   -2.3374112766e+02    8.8850376973e+01    1.1068907539e+02   -3.6167349367e+02    1.7243290623e+01    1.0240000000e+03    5.3446777165e-03    5.0750229779e-01
         8   -1.4485284028e+02    2.0985436692e+04   -2.3456150082e+02    8.9708660543e+01    1.1064359174e+02   -3.6217973184e+02    1.6974639269e+01    1.0240000000e+03    5.3547006100e-03    5.0804227941e-01
         9   -1.4492112100e+02    2.1004861844e+04   -2.3369403069e+02    8.8772909689e+01    1.1043298614e+02   -3.6047282111e+02    1.6345804281e+01    1.0240000000e+03    5.3212887142e-03    5.0726102941e-01
        10   -1.4498989581e+02    2.1024203170e+04   -2.3333958120e+02    8.8349685397e+01    1.1034033557e+02   -3.6034339230e+02    1.6663475528e+01    1.0240000000e+03    5.3378450684e-03    5.1099494485e-01
        11   -1.4503636031e+02    2.1038048592e+04   -2.3426814117e+02    8.9231780862e+01    1.1036340301e+02   -3.6275704745e+02    1.8125503264e+01    1.0240000000e+03    5.3181441035e-03    5.1047794118e-01
        12   -1.4495765752e+02    2.1015366527e+04   -2.3310271896e+02    8.8145061441e+01    1.1008371901e+02   -3.6114346001e+02    1.7957022039e+01    1.0240000000e+03    5.3012138233e-03    5.0940946691e-01
        13   -1.4496418472e+02    2.1016663326e+04   -2.3267911600e+02    8.7714931281e+01    1.1022834468e+02   -3.6085502538e+02    1.7947564702e+01    1.0240000000e+03    5.3407694213e-03    5.1102941176e-01
        14   -1.4492103083e+02    2.1004389360e+04   -2.3325839290e+02    8.8337362077e+01    1.1003922577e+02   -3.6056789750e+02    1.7270278822e+01    1.0240000000e+03    5.3068071138e-03    5.0890395221e-01
        15   -1.4495475129e+02    2.1013907307e+04   -2.3307257581e+02    8.8117824521e+01    1.1000804304e+02   -3.5949128492e+02    1.6410666063e+01    1.0240000000e+03    5.3009239491e-03    5.1159237132e-01
        16   -1.4491500397e+02    2.1002502296e+04   -2.3325147202e+02    8.8336468047e+01    1.0968970161e+02   -3.5948390705e+02    1.6542733423e+01    1.0240000000e+03    5.2364326548e-03    5.0835248162e-01
        17   -1.4496780590e+02    2.1017997115e+04   -2.3265343424e+02    8.7685628345e+01    1.0954009877e+02   -3.5930576923e+02    1.7112236211e+01    1.0240000000e+03    5.3018841427e-03    5.0998391544e-01
        18   -1.4482290343e+02    2.0976041417e+04   -2.3317771543e+02    8.8354811998e+01    1.0962550840e+02   -3.5994216909e+02    1.7138945269e+01    1.0240000000e+03    5.2747835871e-03    5.1002987132e-01
        19   -1.4477938465e+02    2.0971524355e+04   -2.3250571473e+02    8.7726330079e+01    1.0998896252e+02   -3.6127310755e+02    1.8778430297e+01    1.0240000000e+03    5.2251482848e-03    5.1002987132e-01
        20   -1.4488254541e+02    2.0993766820e+04   -2.3298897891e+02    8.8106433503e+01    1.1016171925e+02   -3.6078326932e+02    1.7632571162e+01    1.0240000000e+03    5.2779875696e-03    5.1042049632e-01
        21   -1.4487700654e+02    2.0991795662e+04   -2.3211931125e+02    8.7242304706e+01    1.0952990665e+02   -3.5977425621e+02    1.8125038316e+01    1.0240000000e+03    5.2912277170e-03    5.0600873162e-01
        22   -1.4495180183e+02    2.1013211190e+04   -2.3220474193e+02    8.7252940104e+01    1.0992375335e+02   -3.5903553731e+02    1.6907042023e+01    1.0240000000e+03    5.2804625593e-03    5.1036305147e-01
        23   -1.4498245364e+02    2.1022036805e+04   -2.3241621544e+02    8.7433761795e+01    1.0998411754e+02   -3.6038919666e+02    1.7988863686e+01    1.0240000000e+03    5.2677902859e-03    5.1274126838e-01
        24   -1.4493254112e+02    2.1007930647e+04   -2.3087876327e+02    8.5946222154e+01    1.0967788635e+02   -3.5802450346e+02    1.7467853839e+01    1.0240000000e+03    5.3106273990e-03    5.0980009191e-01
        25   -1.4484365512e+02    2.0981737199e+04   -2.3178043215e+02    8.6936777033e+01    1.0964562906e+02   -3.5874301662e+02    1.7316955407e+01    1.0240000000e+03    5.3033006843e-03    5.1109834559e-01
        26   -1.4494898268e+02    2.1012563909e+04   -2.3262418927e+02    8.7675206594e+01    1.0987526537e+02   -3.6041832783e+02    1.7918873189e+01    1.0240000000e+03    5.3013616707e-03    5.1094898897e-01
        27   -1.4502993358e+02    2.1036271450e+04   -2.3360263545e+02    8.8572701872e+01    1.1015357581e+02   -3.6224362070e+02    1.8487409436e+01    1.0240000000e+03    5.3436774760e-03    5.0680147059e-01
        28   -1.4489966249e+02    2.0997965992e+04   -2.3302228147e+02    8.8122618981e+01    1.0973934121e+02   -3.5899075821e+02    1.6229135524e+01    1.0240000000e+03    5.2985488437e-03    5.0940946691e-01
        29   -1.4490441669e+02    2.0999512216e+04   -2.3170211257e+02    8.6797695885e+01    1.1060177145e+02   -3.6020846611e+02    1.7904582086e+01    1.0240000000e+03    5.2690203302e-03    5.0931755515e-01
        30   -1.4495803109e+02    2.1015276445e+04   -2.3265024016e+02    8.7692209067e+01    1.1005521905e+02   -3.5994953706e+02    1.7244077849e+01    1.0240000000e+03    5.3071754519e-03    5.1089154412e-01
        31   -1.4488041520e+02    2.0992394588e+04   -2.3447077579e+02    8.9590360583e+01    1.1017809965e+02   -3.6045747282e+02    1.5808597384e+01    1.0240000000e+03    5.2661567461e-03    5.0849034926e-01
        32   -1.4497689056e+02    2.1021168687e+04   -2.3269410064e+02    8.7717210076e+01    1.1041192351e+02   -3.6179442338e+02    1.8688399232e+01    1.0240000000e+03    5.3102138918e-03    5.0750229779e-01
        33   -1.4491155354e+02    2.1001470662e+04   -2.3241665494e+02    8.7505101403e+01    1.0997774374e+02   -3.5920597100e+02    1.6811572325e+01    1.0240000000e+03    5.2941653412e-03    5.1019071691e-01
        34   -1.4497172398e+02    2.1018949703e+04   -2.3288718258e+02    8.7915458601e+01    1.1001221109e+02   -3.6005104341e+02    1.7151649748e+01    1.0240000000e+03    5.2455381956e-03    5.0948988971e-01
        35   -1.4494807287e+02    2.1012015026e+04   -2.3341384292e+02    8.8465770056e+01    1.1024282777e+02   -3.6122924867e+02    1.7572577970e+01    1.0240000000e+03    5.3437489551e-03    5.1238511029e-01
        36   -1.4502917334e+02    2.1036414286e+04   -2.3322330196e+02    8.8194128618e+01    1.1004819750e+02   -3.6020772931e+02    1.6936229858e+01    1.0240000000e+03    5.2832006477e-03    5.1020220588e-01
        37   -1.4484826715e+02    2.0983528683e+04   -2.3314928795e+02    8.8301020804e+01    1.0970912486e+02   -3.5941764190e+02    1.6559229094e+01    1.0240000000e+03    5.2784571890e-03    5.1198299632e-01
        38   -1.4494718458e+02    2.1011631169e+04   -2.3292993232e+02    8.7982747746e+01    1.0968539014e+02   -3.6068737699e+02    1.8072054523e+01    1.0240000000e+03    5.2780457772e-03    5.0912224265e-01
        39   -1.4491488198e+02    2.1002585300e+04   -2.3211582743e+02    8.7200945448e+01    1.0991954279e+02   -3.6054980276e+02    1.8514432549e+01    1.0240000000e+03    5.3305518813e-03    5.1251148897e-01
        40   -1.4498647065e+02    2.1023491679e+04   -2.3256301692e+02    8.7576546264e+01    1.0987490055e+02   -3.5950910330e+02    1.7071185832e+01    1.0240000000e+03    5.3366702050e-03    5.1197150735e-01
        41   -1.4495257315e+02    2.1013997694e+04   -2.3348026792e+02    8.8527694778e+01    1.1026310669e+02   -3.6169001021e+02    1.7946635596e+01    1.0240000000e+03    5.3425014485e-03    5.0977711397e-01
        42   -1.4488235245e+02    2.0993499495e+04   -2.3314889537e+02    8.8266542921e+01    1.1021411723e+02   -3.6056082596e+02    1.7197813363e+01    1.0240000000e+03    5.3047658876e-03    5.1069623162e-01
        43   -1.4495558244e+02    2.1014407996e+04   -2.3285783864e+02    8.7902256196e+01    1.1016268229e+02   -3.6065804285e+02    1.7637521922e+01    1.0240000000e+03    5.3005237132e-03    5.0913373162e-01
        44   -1.4493560353e+02    2.1008864987e+04   -2.3256331802e+02    8.7627714483e+01    1.1054161541e+02   -3.6083608684e+02    1.7731153422e+01    1.0240000000e+03    5.3143200930e-03    5.1004136029e-01
        45   -1.4490582685e+02    2.1000184611e+04   -2.3178664482e+02    8.6880817975e+01    1.1002306752e+02   -3.5962208058e+02    1.7812368237e+01    1.0240000000e+03    5.2998885512e-03    5.0851332721e-01
        46   -1.4491941204e+02    2.1004065360e+04   -2.3360144937e+02    8.8682037332e+01    1.0981346362e+02   -3.5975850940e+02    1.6343596413e+01    1.0240000000e+03    5.3317570128e-03    5.1147748162e-01
        47   -1.4492020500e+02    2.1004320546e+04   -2.3225754643e+02    8.7337341434e+01    1.0966452977e+02   -3.5975779628e+02    1.7835720078e+01    1.0240000000e+03    5.3176085930e-03    5.1046645221e-01
        48   -1.4492803097e+02    2.1006160176e+04   -2.3120437054e+02    8.6276339570e+01    1.0919786649e+02   -3.5756267610e+02    1.7160439067e+01    1.0240000000e+03    5.3173543420e-03    5.0966222426e-01
        49   -1.4498017801e+02    2.1021940044e+04   -2.3063094015e+02    8.5650762134e+01    1.0967632276e+02   -3.5761601360e+02    1.7308750690e+01    1.0240000000e+03    5.3096383344e-03    5.1418887868e-01
        50   -1.4487049602e+02    2.0989829170e+04   -2.3113716089e+02    8.6266664872e+01    1.0953270419e+02   -3.5819133623e+02    1.7521471146e+01    1.0240000000e+03    5.3773452528e-03    5.0986902574e-01
        51   -1.4497333337e+02    2.1019467658e+04   -2.3231208921e+02    8.7338755837e+01    1.0997216843e+02   -3.6081918204e+02    1.8534924402e+01    1.0240000000e+03    5.2947869990e-03    5.1139705882e-01
        52   -1.4500166968e+02    2.1028223364e+04   -2.3253350390e+02    8.7531834225e+01    1.0954981518e+02   -3.6042919527e+02    1.8345876188e+01    1.0240000000e+03    5.2823382430e-03    5.0818014706e-01
        53   -1.4492604963e+02    2.1006519791e+04   -2.3084277096e+02    8.5916721327e+01    1.0960951540e+02   -3.5650733969e+02    1.6055053330e+01    1.0240000000e+03    5.2021138836e-03    5.1089154412e-01
        54   -1.4487447302e+02    2.0991069852e+04   -2.3046188120e+02    8.5587408177e+01    1.0871814424e+02   -3.5452312203e+02    1.5343096589e+01    1.0240000000e+03    5.2463677712e-03    5.0840992647e-01
        55   -1.4491011553e+02    2.1001268392e+04   -2.3279318387e+02    8.7883068337e+01    1.0969489971e+02   -3.6003577163e+02    1.7547688057e+01    1.0240000000e+03    5.2245215047e-03    5.1105238971e-01
        56   -1.4496056147e+02    2.1016066092e+04   -2.3317665983e+02    8.8216098356e+01    1.0971405292e+02   -3.5991281122e+02    1.7022098478e+01    1.0240000000e+03    5.3125899285e-03    5.0934053309e-01
        57   -1.4488243172e+02    2.0993181245e+04   -2.3110303149e+02    8.6220599772e+01    1.0945743597e+02   -3.5881341964e+02    1.8252952183e+01    1.0240000000e+03    5.3126844577e-03    5.1166130515e-01
        58   -1.4491955855e+02    2.1003833892e+04   -2.3287927485e+02    8.7959716303e+01    1.0986202450e+02   -3.6040504931e+02    1.7663749953e+01    1.0240000000e+03    5.3106353153e-03    5.1115579044e-01
        59   -1.4494153592e+02    2.1010472715e+04   -2.3353539595e+02    8.8593860022e+01    1.0947905635e+02   -3.5993195974e+02    1.6917507445e+01    1.0240000000e+03    5.2678117063e-03    5.1448759191e-01
        60   -1.4500023440e+02    2.1027221840e+04   -2.3195156795e+02    8.6951333542e+01    1.0928069468e+02   -3.5802957378e+02    1.6797311152e+01    1.0240000000e+03    5.2593215369e-03    5.1182215074e-01
        61   -1.4502114485e+02    2.1033231546e+04   -2.3333047239e+02    8.8309327541e+01    1.0969887578e+02   -3.5959855079e+02    1.6569202623e+01    1.0240000000e+03    5.3285709582e-03    5.0912224265e-01
        62   -1.4492418958e+02    2.1005768423e+04   -2.3352326704e+02    8.8599077461e+01    1.0987647463e+02   -3.5984140481e+02    1.6441663135e+01    1.0240000000e+03    5.3810242098e-03    5.1153492647e-01
        63   -1.4497825971e+02    2.1020793848e+04   -2.3318564259e+02    8.8207382882e+01    1.1003037298e+02   -3.6182479822e+02    1.8608782646e+01    1.0240000000e+03    5.3148965817e-03    5.1005284926e-01
        64   -1.4491317717e+02    2.1002379337e+04   -2.3374642530e+02    8.8833248125e+01    1.1026998224e+02   -3.6124394222e+02    1.7227534684e+01    1.0240000000e+03    5.2951260004e-03    5.0877757353e-01
        65   -1.4493012132e+02    2.1007004572e+04   -2.3325971031e+02    8.8329588989e+01    1.1035574431e+02   -3.6059738583e+02    1.6981931216e+01    1.0240000000e+03    5.2859864663e-03    5.0865119485e-01
        66   -1.4494455501e+02    2.1011045465e+04   -2.3541086888e+02    9.0466313866e+01    1.1033305579e+02   -3.6314489753e+02    1.7400972857e+01    1.0240000000e+03    5.3518339992e-03    5.1028262868e-01
        67   -1.4499254900e+02    2.1025275136e+04   -2.3133444064e+02    8.6341891644e+01    1.0988678368e+02   -3.5881905875e+02    1.7597834427e+01    1.0240000000e+03    5.3404879291e-03    5.0699678309e-01
        68   -1.4495930714e+02    2.1015998524e+04   -2.3277204025e+02    8.7812733116e+01    1.1024465861e+02   -3.6121410906e+02    1.8197410204e+01    1.0240000000e+03    5.3141391836e-03    5.1132812500e-01
        69   -1.4490541602e+02    2.0999535176e+04   -2.3210513669e+02    8.7199720663e+01    1.0972621612e+02   -3.5932172175e+02    1.7490368946e+01    1.0240000000e+03    5.3336748388e-03    5.0672104779e-01
        70   -1.4487104982e+02    2.0989687341e+04   -2.3381781369e+02    8.8946763870e+01    1.0966229571e+02   -3.6015992357e+02    1.6679814176e+01    1.0240000000e+03    5.2406592295e-03    5.0921415441e-01
        71   -1.4493947352e+02    2.1009862269e+04   -2.3188534126e+02    8.6945867741e+01    1.0945399346e+02   -3.5964383933e+02    1.8304504609e+01    1.0240000000e+03    5.2790483460e-03    5.1156939338e-01
        72   -1.4508011429e+02    2.1050277040e+04   -2.3439444002e+02    8.9314325732e+01    1.1025009225e+02   -3.6173482961e+02    1.7090297338e+01    1.0240000000e+03    5.2833228838e-03    5.0859375000e-01
        73   -1.4489898249e+02    2.0999871006e+04   -2.3457930934e+02    8.9680326856e+01    1.1059360474e+02   -3.6234953181e+02    1.7176617725e+01    1.0240000000e+03    5.3175247740e-03    5.1015625000e-01
        74   -1.4498574359e+02    2.1022996355e+04   -2.3232423863e+02    8.7338495038e+01    1.1052152414e+02   -3.6134470220e+02    1.8498939429e+01    1.0240000000e+03    5.3078862838e-03    5.1070772059e-01
        75   -1.4495211211e+02    2.1013034599e+04   -2.3274492977e+02    8.7792817665e+01    1.1028411253e+02   -3.5976778832e+02    1.6738746022e+01    1.0240000000e+03    5.3761668969e-03    5.1034007353e-01
        76   -1.4491543973e+02    2.1003279222e+04   -2.3249594585e+02    8.7580506119e+01    1.1010830244e+02   -3.6001310806e+02    1.7408859762e+01    1.0240000000e+03    5.3527432028e-03    5.1036305147e-01
        77   -1.4501952200e+02    2.1033041447e+04   -2.3336472008e+02    8.8345198080e+01    1.0996195885e+02   -3.5946433699e+02    1.6137658061e+01    1.0240000000e+03    5.3137030918e-03    5.1372931985e-01
        78   -1.4489868741e+02    2.0997857078e+04   -2.3152119536e+02    8.6622507943e+01    1.1017654038e+02   -3.5960622063e+02    1.7908484893e+01    1.0240000000e+03    5.3425582591e-03    5.0750229779e-01
        79   -1.4494244604e+02    2.1010821451e+04   -2.3297726422e+02    8.8034818181e+01    1.0953840539e+02   -3.5878639233e+02    1.6270722716e+01    1.0240000000e+03    5.2929234225e-03    5.1217830882e-01
        80   -1.4500887603e+02    2.1030062259e+04   -2.3241383901e+02    8.7404962978e+01    1.0979265707e+02   -3.5952446035e+02    1.7317964279e+01    1.0240000000e+03    5.2539273165e-03    5.0951286765e-01
        81   -1.4493699364e+02    2.1008891529e+04   -2.3234008940e+02    8.7403095760e+01    1.0975553559e+02   -3.6018282427e+02    1.8087199279e+01    1.0240000000e+03    5.2607955877e-03    5.1357996324e-01
        82   -1.4491548711e+02    2.1002787606e+04   -2.3344921747e+02    8.8533730359e+01    1.1036277720e+02   -3.6096219908e+02    1.7150204409e+01    1.0240000000e+03    5.3412041161e-03    5.0844439338e-01
        83   -1.4501498528e+02    2.1031669747e+04   -2.3335927004e+02    8.8344284767e+01    1.1027562679e+02   -3.6189632665e+02    1.8261429813e+01    1.0240000000e+03    5.2685714327e-03    5.0883501838e-01
        84   -1.4495891623e+02    2.1015518197e+04   -2.3290957362e+02    8.7950657397e+01    1.1023742634e+02   -3.5911309572e+02    1.5966095749e+01    1.0240000000e+03    5.2881289739e-03    5.0974264706e-01
        85   -1.4500619555e+02    2.1029198536e+04   -2.3450195360e+02    8.9495758050e+01    1.1051730542e+02   -3.6155667072e+02    1.6537411701e+01    1.0240000000e+03    5.2835787646e-03    5.0983455882e-01
        86   -1.4490327128e+02    2.0999917351e+04   -2.3228967543e+02    8.7386404154e+01    1.0997757206e+02   -3.5941617609e+02    1.7148928595e+01    1.0240000000e+03    5.2920822054e-03    5.1059283088e-01
        87   -1.4492277931e+02    2.1005092858e+04   -2.3545796098e+02    9.0535181670e+01    1.1044120458e+02   -3.6280589937e+02    1.6906733814e+01    1.0240000000e+03    5.3014243022e-03    5.1109834559e-01
        88   -1.4494743340e+02    2.1011915347e+04   -2.3406340748e+02    8.9115974088e+01    1.1001357790e+02   -3.6119973160e+02    1.7122746213e+01    1.0240000000e+03    5.2601764910e-03    5.0874310662e-01
        89   -1.4500423929e+02    2.1028987599e+04   -2.3082887821e+02    8.5824638928e+01    1.0994739740e+02   -3.5969569935e+02    1.8919423744e+01    1.0240000000e+03    5.2699393127e-03    5.0713465074e-01
        90   -1.4496137161e+02    2.1016186381e+04   -2.3348412140e+02    8.8522749794e+01    1.1004675750e+02   -3.6123543115e+02    1.7704552249e+01    1.0240000000e+03    5.2615909372e-03    5.0738740809e-01
        91   -1.4493035816e+02    2.1007160836e+04   -2.3202562389e+02    8.7095265727e+01    1.0982171179e+02   -3.5941828262e+02    1.7570946933e+01    1.0240000000e+03    5.2975413855e-03    5.0889246324e-01
        92   -1.4496969637e+02    2.1018663869e+04   -2.3320315623e+02    8.8233459863e+01    1.1007559744e+02   -3.5998981493e+02    1.6711061266e+01    1.0240000000e+03    5.2966950461e-03    5.0806525735e-01
        93   -1.4493259386e+02    2.1008050055e+04   -2.3224959381e+02    8.7316999950e+01    1.1031372333e+02   -3.5881492938e+02    1.6251612231e+01    1.0240000000e+03    5.3131550085e-03    5.0893841912e-01
        94   -1.4500217584e+02    2.1027821362e+04   -2.3247707007e+02    8.7474894232e+01    1.0967687489e+02   -3.5883325051e+02    1.6679305559e+01    1.0240000000e+03    5.3030201234e-03    5.0851332721e-01
        95   -1.4493817003e+02    2.1009075480e+04   -2.3218130274e+02    8.7243132710e+01    1.1037001190e+02   -3.6076956068e+02    1.8218246038e+01    1.0240000000e+03    5.3280873690e-03    5.0888097426e-01
        96   -1.4490704100e+02    2.1000897212e+04   -2.3411337651e+02    8.9206335506e+01    1.1040589691e+02   -3.6227344186e+02    1.7754168448e+01    1.0240000000e+03    5.3275255486e-03    5.0760569853e-01
        97   -1.4499279231e+02    2.1025510497e+04   -2.3213573110e+02    8.7142938790e+01    1.1003736249e+02   -3.5937821624e+02    1.7205122639e+01    1.0240000000e+03    5.3077281918e-03    5.1200597426e-01
        98   -1.4493130058e+02    2.1007718304e+04   -2.3585185465e+02    9.0920554071e+01    1.1051383094e+02   -3.6229067690e+02    1.5924991313e+01    1.0240000000e+03    5.3138122894e-03    5.0948988971e-01
        99   -1.4486626722e+02    2.0989390242e+04   -2.3295962470e+02    8.8093357484e+01    1.1025964832e+02   -3.6165595621e+02    1.8436683188e+01    1.0240000000e+03    5.2447237540e-03    5.1225873162e-01
       100   -1.4491353626e+02    2.1002245663e+04   -2.3372792267e+02    8.8814386419e+01    1.1062889576e+02   -3.6171656139e+02    1.7359742949e+01    1.0240000000e+03    5.2755528595e-03    5.0827205882e-01
       101   -1.4497626752e+02    2.1020393283e+04   -2.3367819513e+02    8.8701927613e+01    1.0997112247e+02   -3.5995057600e+02    1.6301258402e+01    1.0240000000e+03    5.3005414084e-03    5.0890395221e-01
       102   -1.4498804754e+02    2.1023479160e+04   -2.3399509452e+02    8.9007046986e+01    1.1048916201e+02   -3.6124514941e+02    1.6760892879e+01    1.0240000000e+03    5.3122011013e-03    5.0683593750e-01
       103   -1.4494031997e+02    2.1009881987e+04   -2.3453159616e+02    8.9591276188e+01    1.1075042978e+02   -3.6343470294e+02    1.8152677002e+01    1.0240000000e+03    5.2683076356e-03    5.0495174632e-01
       104   -1.4492010377e+02    2.1003950290e+04   -2.3366506757e+02    8.8744963806e+01    1.1037796042e+02   -3.6172124517e+02    1.7678217173e+01    1.0240000000e+03    5.2855475806e-03    5.0564108456e-01
       105   -1.4490086825e+02    2.0998815186e+04   -2.3231332025e+02    8.7412451997e+01    1.1002154593e+02   -3.6025880813e+02    1.7923941951e+01    1.0240000000e+03    5.2501650061e-03    5.0862821691e-01
       106   -1.4491403789e+02    2.1001969994e+04   -2.3174671351e+02    8.6832675614e+01    1.0974174535e+02   -3.5818141687e+02    1.6692958012e+01    1.0240000000e+03    5.3011644632e-03    5.0874310662e-01
       107   -1.4485936207e+02    2.0987514052e+04   -2.3283006678e+02    8.7970704705e+01    1.1041663633e+02   -3.6158219781e+02    1.8335494707e+01    1.0240000000e+03    5.2805209998e-03    5.0742187500e-01
       108   -1.4492301587e+02    2.1006456374e+04   -2.3277950414e+02    8.7856488272e+01    1.0999742245e+02   -3.5915836077e+02    1.6381434177e+01    1.0240000000e+03    5.2434070967e-03    5.0929457721e-01
       109   -1.4499787909e+02    2.1027292438e+04   -2.3469884322e+02    8.9700964129e+01    1.1066334013e+02   -3.6230899627e+02    1.6946812921e+01    1.0240000000e+03    5.3480532952e-03    5.0882352941e-01
       110   -1.4489140020e+02    2.0995585798e+04   -2.3340716141e+02    8.8515761208e+01    1.1020500747e+02   -3.6160601785e+02    1.7993848972e+01    1.0240000000e+03    5.2746466827e-03    5.1215533088e-01
       111   -1.4496615034e+02    2.1017417378e+04   -2.3399136775e+02    8.9025217404e+01    1.1019620091e+02   -3.6112425371e+02    1.6936685047e+01    1.0240000000e+03    5.2602929063e-03    5.0966222426e-01
       112   -1.4493925137e+02    2.1010595625e+04   -2.3404478482e+02    8.9105533446e+01    1.1029755128e+02   -3.6225520942e+02    1.7912873325e+01    1.0240000000e+03    5.3099272773e-03    5.0935202206e-01
       113   -1.4493490390e+02    2.1008418024e+04   -2.3296107967e+02    8.8026175768e+01    1.1038949239e+02   -3.6184326190e+02    1.8492689833e+01    1.0240000000e+03    5.2890910301e-03    5.0762867647e-01
       114   -1.4493342394e+02    2.1007787912e+04   -2.3290141620e+02    8.7967992253e+01    1.0946537037e+02   -3.5956169017e+02    1.7194903607e+01    1.0240000000e+03    5.2833817899e-03    5.0832950368e-01
       115   -1.4497940638e+02    2.1022939478e+04   -2.3271058626e+02    8.7731179882e+01    1.0971648587e+02   -3.6056779214e+02    1.8140720012e+01    1.0240000000e+03    5.2840651479e-03    5.0693933824e-01
       116   -1.4494860083e+02    2.1012304307e+04   -2.3277505849e+02    8.7826457655e+01    1.0950992847e+02   -3.5958221589e+02    1.7297228934e+01    1.0240000000e+03    5.2964615170e-03    5.0847886029e-01
       117   -1.4499375780e+02    2.1025472248e+04   -2.3416926817e+02    8.9175510371e+01    1.1038473649e+02   -3.6248892539e+02    1.7934920739e+01    1.0240000000e+03    5.3154714406e-03    5.1096047794e-01
       118   -1.4493910904e+02    2.1009517419e+04   -2.3305879750e+02    8.8119688463e+01    1.0966377834e+02   -3.5976373363e+02    1.7041157793e+01    1.0240000000e+03    5.2689067088e-03    5.0765165441e-01
       119   -1.4496451893e+02    2.1017588590e+04   -2.3401150090e+02    8.9046981969e+01    1.0998014872e+02   -3.6023915739e+02    1.6247507771e+01    1.0240000000e+03    5.2557396702e-03    5.1125919118e-01
       120   -1.4495416447e+02    2.1014322175e+04   -2.3314395360e+02    8.8189789127e+01    1.1004472163e+02   -3.6070665166e+02    1.7517976427e+01    1.0240000000e+03    5.3010152187e-03    5.0724954044e-01
       121   -1.4493398284e+02    2.1007974141e+04   -2.3370421435e+02    8.8770231518e+01    1.1016188108e+02   -3.6211062355e+02    1.8244528118e+01    1.0240000000e+03    5.2778385580e-03    5.0770909926e-01
       122   -1.4502840264e+02    2.1035498862e+04   -2.3342285458e+02    8.8394451937e+01    1.0997081452e+02   -3.5953295900e+02    1.6139289911e+01    1.0240000000e+03    5.3036075551e-03    5.1036305147e-01
       123   -1.4496422813e+02    2.1016739312e+04   -2.3423712235e+02    8.9272894216e+01    1.1046275616e+02   -3.6255275436e+02    1.7852875845e+01    1.0240000000e+03    5.3507115226e-03    5.1050091912e-01
       124   -1.4498516330e+02    2.1022716501e+04   -2.3335241052e+02    8.8367247221e+01    1.1054363941e+02   -3.6246662558e+02    1.8570575639e+01    1.0240000000e+03    5.3341297898e-03    5.0826056985e-01
       125   -1.4502180686e+02    2.1033445335e+04   -2.3463258008e+02    8.9610773214e+01    1.1092520540e+02   -3.6298989330e+02    1.7432107828e+01    1.0240000000e+03    5.3004706278e-03    5.0745634191e-01
       126   -1.4495856651e+02    2.1015310446e+04   -2.3453948649e+02    8.9580919976e+01    1.1014827502e+02   -3.6159082538e+02    1.6903063866e+01    1.0240000000e+03    5.2622731309e-03    5.0980009191e-01
       127   -1.4493722434e+02    2.1010561833e+04   -2.3531264987e+02    9.0375425529e+01    1.0984065487e+02   -3.6127001194e+02    1.6116707207e+01    1.0240000000e+03    5.2705958951e-03    5.1011029412e-01
       128   -1.4490393842e+02    2.1000304456e+04   -2.3121950505e+02    8.6315566628e+01    1.0984809097e+02   -3.5743176445e+02    1.6364168441e+01    1.0240000000e+03    5.2541848272e-03    5.0872012868e-01
       129   -1.4490649711e+02    2.1000418530e+04   -2.3137792354e+02    8.6471426428e+01    1.0964034260e+02   -3.5794970687e+02    1.6931440723e+01    1.0240000000e+03    5.2640074864e-03    5.0715762868e-01
       130   -1.4490248660e+02    2.0999359978e+04   -2.3220740073e+02    8.7304914126e+01    1.0991175975e+02   -3.5944355071e+02    1.7324390236e+01    1.0240000000e+03    5.2774555515e-03    5.1345358456e-01
       131   -1.4494768710e+02    2.1012161965e+04   -2.3314579855e+02    8.8198111455e+01    1.0995265067e+02   -3.6032720275e+02    1.7228753528e+01    1.0240000000e+03    5.2903459873e-03    5.0869715074e-01
       132   -1.4496040331e+02    2.1015796327e+04   -2.3257924247e+02    8.7618839166e+01    1.1009976713e+02   -3.5961193817e+02    1.6932928573e+01    1.0240000000e+03    5.2724999841e-03    5.0958180147e-01
       133   -1.4495794416e+02    2.1015294682e+04   -2.3258275425e+02    8.7624810095e+01    1.1034998610e+02   -3.6084249146e+02    1.7909751101e+01    1.0240000000e+03    5.2706012502e-03    5.1074218750e-01
       134   -1.4497801516e+02    2.1021000919e+04   -2.3192209970e+02    8.6944084546e+01    1.1011656391e+02   -3.5939616719e+02    1.7357503579e+01    1.0240000000e+03    5.2981898189e-03    5.0855928309e-01
       135   -1.4495689931e+02    2.1014734429e+04   -2.3280457201e+02    8.7847672702e+01    1.1010099959e+02   -3.6061515287e+02    1.7709581280e+01    1.0240000000e+03    5.2718492225e-03    5.0898437500e-01
       136   -1.4489106137e+02    2.0995604723e+04   -2.3312925761e+02    8.8238196238e+01    1.1030132993e+02   -3.6021093449e+02    1.6780346944e+01    1.0240000000e+03    5.2555389702e-03    5.0927159926e-01
       137   -1.4500098024e+02    2.1027821851e+04   -2.3240958117e+02    8.7408600930e+01    1.1026414154e+02   -3.5957843893e+02    1.6904716218e+01    1.0240000000e+03    5.3244454321e-03    5.0970818015e-01
       138   -1.4486622987e+02    2.0989015028e+04   -2.3292563454e+02    8.8059404677e+01    1.0999934042e+02   -3.6053121706e+02    1.7606242088e+01    1.0240000000e+03    5.2939960733e-03    5.1097196691e-01
       139   -1.4491964135e+02    2.1004906520e+04   -2.3297304728e+02    8.8053405931e+01    1.0996681998e+02   -3.6029250045e+02    1.7352633191e+01    1.0240000000e+03    5.2682207897e-03    5.0923713235e-01
       140   -1.4495683138e+02    2.1014742628e+04   -2.3403272888e+02    8.9075897508e+01    1.1009363114e+02   -3.6065926900e+02    1.6532908971e+01    1.0240000000e+03    5.3190747276e-03    5.0952435662e-01
       141   -1.4489595610e+02    2.0997238965e+04   -2.3319902028e+02    8.8303064178e+01    1.1069356805e+02   -3.6180687284e+02    1.7914284515e+01    1.0240000000e+03    5.2808057517e-03    5.0934053309e-01
       142   -1.4494570764e+02    2.1011530725e+04   -2.3313529247e+02    8.8189584828e+01    1.1051738620e+02   -3.6062117400e+02    1.6968495324e+01    1.0240000000e+03    5.2752627525e-03    5.1146599265e-01
       143   -1.4490114430e+02    2.0998491662e+04   -2.3346521099e+02    8.8564066687e+01    1.1033494496e+02   -3.6010358230e+02    1.6303426349e+01    1.0240000000e+03    5.3355393466e-03    5.1081112132e-01
       144   -1.4488126158e+02    2.0992893393e+04   -2.3180207434e+02    8.6920812763e+01    1.1000019173e+02   -3.5970671924e+02    1.7904453171e+01    1.0240000000e+03    5.2785729058e-03    5.1027113971e-01
       145   -1.4494881087e+02    2.1012468171e+04   -2.3409919479e+02    8.9150383924e+01    1.1040480933e+02   -3.6222812658e+02    1.7724122461e+01    1.0240000000e+03    5.3210302722e-03    5.1179917279e-01
       146   -1.4496425908e+02    2.1016875251e+04   -2.3309462228e+02    8.8130363201e+01    1.1002573281e+02   -3.6029849300e+02    1.7178137908e+01    1.0240000000e+03    5.2961066831e-03    5.1031709559e-01
       147   -1.4484529018e+02    2.0982276184e+04   -2.3377954621e+02    8.8934256025e+01    1.1053649101e+02   -3.6175092502e+02    1.7434887803e+01    1.0240000000e+03    5.3190379404e-03    5.1006433824e-01
       148   -1.4492573518e+02    2.1006174560e+04   -2.3209392094e+02    8.7168185758e+01    1.0987581141e+02   -3.5947227278e+02    1.7502540432e+01    1.0240000000e+03    5.3134690970e-03    5.1058134191e-01
       149   -1.4503662198e+02    2.1037874154e+04   -2.3214297204e+02    8.7106350066e+01    1.0969476697e+02   -3.5968049789e+02    1.7842758881e+01    1.0240000000e+03    5.2860481665e-03    5.1184512868e-01
       150   -1.4495303696e+02    2.1013804758e+04   -2.3278035706e+02    8.7827320097e+01    1.0955518284e+02   -3.5850815827e+02    1.6172618375e+01    1.0240000000e+03    5.2875375841e-03    5.1231617647e-01
       151   -1.4507618104e+02    2.1049465087e+04   -2.3180367733e+02    8.6727496285e+01    1.0940604698e+02   -3.5907416944e+02    1.7864445135e+01    1.0240000000e+03    5.2873434033e-03    5.1461397059e-01
       152   -1.4492073917e+02    2.1004147648e+04   -2.3248951082e+02    8.7568771651e+01    1.1002177835e+02   -3.5939315944e+02    1.6881870278e+01    1.0240000000e+03    5.3381670732e-03    5.1102941176e-01
       153   -1.4491218269e+02    2.1002098356e+04   -2.3207365588e+02    8.7161473186e+01    1.1000502051e+02   -3.5945439288e+02    1.7375716495e+01    1.0240000000e+03    5.3876945749e-03    5.1040900735e-01
       154   -1.4493924848e+02    2.1009903938e+04   -2.3189742716e+02    8.6958178681e+01    1.0950226261e+02   -3.5817494006e+02    1.6775250295e+01    1.0240000000e+03    5.2751344629e-03    5.0884650735e-01
       155   -1.4495038896e+02    2.1013205025e+04   -2.3188089206e+02    8.6930503109e+01    1.0958516858e+02   -3.5833384613e+02    1.6867785482e+01    1.0240000000e+03    5.2852754015e-03    5.0832950368e-01
       156   -1.4488761914e+02    2.0994727762e+04   -2.3217797909e+02    8.7290359949e+01    1.1014766900e+02   -3.5971436604e+02    1.7388717943e+01    1.0240000000e+03    5.2784937434e-03    5.1209788603e-01
       157   -1.4488494078e+02    2.0993783309e+04   -2.3272664948e+02    8.7841708698e+01    1.1057058724e+02   -3.6064616880e+02    1.7348932081e+01    1.0240000000e+03    5.3090157453e-03    5.0986902574e-01
       158   -1.4496660386e+02    2.1017411205e+04   -2.3180423396e+02    8.6837630099e+01    1.0993078986e+02   -3.5917975180e+02    1.7444727976e+01    1.0240000000e+03    5.2936046850e-03    5.0828354779e-01
       159   -1.4488713000e+02    2.0994904304e+04   -2.3308155891e+02    8.8194428915e+01    1.1036547057e+02   -3.6008298479e+02    1.6635955313e+01    1.0240000000e+03    5.3144067060e-03    5.0849034926e-01
       160   -1.4495741704e+02    2.1014755149e+04   -2.3302022309e+02    8.8062806058e+01    1.1089350931e+02   -3.6123538660e+02    1.7321654201e+01    1.0240000000e+03    5.2904256154e-03    5.0801930147e-01
       161   -1.4492476038e+02    2.1005393173e+04   -2.3359031104e+02    8.8665550663e+01    1.1076176873e+02   -3.6129525071e+02    1.6943170946e+01    1.0240000000e+03    5.2881482989e-03    5.1005284926e-01
       162   -1.4494676712e+02    2.1011554349e+04   -2.3375752710e+02    8.8810759984e+01    1.1045279935e+02   -3.6194724187e+02    1.7736915410e+01    1.0240000000e+03    5.2373656072e-03    5.1310891544e-01
       163   -1.4497510871e+02    2.1020057338e+04   -2.3318903378e+02    8.8213925066e+01    1.0984453356e+02   -3.5880582198e+02    1.5772254645e+01    1.0240000000e+03    5.2556199953e-03    5.0901884191e-01
       164   -1.4491860115e+02    2.1004645379e+04   -2.3181958893e+02    8.6900987785e+01    1.0973852755e+02   -3.5917094161e+02    1.7612825136e+01    1.0240000000e+03    5.2555969451e-03    5.1019071691e-01
       165   -1.4487833797e+02    2.0991997241e+04   -2.3311945804e+02    8.8241120072e+01    1.1024819266e+02   -3.6108742356e+02    1.7719772868e+01    1.0240000000e+03    5.2869170904e-03    5.0807674632e-01
       166   -1.4502961422e+02    2.1036454953e+04   -2.3191733147e+02    8.6887717249e+01    1.0970275190e+02   -3.5799122120e+02    1.6371137839e+01    1.0240000000e+03    5.2858612034e-03    5.0919117647e-01
       167   -1.4502064386e+02    2.1033143354e+04   -2.3199139724e+02    8.6970753381e+01    1.1024904834e+02   -3.5994081533e+02    1.7700369749e+01    1.0240000000e+03    5.2510509267e-03    5.1001838235e-01
       168   -1.4494936333e+02    2.1012673581e+04   -2.3221749264e+02    8.7268129315e+01    1.1015425307e+02   -3.6032965479e+02    1.7957909076e+01    1.0240000000e+03    5.2300598472e-03    5.1073069853e-01
       169   -1.4491610985e+02    2.1003000859e+04   -2.3334156320e+02    8.8425453348e+01    1.1074291239e+02   -3.6220593530e+02    1.8121459716e+01    1.0240000000e+03    5.3240389097e-03    5.0807674632e-01
       170   -1.4498538734e+02    2.1023149620e+04   -2.3338211658e+02    8.8396729244e+01    1.1067574488e+02   -3.6109213091e+02    1.7034269451e+01    1.0240000000e+03    5.2616971079e-03    5.0888097426e-01
       171   -1.4495755040e+02    2.1015067411e+04   -2.3304080086e+02    8.8083250456e+01    1.1023020729e+02   -3.6099895902e+02    1.7727950877e+01    1.0240000000e+03    5.2660028450e-03    5.1071920956e-01
       172   -1.4494700962e+02    2.1012105293e+04   -2.3287012603e+02    8.7923116410e+01    1.0995497385e+02   -3.5972755362e+02    1.6902453740e+01    1.0240000000e+03    5.2780667320e-03    5.0745634191e-01
       173   -1.4502377010e+02    2.1034064110e+04   -2.3161959086e+02    8.6595820759e+01    1.0961183850e+02   -3.5898885228e+02    1.7757422915e+01    1.0240000000e+03    5.2512018010e-03    5.0944393382e-01
       174   -1.4494117045e+02    2.1010241295e+04   -2.3262690514e+02    8.7685734686e+01    1.0982484152e+02   -3.5999741824e+02    1.7545671582e+01    1.0240000000e+03    5.3034408484e-03    5.1133961397e-01
       175   -1.4508667177e+02    2.1052357302e+04   -2.3334121135e+02    8.8254539587e+01    1.0978653698e+02   -3.5996812099e+02    1.6840372655e+01    1.0240000000e+03    5.2539659664e-03    5.0643382353e-01
       176   -1.4497098536e+02    2.1018601014e+04   -2.3244046294e+02    8.7469477582e+01    1.0999188170e+02   -3.5911626064e+02    1.6683915999e+01    1.0240000000e+03    5.2555662114e-03    5.1070772059e-01
       177   -1.4490520813e+02    2.0999608513e+04   -2.3242798106e+02    8.7522772934e+01    1.0940960317e+02   -3.5849647525e+02    1.6658891019e+01    1.0240000000e+03    5.2264302503e-03    5.1127068015e-01
       178   -1.4494866686e+02    2.1012331826e+04   -2.3245927363e+02    8.7510606765e+01    1.0959499931e+02   -3.5853503001e+02    1.6480757077e+01    1.0240000000e+03    5.3313164972e-03    5.1128216912e-01
       179   -1.4495139796e+02    2.1013042794e+04   -2.3334061122e+02    8.8389213262e+01    1.0991017088e+02   -3.6031706921e+02    1.7066287101e+01    1.0240000000e+03    5.2982170600e-03    5.1191406250e-01
       180   -1.4494080070e+02    2.1010230672e+04   -2.3167120612e+02    8.6730405421e+01    1.0986009005e+02   -3.5883748002e+02    1.7306183853e+01    1.0240000000e+03    5.3096113261e-03    5.1093750000e-01
       181   -1.4489180358e+02    2.0996196568e+04   -2.3217914173e+02    8.7287338151e+01    1.0996300898e+02   -3.5989794861e+02    1.7755797897e+01    1.0240000000e+03    5.3000454791e-03    5.1331571691e-01
       182   -1.4495418209e+02    2.1014157635e+04   -2.3267835897e+02    8.7724176887e+01    1.0961324165e+02   -3.5957766647e+02    1.7286065851e+01    1.0240000000e+03    5.3409829270e-03    5.1294806985e-01
       183   -1.4493266752e+02    2.1007706200e+04   -2.3361932067e+02    8.8686653148e+01    1.0967165215e+02   -3.5968129361e+02    1.6390320784e+01    1.0240000000e+03    5.2978883032e-03    5.1448759191e-01
       184   -1.4500620021e+02    2.1029176781e+04   -2.3297937430e+02    8.7973174088e+01    1.1022512377e+02   -3.6112467115e+02    1.7920173084e+01    1.0240000000e+03    5.2411288489e-03    5.1062729779e-01
       185   -1.4492678862e+02    2.1006432821e+04   -2.3296512514e+02    8.8038336525e+01    1.0989390901e+02   -3.5976125445e+02    1.6902220296e+01    1.0240000000e+03    5.3368494846e-03    5.1006433824e-01
       186   -1.4495341512e+02    2.1013595940e+04   -2.3260964829e+02    8.7656233176e+01    1.0950929175e+02   -3.5891289735e+02    1.6793957312e+01    1.0240000000e+03    5.2726215217e-03    5.0882352941e-01
       187   -1.4494947632e+02    2.1012583484e+04   -2.3191922369e+02    8.6969747374e+01    1.1010337379e+02   -3.5952832780e+02    1.7505730312e+01    1.0240000000e+03    5.2781545091e-03    5.0953584559e-01
       188   -1.4487675918e+02    2.0991334366e+04   -2.3175223262e+02    8.6875473443e+01    1.1022296946e+02   -3.5893622962e+02    1.6961027533e+01    1.0240000000e+03    5.2825745661e-03    5.1044347426e-01
       189   -1.4490603313e+02    2.0999863454e+04   -2.3344843592e+02    8.8542402792e+01    1.1013331031e+02   -3.6000500727e+02    1.6423261033e+01    1.0240000000e+03    5.1919028629e-03    5.0823759191e-01
       190   -1.4505248240e+02    2.1043918561e+04   -2.3436163887e+02    8.9309156474e+01    1.1065963289e+02   -3.6064910332e+02    1.5627831560e+01    1.0240000000e+03    5.3195967339e-03    5.0877757353e-01
       191   -1.4499222309e+02    2.1025492147e+04   -2.3469174727e+02    8.9699524186e+01    1.1060635055e+02   -3.6262135094e+02    1.7323253113e+01    1.0240000000e+03    5.3437245078e-03    5.0986902574e-01
       192   -1.4497255959e+02    2.1019338580e+04   -2.3381268360e+02    8.8840124014e+01    1.0972845526e+02   -3.6159873142e+02    1.8057592560e+01    1.0240000000e+03    5.2495833952e-03    5.0978860294e-01
       193   -1.4498834429e+02    2.1024108636e+04   -2.3275496766e+02    8.7766623372e+01    1.0938933266e+02   -3.6021267214e+02    1.8068371818e+01    1.0240000000e+03    5.3278205451e-03    5.0983455882e-01
       194   -1.4488235946e+02    2.0993444029e+04   -2.3049511523e+02    8.5612755770e+01    1.0966673033e+02   -3.5667343522e+02    1.6511589658e+01    1.0240000000e+03    5.3175913636e-03    5.0901884191e-01
       195   -1.4494829138e+02    2.1012955973e+04   -2.3122528536e+02    8.6276993982e+01    1.0957479906e+02   -3.5770300268e+02    1.6902918261e+01    1.0240000000e+03    5.3318683058e-03    5.1266084559e-01
       196   -1.4498617543e+02    2.1023173562e+04   -2.3259380493e+02    8.7607629503e+01    1.0930630207e+02   -3.5843631361e+02    1.6536206612e+01    1.0240000000e+03    5.2618768532e-03    5.1181066176e-01
       197   -1.4494100335e+02    2.1010568392e+04   -2.3282679722e+02    8.7885793872e+01    1.1004055232e+02   -3.5957085270e+02    1.6703503158e+01    1.0240000000e+03    5.3170290776e-03    5.0633042279e-01
       198   -1.4490621615e+02    2.1000031435e+04   -2.3325718937e+02    8.8350973220e+01    1.1037719508e+02   -3.6186907926e+02    1.8234694808e+01    1.0240000000e+03    5.2923585754e-03    5.1230468750e-01
       199   -1.4496173918e+02    2.1017061875e+04   -2.3216650317e+02    8.7204763987e+01    1.0974749713e+02   -3.5927635482e+02    1.7362354522e+01    1.0240000000e+03    5.2970957477e-03    5.0893841912e-01
       200   -1.4495644181e+02    2.1016018810e+04   -2.3153435441e+02    8.6577912598e+01    1.0927458584e+02   -3.5909913296e+02    1.8290192715e+01    1.0240000000e+03    5.3183862474e-03    5.1181066176e-01
       201   -1.4480987789e+02    2.0972346341e+04   -2.3215833911e+02    8.7348461221e+01    1.0966260678e+02   -3.5846916993e+02    1.6648224048e+01    1.0240000000e+03    5.3043707740e-03    5.1117876838e-01
       202   -1.4492082799e+02    2.1004573125e+04   -2.3154017062e+02    8.6619342626e+01    1.0978974861e+02   -3.5898343917e+02    1.7653519947e+01    1.0240000000e+03    5.2841901779e-03    5.1148897059e-01
       203   -1.4504302237e+02    2.1039972342e+04   -2.3192167237e+02    8.6878649995e+01    1.1004688934e+02   -3.5903935509e+02    1.7070793379e+01    1.0240000000e+03    5.2519112360e-03    5.1105238971e-01
       204   -1.4485875350e+02    2.0986549471e+04   -2.3275378527e+02    8.7895031772e+01    1.1023394744e+02   -3.5964277787e+02    1.6655045156e+01    1.0240000000e+03    5.3009199910e-03    5.0832950368e-01
       205   -1.4498214549e+02    2.1021691399e+04   -2.3197155691e+02    8.6989411427e+01    1.0983246368e+02   -3.5840675116e+02    1.6602730563e+01    1.0240000000e+03    5.3429766558e-03    5.0727251838e-01
       206   -1.4496203118e+02    2.1016141936e+04   -2.3262117185e+02    8.7659140671e+01    1.0989056956e+02   -3.6002381937e+02    1.7512077954e+01    1.0240000000e+03    5.2899620496e-03    5.0654871324e-01
       207   -1.4493033989e+02    2.1007039190e+04   -2.3325812958e+02    8.8327789689e+01    1.0966010791e+02   -3.5935222988e+02    1.6433992396e+01    1.0240000000e+03    5.2653942257e-03    5.0746783088e-01
       208   -1.4489433944e+02    2.0996699136e+04   -2.3185806974e+02    8.6963730293e+01    1.0976500831e+02   -3.5831674894e+02    1.6693670897e+01    1.0240000000e+03    5.3044357337e-03    5.0831801471e-01
       209   -1.4486694165e+02    2.0988876605e+04   -2.3351377249e+02    8.8646830836e+01    1.0998698494e+02   -3.6098330076e+02    1.7482543329e+01    1.0240000000e+03    5.2780532278e-03    5.0809972426e-01
       210   -1.4494405157e+02    2.1010865580e+04   -2.3289269906e+02    8.7948647482e+01    1.0996836390e+02   -3.6057176341e+02    1.7710700459e+01    1.0240000000e+03    5.2586761303e-03    5.0685891544e-01
       211   -1.4494029975e+02    2.1010007430e+04   -2.3091220543e+02    8.5971905680e+01    1.0954865678e+02   -3.5745979231e+02    1.6998930091e+01    1.0240000000e+03    5.2680606022e-03    5.0767463235e-01
       212   -1.4490578008e+02    2.1000059026e+04   -2.3140763593e+02    8.6501855851e+01    1.0965045208e+02   -3.5859888277e+02    1.7540794758e+01    1.0240000000e+03    5.2955106366e-03    5.1162683824e-01
       213   -1.4492679691e+02    2.1006325174e+04   -2.3185467086e+02    8.6927873954e+01    1.0934473811e+02   -3.5789976750e+02    1.6700358522e+01    1.0240000000e+03    5.3312154487e-03    5.1184512868e-01
       214   -1.4498612834e+02    2.1023103480e+04   -2.3468015071e+02    8.9694022370e+01    1.1011571841e+02   -3.6152654623e+02    1.6730677114e+01    1.0240000000e+03    5.2876712289e-03    5.0877757353e-01
       215   -1.4498142426e+02    2.1022714860e+04   -2.3379316677e+02    8.8811742510e+01    1.1040214113e+02   -3.6197241349e+02    1.7777105586e+01    1.0240000000e+03    5.3515546024e-03    5.0842141544e-01
       216   -1.4488072311e+02    2.0992660454e+04   -2.3501915346e+02    9.0138430356e+01    1.1064528655e+02   -3.6275491003e+02    1.7090470016e+01    1.0240000000e+03    5.2461416926e-03    5.0904181985e-01
       217   -1.4492970296e+02    2.1006893572e+04   -2.3290675940e+02    8.7977056446e+01    1.1029734383e+02   -3.5956361917e+02    1.6359515936e+01    1.0240000000e+03    5.2754126955e-03    5.0566406250e-01
       218   -1.4487726379e+02    2.0992022045e+04   -2.3478377621e+02    8.9906512416e+01    1.1021318453e+02   -3.6199001467e+02    1.6993053932e+01    1.0240000000e+03    5.2696256898e-03    5.0788143382e-01
       219   -1.4489663517e+02    2.0997169266e+04   -2.3391703085e+02    8.9020395682e+01    1.1037569661e+02   -3.6106040126e+02    1.6767673797e+01    1.0240000000e+03    5.3231318016e-03    5.0959329044e-01
       220   -1.4491829795e+02    2.1003660529e+04   -2.3500878034e+02    9.0090482392e+01    1.1053346230e+02   -3.6294656129e+02    1.7404318649e+01    1.0240000000e+03    5.2907082718e-03    5.0897288603e-01
       221   -1.4505214452e+02    2.1042475917e+04   -2.3306605937e+02    8.8013914851e+01    1.1025917223e+02   -3.6092877210e+02    1.7603540494e+01    1.0240000000e+03    5.3041221108e-03    5.0775505515e-01
       222   -1.4491975980e+02    2.1004036407e+04   -2.3286938096e+02    8.7949621161e+01    1.0985995098e+02   -3.6059452776e+02    1.7865195819e+01    1.0240000000e+03    5.2691330202e-03    5.0713465074e-01
       223   -1.4490911128e+02    2.1001016086e+04   -2.3300921883e+02    8.8100107553e+01    1.1037378333e+02   -3.6070264007e+02    1.7319637913e+01    1.0240000000e+03    5.3263688460e-03    5.0877757353e-01
       224   -1.4482283736e+02    2.0980269368e+04   -2.3242049623e+02    8.7597658862e+01    1.1033800458e+02   -3.6128150640e+02    1.8523005593e+01    1.0240000000e+03    5.3671698552e-03    5.0818014706e-01
       225   -1.4491292053e+02    2.1002279700e+04   -2.3304344194e+02    8.8130521403e+01    1.1013618181e+02   -3.6122811987e+02    1.8048496116e+01    1.0240000000e+03    5.2786620799e-03    5.0905330882e-01
       226   -1.4495139966e+02    2.1015014794e+04   -2.3318589004e+02    8.8234490383e+01    1.0993750994e+02   -3.5933805565e+02    1.6214655670e+01    1.0240000000e+03    5.2665509284e-03    5.0870863971e-01
       227   -1.4492387500e+02    2.1005285169e+04   -2.3217263016e+02    8.7248755157e+01    1.0977756943e+02   -3.5927561578e+02    1.7325416195e+01    1.0240000000e+03    5.2781403065e-03    5.1229319853e-01
       228   -1.4497047377e+02    2.1018859138e+04   -2.3256945372e+02    8.7598979955e+01    1.1013039510e+02   -3.5856847456e+02    1.5868625741e+01    1.0240000000e+03    5.3011176642e-03    5.0994944853e-01
       229   -1.4489835025e+02    2.0997929408e+04   -2.3237419992e+02    8.7475849670e+01    1.0969707416e+02   -3.5867419168e+02    1.6602917597e+01    1.0240000000e+03    5.3599087987e-03    5.1240808824e-01
       230   -1.4490884749e+02    2.1000855594e+04   -2.3171589106e+02    8.6807043573e+01    1.0898510397e+02   -3.5726724287e+02    1.6566247847e+01    1.0240000000e+03    5.2619138733e-03    5.0812270221e-01
       231   -1.4489871763e+02    2.0998420668e+04   -2.3338053880e+02    8.8481821171e+01    1.0943632838e+02   -3.6040552466e+02    1.7588657483e+01    1.0240000000e+03    5.2234190516e-03    5.0689338235e-01
       232   -1.4485171910e+02    2.0984378443e+04   -2.3303289929e+02    8.8181180186e+01    1.0991261323e+02   -3.5979396631e+02    1.6848453789e+01    1.0240000000e+03    5.2746753208e-03    5.1173023897e-01
       233   -1.4493613541e+02    2.1008581022e+04   -2.3086908042e+02    8.5932945006e+01    1.0956800457e+02   -3.5816883563e+02    1.7731750642e+01    1.0240000000e+03    5.2963269409e-03    5.1294806985e-01
       234   -1.4486542162e+02    2.0988174619e+04   -2.3177158220e+02    8.6906160589e+01    1.1015530693e+02   -3.5915966027e+02    1.7232771133e+01    1.0240000000e+03    5.3099875804e-03    5.0837545956e-01
       235   -1.4486264464e+02    2.0987688837e+04   -2.3084924161e+02    8.5986596967e+01    1.1068834670e+02   -3.5842948957e+02    1.6891901265e+01    1.0240000000e+03    5.2754851058e-03    5.1096047794e-01
       236   -1.4497277999e+02    2.1019269838e+04   -2.3291760762e+02    8.7944827636e+01    1.1002659217e+02   -3.6052799200e+02    1.7583792210e+01    1.0240000000e+03    5.3153056651e-03    5.0974264706e-01
       237   -1.4492267517e+02    2.1004869081e+04   -2.3366851869e+02    8.8745843522e+01    1.1056146624e+02   -3.6149535782e+02    1.7265372884e+01    1.0240000000e+03    5.3354206029e-03    5.1224724265e-01
       238   -1.4494391100e+02    2.1011476670e+04   -2.3366513216e+02    8.8721221164e+01    1.1069867131e+02   -3.6167474736e+02    1.7310943883e+01    1.0240000000e+03    5.2650943398e-03    5.1067325368e-01
       239   -1.4500636042e+02    2.1029241805e+04   -2.3330296607e+02    8.8296605648e+01    1.1015526603e+02   -3.6074804752e+02    1.7289815415e+01    1.0240000000e+03    5.3499727510e-03    5.1123621324e-01
       240   -1.4503605523e+02    2.1038117633e+04   -2.3410839537e+02    8.9072340148e+01    1.0996039357e+02   -3.6123946020e+02    1.7170671250e+01    1.0240000000e+03    5.2905604243e-03    5.0970818015e-01
       241   -1.4495003095e+02    2.1012555307e+04   -2.3344685853e+02    8.8496827588e+01    1.0934854730e+02   -3.5861924210e+02    1.5823836259e+01    1.0240000000e+03    5.2443682216e-03    5.0735294118e-01
       242   -1.4491287312e+02    2.1001713166e+04   -2.3137780803e+02    8.6464934911e+01    1.0940746499e+02   -3.5741663823e+02    1.6631365210e+01    1.0240000000e+03    5.2893206012e-03    5.0886948529e-01
       243   -1.4496620966e+02    2.1018034820e+04   -2.3227790615e+02    8.7311696497e+01    1.0961853801e+02   -3.5762549183e+02    1.5729047674e+01    1.0240000000e+03    5.3229376208e-03    5.1129365809e-01
       244   -1.4504967210e+02    2.1042110319e+04   -2.3229041372e+02    8.7240741620e+01    1.0991835311e+02   -3.5859654189e+02    1.6387775059e+01    1.0240000000e+03    5.3203627467e-03    5.1088005515e-01
       245   -1.4494910934e+02    2.1012824590e+04   -2.3239334991e+02    8.7444240568e+01    1.0955614943e+02   -3.5898118466e+02    1.7031685324e+01    1.0240000000e+03    5.3020033520e-03    5.0942095588e-01
       246   -1.4492796622e+02    2.1006259114e+04   -2.3292022583e+02    8.7992259613e+01    1.1007063621e+02   -3.6060816502e+02    1.7617302974e+01    1.0240000000e+03    5.2714925259e-03    5.0982306985e-01
       247   -1.4497414990e+02    2.1020042694e+04   -2.3392880106e+02    8.8954651153e+01    1.1033415646e+02   -3.6156803603e+02    1.7305078505e+01    1.0240000000e+03    5.2699025255e-03    5.1022518382e-01
       248   -1.4495684966e+02    2.1014795399e+04   -2.3455387008e+02    8.9597020425e+01    1.0998629560e+02   -3.6186594813e+02    1.7325782448e+01    1.0240000000e+03    5.3422031924e-03    5.0700827206e-01
       249   -1.4505841629e+02    2.1044140625e+04   -2.3343582481e+02    8.8377408517e+01    1.1010565116e+02   -3.6121487409e+02    1.7673398118e+01    1.0240000000e+03    5.3092008457e-03    5.1100643382e-01
       250   -1.4493076098e+02    2.1007329383e+04   -2.3353260386e+02    8.8601842880e+01    1.1022883177e+02   -3.6216040278e+02    1.8398967154e+01    1.0240000000e+03    5.3125196137e-03    5.1156939338e-01
       251   -1.4512042236e+02    2.1062124843e+04   -2.3447656068e+02    8.9356138316e+01    1.1036859271e+02   -3.6162933720e+02    1.6784183810e+01    1.0240000000e+03    5.2914663684e-03    5.1138556985e-01
       252   -1.4500956714e+02    2.1029898657e+04   -2.3295063053e+02    8.7941063390e+01    1.1017388888e+02   -3.6071909903e+02    1.7594579616e+01    1.0240000000e+03    5.3107147105e-03    5.0863970588e-01
       253   -1.4501413379e+02    2.1032726351e+04   -2.3319318026e+02    8.8179046473e+01    1.1053146986e+02   -3.6003284213e+02    1.6308192009e+01    1.0240000000e+03    5.3019376937e-03    5.1006433824e-01
       254   -1.4502152722e+02    2.1033235521e+04   -2.3269038237e+02    8.7668855158e+01    1.0999648348e+02   -3.5928612680e+02    1.6599260941e+01    1.0240000000e+03    5.3020361811e-03    5.0816865809e-01
       255   -1.4495537269e+02    2.1014144603e+04   -2.3125561565e+02    8.6300242956e+01    1.0992665058e+02   -3.5690719317e+02    1.5724926936e+01    1.0240000000e+03    5.2384878509e-03    5.1000689338e-01
       256   -1.4490371173e+02    2.0999279424e+04   -2.3290502930e+02    8.8001317578e+01    1.1031234568e+02   -3.6039849220e+02    1.7181117214e+01    1.0240000000e+03    5.3122024983e-03    5.0907628676e-01
       257   -1.4498192571e+02    2.1022753003e+04   -2.3288037240e+02    8.7898446686e+01    1.1027572024e+02   -3.6054081482e+02    1.7384722180e+01    1.0240000000e+03    5.2810395136e-03    5.0713465074e-01
       258   -1.4500816916e+02    2.1029821443e+04   -2.3373491918e+02    8.8726750029e+01    1.1069253743e+02   -3.6169933874e+02    1.7271882124e+01    1.0240000000e+03    5.2793098148e-03    5.0901884191e-01
       259   -1.4493134404e+02    2.1008636711e+04   -2.3508205785e+02    9.0150713804e+01    1.1137042206e+02   -3.6389364845e+02    1.7441168543e+01    1.0240000000e+03    5.2624894306e-03    5.0661764706e-01
       260   -1.4497597052e+02    2.1020159376e+04   -2.3256619738e+02    8.7590226857e+01    1.1029078406e+02   -3.6080705245e+02    1.7950071001e+01    1.0240000000e+03    5.3168858867e-03    5.0929457721e-01
       261   -1.4494349070e+02    2.1010776707e+04   -2.3268360890e+02    8.7740118200e+01    1.0980199774e+02   -3.5970106872e+02    1.7215462069e+01    1.0240000000e+03    5.2776052617e-03    5.0917968750e-01
       262   -1.4491432321e+02    2.1002692047e+04   -2.3123348385e+02    8.6319160636e+01    1.1002709732e+02   -3.5946943063e+02    1.8208849467e+01    1.0240000000e+03    5.3433107678e-03    5.1014476103e-01
       263   -1.4498380967e+02    2.1022432278e+04   -2.3290912656e+02    8.7925316886e+01    1.1027538977e+02   -3.6014133957e+02    1.6956823244e+01    1.0240000000e+03    5.3257741965e-03    5.0990349265e-01
       264   -1.4500579138e+02    2.1029297404e+04   -2.3338126387e+02    8.8375472491e+01    1.1007230752e+02   -3.6031854765e+02    1.6864976256e+01    1.0240000000e+03    5.3096830379e-03    5.1088005515e-01
       265   -1.4498520872e+02    2.1023181309e+04   -2.3320150195e+02    8.8216293231e+01    1.1065077915e+02   -3.6197990178e+02    1.8127620679e+01    1.0240000000e+03    5.2891196683e-03    5.0789292279e-01
       266   -1.4491913158e+02    2.1003931026e+04   -2.3369595950e+02    8.8776827924e+01    1.1106750014e+02   -3.6265794114e+02    1.7894481499e+01    1.0240000000e+03    5.3083172534e-03    5.0807674632e-01
       267   -1.4500602762e+02    2.1029187615e+04   -2.3236600077e+02    8.7359973150e+01    1.1048925953e+02   -3.6080845470e+02    1.7953194398e+01    1.0240000000e+03    5.2965010982e-03    5.1039751838e-01
       268   -1.4503681288e+02    2.1038052554e+04   -2.3322678294e+02    8.8189970059e+01    1.0997474980e+02   -3.5875228322e+02    1.5550750485e+01    1.0240000000e+03    5.2866823971e-03    5.1040900735e-01
       269   -1.4494135392e+02    2.1010373466e+04   -2.3213956512e+02    8.7198211197e+01    1.0963441547e+02   -3.5882688873e+02    1.7052908145e+01    1.0240000000e+03    5.3058196791e-03    5.0908777574e-01
       270   -1.4493129561e+02    2.1007776192e+04   -2.3131360742e+02    8.6382311808e+01    1.0952399813e+02   -3.5962683935e+02    1.8789233806e+01    1.0240000000e+03    5.2840958815e-03    5.1106387868e-01
       271   -1.4498511392e+02    2.1023253876e+04   -2.3116486334e+02    8.6179749420e+01    1.0952882369e+02   -3.5756594769e+02    1.6872260663e+01    1.0240000000e+03    5.2773901261e-03    5.1040900735e-01
       272   -1.4494945443e+02    2.1012511425e+04   -2.3177417237e+02    8.6824717941e+01    1.0951619135e+02   -3.5885807874e+02    1.7567715024e+01    1.0240000000e+03    5.2848751657e-03    5.0991498162e-01
       273   -1.4499132229e+02    2.1024850279e+04   -2.3148082409e+02    8.6489501793e+01    1.0934736420e+02   -3.5918227381e+02    1.8354085522e+01    1.0240000000e+03    5.2878055722e-03    5.1059283088e-01
       274   -1.4496655033e+02    2.1017954014e+04   -2.3248031152e+02    8.7513761191e+01    1.1009843892e+02   -3.6126184256e+02    1.8683092124e+01    1.0240000000e+03    5.2460893057e-03    5.1155790441e-01
       275   -1.4490879329e+02    2.1001137157e+04   -2.3301242139e+02    8.8103628094e+01    1.0941784586e+02   -3.5906656456e+02    1.6636297313e+01    1.0240000000e+03    5.2310300525e-03    5.1163832721e-01
       276   -1.4489135612e+02    2.0995558770e+04   -2.3115890991e+02    8.6267553796e+01    1.0953905876e+02   -3.5742353521e+02    1.6725566538e+01    1.0240000000e+03    5.2601830103e-03    5.1403952206e-01
       277   -1.4492637725e+02    2.1006224447e+04   -2.3472204452e+02    8.9795667263e+01    1.0993059720e+02   -3.6174782796e+02    1.7095186246e+01    1.0240000000e+03    5.3015679587e-03    5.1267233456e-01
       278   -1.4500603756e+02    2.1029334986e+04   -2.3312320727e+02    8.8117169707e+01    1.0992102082e+02   -3.6143300547e+02    1.8388777383e+01    1.0240000000e+03    5.2366959862e-03    5.0720358456e-01
       279   -1.4504395552e+02    2.1040673375e+04   -2.3381872510e+02    8.8774769577e+01    1.1007257146e+02   -3.6158758909e+02    1.7696292536e+01    1.0240000000e+03    5.2826229949e-03    5.0890395221e-01
       280   -1.4499138452e+02    2.1025158814e+04   -2.3334003446e+02    8.8348649942e+01    1.1031934743e+02   -3.6142424016e+02    1.7764858276e+01    1.0240000000e+03    5.2969085518e-03    5.0877757353e-01
       281   -1.4496810940e+02    2.1017979683e+04   -2.3314504797e+02    8.8176938574e+01    1.1061573471e+02   -3.6122954565e+02    1.7468762972e+01    1.0240000000e+03    5.3069945425e-03    5.0999540441e-01
       282   -1.4497111900e+02    2.1019176913e+04   -2.3405857952e+02    8.9087460523e+01    1.0988027335e+02   -3.6023165118e+02    1.6292798305e+01    1.0240000000e+03    5.2738513332e-03    5.0576746324e-01
       283   -1.4490845310e+02    2.1001095970e+04   -2.3183256412e+02    8.6924111023e+01    1.0994184173e+02   -3.5869519138e+02    1.6920785528e+01    1.0240000000e+03    5.2632344887e-03    5.1104090074e-01
       284   -1.4500299708e+02    2.1028353292e+04   -2.3156103549e+02    8.6558038408e+01    1.1008532721e+02   -3.5931408285e+02    1.7667720145e+01    1.0240000000e+03    5.2860700525e-03    5.0653722426e-01
       285   -1.4493358579e+02    2.1007632425e+04   -2.3158034674e+02    8.6646760951e+01    1.0987850221e+02   -3.5851798661e+02    1.7059137664e+01    1.0240000000e+03    5.2997015882e-03    5.0942095588e-01
       286   -1.4491017812e+02    2.1001811093e+04   -2.3459525428e+02    8.9685076157e+01    1.1009882703e+02   -3.6205048426e+02    1.7356402958e+01    1.0240000000e+03    5.2884432953e-03    5.1274126838e-01
       287   -1.4475325007e+02    2.0956193365e+04   -2.3587755907e+02    9.1124308999e+01    1.1007028685e+02   -3.6247975000e+02    1.6531904077e+01    1.0240000000e+03    5.2416445687e-03    5.0969669118e-01
       288   -1.4490865699e+02    2.1000856314e+04   -2.3261716433e+02    8.7708507333e+01    1.0972008720e+02   -3.5974960281e+02    1.7412351283e+01    1.0240000000e+03    5.2747230511e-03    5.1015625000e-01
       289   -1.4486175851e+02    2.0987397742e+04   -2.3157088360e+02    8.6709125097e+01    1.0947832615e+02   -3.5847816140e+02    1.7428951647e+01    1.0240000000e+03    5.2932009567e-03    5.1071920956e-01
       290   -1.4493392257e+02    2.1008509048e+04   -2.3116972568e+02    8.6235803102e+01    1.0957822509e+02   -3.5700432403e+02    1.6256373257e+01    1.0240000000e+03    5.3041693754e-03    5.1138556985e-01
       291   -1.4499347266e+02    2.1025276260e+04   -2.3155946212e+02    8.6565989456e+01    1.0959497480e+02   -3.5947799248e+02    1.8323555562e+01    1.0240000000e+03    5.2668282297e-03    5.1295955882e-01
       292   -1.4492203751e+02    2.1004638737e+04   -2.3288891581e+02    8.7966878302e+01    1.0964589323e+02   -3.5881603222e+02    1.6281223179e+01    1.0240000000e+03    5.3039281629e-03    5.0954733456e-01
       293   -1.4499892727e+02    2.1026972502e+04   -2.3254039264e+02    8.7541465361e+01    1.0954483014e+02   -3.5975827308e+02    1.7673050307e+01    1.0240000000e+03    5.4281055927e-03    5.1186810662e-01
       294   -1.4489545790e+02    2.0996781378e+04   -2.3126924931e+02    8.6373791409e+01    1.0937997689e+02   -3.5801411175e+02    1.7364885547e+01    1.0240000000e+03    5.2408846095e-03    5.0880055147e-01
       295   -1.4486909036e+02    2.0990108426e+04   -2.3299816702e+02    8.8129076654e+01    1.0953298939e+02   -3.5795030172e+02    1.5419145316e+01    1.0240000000e+03    5.2528311498e-03    5.1163832721e-01
       296   -1.4484286864e+02    2.0982097581e+04   -2.3283474510e+02    8.7991876460e+01    1.0965538144e+02   -3.6006840545e+02    1.7578278914e+01    1.0240000000e+03    5.3282193840e-03    5.1252297794e-01
       297   -1.4499834777e+02    2.1027196331e+04   -2.3402520458e+02    8.9026856814e+01    1.1001801953e+02   -3.6144849625e+02    1.7405272143e+01    1.0240000000e+03    5.3066648543e-03    5.0867417279e-01
       298   -1.4494344863e+02    2.1010885700e+04   -2.3346848863e+02    8.8525040003e+01    1.0967326535e+02   -3.6044525177e+02    1.7303497795e+01    1.0240000000e+03    5.2532365080e-03    5.1123621324e-01
       299   -1.4493912044e+02    2.1010842187e+04   -2.3388376172e+02    8.8944641287e+01    1.1004564508e+02   -3.6088291501e+02    1.6953508206e+01    1.0240000000e+03    5.3117342759e-03    5.1090303309e-01
       300   -1.4493061147e+02    2.1007195061e+04   -2.3356612127e+02    8.8635509793e+01    1.0999435295e+02   -3.6077838620e+02    1.7217911982e+01    1.0240000000e+03    5.2923809271e-03    5.0904181985e-01
       301   -1.4494948671e+02    2.1012740222e+04   -2.3321224762e+02    8.8262760916e+01    1.1012870897e+02   -3.5981713063e+02    1.6476174038e+01    1.0240000000e+03    5.2846248727e-03    5.0951286765e-01
       302   -1.4493463160e+02    2.1008027784e+04   -2.3432365854e+02    8.9389026938e+01    1.1022070818e+02   -3.6118902951e+02    1.6644662790e+01    1.0240000000e+03    5.2917441353e-03    5.0682444853e-01
       303   -1.4491310392e+02    2.1002187256e+04   -2.3289625276e+02    8.7983148845e+01    1.1033521823e+02   -3.5900867837e+02    1.5777207382e+01    1.0240000000e+03    5.2617383189e-03    5.1055836397e-01
       304   -1.4491011184e+02    2.1001415634e+04   -2.3250443859e+02    8.7594326753e+01    1.0982151969e+02   -3.5904126575e+02    1.6715307468e+01    1.0240000000e+03    5.3224281874e-03    5.1184512868e-01
       305   -1.4494514929e+02    2.1011338049e+04   -2.3271617551e+02    8.7771026215e+01    1.0980642371e+02   -3.6140791967e+02    1.8885320456e+01    1.0240000000e+03    5.3110015579e-03    5.1058134191e-01
       306   -1.4496124824e+02    2.1016152586e+04   -2.3299913367e+02    8.8037885428e+01    1.1008299974e+02   -3.5957592585e+02    1.6493792438e+01    1.0240000000e+03    5.3272866644e-03    5.1004136029e-01
       307   -1.4491078026e+02    2.1001978735e+04   -2.3144859926e+02    8.6537819005e+01    1.0965390818e+02   -3.5836357350e+02    1.7261066056e+01    1.0240000000e+03    5.3456178866e-03    5.0846737132e-01
       308   -1.4494479788e+02    2.1011678173e+04   -2.3103703014e+02    8.6092232255e+01    1.0914223358e+02   -3.5701013428e+02    1.6830870559e+01    1.0240000000e+03    5.2779668476e-03    5.1229319853e-01
       309   -1.4489475869e+02    2.0996899504e+04   -2.3252673638e+02    8.7631977685e+01    1.0943985392e+02   -3.5915573870e+02    1.7189148395e+01    1.0240000000e+03    5.3078343626e-03    5.0678998162e-01
       310   -1.4482535516e+02    2.0976707430e+04   -2.3387126285e+02    8.9045907683e+01    1.0995114724e+02   -3.6218482268e+02    1.8362412590e+01    1.0240000000e+03    5.2696021739e-03    5.1161534926e-01
       311   -1.4491247530e+02    2.1001965302e+04   -2.3364067662e+02    8.8728201318e+01    1.0964893396e+02   -3.6116675323e+02    1.7877142649e+01    1.0240000000e+03    5.2977285814e-03    5.1097196691e-01
       312   -1.4492877620e+02    2.1006639933e+04   -2.3199215295e+02    8.7063376750e+01    1.0988754673e+02   -3.5939670285e+02    1.7517003179e+01    1.0240000000e+03    5.2490823437e-03    5.0783547794e-01
       313   -1.4496064390e+02    2.1015602546e+04   -2.3148838981e+02    8.6527745903e+01    1.1012527136e+02   -3.5832811424e+02    1.6714453078e+01    1.0240000000e+03    5.2539408207e-03    5.0598575368e-01
       314   -1.4501387887e+02    2.1031030938e+04   -2.3224551547e+02    8.7231636595e+01    1.0962200016e+02   -3.5978226290e+02    1.7914747269e+01    1.0240000000e+03    5.2587620448e-03    5.0982306985e-01
       315   -1.4501763614e+02    2.1032193528e+04   -2.3160047624e+02    8.6582840107e+01    1.0981622588e+02   -3.5829156791e+02    1.6874865783e+01    1.0240000000e+03    5.3166879807e-03    5.1059283088e-01
       316   -1.4497074259e+02    2.1018736796e+04   -2.3311856895e+02    8.8147826355e+01    1.0998691500e+02   -3.5925905261e+02    1.6153568668e+01    1.0240000000e+03    5.2763575222e-03    5.1079963235e-01
       317   -1.4490177932e+02    2.0998913836e+04   -2.3250634925e+02    8.7604569925e+01    1.1006198212e+02   -3.5975582549e+02    1.7187494131e+01    1.0240000000e+03    5.3281688597e-03    5.1100643382e-01
       318   -1.4498590109e+02    2.1023430771e+04   -2.3429528562e+02    8.9309384533e+01    1.1048622013e+02   -3.6205782313e+02    1.7276317377e+01    1.0240000000e+03    5.3291234653e-03    5.0770909926e-01
       319   -1.4501942199e+02    2.1032614201e+04   -2.3249532664e+02    8.7475904644e+01    1.1055569939e+02   -3.5928475232e+02    1.6233726293e+01    1.0240000000e+03    5.2970729303e-03    5.0666360294e-01
       320   -1.4490452878e+02    2.0999388485e+04   -2.3139269188e+02    8.6488163100e+01    1.0966304956e+02   -3.5806192275e+02    1.7006181311e+01    1.0240000000e+03    5.3095808253e-03    5.0826056985e-01
       321   -1.4493824662e+02    2.1009410623e+04   -2.3001143179e+02    8.5073185164e+01    1.0985215720e+02   -3.5663708876e+02    1.6773499778e+01    1.0240000000e+03    5.2981828339e-03    5.0967371324e-01
       322   -1.4491925150e+02    2.1005034248e+04   -2.3272611700e+02    8.7806865501e+01    1.1020915659e+02   -3.6038188547e+02    1.7446611883e+01    1.0240000000e+03    5.2916188724e-03    5.1081112132e-01
       323   -1.4499552111e+02    2.1026145227e+04   -2.3291780746e+02    8.7922286351e+01    1.1029091742e+02   -3.6167875195e+02    1.8470027073e+01    1.0240000000e+03    5.2045928314e-03    5.0915670956e-01
       324   -1.4500357480e+02    2.1028994411e+04   -2.3462414859e+02    8.9620573786e+01    1.1036498883e+02   -3.6179389492e+02    1.6804757498e+01    1.0240000000e+03    5.2566893864e-03    5.1061580882e-01
       325   -1.4501480228e+02    2.1031763571e+04   -2.3454230887e+02    8.9527506590e+01    1.1065725272e+02   -3.6156698791e+02    1.6367426324e+01    1.0240000000e+03    5.3057614714e-03    5.0950137868e-01
       326   -1.4495875453e+02    2.1015198674e+04   -2.3305101551e+02    8.8092260985e+01    1.0957316637e+02   -3.5925510161e+02    1.6630919726e+01    1.0240000000e+03    5.3887979593e-03    5.1305147059e-01
       327   -1.4494579843e+02    2.1011580067e+04   -2.3288439843e+02    8.7938599999e+01    1.1019052069e+02   -3.6095316527e+02    1.7878246151e+01    1.0240000000e+03    5.3265860770e-03    5.0904181985e-01
       328   -1.4503172965e+02    2.1036381198e+04   -2.3190624569e+02    8.6874516040e+01    1.0979030974e+02   -3.5876393306e+02    1.7067377629e+01    1.0240000000e+03    5.3335290868e-03    5.0869715074e-01
       329   -1.4491073438e+02    2.1001741833e+04   -2.3246165497e+02    8.7550920584e+01    1.1003617186e+02   -3.5959922327e+02    1.7101396438e+01    1.0240000000e+03    5.2909040824e-03    5.1094898897e-01
       330   -1.4498143988e+02    2.1022138678e+04   -2.3317740242e+02    8.8195962534e+01    1.1041050670e+02   -3.6057422515e+02    1.6986316033e+01    1.0240000000e+03    5.3266189061e-03    5.1042049632e-01
       331   -1.4492956136e+02    2.1007967726e+04   -2.3415284753e+02    8.9223286166e+01    1.0986333449e+02   -3.5984889561e+02    1.5832713594e+01    1.0240000000e+03    5.2902959287e-03    5.0980009191e-01
       332   -1.4492161544e+02    2.1004384273e+04   -2.3015262129e+02    8.5231005848e+01    1.0985008676e+02   -3.5727052020e+02    1.7267812154e+01    1.0240000000e+03    5.3154001944e-03    5.1084558824e-01
       333   -1.4485780894e+02    2.0987885510e+04   -2.3318457905e+02    8.8326770111e+01    1.1010273087e+02   -3.6032055488e+02    1.7033244961e+01    1.0240000000e+03    5.3254824597e-03    5.1209788603e-01
       334   -1.4500070407e+02    2.1027732645e+04   -2.3376714299e+02    8.8766438924e+01    1.1002833769e+02   -3.6183190251e+02    1.8036421832e+01    1.0240000000e+03    5.3365337662e-03    5.0952435662e-01
       335   -1.4493331026e+02    2.1008184534e+04   -2.3387523470e+02    8.8941924440e+01    1.0990037988e+02   -3.6002764627e+02    1.6252031693e+01    1.0240000000e+03    5.3389035165e-03    5.0932904412e-01
       336   -1.4489804363e+02    2.0998413885e+04   -2.3381207225e+02    8.8914028619e+01    1.1001163204e+02   -3.6147727321e+02    1.7653568924e+01    1.0240000000e+03    5.2868376952e-03    5.1028262868e-01
       337   -1.4494880542e+02    2.1012892559e+04   -2.3299924408e+02    8.8050438662e+01    1.0986185082e+02   -3.5975880261e+02    1.6897707709e+01    1.0240000000e+03    5.2917012945e-03    5.1204044118e-01
       338   -1.4497397671e+02    2.1019666314e+04   -2.3364840766e+02    8.8674430956e+01    1.1035239098e+02   -3.6195855462e+02    1.7957755972e+01    1.0240000000e+03    5.3071624134e-03    5.1011029412e-01
       339   -1.4494501574e+02    2.1012236482e+04   -2.3339780871e+02    8.8452792964e+01    1.0999497675e+02   -3.6069467257e+02    1.7301887122e+01    1.0240000000e+03    5.3198349196e-03    5.1071920956e-01
       340   -1.4498294665e+02    2.1022373229e+04   -2.3326267005e+02    8.8279723400e+01    1.1050774855e+02   -3.6122852905e+02    1.7458110449e+01    1.0240000000e+03    5.3107007407e-03    5.1077665441e-01
       341   -1.4495915118e+02    2.1015526652e+04   -2.3240225378e+02    8.7443102593e+01    1.0970800759e+02   -3.5841402613e+02    1.6303764762e+01    1.0240000000e+03    5.2819142584e-03    5.1083409926e-01
       342   -1.4496716812e+02    2.1017998929e+04   -2.3458821325e+02    8.9621045127e+01    1.1006101878e+02   -3.6256150060e+02    1.7912268578e+01    1.0240000000e+03    5.2787107415e-03    5.1208639706e-01
       343   -1.4497749730e+02    2.1020566884e+04   -2.3424848043e+02    8.9270983126e+01    1.1036895636e+02   -3.6052694099e+02    1.5909504207e+01    1.0240000000e+03    5.2625038661e-03    5.1029411765e-01
       344   -1.4497248980e+02    2.1019186424e+04   -2.3459709810e+02    8.9624608293e+01    1.1063191725e+02   -3.6300221602e+02    1.7773200667e+01    1.0240000000e+03    5.3503902163e-03    5.0685891544e-01
       345   -1.4495187324e+02    2.1013521702e+04   -2.3500143685e+02    9.0049563602e+01    1.1077351751e+02   -3.6255869883e+02    1.6783744481e+01    1.0240000000e+03    5.2924666088e-03    5.0621553309e-01
       346   -1.4499093260e+02    2.1024313983e+04   -2.3456035580e+02    8.9569423203e+01    1.1056494628e+02   -3.6333869267e+02    1.8213390588e+01    1.0240000000e+03    5.3136048373e-03    5.0901884191e-01
       347   -1.4499005811e+02    2.1024464044e+04   -2.3459011695e+02    8.9600058840e+01    1.1022555215e+02   -3.6061328135e+02    1.5797612255e+01    1.0240000000e+03    5.2875704132e-03    5.0859375000e-01
       348   -1.4500718128e+02    2.1029630715e+04   -2.3329315652e+02    8.8285975233e+01    1.1040112152e+02   -3.6195588534e+02    1.8261607299e+01    1.0240000000e+03    5.2902472671e-03    5.1167279412e-01
       349   -1.4497395665e+02    2.1019811016e+04   -2.3419608904e+02    8.9222132394e+01    1.1002245260e+02   -3.6112460214e+02    1.6906060493e+01    1.0240000000e+03    5.2368245088e-03    5.0967371324e-01
       350   -1.4498005741e+02    2.1021630591e+04   -2.3194309613e+02    8.6963038719e+01    1.0994534177e+02   -3.6024157232e+02    1.8353134427e+01    1.0240000000e+03    5.3144576959e-03    5.0948988971e-01
       351   -1.4491070541e+02    2.1001638823e+04   -2.3161042972e+02    8.6699724315e+01    1.0968077940e+02   -3.5796352373e+02    1.6672314608e+01    1.0240000000e+03    5.3098984063e-03    5.1070772059e-01
       352   -1.4496551003e+02    2.1017435375e+04   -2.3279696135e+02    8.7831451316e+01    1.1041170730e+02   -3.6149327790e+02    1.8284609251e+01    1.0240000000e+03    5.2876949776e-03    5.0959329044e-01
       353   -1.4497229004e+02    2.1019515163e+04   -2.3297662541e+02    8.8004335373e+01    1.0962288226e+02   -3.5962408151e+02    1.7024573844e+01    1.0240000000e+03    5.2665753756e-03    5.0904181985e-01
       354   -1.4495513864e+02    2.1014544289e+04   -2.3454718835e+02    8.9592049705e+01    1.1024156377e+02   -3.6201320512e+02    1.7224453007e+01    1.0240000000e+03    5.3201336414e-03    5.1001838235e-01
       355   -1.4492549426e+02    2.1005892803e+04   -2.3345392325e+02    8.8528428989e+01    1.1036204887e+02   -3.6097228157e+02    1.7156309449e+01    1.0240000000e+03    5.2730389871e-03    5.1164981618e-01
       356   -1.4499753145e+02    2.1026730836e+04   -2.3406583772e+02    8.9068306267e+01    1.1009798878e+02   -3.6077074969e+02    1.6606923196e+01    1.0240000000e+03    5.3403978236e-03    5.1058134191e-01
       357   -1.4489644187e+02    2.0997300295e+04   -2.3288598284e+02    8.7989540968e+01    1.1034300859e+02   -3.6050971822e+02    1.7280726796e+01    1.0240000000e+03    5.3420581389e-03    5.1145450368e-01
       358   -1.4495443191e+02    2.1014079607e+04   -2.3440432139e+02    8.9449889484e+01    1.1072203635e+02   -3.6290052529e+02    1.7774167557e+01    1.0240000000e+03    5.3115116898e-03    5.1266084559e-01
       359   -1.4495240365e+02    2.1013459465e+04   -2.3297662634e+02    8.8024222684e+01    1.1002541618e+02   -3.5950255159e+02    1.6500509069e+01    1.0240000000e+03    5.2400727291e-03    5.1065027574e-01
       360   -1.4490000186e+02    2.0998315672e+04   -2.3194464827e+02    8.7044646411e+01    1.0948622319e+02   -3.5888077032e+02    1.7449898852e+01    1.0240000000e+03    5.3031991702e-03    5.0889246324e-01
       361   -1.4496013586e+02    2.1015502833e+04   -2.3348062181e+02    8.8520485959e+01    1.0977116276e+02   -3.5995996833e+02    1.6708183763e+01    1.0240000000e+03    5.2286125720e-03    5.0676700368e-01
       362   -1.4497571334e+02    2.1020758259e+04   -2.3300765516e+02    8.8031941815e+01    1.1015301394e+02   -3.6028545658e+02    1.7124787474e+01    1.0240000000e+03    5.3210633341e-03    5.0919117647e-01
       363   -1.4488742756e+02    2.0994671091e+04   -2.3285783025e+02    8.7970402691e+01    1.1007287301e+02   -3.6139582435e+02    1.8465121097e+01    1.0240000000e+03    5.2418247797e-03    5.0981158088e-01
       364   -1.4485738222e+02    2.0985747742e+04   -2.3236935817e+02    8.7511975945e+01    1.1008199063e+02   -3.6015895036e+02    1.7707601557e+01    1.0240000000e+03    5.2596528549e-03    5.1184512868e-01
       365   -1.4488388820e+02    2.0993697695e+04   -2.3341239643e+02    8.8528508236e+01    1.0950932861e+02   -3.6028827883e+02    1.7366553783e+01    1.0240000000e+03    5.2174287848e-03    5.0635340074e-01
       366   -1.4497632459e+02    2.1020327664e+04   -2.3431574251e+02    8.9339417914e+01    1.0999234489e+02   -3.6223479373e+02    1.7926706326e+01    1.0240000000e+03    5.2487382200e-03    5.0747931985e-01
       367   -1.4486086560e+02    2.0987515074e+04   -2.3312519702e+02    8.8264331418e+01    1.1038481813e+02   -3.6106522564e+02    1.7555210489e+01    1.0240000000e+03    5.2825189196e-03    5.0720358456e-01
       368   -1.4496611541e+02    2.1017662545e+04   -2.3309547106e+02    8.8129355649e+01    1.1015910430e+02   -3.6061274426e+02    1.7358168894e+01    1.0240000000e+03    5.2390408237e-03    5.1140854779e-01
       369   -1.4495684055e+02    2.1014861008e+04   -2.3155053716e+02    8.6593696604e+01    1.0938851803e+02   -3.5702906994e+02    1.6090014758e+01    1.0240000000e+03    5.2529624663e-03    5.0846737132e-01
       370   -1.4485497501e+02    2.0985379708e+04   -2.3199505578e+02    8.7140080772e+01    1.0997295339e+02   -3.5953891936e+02    1.7570910193e+01    1.0240000000e+03    5.3078720812e-03    5.0977711397e-01
       371   -1.4496215292e+02    2.1016712379e+04   -2.3148581966e+02    8.6523666738e+01    1.0984457818e+02   -3.6033891732e+02    1.9008519479e+01    1.0240000000e+03    5.3226740565e-03    5.1076516544e-01
       372   -1.4497343149e+02    2.1021102125e+04   -2.3267953826e+02    8.7706106769e+01    1.0969256820e+02   -3.5949536803e+02    1.7123261567e+01    1.0240000000e+03    5.3271320648e-03    5.1130514706e-01
       373   -1.4495006653e+02    2.1012270638e+04   -2.3193382776e+02    8.6983761224e+01    1.0970916437e+02   -3.5816831484e+02    1.6525322711e+01    1.0240000000e+03    5.2973194979e-03    5.1316636029e-01
       374   -1.4502691798e+02    2.1035057866e+04   -2.3420532713e+02    8.9178409149e+01    1.1039772598e+02   -3.6285609221e+02    1.8253039102e+01    1.0240000000e+03    5.2975236904e-03    5.0860523897e-01
       375   -1.4493264205e+02    2.1007705254e+04   -2.3313446924e+02    8.8201827184e+01    1.0977027829e+02   -3.6071518569e+02    1.7810438161e+01    1.0240000000e+03    5.2108159289e-03    5.0712316176e-01
       376   -1.4492788060e+02    2.1006119846e+04   -2.3241821937e+02    8.7490338769e+01    1.0998211367e+02   -3.5995089015e+02    1.7550557116e+01    1.0240000000e+03    5.3103985265e-03    5.1293658088e-01
       377   -1.4494757628e+02    2.1012122404e+04   -2.3263916514e+02    8.7691588854e+01    1.1037305176e+02   -3.6079783478e+02    1.7785617882e+01    1.0240000000e+03    5.2834181115e-03    5.1069623162e-01
       378   -1.4491065139e+02    2.1001387894e+04   -2.3288676588e+02    8.7976114483e+01    1.1029196494e+02   -3.6051098028e+02    1.7332249462e+01    1.0240000000e+03    5.2743211854e-03    5.0857077206e-01
       379   -1.4491980761e+02    2.1004287211e+04   -2.3484465749e+02    8.9924849874e+01    1.1090166397e+02   -3.6362321448e+02    1.7876893015e+01    1.0240000000e+03    5.2780862898e-03    5.1019071691e-01
       380   -1.4496466554e+02    2.1016890707e+04   -2.3250865579e+02    8.7543990247e+01    1.1060325847e+02   -3.5990962732e+02    1.6797713064e+01    1.0240000000e+03    5.2426178008e-03    5.0554917279e-01
       381   -1.4488851497e+02    2.0995036696e+04   -2.3364530784e+02    8.8756792873e+01    1.1070732119e+02   -3.6275894409e+02    1.8406315059e+01    1.0240000000e+03    5.3315768018e-03    5.0954733456e-01
       382   -1.4492328405e+02    2.1005876941e+04   -2.3201231310e+02    8.7089029048e+01    1.1001390651e+02   -3.5968943216e+02    1.7663212553e+01    1.0240000000e+03    5.2346661687e-03    5.1248851103e-01
       383   -1.4502069064e+02    2.1033876217e+04   -2.3473369923e+02    8.9713008590e+01    1.1057409138e+02   -3.6163969590e+02    1.6331905288e+01    1.0240000000e+03    5.2733398043e-03    5.0608915441e-01
       384   -1.4496310338e+02    2.1016846677e+04   -2.3394997241e+02    8.8986869028e+01    1.1005253080e+02   -3.6090456550e+02    1.6902062283e+01    1.0240000000e+03    5.2863862365e-03    5.1035156250e-01
       385   -1.4491702611e+02    2.1003265123e+04   -2.3273656122e+02    8.7819535115e+01    1.1017033159e+02   -3.5918046260e+02    1.6273569792e+01    1.0240000000e+03    5.3486244287e-03    5.1189108456e-01
       386   -1.4499288671e+02    2.1025173124e+04   -2.3329667615e+02    8.8303789438e+01    1.1056901438e+02   -3.6128275217e+02    1.7417061636e+01    1.0240000000e+03    5.2853662055e-03    5.1046645221e-01
       387   -1.4499171916e+02    2.1024863863e+04   -2.3457721054e+02    8.9585491382e+01    1.1067928788e+02   -3.6209830039e+02    1.6841801972e+01    1.0240000000e+03    5.3324827459e-03    5.0953584559e-01
       388   -1.4498554251e+02    2.1022890575e+04   -2.3292422376e+02    8.7938681241e+01    1.1035035602e+02   -3.6052408318e+02    1.7249503397e+01    1.0240000000e+03    5.2279885858e-03    5.0953584559e-01
       389   -1.4490598860e+02    2.0999907431e+04   -2.3171242648e+02    8.6806437875e+01    1.1004779020e+02   -3.5916572740e+02    1.7405510716e+01    1.0240000000e+03    5.2425432950e-03    5.0823759191e-01
       390   -1.4500558845e+02    2.1028818618e+04   -2.3278278639e+02    8.7777197932e+01    1.0961071010e+02   -3.5904681330e+02    1.6653316810e+01    1.0240000000e+03    5.2656936459e-03    5.0912224265e-01
       391   -1.4502317535e+02    2.1034185776e+04   -2.3161152465e+02    8.6588349304e+01    1.0944198590e+02   -3.5831875146e+02    1.7265240915e+01    1.0240000000e+03    5.2751225885e-03    5.1063878676e-01
       392   -1.4503340756e+02    2.1036716045e+04   -2.3379614477e+02    8.8762737207e+01    1.0974748245e+02   -3.6024708655e+02    1.6703459337e+01    1.0240000000e+03    5.3176982328e-03    5.1098345588e-01
       393   -1.4498294207e+02    2.1022573185e+04   -2.3350363530e+02    8.8520693230e+01    1.1064528953e+02   -3.6094025874e+02    1.6791333904e+01    1.0240000000e+03    5.2867888007e-03    5.0834099265e-01
       394   -1.4499420300e+02    2.1025837653e+04   -2.3509947832e+02    9.0105275325e+01    1.1020895039e+02   -3.6174341408e+02    1.6434985369e+01    1.0240000000e+03    5.2662196103e-03    5.1062729779e-01
       395   -1.4495282605e+02    2.1014199107e+04   -2.3313155042e+02    8.8178724371e+01    1.0978673772e+02   -3.6081786284e+02    1.7899574698e+01    1.0240000000e+03    5.3017800674e-03    5.0896139706e-01
       396   -1.4491915291e+02    2.1004768542e+04   -2.3192876843e+02    8.7009615520e+01    1.0979778735e+02   -3.5996482863e+02    1.8238272854e+01    1.0240000000e+03    5.2553720307e-03    5.0838694853e-01
       397   -1.4500051514e+02    2.1027526919e+04   -2.3149417216e+02    8.6493657025e+01    1.1013700989e+02   -3.5857004426e+02    1.6938862204e+01    1.0240000000e+03    5.2553629503e-03    5.1071920956e-01
       398   -1.4503052181e+02    2.1035799060e+04   -2.3099663064e+02    8.5966108828e+01    1.0957232752e+02   -3.5751768230e+02    1.6948724143e+01    1.0240000000e+03    5.2794469520e-03    5.1051240809e-01
       399   -1.4491374616e+02    2.1002097509e+04   -2.3151559446e+02    8.6601848300e+01    1.0948787324e+02   -3.5736123637e+02    1.6357768670e+01    1.0240000000e+03    5.2981281187e-03    5.0948988971e-01
