#   index    LocalEnergy         LocalEnergy_sq      LocalPotential      Kinetic             ElecElec            LocalECP            NonLocalECP         BlockWeight         BlockCPU            AcceptRatio         
         0   -1.4503447223e+02    2.1037864499e+04   -2.3267794488e+02    8.7643472647e+01    1.1011876877e+02   -3.6127133701e+02    1.8474623366e+01    1.0240000000e+03    3.9302394725e-03    5.0745634191e-01
         1   -1.4500649559e+02    2.1029739180e+04   -2.3382093680e+02    8.8814441209e+01    1.1003436155e+02   -3.6163426718e+02    1.7778968819e+01    1.0240000000e+03    3.8335998543e-03    5.0823759191e-01
         2   -1.4497195337e+02    2.1019464103e+04   -2.3445787884e+02    8.9485925470e+01    1.1017098356e+02   -3.6216577448e+02    1.7536912087e+01    1.0240000000e+03    3.7830290385e-03    5.0587086397e-01
         3   -1.4498320125e+02    2.1022471877e+04   -2.3355213907e+02    8.8568937816e+01    1.0980850211e+02   -3.6108868461e+02    1.7728043429e+01    1.0240000000e+03    3.7758070976e-03    5.1036305147e-01
         4   -1.4504368607e+02    2.1039728451e+04   -2.3404013703e+02    8.8996450951e+01    1.0977433609e+02   -3.6147428999e+02    1.7659816872e+01    1.0240000000e+03    3.7786965258e-03    5.0800781250e-01
         5   -1.4486455192e+02    2.0990369408e+04   -2.3331456593e+02    8.8450014007e+01    1.1070508278e+02   -3.6077087152e+02    1.6751222807e+01    1.0240000000e+03    3.7640773226e-03    5.0565257353e-01
         6   -1.4506631765e+02    2.1047405416e+04   -2.3525394860e+02    9.0187630947e+01    1.1056143672e+02   -3.6221441408e+02    1.6399028762e+01    1.0240000000e+03    3.7519575562e-03    5.0400965074e-01
         7   -1.4501982885e+02    2.1033161220e+04   -2.3375620529e+02    8.8736376438e+01    1.1056332376e+02   -3.6117349614e+02    1.6853967095e+01    1.0240000000e+03    3.7543380167e-03    5.0831801471e-01
         8   -1.4503168608e+02    2.1036991015e+04   -2.3417314392e+02    8.9141457840e+01    1.1053851393e+02   -3.6118687242e+02    1.6475214569e+01    1.0240000000e+03    3.7636358757e-03    5.0862821691e-01
         9   -1.4493125350e+02    2.1007417672e+04   -2.3394189056e+02    8.9010637053e+01    1.1074279847e+02   -3.6235357014e+02    1.7668881114e+01    1.0240000000e+03    3.7634838372e-03    5.0926011029e-01
        10   -1.4504164632e+02    2.1039653950e+04   -2.3322713837e+02    8.8185492051e+01    1.1072348088e+02   -3.6217862765e+02    1.8228008398e+01    1.0240000000e+03    3.7433528341e-03    5.0360753676e-01
        11   -1.4505710241e+02    2.1043932202e+04   -2.3467022681e+02    8.9613124400e+01    1.1061224029e+02   -3.6158017894e+02    1.6297711832e+01    1.0240000000e+03    3.7359301932e-03    5.0491727941e-01
        12   -1.4505388461e+02    2.1042970300e+04   -2.3551122195e+02    9.0457337338e+01    1.1115247086e+02   -3.6320853775e+02    1.6544844936e+01    1.0240000000e+03    3.7424080074e-03    5.0672104779e-01
        13   -1.4504297636e+02    2.1040180632e+04   -2.3517561343e+02    9.0132637067e+01    1.1087296122e+02   -3.6349525431e+02    1.7446679666e+01    1.0240000000e+03    3.7416254636e-03    5.0720358456e-01
        14   -1.4494764925e+02    2.1012305448e+04   -2.3522250245e+02    9.0274853202e+01    1.1062764692e+02   -3.6350361625e+02    1.7653466886e+01    1.0240000000e+03    3.7535084412e-03    5.0785845588e-01
        15   -1.4499621153e+02    2.1026471107e+04   -2.3378871416e+02    8.8792502627e+01    1.1039688337e+02   -3.6113916922e+02    1.6953571684e+01    1.0240000000e+03    3.7344063167e-03    5.0649126838e-01
        16   -1.4500892285e+02    2.1030112502e+04   -2.3267047368e+02    8.7661550823e+01    1.1010452492e+02   -3.6071742142e+02    1.7942422821e+01    1.0240000000e+03    3.7446632050e-03    5.0658318015e-01
        17   -1.4494312132e+02    2.1010693734e+04   -2.3340250098e+02    8.8459379661e+01    1.0979162253e+02   -3.5992860444e+02    1.6734480930e+01    1.0240000000e+03    3.7210320588e-03    5.0434283088e-01
        18   -1.4493807159e+02    2.1009302413e+04   -2.3355375045e+02    8.8615678858e+01    1.1029418740e+02   -3.6179050859e+02    1.7942570739e+01    1.0240000000e+03    3.7243356928e-03    5.0557215074e-01
        19   -1.4502052705e+02    2.1033385692e+04   -2.3382802596e+02    8.8807498913e+01    1.1000579586e+02   -3.6087279478e+02    1.7038972956e+01    1.0240000000e+03    3.7320037372e-03    5.0746783088e-01
        20   -1.4499885141e+02    2.1027430813e+04   -2.3170640491e+02    8.6707553499e+01    1.1024736594e+02   -3.5993257746e+02    1.7978806610e+01    1.0240000000e+03    3.7184904795e-03    5.0711167279e-01
        21   -1.4488028121e+02    2.0992630158e+04   -2.3464573103e+02    8.9765449817e+01    1.1019956204e+02   -3.6202700511e+02    1.7181712042e+01    1.0240000000e+03    3.7298249081e-03    5.0783547794e-01
        22   -1.4497730330e+02    2.1020893914e+04   -2.3415477014e+02    8.9177466841e+01    1.1024708079e+02   -3.6086668715e+02    1.6464836218e+01    1.0240000000e+03    3.7271906622e-03    5.0853630515e-01
        23   -1.4495604525e+02    2.1014925376e+04   -2.3234603579e+02    8.7389990548e+01    1.1039286813e+02   -3.6062552841e+02    1.7886624483e+01    1.0240000000e+03    3.7257520016e-03    5.0734145221e-01
        24   -1.4499133643e+02    2.1024833790e+04   -2.3532964956e+02    9.0338313136e+01    1.1117024966e+02   -3.6334359665e+02    1.6843697429e+01    1.0240000000e+03    3.7349720951e-03    5.0875459559e-01
        25   -1.4494390817e+02    2.1011048145e+04   -2.3457333444e+02    8.9629426265e+01    1.1076547851e+02   -3.6290180527e+02    1.7562992319e+01    1.0240000000e+03    3.7246223073e-03    5.0688189338e-01
        26   -1.4495789643e+02    2.1015166937e+04   -2.3386662380e+02    8.8908727370e+01    1.1072046244e+02   -3.6157864248e+02    1.6991556239e+01    1.0240000000e+03    3.7282016128e-03    5.0793887868e-01
        27   -1.4489708686e+02    2.0998413321e+04   -2.3439745315e+02    8.9500366284e+01    1.1067063677e+02   -3.6413662205e+02    1.9068532136e+01    1.0240000000e+03    3.7259091623e-03    5.0862821691e-01
        28   -1.4496853324e+02    2.1018500718e+04   -2.3391349838e+02    8.8944965137e+01    1.1030815148e+02   -3.6215602087e+02    1.7934371010e+01    1.0240000000e+03    3.7368768826e-03    5.1017922794e-01
        29   -1.4498152898e+02    2.1022720760e+04   -2.3516391166e+02    9.0182382680e+01    1.1061563388e+02   -3.6301359983e+02    1.7234054290e+01    1.0240000000e+03    3.7411006633e-03    5.0726102941e-01
        30   -1.4507241516e+02    2.1049165294e+04   -2.3406530959e+02    8.8992894434e+01    1.1047931600e+02   -3.6094429624e+02    1.6399670652e+01    1.0240000000e+03    3.7415956613e-03    5.0666360294e-01
        31   -1.4501589155e+02    2.1032298394e+04   -2.3354304558e+02    8.8527154036e+01    1.1016279931e+02   -3.6101868596e+02    1.7312841062e+01    1.0240000000e+03    3.7419865839e-03    5.0811121324e-01
        32   -1.4499717605e+02    2.1027391188e+04   -2.3307924769e+02    8.8082071640e+01    1.1086017743e+02   -3.6180403717e+02    1.7864612049e+01    1.0240000000e+03    3.7313010544e-03    5.0741038603e-01
        33   -1.4497296446e+02    2.1019292344e+04   -2.3356808811e+02    8.8595123655e+01    1.1074556056e+02   -3.6176622085e+02    1.7452572183e+01    1.0240000000e+03    3.7120424677e-03    5.0456112132e-01
        34   -1.4490781224e+02    2.1001563664e+04   -2.3366222504e+02    8.8754412800e+01    1.1059036851e+02   -3.6145625405e+02    1.7203660506e+01    1.0240000000e+03    3.7199445069e-03    5.0415900735e-01
        35   -1.4492039545e+02    2.1004438740e+04   -2.3297359004e+02    8.8053194588e+01    1.1069881060e+02   -3.6123736291e+02    1.7564962272e+01    1.0240000000e+03    3.7286435254e-03    5.0627297794e-01
        36   -1.4497060464e+02    2.1018909420e+04   -2.3315821975e+02    8.8187615107e+01    1.1045702773e+02   -3.6049146503e+02    1.6876217554e+01    1.0240000000e+03    3.7248928566e-03    5.0877757353e-01
        37   -1.4493828988e+02    2.1009917022e+04   -2.3514542118e+02    9.0207131299e+01    1.1016880477e+02   -3.6167393194e+02    1.6359705991e+01    1.0240000000e+03    3.7266036961e-03    5.0921415441e-01
        38   -1.4498935306e+02    2.1024565665e+04   -2.3428449704e+02    8.9295143977e+01    1.1070049174e+02   -3.6198907644e+02    1.7004087654e+01    1.0240000000e+03    3.7126846146e-03    5.0484834559e-01
        39   -1.4505197581e+02    2.1042616572e+04   -2.3395588075e+02    8.8903904938e+01    1.1021062534e+02   -3.6064972624e+02    1.6483220151e+01    1.0240000000e+03    3.7186536938e-03    5.0647977941e-01
        40   -1.4495778555e+02    2.1014950504e+04   -2.3337996626e+02    8.8422180711e+01    1.1045305345e+02   -3.6220660529e+02    1.8373585573e+01    1.0240000000e+03    3.7321206182e-03    5.0962775735e-01
        41   -1.4486734261e+02    2.0989479396e+04   -2.3599812581e+02    9.1130783196e+01    1.1061922342e+02   -3.6322370132e+02    1.6606352088e+01    1.0240000000e+03    3.7090098485e-03    5.0682444853e-01
        42   -1.4494896985e+02    2.1012779052e+04   -2.3353246781e+02    8.8583497963e+01    1.1057394884e+02   -3.6134773490e+02    1.7241318244e+01    1.0240000000e+03    3.7411192898e-03    5.0943244485e-01
        43   -1.4497237054e+02    2.1019421862e+04   -2.3228346811e+02    8.7311097574e+01    1.1005430576e+02   -3.5966414876e+02    1.7326374893e+01    1.0240000000e+03    3.7347036414e-03    5.0946691176e-01
        44   -1.4496587401e+02    2.1017063502e+04   -2.3339685699e+02    8.8430982981e+01    1.0997858982e+02   -3.6094321665e+02    1.7567769845e+01    1.0240000000e+03    3.7213617470e-03    5.0623851103e-01
        45   -1.4494811889e+02    2.1015530854e+04   -2.3294906062e+02    8.8000941732e+01    1.1001953947e+02   -3.6114936719e+02    1.8180767095e+01    1.0240000000e+03    3.7200509105e-03    5.0654871324e-01
        46   -1.4496991125e+02    2.1018515607e+04   -2.3510903471e+02    9.0139123461e+01    1.1039184095e+02   -3.6320016998e+02    1.7699294316e+01    1.0240000000e+03    3.7422494497e-03    5.1116727941e-01
        47   -1.4508296265e+02    2.1051539705e+04   -2.3402113988e+02    8.8938177227e+01    1.1029954263e+02   -3.6114859422e+02    1.6827911715e+01    1.0240000000e+03    3.7279464304e-03    5.1042049632e-01
        48   -1.4497507001e+02    2.1020241923e+04   -2.3464953282e+02    8.9674462806e+01    1.1018846546e+02   -3.6179003358e+02    1.6952035302e+01    1.0240000000e+03    3.7135893945e-03    5.0790441176e-01
        49   -1.4499139106e+02    2.1024920312e+04   -2.3340035062e+02    8.8408959558e+01    1.1016429536e+02   -3.6090886703e+02    1.7344221047e+01    1.0240000000e+03    3.7037599832e-03    5.0692784926e-01
        50   -1.4500798954e+02    2.1029600500e+04   -2.3469886680e+02    8.9690877260e+01    1.1046411619e+02   -3.6245020770e+02    1.7287224709e+01    1.0240000000e+03    3.7031031679e-03    5.0690487132e-01
        51   -1.4501046018e+02    2.1030579672e+04   -2.3391288331e+02    8.8902423136e+01    1.1068779042e+02   -3.6183513657e+02    1.7234462834e+01    1.0240000000e+03    3.7115185987e-03    5.0541130515e-01
        52   -1.4505252231e+02    2.1042629915e+04   -2.3378847654e+02    8.8735954236e+01    1.1059595739e+02   -3.6165800706e+02    1.7273573125e+01    1.0240000000e+03    3.7368391640e-03    5.1036305147e-01
        53   -1.4496865152e+02    2.1018478211e+04   -2.3437601752e+02    8.9407365998e+01    1.1073300628e+02   -3.6229246837e+02    1.7183444573e+01    1.0240000000e+03    3.7196706980e-03    5.0759420956e-01
        54   -1.4502662971e+02    2.1035492640e+04   -2.3409190902e+02    8.9065279303e+01    1.1051356749e+02   -3.6238211796e+02    1.7776641460e+01    1.0240000000e+03    3.7196683697e-03    5.0750229779e-01
        55   -1.4495413180e+02    2.1014138338e+04   -2.3388543863e+02    8.8931306836e+01    1.1062500547e+02   -3.6256880640e+02    1.8058362294e+01    1.0240000000e+03    3.7271254696e-03    5.0636488971e-01
        56   -1.4504664003e+02    2.1041199966e+04   -2.3470610788e+02    8.9659467854e+01    1.1029959189e+02   -3.6130060175e+02    1.6294901983e+01    1.0240000000e+03    3.7234260235e-03    5.0757123162e-01
        57   -1.4503909721e+02    2.1038733279e+04   -2.3447118344e+02    8.9432086229e+01    1.1029781356e+02   -3.6134606162e+02    1.6577064618e+01    1.0240000000e+03    3.7259787787e-03    5.0517003676e-01
        58   -1.4501530962e+02    2.1032278298e+04   -2.3486705455e+02    8.9851744926e+01    1.1072376158e+02   -3.6229610584e+02    1.6705289710e+01    1.0240000000e+03    3.7425199989e-03    5.0917968750e-01
        59   -1.4493436511e+02    2.1008629955e+04   -2.3368013280e+02    8.8745767686e+01    1.1046255751e+02   -3.6222111892e+02    1.8078428615e+01    1.0240000000e+03    3.7115581799e-03    5.0753676471e-01
        60   -1.4499703456e+02    2.1026778669e+04   -2.3434855841e+02    8.9351523846e+01    1.1084544472e+02   -3.6291355793e+02    1.7719554799e+01    1.0240000000e+03    3.7302169949e-03    5.0867417279e-01
        61   -1.4504694713e+02    2.1041000216e+04   -2.3387670152e+02    8.8829754389e+01    1.1066404564e+02   -3.6272295896e+02    1.8182211793e+01    1.0240000000e+03    3.7290183827e-03    5.0707720588e-01
        62   -1.4496507653e+02    2.1017470891e+04   -2.3409935464e+02    8.9134278103e+01    1.1100331702e+02   -3.6343599743e+02    1.8333325773e+01    1.0240000000e+03    3.7263545673e-03    5.0381433824e-01
        63   -1.4506940480e+02    2.1047803832e+04   -2.3473763153e+02    8.9668226735e+01    1.1080723984e+02   -3.6220586861e+02    1.6660997240e+01    1.0240000000e+03    3.7288113963e-03    5.0636488971e-01
        64   -1.4496362332e+02    2.1017045647e+04   -2.3407890941e+02    8.9115286089e+01    1.1089848610e+02   -3.6252056078e+02    1.7543165277e+01    1.0240000000e+03    3.7363867741e-03    5.1007582721e-01
        65   -1.4503849878e+02    2.1038410514e+04   -2.3279221357e+02    8.7753714791e+01    1.1009800556e+02   -3.6128729403e+02    1.8397074895e+01    1.0240000000e+03    3.7281508557e-03    5.0809972426e-01
        66   -1.4495213560e+02    2.1013704370e+04   -2.3541749526e+02    9.0465359666e+01    1.1093450401e+02   -3.6333305466e+02    1.6981055385e+01    1.0240000000e+03    3.7348896731e-03    5.0826056985e-01
        67   -1.4490299094e+02    2.0999843729e+04   -2.3408990154e+02    8.9186910608e+01    1.1101396744e+02   -3.6323360536e+02    1.8129736384e+01    1.0240000000e+03    3.7184420507e-03    5.0527343750e-01
        68   -1.4501218502e+02    2.1031053708e+04   -2.3429071109e+02    8.9278526078e+01    1.1078889017e+02   -3.6267673252e+02    1.7597131250e+01    1.0240000000e+03    3.7267648149e-03    5.1002987132e-01
        69   -1.4501623739e+02    2.1032890432e+04   -2.3345676186e+02    8.8440524474e+01    1.1073196813e+02   -3.6183344111e+02    1.7644711118e+01    1.0240000000e+03    3.7381302100e-03    5.0641084559e-01
        70   -1.4498555636e+02    2.1022916710e+04   -2.3535240446e+02    9.0366848104e+01    1.1075733727e+02   -3.6357190637e+02    1.7462164634e+01    1.0240000000e+03    3.7152778823e-03    5.0749080882e-01
        71   -1.4502256983e+02    2.1034295791e+04   -2.3456058335e+02    8.9538013518e+01    1.1031828316e+02   -3.6275045103e+02    1.7871584522e+01    1.0240000000e+03    3.7205689587e-03    5.0893841912e-01
        72   -1.4496756677e+02    2.1018532328e+04   -2.3383963303e+02    8.8872066263e+01    1.1055361857e+02   -3.6195542570e+02    1.7562174095e+01    1.0240000000e+03    3.7182930391e-03    5.0678998162e-01
        73   -1.4501502642e+02    2.1032337994e+04   -2.3296716080e+02    8.7952134378e+01    1.1068728663e+02   -3.6061904792e+02    1.6964600487e+01    1.0240000000e+03    3.7219424266e-03    5.0913373162e-01
        74   -1.4499407205e+02    2.1026001356e+04   -2.3399606468e+02    8.9001992625e+01    1.1032345685e+02   -3.6219510374e+02    1.7875582209e+01    1.0240000000e+03    3.7168478593e-03    5.0729549632e-01
        75   -1.4495165571e+02    2.1014028594e+04   -2.3519765731e+02    9.0246001600e+01    1.1048813586e+02   -3.6207078296e+02    1.6384989785e+01    1.0240000000e+03    3.7224777043e-03    5.0700827206e-01
        76   -1.4495634735e+02    2.1014451657e+04   -2.3420968792e+02    8.9253340575e+01    1.1036934479e+02   -3.6152691912e+02    1.6947886413e+01    1.0240000000e+03    3.7341876887e-03    5.0812270221e-01
        77   -1.4502607537e+02    2.1035148660e+04   -2.3438025191e+02    8.9354176540e+01    1.1048060393e+02   -3.6171034556e+02    1.6849489715e+01    1.0240000000e+03    3.7356012035e-03    5.0788143382e-01
        78   -1.4498090100e+02    2.1021804109e+04   -2.3269993868e+02    8.7719037673e+01    1.1008524083e+02   -3.6026046058e+02    1.7475281068e+01    1.0240000000e+03    3.7415039260e-03    5.1069623162e-01
        79   -1.4494259378e+02    2.1010727513e+04   -2.3379401694e+02    8.8851423154e+01    1.1035872919e+02   -3.6140412283e+02    1.7251376705e+01    1.0240000000e+03    3.7143633235e-03    5.0658318015e-01
        80   -1.4495267801e+02    2.1013682119e+04   -2.3370237183e+02    8.8749693823e+01    1.1008036069e+02   -3.6103209326e+02    1.7249360742e+01    1.0240000000e+03    3.7183337845e-03    5.0695082721e-01
        81   -1.4496226349e+02    2.1016990151e+04   -2.3419015400e+02    8.9227890510e+01    1.1064296729e+02   -3.6303670407e+02    1.8203582789e+01    1.0240000000e+03    3.7297960371e-03    5.0557215074e-01
        82   -1.4493291903e+02    2.1007926539e+04   -2.3556187170e+02    9.0628952667e+01    1.1071733912e+02   -3.6355324466e+02    1.7274033849e+01    1.0240000000e+03    3.7268945016e-03    5.0421645221e-01
        83   -1.4490397941e+02    2.0999485625e+04   -2.3446697483e+02    8.9562995420e+01    1.1042317274e+02   -3.6125719792e+02    1.6367050353e+01    1.0240000000e+03    3.7382780574e-03    5.0867417279e-01
        84   -1.4496618084e+02    2.1017991839e+04   -2.3411655796e+02    8.9150377122e+01    1.1063473436e+02   -3.6270346869e+02    1.7952176374e+01    1.0240000000e+03    3.7270176690e-03    5.0829503676e-01
        85   -1.4505310055e+02    2.1042705481e+04   -2.3418398625e+02    8.9130885697e+01    1.1100312149e+02   -3.6228440980e+02    1.7097302059e+01    1.0240000000e+03    3.7329269107e-03    5.0678998162e-01
        86   -1.4496615649e+02    2.1017545567e+04   -2.3331653926e+02    8.8350382771e+01    1.1071397175e+02   -3.6125858746e+02    1.7228076442e+01    1.0240000000e+03    3.7052256521e-03    5.0406709559e-01
        87   -1.4498315317e+02    2.1023094722e+04   -2.3400083759e+02    8.9017684424e+01    1.1035911310e+02   -3.6203002071e+02    1.7670070020e+01    1.0240000000e+03    3.7367644254e-03    5.0859375000e-01
        88   -1.4503922341e+02    2.1038982546e+04   -2.3238122853e+02    8.7342005119e+01    1.1033911779e+02   -3.6041588799e+02    1.7695541677e+01    1.0240000000e+03    3.7272756454e-03    5.0693933824e-01
        89   -1.4485115636e+02    2.0983940322e+04   -2.3210800118e+02    8.7256844822e+01    1.0979385700e+02   -3.6006680873e+02    1.8164950553e+01    1.0240000000e+03    3.7200502120e-03    5.0753676471e-01
        90   -1.4509988601e+02    2.1057030748e+04   -2.3503849796e+02    8.9938611953e+01    1.1036442691e+02   -3.6295617274e+02    1.7553247863e+01    1.0240000000e+03    3.7323758006e-03    5.0943244485e-01
        91   -1.4495763777e+02    2.1014863741e+04   -2.3308398216e+02    8.8126344398e+01    1.1022902545e+02   -3.6053522634e+02    1.7222218726e+01    1.0240000000e+03    3.7223340478e-03    5.0571001838e-01
        92   -1.4499666963e+02    2.1026236753e+04   -2.3252645708e+02    8.7529787448e+01    1.1023061387e+02   -3.6084992330e+02    1.8092852351e+01    1.0240000000e+03    3.7259559613e-03    5.0765165441e-01
        93   -1.4490387350e+02    2.0999241625e+04   -2.3304440760e+02    8.8140534093e+01    1.1039929074e+02   -3.6095336631e+02    1.7509667977e+01    1.0240000000e+03    3.7246714346e-03    5.0589384191e-01
        94   -1.4500602013e+02    2.1029433518e+04   -2.3446044300e+02    8.9454422862e+01    1.1084788928e+02   -3.6189290789e+02    1.6584575607e+01    1.0240000000e+03    3.7275585346e-03    5.0539981618e-01
        95   -1.4502174409e+02    2.1034011123e+04   -2.3359884605e+02    8.8577101963e+01    1.1072179124e+02   -3.6174663599e+02    1.7425998702e+01    1.0240000000e+03    3.7224483676e-03    5.0812270221e-01
        96   -1.4495355605e+02    2.1014299171e+04   -2.3342345586e+02    8.8469899808e+01    1.1052561682e+02   -3.6211015021e+02    1.8161077533e+01    1.0240000000e+03    3.7176597398e-03    5.0581341912e-01
        97   -1.4496795690e+02    2.1018296782e+04   -2.3494942006e+02    8.9981463164e+01    1.1059266917e+02   -3.6292373498e+02    1.7381645751e+01    1.0240000000e+03    3.7357965484e-03    5.0781250000e-01
        98   -1.4506031687e+02    2.1044871940e+04   -2.3333627741e+02    8.8275960539e+01    1.1021517111e+02   -3.6108073602e+02    1.7529287497e+01    1.0240000000e+03    3.7338167895e-03    5.0681295956e-01
        99   -1.4495273520e+02    2.1013821899e+04   -2.3536977536e+02    9.0417040170e+01    1.1020557201e+02   -3.6201529633e+02    1.6439948956e+01    1.0240000000e+03    3.7231955212e-03    5.0924862132e-01
       100   -1.4505359868e+02    2.1045806684e+04   -2.3391313332e+02    8.8859534635e+01    1.1014551124e+02   -3.6161161060e+02    1.7552966047e+01    1.0240000000e+03    3.7157768384e-03    5.0909926471e-01
       101   -1.4504426986e+02    2.1040206612e+04   -2.3390499172e+02    8.8860721859e+01    1.1013097649e+02   -3.6104517570e+02    1.7009207488e+01    1.0240000000e+03    3.7183843087e-03    5.0835248162e-01
       102   -1.4503637822e+02    2.1038191969e+04   -2.3512557908e+02    9.0089200861e+01    1.1047694664e+02   -3.6345116814e+02    1.7848642418e+01    1.0240000000e+03    3.7199419457e-03    5.0466452206e-01
       103   -1.4494687511e+02    2.1012177604e+04   -2.3454217409e+02    8.9595298978e+01    1.1070473536e+02   -3.6249115346e+02    1.7244244007e+01    1.0240000000e+03    3.7430766970e-03    5.0814568015e-01
       104   -1.4500745046e+02    2.1029483180e+04   -2.3332195952e+02    8.8314509055e+01    1.1073683604e+02   -3.6114605828e+02    1.7087262722e+01    1.0240000000e+03    3.7292500492e-03    5.0948988971e-01
       105   -1.4494031382e+02    2.1010747717e+04   -2.3479671821e+02    8.9856404383e+01    1.1085965394e+02   -3.6221784236e+02    1.6561470215e+01    1.0240000000e+03    3.7395826075e-03    5.0873161765e-01
       106   -1.4494066072e+02    2.1009945731e+04   -2.3311102443e+02    8.8170363705e+01    1.1114232844e+02   -3.6170369652e+02    1.7450343653e+01    1.0240000000e+03    3.7304915022e-03    5.0730698529e-01
       107   -1.4494660683e+02    2.1011420325e+04   -2.3435498489e+02    8.9408378063e+01    1.1024468690e+02   -3.6112120196e+02    1.6521530169e+01    1.0240000000e+03    3.7170522846e-03    5.0533088235e-01
       108   -1.4494584399e+02    2.1011764879e+04   -2.3381733786e+02    8.8871493868e+01    1.1064555652e+02   -3.6146376793e+02    1.7000873550e+01    1.0240000000e+03    3.7426152267e-03    5.1079963235e-01
       109   -1.4507652869e+02    2.1049367461e+04   -2.3406569261e+02    8.8989163919e+01    1.1078851453e+02   -3.6271459287e+02    1.7860385719e+01    1.0240000000e+03    3.7256961223e-03    5.0863970588e-01
       110   -1.4496536388e+02    2.1017375498e+04   -2.3600469417e+02    9.1039330291e+01    1.1124634857e+02   -3.6454222953e+02    1.7291186787e+01    1.0240000000e+03    3.7143856753e-03    5.0666360294e-01
       111   -1.4497720502e+02    2.1021090105e+04   -2.3436131528e+02    8.9384110256e+01    1.1070919099e+02   -3.6353398060e+02    1.8463474335e+01    1.0240000000e+03    3.7014062982e-03    5.0375689338e-01
       112   -1.4498328969e+02    2.1022332530e+04   -2.3442866608e+02    8.9445376395e+01    1.1121629281e+02   -3.6389315310e+02    1.8248194200e+01    1.0240000000e+03    3.7237633951e-03    5.0729549632e-01
       113   -1.4495365600e+02    2.1013903110e+04   -2.3373126810e+02    8.8777612098e+01    1.1048988275e+02   -3.6190126374e+02    1.7680112894e+01    1.0240000000e+03    3.7054687273e-03    5.0430836397e-01
       114   -1.4499078327e+02    2.1024561881e+04   -2.3322661802e+02    8.8235834748e+01    1.1053832220e+02   -3.6082533345e+02    1.7060393228e+01    1.0240000000e+03    3.7151295692e-03    5.0807674632e-01
       115   -1.4501942627e+02    2.1033074112e+04   -2.3397919543e+02    8.8959769157e+01    1.1045321574e+02   -3.6097875864e+02    1.6546347466e+01    1.0240000000e+03    3.7281701807e-03    5.0575597426e-01
       116   -1.4500956755e+02    2.1030107096e+04   -2.3366116029e+02    8.8651592743e+01    1.1103030040e+02   -3.6223541444e+02    1.7543953754e+01    1.0240000000e+03    3.7294246722e-03    5.0650275735e-01
       117   -1.4507461292e+02    2.1049381393e+04   -2.3340288575e+02    8.8328272833e+01    1.1035321542e+02   -3.6053464612e+02    1.6778544956e+01    1.0240000000e+03    3.7146511022e-03    5.0573299632e-01
       118   -1.4504803445e+02    2.1041586393e+04   -2.3387530649e+02    8.8827272042e+01    1.1072024811e+02   -3.6202096982e+02    1.7425415213e+01    1.0240000000e+03    3.7243568804e-03    5.0783547794e-01
       119   -1.4503869485e+02    2.1039562819e+04   -2.3392394523e+02    8.8885250382e+01    1.1028808785e+02   -3.6161851364e+02    1.7406480555e+01    1.0240000000e+03    3.7249517627e-03    5.0872012868e-01
       120   -1.4492266487e+02    2.1005205882e+04   -2.3388281498e+02    8.8960150111e+01    1.1080627933e+02   -3.6304342567e+02    1.8354331358e+01    1.0240000000e+03    3.7147356197e-03    5.0474494485e-01
       121   -1.4500776508e+02    2.1029777658e+04   -2.3284110709e+02    8.7833342011e+01    1.1036552604e+02   -3.6147505652e+02    1.8268423390e+01    1.0240000000e+03    3.7120946217e-03    5.0844439338e-01
       122   -1.4502625250e+02    2.1035396581e+04   -2.3361611252e+02    8.8589860014e+01    1.1018114500e+02   -3.6183623571e+02    1.8038978191e+01    1.0240000000e+03    3.7074228749e-03    5.0642233456e-01
       123   -1.4498415730e+02    2.1023514200e+04   -2.3236654791e+02    8.7382390608e+01    1.1054040941e+02   -3.6136473437e+02    1.8457777052e+01    1.0240000000e+03    3.7207761779e-03    5.0745634191e-01
       124   -1.4501565585e+02    2.1032281574e+04   -2.3368576318e+02    8.8670107336e+01    1.1092364401e+02   -3.6256420485e+02    1.7954797660e+01    1.0240000000e+03    3.7330223713e-03    5.1001838235e-01
       125   -1.4509437838e+02    2.1054644958e+04   -2.3468828618e+02    8.9593907800e+01    1.1093520329e+02   -3.6289887160e+02    1.7275382136e+01    1.0240000000e+03    3.7293010391e-03    5.0700827206e-01
       126   -1.4490225547e+02    2.0999726961e+04   -2.3432665219e+02    8.9424396720e+01    1.1056772610e+02   -3.6161310036e+02    1.6718722078e+01    1.0240000000e+03    3.7121302448e-03    5.0574448529e-01
       127   -1.4496592862e+02    2.1017388102e+04   -2.3423282527e+02    8.9266896656e+01    1.1036797884e+02   -3.6177183741e+02    1.7171033298e+01    1.0240000000e+03    3.7100794725e-03    5.0490579044e-01
       128   -1.4502228124e+02    2.1033748168e+04   -2.3367149669e+02    8.8649215448e+01    1.1018043002e+02   -3.6076398749e+02    1.6912060785e+01    1.0240000000e+03    3.7251214962e-03    5.0593979779e-01
       129   -1.4490697089e+02    2.1000352259e+04   -2.3414897116e+02    8.9242000271e+01    1.1085318039e+02   -3.6236928621e+02    1.7367134657e+01    1.0240000000e+03    3.7450846285e-03    5.0874310662e-01
       130   -1.4494242619e+02    2.1011262380e+04   -2.3432936545e+02    8.9386939259e+01    1.1073047501e+02   -3.6327912589e+02    1.8219285432e+01    1.0240000000e+03    3.7370729260e-03    5.0696231618e-01
       131   -1.4503790805e+02    2.1038272151e+04   -2.3341283820e+02    8.8374930146e+01    1.1018946396e+02   -3.6093778141e+02    1.7335479262e+01    1.0240000000e+03    3.7283368874e-03    5.0691636029e-01
       132   -1.4498924578e+02    2.1024653979e+04   -2.3377813338e+02    8.8788887594e+01    1.1035012159e+02   -3.6227777710e+02    1.8149522135e+01    1.0240000000e+03    3.7224518601e-03    5.1024816176e-01
       133   -1.4505988819e+02    2.1045154540e+04   -2.3297580352e+02    8.7915915337e+01    1.1021997798e+02   -3.6210994953e+02    1.8914168034e+01    1.0240000000e+03    3.7198981736e-03    5.1025965074e-01
       134   -1.4498350565e+02    2.1022439935e+04   -2.3551939460e+02    9.0535888948e+01    1.1056300363e+02   -3.6315998478e+02    1.7077586555e+01    1.0240000000e+03    3.7082657218e-03    5.0784696691e-01
       135   -1.4483316294e+02    2.0985794928e+04   -2.3586789314e+02    9.1034730204e+01    1.1016126024e+02   -3.6281908898e+02    1.6789935599e+01    1.0240000000e+03    3.7131621502e-03    5.0927159926e-01
       136   -1.4495296057e+02    2.1013959583e+04   -2.3382144544e+02    8.8868484870e+01    1.1039423765e+02   -3.6092433166e+02    1.6708648573e+01    1.0240000000e+03    3.7206553388e-03    5.0814568015e-01
       137   -1.4494612626e+02    2.1012485015e+04   -2.3403105303e+02    8.9084926766e+01    1.1022716571e+02   -3.6213084601e+02    1.7872627266e+01    1.0240000000e+03    3.7268791348e-03    5.0651424632e-01
       138   -1.4508233730e+02    2.1051307750e+04   -2.3442952042e+02    8.9347183116e+01    1.1080326568e+02   -3.6196256766e+02    1.6729781569e+01    1.0240000000e+03    3.7288144231e-03    5.0695082721e-01
       139   -1.4491904429e+02    2.1005664877e+04   -2.3679713370e+02    9.1878089414e+01    1.1128297804e+02   -3.6496878625e+02    1.6888674498e+01    1.0240000000e+03    3.7315080408e-03    5.0623851103e-01
       140   -1.4502090876e+02    2.1033638728e+04   -2.3673434134e+02    9.1713432582e+01    1.1134237910e+02   -3.6475139368e+02    1.6674673241e+01    1.0240000000e+03    3.7247731816e-03    5.0628446691e-01
       141   -1.4504960931e+02    2.1042136080e+04   -2.3547595478e+02    9.0426345465e+01    1.1096478430e+02   -3.6352736567e+02    1.7086626586e+01    1.0240000000e+03    3.7398939021e-03    5.0803079044e-01
       142   -1.4504539716e+02    2.1040556098e+04   -2.3353870178e+02    8.8493304620e+01    1.1053255060e+02   -3.6189754947e+02    1.7826297088e+01    1.0240000000e+03    3.7222923711e-03    5.0522748162e-01
       143   -1.4496874355e+02    2.1018083766e+04   -2.3532800836e+02    9.0359264812e+01    1.1030968389e+02   -3.6314301934e+02    1.7505327092e+01    1.0240000000e+03    3.7044591736e-03    5.0753676471e-01
       144   -1.4489657954e+02    2.0997353432e+04   -2.3348314679e+02    8.8586567250e+01    1.1020873375e+02   -3.6207031107e+02    1.8378430522e+01    1.0240000000e+03    3.7112026475e-03    5.0712316176e-01
       145   -1.4506628637e+02    2.1046713089e+04   -2.3419475843e+02    8.9128472068e+01    1.1060160434e+02   -3.6250004718e+02    1.7703684408e+01    1.0240000000e+03    3.7162699737e-03    5.0737591912e-01
       146   -1.4497928433e+02    2.1021550002e+04   -2.3411498732e+02    8.9135702984e+01    1.1065807976e+02   -3.6113876446e+02    1.6365697386e+01    1.0240000000e+03    3.7102065980e-03    5.0720358456e-01
       147   -1.4496656249e+02    2.1017758378e+04   -2.3325709809e+02    8.8290535604e+01    1.1043920392e+02   -3.6226933606e+02    1.8573034043e+01    1.0240000000e+03    3.7137148902e-03    5.0580193015e-01
       148   -1.4502405782e+02    2.1034501122e+04   -2.3378920071e+02    8.8765142892e+01    1.1091669098e+02   -3.6280991862e+02    1.8104026929e+01    1.0240000000e+03    3.7210180890e-03    5.0646829044e-01
       149   -1.4503647206e+02    2.1038093965e+04   -2.3418835654e+02    8.9151884479e+01    1.1121170024e+02   -3.6304459503e+02    1.7644538258e+01    1.0240000000e+03    3.7082508206e-03    5.0469898897e-01
       150   -1.4499710515e+02    2.1026768052e+04   -2.3404750297e+02    8.9050397817e+01    1.1083284849e+02   -3.6148926216e+02    1.6608910704e+01    1.0240000000e+03    3.7223603576e-03    5.0579044118e-01
       151   -1.4503947465e+02    2.1039122617e+04   -2.3501864536e+02    8.9979170713e+01    1.1085236142e+02   -3.6189167442e+02    1.6020667642e+01    1.0240000000e+03    3.7349844351e-03    5.0662913603e-01
       152   -1.4493996238e+02    2.1010329372e+04   -2.3439648088e+02    8.9456518502e+01    1.1068547621e+02   -3.6184167109e+02    1.6759714002e+01    1.0240000000e+03    3.7318386603e-03    5.0499770221e-01
       153   -1.4495770728e+02    2.1014845063e+04   -2.3433281727e+02    8.9375109991e+01    1.1052367305e+02   -3.6205735049e+02    1.7200860167e+01    1.0240000000e+03    3.7350889761e-03    5.0803079044e-01
       154   -1.4498991926e+02    2.1024860322e+04   -2.3455808396e+02    8.9568164705e+01    1.1083562774e+02   -3.6298071523e+02    1.7587003528e+01    1.0240000000e+03    3.7305897567e-03    5.0677849265e-01
       155   -1.4493730470e+02    2.1009068688e+04   -2.3541754576e+02    9.0480241065e+01    1.1130252802e+02   -3.6374848109e+02    1.7028407301e+01    1.0240000000e+03    3.7196623161e-03    5.0714613971e-01
       156   -1.4495952925e+02    2.1015848861e+04   -2.3587386476e+02    9.0914335514e+01    1.1056020297e+02   -3.6378170374e+02    1.7347636007e+01    1.0240000000e+03    3.7325439043e-03    5.0450367647e-01
       157   -1.4500052752e+02    2.1027904072e+04   -2.3425918102e+02    8.9258653501e+01    1.1108647966e+02   -3.6174334413e+02    1.6397683456e+01    1.0240000000e+03    3.7256155629e-03    5.0626148897e-01
       158   -1.4490811651e+02    2.1000947316e+04   -2.3364192425e+02    8.8733807733e+01    1.1052183751e+02   -3.6162881968e+02    1.7465057932e+01    1.0240000000e+03    3.7223983090e-03    5.0818014706e-01
       159   -1.4488216091e+02    2.0993780469e+04   -2.3364214167e+02    8.8759980759e+01    1.1040386479e+02   -3.6134656654e+02    1.7300560082e+01    1.0240000000e+03    3.7209459115e-03    5.0713465074e-01
       160   -1.4499436403e+02    2.1026105062e+04   -2.3469178943e+02    8.9697425402e+01    1.1071541974e+02   -3.6293188791e+02    1.7524678731e+01    1.0240000000e+03    3.7135602906e-03    5.0603170956e-01
       161   -1.4494377719e+02    2.1010891831e+04   -2.3510189039e+02    9.0158113208e+01    1.1055193864e+02   -3.6287052601e+02    1.7216696978e+01    1.0240000000e+03    3.9954772219e-03    5.0983455882e-01
       162   -1.4506302014e+02    2.1046306522e+04   -2.3495475037e+02    8.9891730234e+01    1.1082852326e+02   -3.6246137313e+02    1.6678099490e+01    1.0240000000e+03    3.7678915542e-03    5.0448069853e-01
       163   -1.4482326687e+02    2.1008344389e+04   -2.3605957303e+02    9.1236306161e+01    1.1083759967e+02   -3.6304297702e+02    1.6145804314e+01    1.0240000000e+03    3.7451698445e-03    5.0880055147e-01
       164   -1.4508691477e+02    2.1052836735e+04   -2.3428546225e+02    8.9198547481e+01    1.1070033845e+02   -3.6151159437e+02    1.6525793666e+01    1.0240000000e+03    3.7423192989e-03    5.0765165441e-01
       165   -1.4501018683e+02    2.1030407320e+04   -2.3367924947e+02    8.8669062649e+01    1.1036442422e+02   -3.6128780109e+02    1.7244127399e+01    1.0240000000e+03    3.7079674657e-03    5.0494025735e-01
       166   -1.4492575624e+02    2.1006432100e+04   -2.3311031734e+02    8.8184561095e+01    1.1066680350e+02   -3.6079631172e+02    1.7019190878e+01    1.0240000000e+03    3.7207459100e-03    5.0800781250e-01
       167   -1.4504217150e+02    2.1039968683e+04   -2.3582769246e+02    9.0785520959e+01    1.1115446754e+02   -3.6369241995e+02    1.6710259948e+01    1.0240000000e+03    3.7350405473e-03    5.0816865809e-01
       168   -1.4496169713e+02    2.1016555636e+04   -2.3425857585e+02    8.9296878727e+01    1.1044079365e+02   -3.6204172344e+02    1.7342353935e+01    1.0240000000e+03    3.7350135390e-03    5.0858226103e-01
       169   -1.4505672754e+02    2.1043795836e+04   -2.3431953628e+02    8.9262808745e+01    1.1044933409e+02   -3.6249663124e+02    1.7727760871e+01    1.0240000000e+03    3.7236842327e-03    5.0880055147e-01
       170   -1.4501961750e+02    2.1033044297e+04   -2.3422516276e+02    8.9205545259e+01    1.1061832015e+02   -3.6179478028e+02    1.6951297379e+01    1.0240000000e+03    3.7119784392e-03    5.0335477941e-01
       171   -1.4496263691e+02    2.1016767650e+04   -2.3200552682e+02    8.7042889910e+01    1.0999671403e+02   -3.5928514504e+02    1.7282904186e+01    1.0240000000e+03    3.7317273673e-03    5.0776654412e-01
       172   -1.4501033239e+02    2.1030421170e+04   -2.3397224623e+02    8.8961913834e+01    1.1051089279e+02   -3.6144108069e+02    1.6957941670e+01    1.0240000000e+03    3.7160513457e-03    5.0571001838e-01
       173   -1.4498032372e+02    2.1022259970e+04   -2.3326626229e+02    8.8285938572e+01    1.1046395391e+02   -3.6134598831e+02    1.7615772112e+01    1.0240000000e+03    3.7286488805e-03    5.0635340074e-01
       174   -1.4496936531e+02    2.1018913988e+04   -2.3233709678e+02    8.7367731473e+01    1.0999501346e+02   -3.5974622306e+02    1.7414112811e+01    1.0240000000e+03    3.7172860466e-03    5.0693933824e-01
       175   -1.4500930714e+02    2.1030115921e+04   -2.3213726946e+02    8.7127962319e+01    1.1001621866e+02   -3.5888993583e+02    1.6736447708e+01    1.0240000000e+03    3.7208355498e-03    5.0900735294e-01
       176   -1.4501930769e+02    2.1034219961e+04   -2.3449022137e+02    8.9470913683e+01    1.1037626223e+02   -3.6211012122e+02    1.7243637617e+01    1.0240000000e+03    3.7413276732e-03    5.0981158088e-01
       177   -1.4498001524e+02    2.1021870974e+04   -2.3472936443e+02    8.9749349189e+01    1.1079238731e+02   -3.6392708655e+02    1.8405334804e+01    1.0240000000e+03    3.7336971145e-03    5.0755974265e-01
       178   -1.4495355514e+02    2.1013858455e+04   -2.3481999271e+02    8.9866437573e+01    1.1118100614e+02   -3.6388321751e+02    1.7882218651e+01    1.0240000000e+03    3.7170145661e-03    5.0588235294e-01
       179   -1.4495040877e+02    2.1013172650e+04   -2.3360465945e+02    8.8654250676e+01    1.1094184996e+02   -3.6257270873e+02    1.8026199326e+01    1.0240000000e+03    3.7237124052e-03    5.0695082721e-01
       180   -1.4487282228e+02    2.0990986325e+04   -2.3359441430e+02    8.8721592022e+01    1.1075361772e+02   -3.6178942115e+02    1.7441389138e+01    1.0240000000e+03    3.7334063090e-03    5.0760569853e-01
       181   -1.4493626679e+02    2.1009434153e+04   -2.3394035845e+02    8.9004091658e+01    1.1095801071e+02   -3.6368700539e+02    1.8788636236e+01    1.0240000000e+03    3.7192464806e-03    5.0722656250e-01
       182   -1.4495941550e+02    2.1015983283e+04   -2.3539278367e+02    9.0433368163e+01    1.1114773255e+02   -3.6447072077e+02    1.7930204548e+01    1.0240000000e+03    3.7301697303e-03    5.0665211397e-01
       183   -1.4503274094e+02    2.1036998762e+04   -2.3418938072e+02    8.9156639781e+01    1.1069988280e+02   -3.6178206573e+02    1.6892802211e+01    1.0240000000e+03    3.7217279896e-03    5.0519301471e-01
       184   -1.4492934442e+02    2.1006803006e+04   -2.3443873813e+02    8.9509393704e+01    1.1057685294e+02   -3.6202238601e+02    1.7006794949e+01    1.0240000000e+03    3.7230998278e-03    5.0483685662e-01
       185   -1.4496305343e+02    2.1016615419e+04   -2.3487336474e+02    8.9910311315e+01    1.1119359552e+02   -3.6439416562e+02    1.8327205360e+01    1.0240000000e+03    3.7197144702e-03    5.0525045956e-01
       186   -1.4492729584e+02    2.1006269016e+04   -2.3404958374e+02    8.9122287896e+01    1.1070926922e+02   -3.6198485521e+02    1.7226002256e+01    1.0240000000e+03    3.7268328015e-03    5.0659466912e-01
       187   -1.4497501689e+02    2.1020224299e+04   -2.3363289228e+02    8.8657875388e+01    1.1072992383e+02   -3.6145124275e+02    1.7088426642e+01    1.0240000000e+03    3.7198800128e-03    5.0458409926e-01
       188   -1.4493241176e+02    2.1008371131e+04   -2.3422274729e+02    8.9290335530e+01    1.1072968691e+02   -3.6187526604e+02    1.6922831845e+01    1.0240000000e+03    3.7252125330e-03    5.0695082721e-01
       189   -1.4501757300e+02    2.1033015009e+04   -2.3525860069e+02    9.0241027685e+01    1.1100594718e+02   -3.6322165308e+02    1.6957105205e+01    1.0240000000e+03    3.7466529757e-03    5.0731847426e-01
       190   -1.4491729716e+02    2.1003688038e+04   -2.3422424293e+02    8.9306945767e+01    1.1034727465e+02   -3.6223869623e+02    1.7667178656e+01    1.0240000000e+03    3.7214620970e-03    5.0471047794e-01
       191   -1.4499096829e+02    2.1024759312e+04   -2.3343998617e+02    8.8449017880e+01    1.0981567933e+02   -3.6090051437e+02    1.7644848866e+01    1.0240000000e+03    3.7265715655e-03    5.0811121324e-01
       192   -1.4493621464e+02    2.1009042311e+04   -2.3433396608e+02    8.9397751442e+01    1.1048179205e+02   -3.6303534220e+02    1.8219584065e+01    1.0240000000e+03    3.7158937193e-03    5.0755974265e-01
       193   -1.4491746268e+02    2.1003477993e+04   -2.3416403506e+02    8.9246572383e+01    1.1091537191e+02   -3.6173854388e+02    1.6659136905e+01    1.0240000000e+03    3.7283420097e-03    5.0775505515e-01
       194   -1.4491709192e+02    2.1003917588e+04   -2.3450235426e+02    8.9585262335e+01    1.1102521012e+02   -3.6407307327e+02    1.8545508894e+01    1.0240000000e+03    3.7231598981e-03    5.0707720588e-01
       195   -1.4495848807e+02    2.1015723851e+04   -2.3399689236e+02    8.9038404294e+01    1.1109710346e+02   -3.6328737009e+02    1.8193374271e+01    1.0240000000e+03    3.7190031726e-03    5.0741038603e-01
       196   -1.4496986096e+02    2.1019170836e+04   -2.3619843593e+02    9.1228574972e+01    1.1121738328e+02   -3.6511981571e+02    1.7703996502e+01    1.0240000000e+03    3.7375341635e-03    5.0863970588e-01
       197   -1.4497862544e+02    2.1021008801e+04   -2.3391824490e+02    8.8939619462e+01    1.1063387947e+02   -3.6147566361e+02    1.6923539247e+01    1.0240000000e+03    3.7142208312e-03    5.0490579044e-01
       198   -1.4495020249e+02    2.1013286997e+04   -2.3429151059e+02    8.9341308095e+01    1.1049645977e+02   -3.6264600920e+02    1.7858038851e+01    1.0240000000e+03    3.7128820550e-03    5.0630744485e-01
       199   -1.4489981575e+02    2.0998284464e+04   -2.3426993272e+02    8.9370116966e+01    1.1073104341e+02   -3.6279319557e+02    1.7792219435e+01    1.0240000000e+03    3.7042424083e-03    5.0498621324e-01
       200   -1.4495371586e+02    2.1013886944e+04   -2.3600528109e+02    9.1051565227e+01    1.1071235867e+02   -3.6418287341e+02    1.7465233646e+01    1.0240000000e+03    3.7240313832e-03    5.0747931985e-01
       201   -1.4493118403e+02    2.1007662168e+04   -2.3473932014e+02    8.9808136111e+01    1.1038132461e+02   -3.6222903674e+02    1.7108391985e+01    1.0240000000e+03    3.7220770027e-03    5.0832950368e-01
       202   -1.4497742864e+02    2.1020745780e+04   -2.3317598961e+02    8.8198560968e+01    1.1016313968e+02   -3.6178421902e+02    1.8445089728e+01    1.0240000000e+03    3.7113660946e-03    5.0696231618e-01
       203   -1.4506854748e+02    2.1048094477e+04   -2.3340343622e+02    8.8334888742e+01    1.1025735408e+02   -3.6104546418e+02    1.7384673879e+01    1.0240000000e+03    3.7143370137e-03    5.0876608456e-01
       204   -1.4508444918e+02    2.1054403832e+04   -2.3487979508e+02    8.9795345900e+01    1.1045679239e+02   -3.6261505108e+02    1.7278463612e+01    1.0240000000e+03    3.7157263141e-03    5.0929457721e-01
       205   -1.4493844279e+02    2.1009590356e+04   -2.3185262321e+02    8.6914180422e+01    1.0980832861e+02   -3.5878829119e+02    1.7127339359e+01    1.0240000000e+03    3.7177077029e-03    5.0850183824e-01
       206   -1.4486162844e+02    2.0987807266e+04   -2.3416031870e+02    8.9298690262e+01    1.1040993502e+02   -3.6241298091e+02    1.7842727186e+01    1.0240000000e+03    3.7316833623e-03    5.0868566176e-01
       207   -1.4487369242e+02    2.0990780011e+04   -2.3545842431e+02    9.0584731895e+01    1.1087602236e+02   -3.6366808598e+02    1.7333639304e+01    1.0240000000e+03    3.7148098927e-03    5.0464154412e-01
       208   -1.4493122289e+02    2.1007627632e+04   -2.3530756034e+02    9.0376337452e+01    1.1104832510e+02   -3.6358391542e+02    1.7228029984e+01    1.0240000000e+03    3.7243550178e-03    5.1093750000e-01
       209   -1.4495605709e+02    2.1014798797e+04   -2.3183666747e+02    8.6880610385e+01    1.1016379595e+02   -3.5914202488e+02    1.7141561456e+01    1.0240000000e+03    3.7310109474e-03    5.0836397059e-01
       210   -1.4492686062e+02    2.1006680425e+04   -2.3388554775e+02    8.8958687128e+01    1.1028399238e+02   -3.6056534332e+02    1.6395803191e+01    1.0240000000e+03    3.7250025198e-03    5.0544577206e-01
       211   -1.4502833100e+02    2.1035768600e+04   -2.3468229491e+02    8.9653963919e+01    1.1076519439e+02   -3.6266080877e+02    1.7213319460e+01    1.0240000000e+03    3.7283762358e-03    5.0877757353e-01
       212   -1.4493900452e+02    2.1009672455e+04   -2.3445301018e+02    8.9514005666e+01    1.1142680403e+02   -3.6393849030e+02    1.8058676086e+01    1.0240000000e+03    3.7249813322e-03    5.0699678309e-01
       213   -1.4473799687e+02    2.1033559790e+04   -2.3074750678e+02    8.6009509916e+01    1.1057230493e+02   -3.6142904698e+02    2.0109235276e+01    1.0240000000e+03    3.7265028805e-03    5.0665211397e-01
       214   -1.4496355156e+02    2.1016817136e+04   -2.3278923245e+02    8.7825680882e+01    1.1091746573e+02   -3.6154085902e+02    1.7834160845e+01    1.0240000000e+03    3.7068189122e-03    5.0657169118e-01
       215   -1.4495128348e+02    2.1013576061e+04   -2.3391811131e+02    8.8966827827e+01    1.1069944891e+02   -3.6217294159e+02    1.7555381378e+01    1.0240000000e+03    3.7050303072e-03    5.0590533088e-01
       216   -1.4497114570e+02    2.1018772650e+04   -2.3329367717e+02    8.8322531474e+01    1.1048676644e+02   -3.6086147197e+02    1.7081028354e+01    1.0240000000e+03    3.7112277932e-03    5.0899586397e-01
       217   -1.4498003368e+02    2.1021682931e+04   -2.3408014095e+02    8.9100107272e+01    1.1050177534e+02   -3.6140630024e+02    1.6824383951e+01    1.0240000000e+03    3.7163859233e-03    5.0696231618e-01
       218   -1.4500958345e+02    2.1031075336e+04   -2.3490520011e+02    8.9895616656e+01    1.1086037544e+02   -3.6288931143e+02    1.7123735882e+01    1.0240000000e+03    3.7193612661e-03    5.0719209559e-01
       219   -1.4493892666e+02    2.1009798798e+04   -2.3557948449e+02    9.0640557829e+01    1.1103663828e+02   -3.6324047946e+02    1.6624356689e+01    1.0240000000e+03    3.7150499411e-03    5.0431985294e-01
       220   -1.4490677803e+02    2.1001216688e+04   -2.3484511102e+02    8.9938332995e+01    1.1089053655e+02   -3.6452758052e+02    1.8791932951e+01    1.0240000000e+03    3.7224737462e-03    5.0793887868e-01
       221   -1.4503315408e+02    2.1037059193e+04   -2.3752375764e+02    9.2490603561e+01    1.1113626040e+02   -3.6584041334e+02    1.7180395301e+01    1.0240000000e+03    3.7241014652e-03    5.0510110294e-01
       222   -1.4497202657e+02    2.1019299144e+04   -2.3362414736e+02    8.8652120792e+01    1.1049912184e+02   -3.6097977514e+02    1.6856505943e+01    1.0240000000e+03    3.7354908418e-03    5.0950137868e-01
       223   -1.4497386438e+02    2.1019697749e+04   -2.3442760859e+02    8.9453744207e+01    1.1029376986e+02   -3.6127391665e+02    1.6552538204e+01    1.0240000000e+03    3.7319082767e-03    5.0842141544e-01
       224   -1.4504552598e+02    2.1041918175e+04   -2.3440578709e+02    8.9360261112e+01    1.1099448545e+02   -3.6264341185e+02    1.7243139310e+01    1.0240000000e+03    3.7162906956e-03    5.0458409926e-01
       225   -1.4495262853e+02    2.1013527774e+04   -2.3361310442e+02    8.8660475894e+01    1.1066253921e+02   -3.6251318662e+02    1.8237542989e+01    1.0240000000e+03    3.7224669941e-03    5.0799632353e-01
       226   -1.4498252544e+02    2.1023135258e+04   -2.3531580915e+02    9.0333283705e+01    1.1119110175e+02   -3.6411526819e+02    1.7608357290e+01    1.0240000000e+03    3.7294602953e-03    5.0712316176e-01
       227   -1.4491038825e+02    2.1002287200e+04   -2.3614978902e+02    9.1239400763e+01    1.1093639524e+02   -3.6512071072e+02    1.8034526466e+01    1.0240000000e+03    3.7266467698e-03    5.0699678309e-01
       228   -1.4500241219e+02    2.1028153369e+04   -2.3515387349e+02    9.0151461301e+01    1.1106763369e+02   -3.6281092980e+02    1.6589422618e+01    1.0240000000e+03    3.7215936463e-03    5.0951286765e-01
       229   -1.4495666141e+02    2.1014859895e+04   -2.3443774187e+02    8.9481080461e+01    1.1050603581e+02   -3.6191410468e+02    1.6970327002e+01    1.0240000000e+03    3.7168127019e-03    5.0869715074e-01
       230   -1.4501634816e+02    2.1032733149e+04   -2.3372270390e+02    8.8706355732e+01    1.1051788519e+02   -3.6140740140e+02    1.7166812315e+01    1.0240000000e+03    3.7183314562e-03    5.0721507353e-01
       231   -1.4497256886e+02    2.1019600049e+04   -2.3387019880e+02    8.8897629934e+01    1.1065172194e+02   -3.6231748286e+02    1.7795562131e+01    1.0240000000e+03    3.7026393693e-03    5.0498621324e-01
       232   -1.4499157699e+02    2.1025482913e+04   -2.3350366201e+02    8.8512085020e+01    1.1029859250e+02   -3.6056608685e+02    1.6763832343e+01    1.0240000000e+03    3.7226448767e-03    5.0828354779e-01
       233   -1.4485332965e+02    2.0985750419e+04   -2.3427556791e+02    8.9422238261e+01    1.1039534979e+02   -3.6092255646e+02    1.6251638761e+01    1.0240000000e+03    3.7147165276e-03    5.0693933824e-01
       234   -1.4492180102e+02    2.1004588614e+04   -2.3345356715e+02    8.8531766134e+01    1.1039462837e+02   -3.6172430349e+02    1.7876107970e+01    1.0240000000e+03    3.7212623283e-03    5.0873161765e-01
       235   -1.4488064907e+02    2.0992585417e+04   -2.3419357622e+02    8.9312927142e+01    1.1062006737e+02   -3.6200289190e+02    1.7189248311e+01    1.0240000000e+03    3.7177137565e-03    5.0681295956e-01
       236   -1.4499357518e+02    2.1025317808e+04   -2.3411249592e+02    8.9118920741e+01    1.1056979518e+02   -3.6099801915e+02    1.6315728044e+01    1.0240000000e+03    3.7314961664e-03    5.0803079044e-01
       237   -1.4493244551e+02    2.1007551399e+04   -2.3292197090e+02    8.7989525389e+01    1.1045316852e+02   -3.6100633663e+02    1.7631197212e+01    1.0240000000e+03    3.8182260469e-03    5.0764016544e-01
       238   -1.4495829429e+02    2.1022348020e+04   -2.3328001078e+02    8.8321716493e+01    1.1041535278e+02   -3.6032695708e+02    1.6631593512e+01    1.0240000000e+03    3.7722189445e-03    5.0657169118e-01
       239   -1.4487045171e+02    2.0990267858e+04   -2.3437285889e+02    8.9502407171e+01    1.1024196321e+02   -3.6258409134e+02    1.7969269242e+01    1.0240000000e+03    3.7990170531e-03    5.1161534926e-01
       240   -1.4497733789e+02    2.1020586387e+04   -2.3259328631e+02    8.7615948418e+01    1.1015520136e+02   -3.6065188262e+02    1.7903394950e+01    1.0240000000e+03    3.7658794317e-03    5.0645680147e-01
       241   -1.4501363435e+02    2.1031918807e+04   -2.3412084380e+02    8.9107209451e+01    1.1050819360e+02   -3.6178632054e+02    1.7157283135e+01    1.0240000000e+03    3.7353294902e-03    5.0599724265e-01
       242   -1.4500600337e+02    2.1030082751e+04   -2.3607192185e+02    9.1065918482e+01    1.1122067466e+02   -3.6398493692e+02    1.6692340415e+01    1.0240000000e+03    3.7289033644e-03    5.0575597426e-01
       243   -1.4504722968e+02    2.1041424737e+04   -2.3414183811e+02    8.9094608427e+01    1.1085728819e+02   -3.6235990855e+02    1.7360782257e+01    1.0240000000e+03    3.7311697379e-03    5.0588235294e-01
       244   -1.4495017146e+02    2.1012510787e+04   -2.3371241831e+02    8.8762246849e+01    1.1106127132e+02   -3.6320163980e+02    1.8427950170e+01    1.0240000000e+03    3.7247054279e-03    5.0836397059e-01
       245   -1.4494010230e+02    2.1011035631e+04   -2.3490133180e+02    8.9961229497e+01    1.1078996199e+02   -3.6259876444e+02    1.6907470656e+01    1.0240000000e+03    3.7114804145e-03    5.0315946691e-01
       246   -1.4509202567e+02    2.1053976096e+04   -2.3406881812e+02    8.8976792446e+01    1.1086120548e+02   -3.6146866739e+02    1.6538643800e+01    1.0240000000e+03    3.7181028165e-03    5.0556066176e-01
       247   -1.4500431215e+02    2.1029393643e+04   -2.3381040536e+02    8.8806093214e+01    1.1096726736e+02   -3.6177189341e+02    1.6994220694e+01    1.0240000000e+03    3.7137491163e-03    5.0662913603e-01
       248   -1.4498449885e+02    2.1024351722e+04   -2.3440018043e+02    8.9415681581e+01    1.1074434327e+02   -3.6273882248e+02    1.7594298779e+01    1.0240000000e+03    3.7094741128e-03    5.0507812500e-01
       249   -1.4503702437e+02    2.1038433886e+04   -2.3381904065e+02    8.8782016275e+01    1.1055723595e+02   -3.6241168960e+02    1.8035413012e+01    1.0240000000e+03    3.7227303255e-03    5.0897288603e-01
       250   -1.4501809663e+02    2.1032517760e+04   -2.3252580723e+02    8.7507710601e+01    1.1031805189e+02   -3.6001720343e+02    1.7173344311e+01    1.0240000000e+03    3.7113172002e-03    5.0688189338e-01
       251   -1.4498934439e+02    2.1024411031e+04   -2.3300250358e+02    8.8013159189e+01    1.1017332568e+02   -3.5989586710e+02    1.6720037846e+01    1.0240000000e+03    3.6909251940e-03    5.0431985294e-01
       252   -1.4492446184e+02    2.1005356062e+04   -2.3229785258e+02    8.7373390742e+01    1.1076603077e+02   -3.5981491460e+02    1.6751031248e+01    1.0240000000e+03    3.7267764565e-03    5.0965073529e-01
       253   -1.4497230144e+02    2.1019463331e+04   -2.3327070808e+02    8.8298406644e+01    1.1095091850e+02   -3.6146999143e+02    1.7248364846e+01    1.0240000000e+03    3.7270062603e-03    5.1039751838e-01
       254   -1.4486508287e+02    2.0989901648e+04   -2.3113909475e+02    8.6274011882e+01    1.1000680941e+02   -3.5934912829e+02    1.8203224127e+01    1.0240000000e+03    3.7131861318e-03    5.0744485294e-01
       255   -1.4495744298e+02    2.1015088058e+04   -2.3222174503e+02    8.7264302048e+01    1.1007405839e+02   -3.5950966282e+02    1.7213859406e+01    1.0240000000e+03    3.7268241867e-03    5.0816865809e-01
       256   -1.4497413425e+02    2.1020473955e+04   -2.3398945774e+02    8.9015323493e+01    1.1050620560e+02   -3.6140798430e+02    1.6912320950e+01    1.0240000000e+03    3.7107244134e-03    5.0637637868e-01
       257   -1.4491347475e+02    2.1003671132e+04   -2.3483637727e+02    8.9922902519e+01    1.1065244594e+02   -3.6179939433e+02    1.6310571112e+01    1.0240000000e+03    3.7356023677e-03    5.0757123162e-01
       258   -1.4493073236e+02    2.1007217855e+04   -2.3360125243e+02    8.8670520073e+01    1.1044027750e+02   -3.6177113204e+02    1.7729602104e+01    1.0240000000e+03    3.6943836603e-03    5.0634191176e-01
       259   -1.4497408632e+02    2.1019608314e+04   -2.3289924244e+02    8.7925156121e+01    1.1014085132e+02   -3.6087467883e+02    1.7834585077e+01    1.0240000000e+03    3.6970688961e-03    5.0564108456e-01
       260   -1.4496609827e+02    2.1017803796e+04   -2.3479077112e+02    8.9824672850e+01    1.1073357479e+02   -3.6353182218e+02    1.8007476282e+01    1.0240000000e+03    3.7258325610e-03    5.0816865809e-01
       261   -1.4490473613e+02    2.0999704220e+04   -2.3423430554e+02    8.9329569409e+01    1.1063842032e+02   -3.6249399115e+02    1.7621265294e+01    1.0240000000e+03    3.7204532418e-03    5.0687040441e-01
       262   -1.4502591577e+02    2.1034594307e+04   -2.3259848143e+02    8.7572565661e+01    1.1042863196e+02   -3.6182876145e+02    1.8801648062e+01    1.0240000000e+03    3.7061222829e-03    5.0582490809e-01
       263   -1.4500918948e+02    2.1030120360e+04   -2.3369806456e+02    8.8688875082e+01    1.1053598680e+02   -3.6146015922e+02    1.7226107853e+01    1.0240000000e+03    3.7316095550e-03    5.0930606618e-01
       264   -1.4509127433e+02    2.1054612197e+04   -2.3363285206e+02    8.8541577731e+01    1.1073253032e+02   -3.6175132363e+02    1.7385941252e+01    1.0240000000e+03    3.7202427629e-03    5.0960477941e-01
       265   -1.4492835110e+02    2.1007054572e+04   -2.3483727450e+02    8.9908923398e+01    1.1083252235e+02   -3.6269686527e+02    1.7027068422e+01    1.0240000000e+03    3.7274609786e-03    5.0889246324e-01
       266   -1.4503551192e+02    2.1038418968e+04   -2.3376986703e+02    8.8734355110e+01    1.1048847767e+02   -3.6023209505e+02    1.5973750353e+01    1.0240000000e+03    3.7233843468e-03    5.0777803309e-01
       267   -1.4506416776e+02    2.1046511804e+04   -2.3431664142e+02    8.9252473662e+01    1.1039945972e+02   -3.6222988291e+02    1.7513781769e+01    1.0240000000e+03    3.7345609162e-03    5.1007582721e-01
       268   -1.4504976895e+02    2.1041594162e+04   -2.3287993520e+02    8.7830166253e+01    1.1021366611e+02   -3.6114798202e+02    1.8054380712e+01    1.0240000000e+03    3.7234737538e-03    5.0829503676e-01
       269   -1.4499341615e+02    2.1025617966e+04   -2.3449792934e+02    8.9504513187e+01    1.1051929541e+02   -3.6269578108e+02    1.7678556328e+01    1.0240000000e+03    3.7138625048e-03    5.0815716912e-01
       270   -1.4495987268e+02    2.1016403262e+04   -2.3352397201e+02    8.8564099323e+01    1.1096961834e+02   -3.6181087089e+02    1.7317280536e+01    1.0240000000e+03    3.7110657431e-03    5.0442325368e-01
       271   -1.4493963073e+02    2.1010084691e+04   -2.3460285579e+02    8.9663225053e+01    1.1129073705e+02   -3.6392599434e+02    1.8032401504e+01    1.0240000000e+03    3.7125856616e-03    5.0795036765e-01
       272   -1.4499725155e+02    2.1026509342e+04   -2.3558604398e+02    9.0588792425e+01    1.1110152923e+02   -3.6547615240e+02    1.8788579194e+01    1.0240000000e+03    3.7146529648e-03    5.0505514706e-01
       273   -1.4489959702e+02    2.0998428101e+04   -2.3494072495e+02    9.0041127927e+01    1.1116400140e+02   -3.6342481620e+02    1.7320089854e+01    1.0240000000e+03    3.7333660293e-03    5.0649126838e-01
       274   -1.4498201634e+02    2.1022617076e+04   -2.3448933017e+02    8.9507313829e+01    1.1123806583e+02   -3.6370946208e+02    1.7982066079e+01    1.0240000000e+03    3.7014991976e-03    5.0382582721e-01
       275   -1.4494389233e+02    2.1011023492e+04   -2.3424273165e+02    8.9298839322e+01    1.1102939515e+02   -3.6396709333e+02    1.8694966524e+01    1.0240000000e+03    3.7229428999e-03    5.0996093750e-01
       276   -1.4502772363e+02    2.1035655053e+04   -2.3297874405e+02    8.7951020420e+01    1.1083296896e+02   -3.6124524407e+02    1.7433531059e+01    1.0240000000e+03    3.7304705475e-03    5.0888097426e-01
       277   -1.4499955498e+02    2.1027512534e+04   -2.3416334318e+02    8.9163788201e+01    1.1046571140e+02   -3.6181519753e+02    1.7186142946e+01    1.0240000000e+03    3.7254241761e-03    5.0765165441e-01
       278   -1.4498187315e+02    2.1022524129e+04   -2.3295296186e+02    8.7971088716e+01    1.0999074821e+02   -3.5990551574e+02    1.6961805666e+01    1.0240000000e+03    3.7255783100e-03    5.0768612132e-01
       279   -1.4501897659e+02    2.1032941148e+04   -2.3237505746e+02    8.7356080878e+01    1.1031897291e+02   -3.6002066153e+02    1.7326631159e+01    1.0240000000e+03    3.7120382767e-03    5.0621553309e-01
       280   -1.4506899097e+02    2.1048129279e+04   -2.3402590802e+02    8.8956917051e+01    1.1067499518e+02   -3.6175257509e+02    1.7051671879e+01    1.0240000000e+03    3.7198713981e-03    5.0759420956e-01
       281   -1.4505564951e+02    2.1043438765e+04   -2.3478898391e+02    8.9733334397e+01    1.1122344054e+02   -3.6373308606e+02    1.7720661615e+01    1.0240000000e+03    3.7215207703e-03    5.0587086397e-01
       282   -1.4506582525e+02    2.1046965580e+04   -2.3396299548e+02    8.8897170223e+01    1.1068257138e+02   -3.6169593744e+02    1.7050370593e+01    1.0240000000e+03    3.7208921276e-03    5.0683593750e-01
       283   -1.4504843715e+02    2.1041777141e+04   -2.3535446673e+02    9.0306029588e+01    1.1056143330e+02   -3.6218455403e+02    1.6268653995e+01    1.0240000000e+03    3.7350591738e-03    5.0815716912e-01
       284   -1.4503750752e+02    2.1038538358e+04   -2.3426919397e+02    8.9231686448e+01    1.1055266132e+02   -3.6347786548e+02    1.8656010185e+01    1.0240000000e+03    3.7187701091e-03    5.0811121324e-01
       285   -1.4494785265e+02    2.1012673968e+04   -2.3608516154e+02    9.1137308897e+01    1.1125755243e+02   -3.6508203015e+02    1.7739316179e+01    1.0240000000e+03    3.7162406370e-03    5.0670955882e-01
       286   -1.4499015836e+02    2.1024244515e+04   -2.3448150706e+02    8.9491348697e+01    1.1112837618e+02   -3.6357638961e+02    1.7966506373e+01    1.0240000000e+03    3.7356442772e-03    5.0706571691e-01
       287   -1.4499436192e+02    2.1025743115e+04   -2.3546135616e+02    9.0466994239e+01    1.1141263917e+02   -3.6503630742e+02    1.8162312089e+01    1.0240000000e+03    3.7192795426e-03    5.0620404412e-01
       288   -1.4508448876e+02    2.1051896582e+04   -2.3398898856e+02    8.8904499798e+01    1.1061345268e+02   -3.6186201521e+02    1.7259573970e+01    1.0240000000e+03    3.7179945502e-03    5.0599724265e-01
       289   -1.4496535292e+02    2.1017520422e+04   -2.3465915071e+02    8.9693797793e+01    1.1034163774e+02   -3.6183152306e+02    1.6830734601e+01    1.0240000000e+03    3.7150688004e-03    5.0410156250e-01
       290   -1.4502509405e+02    2.1035988435e+04   -2.3365241851e+02    8.8627324453e+01    1.1045083949e+02   -3.6291680605e+02    1.8813548048e+01    1.0240000000e+03    3.7350861821e-03    5.1237362132e-01
       291   -1.4495586386e+02    2.1015144061e+04   -2.3537082184e+02    9.0414957979e+01    1.1058298604e+02   -3.6273264260e+02    1.6778834724e+01    1.0240000000e+03    3.7405029871e-03    5.0710018382e-01
       292   -1.4501784471e+02    2.1032354746e+04   -2.3444204318e+02    8.9424198475e+01    1.1064996736e+02   -3.6241788179e+02    1.7325871251e+01    1.0240000000e+03    3.7433614489e-03    5.0904181985e-01
       293   -1.4495191250e+02    2.1013282679e+04   -2.3379767674e+02    8.8845764235e+01    1.1058262727e+02   -3.6083128393e+02    1.6450979925e+01    1.0240000000e+03    3.7261222024e-03    5.0746783088e-01
       294   -1.4499466454e+02    2.1025904212e+04   -2.3407249647e+02    8.9077831924e+01    1.1090971757e+02   -3.6366313142e+02    1.8680917384e+01    1.0240000000e+03    3.7039245944e-03    5.0492876838e-01
       295   -1.4498064379e+02    2.1021786144e+04   -2.3518315755e+02    9.0202513759e+01    1.1117605574e+02   -3.6337887402e+02    1.7019660738e+01    1.0240000000e+03    3.7194343749e-03    5.0629595588e-01
       296   -1.4500388536e+02    2.1028658451e+04   -2.3567524788e+02    9.0671362516e+01    1.1120861661e+02   -3.6441537081e+02    1.7531506324e+01    1.0240000000e+03    3.7226676941e-03    5.0761718750e-01
       297   -1.4493734306e+02    2.1009073662e+04   -2.3438497527e+02    8.9447632208e+01    1.1073091938e+02   -3.6313832823e+02    1.8022433578e+01    1.0240000000e+03    3.7228101864e-03    5.0479090074e-01
       298   -1.4503710240e+02    2.1038252981e+04   -2.3325808553e+02    8.8220983138e+01    1.1024806750e+02   -3.6080904499e+02    1.7302891955e+01    1.0240000000e+03    3.7248788867e-03    5.0926011029e-01
       299   -1.4493084347e+02    2.1007772653e+04   -2.3302237491e+02    8.8091531438e+01    1.0995099748e+02   -3.6171284081e+02    1.8739468415e+01    1.0240000000e+03    3.7063038908e-03    5.0761718750e-01
       300   -1.4502823145e+02    2.1035752271e+04   -2.3275595557e+02    8.7727724116e+01    1.1029939419e+02   -3.5973294084e+02    1.6677591086e+01    1.0240000000e+03    3.7072259001e-03    5.0680147059e-01
       301   -1.4494316416e+02    2.1011103360e+04   -2.3320134624e+02    8.8258182075e+01    1.0956443481e+02   -3.5875696007e+02    1.5991179022e+01    1.0240000000e+03    3.7293862551e-03    5.0947840074e-01
       302   -1.4490877235e+02    2.1000925790e+04   -2.3371659518e+02    8.8807822833e+01    1.1053712312e+02   -3.6162833527e+02    1.7374616970e+01    1.0240000000e+03    3.7158383057e-03    5.0986902574e-01
       303   -1.4493862234e+02    2.1009605523e+04   -2.3435006640e+02    8.9411444066e+01    1.1052523211e+02   -3.6200397933e+02    1.7128680810e+01    1.0240000000e+03    3.7186441477e-03    5.0886948529e-01
       304   -1.4496530405e+02    2.1017539594e+04   -2.3423151931e+02    8.9266215262e+01    1.1059370927e+02   -3.6192448221e+02    1.7099253623e+01    1.0240000000e+03    3.7171347067e-03    5.0820312500e-01
       305   -1.4488665237e+02    2.0994891952e+04   -2.3482149407e+02    8.9934841700e+01    1.1027163595e+02   -3.6281389804e+02    1.7720768023e+01    1.0240000000e+03    3.7096284796e-03    5.0712316176e-01
       306   -1.4497391521e+02    2.1020122341e+04   -2.3391005604e+02    8.8936140835e+01    1.1069407993e+02   -3.6106412656e+02    1.6459990584e+01    1.0240000000e+03    3.7155167665e-03    5.0388327206e-01
       307   -1.4499671225e+02    2.1026416478e+04   -2.3377367247e+02    8.8776960227e+01    1.1039622144e+02   -3.6073082463e+02    1.6560930720e+01    1.0240000000e+03    3.7048070226e-03    5.0506663603e-01
       308   -1.4498703529e+02    2.1024139882e+04   -2.3632234619e+02    9.1335310902e+01    1.1063636766e+02   -3.6297743322e+02    1.6018719372e+01    1.0240000000e+03    3.7161875516e-03    5.0795036765e-01
       309   -1.4496728302e+02    2.1018217087e+04   -2.3403553097e+02    8.9068247955e+01    1.1017573671e+02   -3.6168267860e+02    1.7471410915e+01    1.0240000000e+03    3.7043343764e-03    5.0791590074e-01
       310   -1.4509646122e+02    2.1055959710e+04   -2.3543358251e+02    9.0337121289e+01    1.1078283159e+02   -3.6247899749e+02    1.6262583391e+01    1.0240000000e+03    3.7104089279e-03    5.0757123162e-01
       311   -1.4502005836e+02    2.1034641607e+04   -2.3358447340e+02    8.8564415035e+01    1.1063824811e+02   -3.6332356978e+02    1.9100848272e+01    1.0240000000e+03    3.7241338287e-03    5.0602022059e-01
       312   -1.4500371037e+02    2.1028584759e+04   -2.3287639650e+02    8.7872686131e+01    1.1001981277e+02   -3.5994083114e+02    1.7044621870e+01    1.0240000000e+03    3.7177151535e-03    5.0875459559e-01
       313   -1.4494262617e+02    2.1011119195e+04   -2.3274607674e+02    8.7803450568e+01    1.0985365369e+02   -3.5980643724e+02    1.7206706813e+01    1.0240000000e+03    3.7116438616e-03    5.0796185662e-01
       314   -1.4489646545e+02    2.0997484704e+04   -2.3414485134e+02    8.9248385890e+01    1.1030275994e+02   -3.6161230900e+02    1.7164697713e+01    1.0240000000e+03    3.7246088032e-03    5.0948988971e-01
       315   -1.4498800619e+02    2.1024124378e+04   -2.3444766276e+02    8.9459656574e+01    1.1040342937e+02   -3.6170076562e+02    1.6849673488e+01    1.0240000000e+03    3.7283217534e-03    5.0953584559e-01
       316   -1.4496426188e+02    2.1017130910e+04   -2.3193759149e+02    8.6973329614e+01    1.1039936108e+02   -3.5971019300e+02    1.7373240431e+01    1.0240000000e+03    3.7123528309e-03    5.0664062500e-01
       317   -1.4496785212e+02    2.1017844878e+04   -2.3305502775e+02    8.8087175633e+01    1.1050892574e+02   -3.6119895609e+02    1.7635002604e+01    1.0240000000e+03    3.7107225507e-03    5.0808823529e-01
       318   -1.4503977516e+02    2.1039128484e+04   -2.3354510515e+02    8.8505329987e+01    1.1053064438e+02   -3.6174149206e+02    1.7665742535e+01    1.0240000000e+03    3.7272982299e-03    5.0869715074e-01
       319   -1.4491654965e+02    2.1004225782e+04   -2.3379611940e+02    8.8879569751e+01    1.1057290148e+02   -3.6129708285e+02    1.6928061971e+01    1.0240000000e+03    3.7274798378e-03    5.0814568015e-01
       320   -1.4502051261e+02    2.1033934940e+04   -2.3274749286e+02    8.7726980246e+01    1.1087929806e+02   -3.6093667150e+02    1.7309880586e+01    1.0240000000e+03    3.7079041358e-03    5.0698529412e-01
       321   -1.4504154655e+02    2.1040260271e+04   -2.3466591437e+02    8.9624367829e+01    1.1067044029e+02   -3.6195716354e+02    1.6620808870e+01    1.0240000000e+03    3.7093055435e-03    5.0711167279e-01
       322   -1.4501585016e+02    2.1032477663e+04   -2.3477962311e+02    8.9763772946e+01    1.1033622172e+02   -3.6153400673e+02    1.6418161896e+01    1.0240000000e+03    3.7113546859e-03    5.0800781250e-01
       323   -1.4497281521e+02    2.1019971150e+04   -2.3375891675e+02    8.8786101538e+01    1.0956918861e+02   -3.6077182680e+02    1.7443721437e+01    1.0240000000e+03    3.7238246296e-03    5.1123621324e-01
       324   -1.4500788230e+02    2.1029734148e+04   -2.3292776006e+02    8.7919877761e+01    1.0990677925e+02   -3.6047731980e+02    1.7642780482e+01    1.0240000000e+03    3.7231394090e-03    5.0838694853e-01
       325   -1.4495449472e+02    2.1014626521e+04   -2.3398074267e+02    8.9026247954e+01    1.1014064120e+02   -3.6077865748e+02    1.6657273603e+01    1.0240000000e+03    3.7179633509e-03    5.0954733456e-01
       326   -1.4490524879e+02    2.0999835601e+04   -2.3452026639e+02    8.9615017601e+01    1.1037051510e+02   -3.6218076591e+02    1.7289984425e+01    1.0240000000e+03    3.7147044204e-03    5.0916819853e-01
       327   -1.4496189995e+02    2.1016437307e+04   -2.3434087818e+02    8.9378978230e+01    1.1038840061e+02   -3.6205063212e+02    1.7321353330e+01    1.0240000000e+03    3.7107134704e-03    5.1063878676e-01
       328   -1.4507041510e+02    2.1048668301e+04   -2.3449552945e+02    8.9425114349e+01    1.1068067846e+02   -3.6219154264e+02    1.7015334734e+01    1.0240000000e+03    3.7047327496e-03    5.0712316176e-01
       329   -1.4499529778e+02    2.1026005011e+04   -2.3399656077e+02    8.9001262999e+01    1.1081475679e+02   -3.6238063145e+02    1.7569313892e+01    1.0240000000e+03    3.7206921261e-03    5.0651424632e-01
       330   -1.4497229253e+02    2.1019902823e+04   -2.3577949068e+02    9.0807198148e+01    1.1092739894e+02   -3.6368076050e+02    1.6973870884e+01    1.0240000000e+03    3.7089425605e-03    5.0492876838e-01
       331   -1.4499244988e+02    2.1025141373e+04   -2.3333932575e+02    8.8346875871e+01    1.1068110331e+02   -3.6098788248e+02    1.6967453420e+01    1.0240000000e+03    3.7076745648e-03    5.0353860294e-01
       332   -1.4501135266e+02    2.1031437122e+04   -2.3416792550e+02    8.9156572840e+01    1.1112833624e+02   -3.6345992995e+02    1.8163668206e+01    1.0240000000e+03    3.7146436516e-03    5.0652573529e-01
       333   -1.4493855722e+02    2.1009858003e+04   -2.3275654649e+02    8.7817989271e+01    1.1047850369e+02   -3.5966640154e+02    1.6431351359e+01    1.0240000000e+03    3.7130783312e-03    5.0496323529e-01
       334   -1.4493235599e+02    2.1007637747e+04   -2.3353295384e+02    8.8600597849e+01    1.1072861773e+02   -3.6325617648e+02    1.8994604911e+01    1.0240000000e+03    3.7290162873e-03    5.0914522059e-01
       335   -1.4500365450e+02    2.1028514304e+04   -2.3371623577e+02    8.8712581271e+01    1.1084687122e+02   -3.6381530841e+02    1.9252201418e+01    1.0240000000e+03    3.7126319949e-03    5.0572150735e-01
       336   -1.4503640417e+02    2.1038412477e+04   -2.3443416024e+02    8.9397756063e+01    1.1082054448e+02   -3.6337339745e+02    1.8118692733e+01    1.0240000000e+03    3.7375804968e-03    5.0858226103e-01
       337   -1.4507655131e+02    2.1049831599e+04   -2.3460577096e+02    8.9529219644e+01    1.1048036209e+02   -3.6263064649e+02    1.7544513436e+01    1.0240000000e+03    3.7201785017e-03    5.0581341912e-01
       338   -1.4495702180e+02    2.1014879157e+04   -2.3317450909e+02    8.8217487288e+01    1.1060403541e+02   -3.6055756150e+02    1.6779016991e+01    1.0240000000e+03    3.7130557466e-03    5.0421645221e-01
       339   -1.4501447877e+02    2.1033223773e+04   -2.3377619918e+02    8.8761720411e+01    1.0995456459e+02   -3.6033648710e+02    1.6605723322e+01    1.0240000000e+03    3.7258951925e-03    5.0878906250e-01
       340   -1.4497825566e+02    2.1021162988e+04   -2.3339240056e+02    8.8414144909e+01    1.1075212199e+02   -3.6186280349e+02    1.7718280936e+01    1.0240000000e+03    3.7409197539e-03    5.0982306985e-01
       341   -1.4494956001e+02    2.1012495273e+04   -2.3391338254e+02    8.8963822528e+01    1.1086732359e+02   -3.6135433836e+02    1.6573632230e+01    1.0240000000e+03    3.7187519483e-03    5.0760569853e-01
       342   -1.4509253013e+02    2.1054550541e+04   -2.3407920906e+02    8.8986678928e+01    1.1071043028e+02   -3.6173066105e+02    1.6941021709e+01    1.0240000000e+03    3.7222004030e-03    5.0953584559e-01
       343   -1.4499563504e+02    2.1025924724e+04   -2.3340625291e+02    8.8410617870e+01    1.1049165646e+02   -3.6068459526e+02    1.6786685884e+01    1.0240000000e+03    3.7126522511e-03    5.0562959559e-01
       344   -1.4496019911e+02    2.1015945048e+04   -2.3539355348e+02    9.0433354373e+01    1.1083707169e+02   -3.6274217099e+02    1.6511545815e+01    1.0240000000e+03    3.7083635107e-03    5.0651424632e-01
       345   -1.4500418210e+02    2.1028726988e+04   -2.3361659603e+02    8.8612413926e+01    1.1047992352e+02   -3.6068193425e+02    1.6585414713e+01    1.0240000000e+03    3.7183472887e-03    5.0567555147e-01
       346   -1.4495677522e+02    2.1014779647e+04   -2.3313980444e+02    8.8183029224e+01    1.1013349401e+02   -3.6022153637e+02    1.6948237917e+01    1.0240000000e+03    3.7187638227e-03    5.0653722426e-01
       347   -1.4495394893e+02    2.1014602770e+04   -2.3340910693e+02    8.8455158001e+01    1.1042938230e+02   -3.6232821318e+02    1.8489723954e+01    1.0240000000e+03    3.7127293181e-03    5.0662913603e-01
       348   -1.4495209286e+02    2.1014018313e+04   -2.3339064639e+02    8.8438553536e+01    1.1030332730e+02   -3.6142949054e+02    1.7735516846e+01    1.0240000000e+03    3.7111632992e-03    5.0692784926e-01
       349   -1.4508410955e+02    2.1052029496e+04   -2.3479120280e+02    8.9707093258e+01    1.1073417519e+02   -3.6364808688e+02    1.8122708895e+01    1.0240000000e+03    3.7151225843e-03    5.0597426471e-01
       350   -1.4503953558e+02    2.1039384543e+04   -2.3281283186e+02    8.7773296276e+01    1.1110746679e+02   -3.6237259404e+02    1.8452295389e+01    1.0240000000e+03    3.7275697105e-03    5.0920266544e-01
       351   -1.4497291671e+02    2.1019678049e+04   -2.3328258008e+02    8.8309663378e+01    1.1044661525e+02   -3.6173261828e+02    1.8003422942e+01    1.0240000000e+03    3.7104950752e-03    5.0728400735e-01
       352   -1.4484995816e+02    2.0984694168e+04   -2.3258728869e+02    8.7737330525e+01    1.1053726310e+02   -3.6110225006e+02    1.7977698269e+01    1.0240000000e+03    3.7169889547e-03    5.0858226103e-01
       353   -1.4496868250e+02    2.1018471692e+04   -2.3361784040e+02    8.8649157896e+01    1.1011864701e+02   -3.6156168262e+02    1.7825195214e+01    1.0240000000e+03    3.6990507506e-03    5.0637637868e-01
       354   -1.4498360826e+02    2.1022863452e+04   -2.3416756048e+02    8.9183952226e+01    1.1061580693e+02   -3.6175108371e+02    1.6967716297e+01    1.0240000000e+03    3.7117039319e-03    5.0820312500e-01
       355   -1.4497146105e+02    2.1019725191e+04   -2.3367221265e+02    8.8700751600e+01    1.1053649212e+02   -3.6216304840e+02    1.7954343637e+01    1.0240000000e+03    3.7028384395e-03    5.0549172794e-01
       356   -1.4490888797e+02    2.1001819368e+04   -2.3514916508e+02    9.0240277112e+01    1.1070184896e+02   -3.6352351231e+02    1.7672498267e+01    1.0240000000e+03    3.7156408653e-03    5.0742187500e-01
       357   -1.4503747561e+02    2.1038122439e+04   -2.3434095630e+02    8.9303480691e+01    1.1065041770e+02   -3.6207937380e+02    1.7087999805e+01    1.0240000000e+03    3.7223480176e-03    5.0741038603e-01
       358   -1.4501647449e+02    2.1032013612e+04   -2.3416250395e+02    8.9146029455e+01    1.1092915361e+02   -3.6228938004e+02    1.7197722488e+01    1.0240000000e+03    3.7286661100e-03    5.0614659926e-01
       359   -1.4498680834e+02    2.1023273569e+04   -2.3553749370e+02    9.0550685359e+01    1.1124156380e+02   -3.6417532710e+02    1.7396269607e+01    1.0240000000e+03    3.7214143667e-03    5.0894990809e-01
       360   -1.4502037228e+02    2.1033403325e+04   -2.3485676793e+02    8.9836395648e+01    1.1094343020e+02   -3.6261450552e+02    1.6814307391e+01    1.0240000000e+03    3.7114557344e-03    5.0584788603e-01
       361   -1.4505500135e+02    2.1043595625e+04   -2.3366331748e+02    8.8608316127e+01    1.1052064459e+02   -3.6035617155e+02    1.6172209476e+01    1.0240000000e+03    3.7005308550e-03    5.0743336397e-01
       362   -1.4502492584e+02    2.1034351224e+04   -2.3257533060e+02    8.7550404760e+01    1.1029621685e+02   -3.6003557410e+02    1.7164026659e+01    1.0240000000e+03    3.7126557436e-03    5.0870863971e-01
       363   -1.4496245869e+02    2.1016170312e+04   -2.3337246610e+02    8.8410007410e+01    1.1040374830e+02   -3.6060142038e+02    1.6825205984e+01    1.0240000000e+03    3.7154101301e-03    5.0850183824e-01
       364   -1.4494957060e+02    2.1012721115e+04   -2.3271568900e+02    8.7766118403e+01    1.1078952719e+02   -3.6117243818e+02    1.7667221988e+01    1.0240000000e+03    3.6987997591e-03    5.0496323529e-01
       365   -1.4497408277e+02    2.1020020872e+04   -2.3373384507e+02    8.8759762297e+01    1.1021748596e+02   -3.6134636407e+02    1.7395033047e+01    1.0240000000e+03    3.7167423870e-03    5.0742187500e-01
       366   -1.4502515667e+02    2.1035129785e+04   -2.3373309903e+02    8.8707942365e+01    1.1045741681e+02   -3.6107328649e+02    1.6882770654e+01    1.0240000000e+03    3.7135803141e-03    5.0850183824e-01
       367   -1.4498525757e+02    2.1023494788e+04   -2.3537004234e+02    9.0384784769e+01    1.1056379120e+02   -3.6329316643e+02    1.7359332890e+01    1.0240000000e+03    3.7178874481e-03    5.0857077206e-01
       368   -1.4500619639e+02    2.1029274921e+04   -2.3519316554e+02    9.0186969157e+01    1.1074687611e+02   -3.6329485302e+02    1.7354811370e+01    1.0240000000e+03    3.7216073833e-03    5.1039751838e-01
       369   -1.4502570201e+02    2.1034857036e+04   -2.3299367297e+02    8.7967970961e+01    1.1066871671e+02   -3.6166025365e+02    1.7997863966e+01    1.0240000000e+03    3.7236805074e-03    5.0840992647e-01
       370   -1.4500160500e+02    2.1028076267e+04   -2.3598481645e+02    9.0983211454e+01    1.1125072207e+02   -3.6469350061e+02    1.7457962088e+01    1.0240000000e+03    3.7258195225e-03    5.0822610294e-01
       371   -1.4510621129e+02    2.1058566672e+04   -2.3513889128e+02    9.0032679985e+01    1.1127499695e+02   -3.6400039659e+02    1.7586508365e+01    1.0240000000e+03    3.7035520654e-03    5.0412454044e-01
       372   -1.4502578075e+02    2.1035254624e+04   -2.3456708976e+02    8.9541309013e+01    1.1059366356e+02   -3.6215572327e+02    1.6994969949e+01    1.0240000000e+03    3.7079516333e-03    5.0744485294e-01
       373   -1.4500303721e+02    2.1028167057e+04   -2.3399612826e+02    8.8993091057e+01    1.1031761398e+02   -3.6111601250e+02    1.6802270249e+01    1.0240000000e+03    3.7166283000e-03    5.0862821691e-01
       374   -1.4499369598e+02    2.1025931747e+04   -2.3521140123e+02    9.0217705246e+01    1.1135816426e+02   -3.6337995118e+02    1.6810385694e+01    1.0240000000e+03    3.7146534305e-03    5.0729549632e-01
       375   -1.4498564309e+02    2.1022881447e+04   -2.3435366050e+02    8.9368017409e+01    1.1111618333e+02   -3.6281433539e+02    1.7344491554e+01    1.0240000000e+03    3.7120722700e-03    5.0451516544e-01
       376   -1.4499854202e+02    2.1028249692e+04   -2.3575331921e+02    9.0754777192e+01    1.1087918007e+02   -3.6334304445e+02    1.6710545160e+01    1.0240000000e+03    3.7175486796e-03    5.0705422794e-01
       377   -1.4495899029e+02    2.1016677328e+04   -2.3443323065e+02    8.9474240360e+01    1.1049246435e+02   -3.6236883661e+02    1.7443141606e+01    1.0240000000e+03    3.6889624316e-03    5.0743336397e-01
       378   -1.4499103135e+02    2.1024515974e+04   -2.3303179713e+02    8.8040765781e+01    1.1025107927e+02   -3.6091465432e+02    1.7631777918e+01    1.0240000000e+03    3.7232993636e-03    5.1007582721e-01
       379   -1.4489399932e+02    2.0996883012e+04   -2.3352479950e+02    8.8630800184e+01    1.1058116299e+02   -3.6193929338e+02    1.7833330885e+01    1.0240000000e+03    3.7217158824e-03    5.0772058824e-01
       380   -1.4502338168e+02    2.1034093865e+04   -2.3251767384e+02    8.7494292167e+01    1.1071571073e+02   -3.5990071512e+02    1.6667330543e+01    1.0240000000e+03    3.7234043702e-03    5.0658318015e-01
       381   -1.4494954516e+02    2.1013307772e+04   -2.3375593088e+02    8.8806385718e+01    1.1062328066e+02   -3.6238510154e+02    1.8005889997e+01    1.0240000000e+03    3.7187931594e-03    5.0471047794e-01
       382   -1.4496650613e+02    2.1017442761e+04   -2.3184649329e+02    8.6879987157e+01    1.1002570794e+02   -3.5873104121e+02    1.6858839979e+01    1.0240000000e+03    3.7132271100e-03    5.0713465074e-01
       383   -1.4497953766e+02    2.1021528009e+04   -2.3358866714e+02    8.8609129481e+01    1.1048296154e+02   -3.6200545304e+02    1.7933824361e+01    1.0240000000e+03    3.7106312811e-03    5.0678998162e-01
       384   -1.4492162251e+02    2.1004907297e+04   -2.3285081850e+02    8.7929195988e+01    1.1000480359e+02   -3.5831877230e+02    1.5463150204e+01    1.0240000000e+03    3.7068827078e-03    5.0522748162e-01
       385   -1.4505948646e+02    2.1045015737e+04   -2.3353995792e+02    8.8480471459e+01    1.1078532022e+02   -3.6142650467e+02    1.7101226531e+01    1.0240000000e+03    3.7125418894e-03    5.0651424632e-01
       386   -1.4498104979e+02    2.1021650289e+04   -2.3296361923e+02    8.7982569442e+01    1.1081576421e+02   -3.6155671681e+02    1.7777333375e+01    1.0240000000e+03    3.7095989101e-03    5.0645680147e-01
       387   -1.4500235948e+02    2.1029139178e+04   -2.3580439090e+02    9.0802031422e+01    1.1084658756e+02   -3.6418995786e+02    1.7538979400e+01    1.0240000000e+03    3.7098384928e-03    5.0731847426e-01
       388   -1.4494967012e+02    2.1013472871e+04   -2.3524068411e+02    9.0291013991e+01    1.1097126545e+02   -3.6439122862e+02    1.8179279061e+01    1.0240000000e+03    3.7251000758e-03    5.0656020221e-01
       389   -1.4488967698e+02    2.0995353301e+04   -2.3442719487e+02    8.9537517890e+01    1.1035327848e+02   -3.6203395058e+02    1.7253477229e+01    1.0240000000e+03    3.7159994245e-03    5.0592830882e-01
       390   -1.4495939443e+02    2.1015886346e+04   -2.3456799468e+02    8.9608600252e+01    1.1075444731e+02   -3.6238542934e+02    1.7062987343e+01    1.0240000000e+03    3.7053171545e-03    5.0643382353e-01
       391   -1.4499922471e+02    2.1028123040e+04   -2.3406438381e+02    8.9065159099e+01    1.1076799042e+02   -3.6293072273e+02    1.8098348497e+01    1.0240000000e+03    3.6887091119e-03    5.0225183824e-01
       392   -1.4503398432e+02    2.1037422993e+04   -2.3233049756e+02    8.7296513246e+01    1.1027550005e+02   -3.5999430009e+02    1.7388302483e+01    1.0240000000e+03    3.7076219451e-03    5.0396369485e-01
       393   -1.4503296862e+02    2.1036851259e+04   -2.3553186335e+02    9.0498894721e+01    1.1063916138e+02   -3.6435770682e+02    1.8186682095e+01    1.0240000000e+03    3.7074435968e-03    5.0454963235e-01
       394   -1.4495197435e+02    2.1013621680e+04   -2.3388123423e+02    8.8929259883e+01    1.1073430775e+02   -3.6352261625e+02    1.8907074272e+01    1.0240000000e+03    3.7301091943e-03    5.1043198529e-01
       395   -1.4503505262e+02    2.1037472184e+04   -2.3360032485e+02    8.8565272237e+01    1.1047051404e+02   -3.6300891105e+02    1.8938072157e+01    1.0240000000e+03    3.7180520594e-03    5.0874310662e-01
       396   -1.4491173312e+02    2.1001825186e+04   -2.3374395726e+02    8.8832224145e+01    1.1083575194e+02   -3.6132764908e+02    1.6747939877e+01    1.0240000000e+03    3.7138313055e-03    5.0693933824e-01
       397   -1.4501506100e+02    2.1032295600e+04   -2.3381236804e+02    8.8797307039e+01    1.1054135840e+02   -3.6150099740e+02    1.7147270960e+01    1.0240000000e+03    3.7205375265e-03    5.0800781250e-01
       398   -1.4496205785e+02    2.1016450501e+04   -2.3428158268e+02    8.9319524821e+01    1.1063187245e+02   -3.6198300599e+02    1.7069550871e+01    1.0240000000e+03    3.7173780147e-03    5.0653722426e-01
       399   -1.4501887251e+02    2.1033057404e+04   -2.3523357187e+02    9.0214699361e+01    1.1086337887e+02   -3.6296188655e+02    1.6864935811e+01    1.0240000000e+03    3.7170813885e-03    5.0790441176e-01
