 $DATA  
                                                                                
C1       0
MG         12.0      0.0000000000      0.0000000000      0.0000000000
   S      10
     1             51.7112825400  0.00001300
     2             22.8922001700 -0.00007900
     3             10.1342067500  0.00038800
     4              4.4863379600 -0.00555700
     5              1.9860684500  0.04709800
     6              0.8792177300 -0.18005200
     7              0.3892231500 -0.07386000
     8              0.1723061900  0.23765800
     9              0.0762786700  0.58477700
    10              0.0337680000  0.23422500
   S       1
     1              0.0365140000  1.00000000
   S       1
     1              0.1674850000  1.00000000
   P      10
     1             13.1520611500  0.00001800
     2              6.9794756800 -0.00004700
     3              3.7038362400  0.00057800
     4              1.9655348800  0.00074300
     5              1.0430610600 -0.00069400
     6              0.5535268800 -0.00734300
     7              0.2937431100  0.01552600
     8              0.1558822500 -0.00661900
     9              0.0827228800  0.07163400
    10              0.0438990000 -0.01927600
   P       1
     1              0.0308670000  1.00000000
   P       1
     1              0.0723770000  1.00000000
   D       1
     1              0.1222090000  1.00000000
   D       1
     1              0.2863990000  1.00000000
   F       1
     1              0.2508100000  1.00000000
        
 $END      
--- OPEN SHELL ORBITALS --- GENERATED AT Tue Oct  2 06:04:44 2018
                                                                                
E(ROHF)=       -0.7883530162, E(NUC)=    0.0000000000,    7 ITERS
 $VEC   
 1  1 9.39509546E-01 6.43972236E-02-2.46485297E-04 0.00000000E+00 0.00000000E+00
 1  2 0.00000000E+00 0.00000000E+00 0.00000000E+00 0.00000000E+00 0.00000000E+00
 1  3 0.00000000E+00 0.00000000E+00 0.00000000E+00 0.00000000E+00 0.00000000E+00
 1  4 0.00000000E+00 0.00000000E+00 0.00000000E+00 0.00000000E+00 0.00000000E+00
 1  5 0.00000000E+00 0.00000000E+00 0.00000000E+00 0.00000000E+00 0.00000000E+00
 1  6 0.00000000E+00 0.00000000E+00 0.00000000E+00 0.00000000E+00 0.00000000E+00
 1  7 0.00000000E+00 0.00000000E+00 0.00000000E+00 0.00000000E+00
 2  1 0.00000000E+00 0.00000000E+00 0.00000000E+00 6.49123403E-01 0.00000000E+00
 2  2 0.00000000E+00 1.19503654E+00 0.00000000E+00 0.00000000E+00-7.48489965E-01
 2  3 0.00000000E+00 0.00000000E+00 0.00000000E+00 0.00000000E+00 0.00000000E+00
 2  4 0.00000000E+00 0.00000000E+00 0.00000000E+00 0.00000000E+00 0.00000000E+00
 2  5 0.00000000E+00 0.00000000E+00 0.00000000E+00 0.00000000E+00 0.00000000E+00
 2  6 0.00000000E+00 0.00000000E+00 0.00000000E+00 0.00000000E+00 0.00000000E+00
 2  7 0.00000000E+00 0.00000000E+00 0.00000000E+00 0.00000000E+00
 3  1 0.00000000E+00 0.00000000E+00 0.00000000E+00 0.00000000E+00 6.49123403E-01
 3  2 0.00000000E+00 0.00000000E+00 1.19503654E+00 0.00000000E+00 0.00000000E+00
 3  3-7.48489965E-01 0.00000000E+00 0.00000000E+00 0.00000000E+00 0.00000000E+00
 3  4 0.00000000E+00 0.00000000E+00 0.00000000E+00 0.00000000E+00 0.00000000E+00
 3  5 0.00000000E+00 0.00000000E+00 0.00000000E+00 0.00000000E+00 0.00000000E+00
 3  6 0.00000000E+00 0.00000000E+00 0.00000000E+00 0.00000000E+00 0.00000000E+00
 3  7 0.00000000E+00 0.00000000E+00 0.00000000E+00 0.00000000E+00
 4  1 0.00000000E+00 0.00000000E+00 0.00000000E+00 0.00000000E+00 0.00000000E+00
 4  2 6.49123403E-01 0.00000000E+00 0.00000000E+00 1.19503654E+00 0.00000000E+00
 4  3 0.00000000E+00-7.48489965E-01 0.00000000E+00 0.00000000E+00 0.00000000E+00
 4  4 0.00000000E+00 0.00000000E+00 0.00000000E+00 0.00000000E+00 0.00000000E+00
 4  5 0.00000000E+00 0.00000000E+00 0.00000000E+00 0.00000000E+00 0.00000000E+00
 4  6 0.00000000E+00 0.00000000E+00 0.00000000E+00 0.00000000E+00 0.00000000E+00
 4  7 0.00000000E+00 0.00000000E+00 0.00000000E+00 0.00000000E+00
 5  1 0.00000000E+00 0.00000000E+00 0.00000000E+00 0.00000000E+00-6.82868422E-01
 5  2 0.00000000E+00 0.00000000E+00-1.66947995E+00 0.00000000E+00 0.00000000E+00
 5  3 2.54857099E+00 0.00000000E+00 0.00000000E+00 0.00000000E+00 0.00000000E+00
 5  4 0.00000000E+00 0.00000000E+00 0.00000000E+00 0.00000000E+00 0.00000000E+00
 5  5 0.00000000E+00 0.00000000E+00 0.00000000E+00 0.00000000E+00 0.00000000E+00
 5  6 0.00000000E+00 0.00000000E+00 0.00000000E+00 0.00000000E+00 0.00000000E+00
 5  7 0.00000000E+00 0.00000000E+00 0.00000000E+00 0.00000000E+00
 6  1 0.00000000E+00 0.00000000E+00 0.00000000E+00-6.82868422E-01 0.00000000E+00
 6  2 0.00000000E+00-1.66947995E+00 0.00000000E+00 0.00000000E+00 2.54857099E+00
 6  3 0.00000000E+00 0.00000000E+00 0.00000000E+00 0.00000000E+00 0.00000000E+00
 6  4 0.00000000E+00 0.00000000E+00 0.00000000E+00 0.00000000E+00 0.00000000E+00
 6  5 0.00000000E+00 0.00000000E+00 0.00000000E+00 0.00000000E+00 0.00000000E+00
 6  6 0.00000000E+00 0.00000000E+00 0.00000000E+00 0.00000000E+00 0.00000000E+00
 6  7 0.00000000E+00 0.00000000E+00 0.00000000E+00 0.00000000E+00
 7  1 0.00000000E+00 0.00000000E+00 0.00000000E+00 0.00000000E+00 0.00000000E+00
 7  2-6.82868422E-01 0.00000000E+00 0.00000000E+00-1.66947995E+00 0.00000000E+00
 7  3 0.00000000E+00 2.54857099E+00 0.00000000E+00 0.00000000E+00 0.00000000E+00
 7  4 0.00000000E+00 0.00000000E+00 0.00000000E+00 0.00000000E+00 0.00000000E+00
 7  5 0.00000000E+00 0.00000000E+00 0.00000000E+00 0.00000000E+00 0.00000000E+00
 7  6 0.00000000E+00 0.00000000E+00 0.00000000E+00 0.00000000E+00 0.00000000E+00
 7  7 0.00000000E+00 0.00000000E+00 0.00000000E+00 0.00000000E+00
 8  1-1.71026345E+00 2.29606637E+00-5.63948775E-01 0.00000000E+00 0.00000000E+00
 8  2 0.00000000E+00 0.00000000E+00 0.00000000E+00 0.00000000E+00 0.00000000E+00
 8  3 0.00000000E+00 0.00000000E+00 0.00000000E+00 0.00000000E+00 0.00000000E+00
 8  4 0.00000000E+00 0.00000000E+00 0.00000000E+00 0.00000000E+00 0.00000000E+00
 8  5 0.00000000E+00 0.00000000E+00 0.00000000E+00 0.00000000E+00 0.00000000E+00
 8  6 0.00000000E+00 0.00000000E+00 0.00000000E+00 0.00000000E+00 0.00000000E+00
 8  7 0.00000000E+00 0.00000000E+00 0.00000000E+00 0.00000000E+00
 9  1 0.00000000E+00 0.00000000E+00 0.00000000E+00 0.00000000E+00 0.00000000E+00
 9  2 0.00000000E+00 0.00000000E+00 0.00000000E+00 0.00000000E+00 0.00000000E+00
 9  3 0.00000000E+00 0.00000000E+00 0.00000000E+00 0.00000000E+00 0.00000000E+00
 9  4 0.00000000E+00 1.10868614E+00 0.00000000E+00 0.00000000E+00 0.00000000E+00
 9  5 0.00000000E+00 0.00000000E+00-1.55507216E-01 0.00000000E+00 0.00000000E+00
 9  6 0.00000000E+00 0.00000000E+00 0.00000000E+00 0.00000000E+00 0.00000000E+00
 9  7 0.00000000E+00 0.00000000E+00 0.00000000E+00 0.00000000E+00
10  1 0.00000000E+00 0.00000000E+00 0.00000000E+00 0.00000000E+00 0.00000000E+00
10  2 0.00000000E+00 0.00000000E+00 0.00000000E+00 0.00000000E+00 0.00000000E+00
10  3 0.00000000E+00 0.00000000E+00-5.54343070E-01-5.54343070E-01 1.10868614E+00
10  4 0.00000000E+00 0.00000000E+00 0.00000000E+00 7.77536079E-02 7.77536079E-02
10  5-1.55507216E-01 0.00000000E+00 0.00000000E+00 0.00000000E+00 0.00000000E+00
10  6 0.00000000E+00 0.00000000E+00 0.00000000E+00 0.00000000E+00 0.00000000E+00
10  7 0.00000000E+00 0.00000000E+00 0.00000000E+00 0.00000000E+00
11  1 0.00000000E+00 0.00000000E+00 0.00000000E+00 0.00000000E+00 0.00000000E+00
11  2 0.00000000E+00 0.00000000E+00 0.00000000E+00 0.00000000E+00 0.00000000E+00
11  3 0.00000000E+00 0.00000000E+00 9.60150361E-01-9.60150361E-01 0.00000000E+00
11  4 0.00000000E+00 0.00000000E+00 0.00000000E+00-1.34673199E-01 1.34673199E-01
11  5 0.00000000E+00 0.00000000E+00 0.00000000E+00 0.00000000E+00 0.00000000E+00
11  6 0.00000000E+00 0.00000000E+00 0.00000000E+00 0.00000000E+00 0.00000000E+00
11  7 0.00000000E+00 0.00000000E+00 0.00000000E+00 0.00000000E+00
12  1 0.00000000E+00 0.00000000E+00 0.00000000E+00 0.00000000E+00 0.00000000E+00
12  2 0.00000000E+00 0.00000000E+00 0.00000000E+00 0.00000000E+00 0.00000000E+00
12  3 0.00000000E+00 0.00000000E+00 0.00000000E+00 0.00000000E+00 0.00000000E+00
12  4 0.00000000E+00 0.00000000E+00 1.10868614E+00 0.00000000E+00 0.00000000E+00
12  5 0.00000000E+00 0.00000000E+00 0.00000000E+00-1.55507216E-01 0.00000000E+00
12  6 0.00000000E+00 0.00000000E+00 0.00000000E+00 0.00000000E+00 0.00000000E+00
12  7 0.00000000E+00 0.00000000E+00 0.00000000E+00 0.00000000E+00
13  1 0.00000000E+00 0.00000000E+00 0.00000000E+00 0.00000000E+00 0.00000000E+00
13  2 0.00000000E+00 0.00000000E+00 0.00000000E+00 0.00000000E+00 0.00000000E+00
13  3 0.00000000E+00 0.00000000E+00 0.00000000E+00 0.00000000E+00 0.00000000E+00
13  4 1.10868614E+00 0.00000000E+00 0.00000000E+00 0.00000000E+00 0.00000000E+00
13  5 0.00000000E+00-1.55507216E-01 0.00000000E+00 0.00000000E+00 0.00000000E+00
13  6 0.00000000E+00 0.00000000E+00 0.00000000E+00 0.00000000E+00 0.00000000E+00
13  7 0.00000000E+00 0.00000000E+00 0.00000000E+00 0.00000000E+00
14  1 0.00000000E+00 0.00000000E+00 0.00000000E+00-6.36919527E+00 0.00000000E+00
14  2 0.00000000E+00-2.46605882E+00 0.00000000E+00 0.00000000E+00 8.08376921E+00
14  3 0.00000000E+00 0.00000000E+00 0.00000000E+00 0.00000000E+00 0.00000000E+00
14  4 0.00000000E+00 0.00000000E+00 0.00000000E+00 0.00000000E+00 0.00000000E+00
14  5 0.00000000E+00 0.00000000E+00 0.00000000E+00 0.00000000E+00 0.00000000E+00
14  6 0.00000000E+00 0.00000000E+00 0.00000000E+00 0.00000000E+00 0.00000000E+00
14  7 0.00000000E+00 0.00000000E+00 0.00000000E+00 0.00000000E+00
15  1 0.00000000E+00 0.00000000E+00 0.00000000E+00 0.00000000E+00-6.36919527E+00
15  2 0.00000000E+00 0.00000000E+00-2.46605882E+00 0.00000000E+00 0.00000000E+00
15  3 8.08376921E+00 0.00000000E+00 0.00000000E+00 0.00000000E+00 0.00000000E+00
15  4 0.00000000E+00 0.00000000E+00 0.00000000E+00 0.00000000E+00 0.00000000E+00
15  5 0.00000000E+00 0.00000000E+00 0.00000000E+00 0.00000000E+00 0.00000000E+00
15  6 0.00000000E+00 0.00000000E+00 0.00000000E+00 0.00000000E+00 0.00000000E+00
15  7 0.00000000E+00 0.00000000E+00 0.00000000E+00 0.00000000E+00
16  1 0.00000000E+00 0.00000000E+00 0.00000000E+00 0.00000000E+00 0.00000000E+00
16  2-6.36919527E+00 0.00000000E+00 0.00000000E+00-2.46605882E+00 0.00000000E+00
16  3 0.00000000E+00 8.08376921E+00 0.00000000E+00 0.00000000E+00 0.00000000E+00
16  4 0.00000000E+00 0.00000000E+00 0.00000000E+00 0.00000000E+00 0.00000000E+00
16  5 0.00000000E+00 0.00000000E+00 0.00000000E+00 0.00000000E+00 0.00000000E+00
16  6 0.00000000E+00 0.00000000E+00 0.00000000E+00 0.00000000E+00 0.00000000E+00
16  7 0.00000000E+00 0.00000000E+00 0.00000000E+00 0.00000000E+00
17  1 0.00000000E+00 0.00000000E+00 0.00000000E+00 0.00000000E+00 0.00000000E+00
17  2 0.00000000E+00 0.00000000E+00 0.00000000E+00 0.00000000E+00 0.00000000E+00
17  3 0.00000000E+00 0.00000000E+00 0.00000000E+00 0.00000000E+00 0.00000000E+00
17  4 0.00000000E+00-9.71758345E-01 0.00000000E+00 0.00000000E+00 0.00000000E+00
17  5 0.00000000E+00 0.00000000E+00 1.46605482E+00 0.00000000E+00 0.00000000E+00
17  6 0.00000000E+00 0.00000000E+00 0.00000000E+00 0.00000000E+00 0.00000000E+00
17  7 0.00000000E+00 0.00000000E+00 0.00000000E+00 0.00000000E+00
18  1 0.00000000E+00 0.00000000E+00 0.00000000E+00 0.00000000E+00 0.00000000E+00
18  2 0.00000000E+00 0.00000000E+00 0.00000000E+00 0.00000000E+00 0.00000000E+00
18  3 0.00000000E+00 0.00000000E+00 0.00000000E+00 0.00000000E+00 0.00000000E+00
18  4-9.71758345E-01 0.00000000E+00 0.00000000E+00 0.00000000E+00 0.00000000E+00
18  5 0.00000000E+00 1.46605482E+00 0.00000000E+00 0.00000000E+00 0.00000000E+00
18  6 0.00000000E+00 0.00000000E+00 0.00000000E+00 0.00000000E+00 0.00000000E+00
18  7 0.00000000E+00 0.00000000E+00 0.00000000E+00 0.00000000E+00
19  1 0.00000000E+00 0.00000000E+00 0.00000000E+00 0.00000000E+00 0.00000000E+00
19  2 0.00000000E+00 0.00000000E+00 0.00000000E+00 0.00000000E+00 0.00000000E+00
19  3 0.00000000E+00 0.00000000E+00 0.00000000E+00 0.00000000E+00 0.00000000E+00
19  4 0.00000000E+00 0.00000000E+00-9.71758345E-01 0.00000000E+00 0.00000000E+00
19  5 0.00000000E+00 0.00000000E+00 0.00000000E+00 1.46605482E+00 0.00000000E+00
19  6 0.00000000E+00 0.00000000E+00 0.00000000E+00 0.00000000E+00 0.00000000E+00
19  7 0.00000000E+00 0.00000000E+00 0.00000000E+00 0.00000000E+00
20  1 0.00000000E+00 0.00000000E+00 0.00000000E+00 0.00000000E+00 0.00000000E+00
20  2 0.00000000E+00 0.00000000E+00 0.00000000E+00 0.00000000E+00 0.00000000E+00
20  3 0.00000000E+00 0.00000000E+00 4.85879173E-01 4.85879173E-01-9.71758345E-01
20  4 0.00000000E+00 0.00000000E+00 0.00000000E+00-7.33027411E-01-7.33027411E-01
20  5 1.46605482E+00 0.00000000E+00 0.00000000E+00 0.00000000E+00 0.00000000E+00
20  6 0.00000000E+00 0.00000000E+00 0.00000000E+00 0.00000000E+00 0.00000000E+00
20  7 0.00000000E+00 0.00000000E+00 0.00000000E+00 0.00000000E+00
21  1 0.00000000E+00 0.00000000E+00 0.00000000E+00 0.00000000E+00 0.00000000E+00
21  2 0.00000000E+00 0.00000000E+00 0.00000000E+00 0.00000000E+00 0.00000000E+00
21  3 0.00000000E+00 0.00000000E+00-8.41567413E-01 8.41567413E-01 0.00000000E+00
21  4 0.00000000E+00 0.00000000E+00 0.00000000E+00 1.26964072E+00-1.26964072E+00
21  5 0.00000000E+00 0.00000000E+00 0.00000000E+00 0.00000000E+00 0.00000000E+00
21  6 0.00000000E+00 0.00000000E+00 0.00000000E+00 0.00000000E+00 0.00000000E+00
21  7 0.00000000E+00 0.00000000E+00 0.00000000E+00 0.00000000E+00
22  1 0.00000000E+00 0.00000000E+00 0.00000000E+00 0.00000000E+00 0.00000000E+00
22  2 0.00000000E+00 0.00000000E+00 0.00000000E+00 0.00000000E+00 0.00000000E+00
22  3 0.00000000E+00 0.00000000E+00 0.00000000E+00 0.00000000E+00 0.00000000E+00
22  4 0.00000000E+00 0.00000000E+00 0.00000000E+00 0.00000000E+00 0.00000000E+00
22  5 0.00000000E+00 0.00000000E+00 0.00000000E+00 0.00000000E+00-7.90569415E-01
22  6 0.00000000E+00 0.00000000E+00 0.00000000E+00 0.00000000E+00 1.06066017E+00
22  7 0.00000000E+00 0.00000000E+00 0.00000000E+00 0.00000000E+00
23  1 0.00000000E+00 0.00000000E+00 0.00000000E+00 0.00000000E+00 0.00000000E+00
23  2 0.00000000E+00 0.00000000E+00 0.00000000E+00 0.00000000E+00 0.00000000E+00
23  3 0.00000000E+00 0.00000000E+00 0.00000000E+00 0.00000000E+00 0.00000000E+00
23  4 0.00000000E+00 0.00000000E+00 0.00000000E+00 0.00000000E+00 0.00000000E+00
23  5 0.00000000E+00 0.00000000E+00 0.00000000E+00 0.00000000E+00 0.00000000E+00
23  6 0.00000000E+00 0.00000000E+00 0.00000000E+00 8.66025404E-01 0.00000000E+00
23  7-8.66025404E-01 0.00000000E+00 0.00000000E+00 0.00000000E+00
24  1 0.00000000E+00 0.00000000E+00 0.00000000E+00 0.00000000E+00 0.00000000E+00
24  2 0.00000000E+00 0.00000000E+00 0.00000000E+00 0.00000000E+00 0.00000000E+00
24  3 0.00000000E+00 0.00000000E+00 0.00000000E+00 0.00000000E+00 0.00000000E+00
24  4 0.00000000E+00 0.00000000E+00 0.00000000E+00 0.00000000E+00 0.00000000E+00
24  5 0.00000000E+00 0.00000000E+00 0.00000000E+00 0.00000000E+00 0.00000000E+00
24  6-7.90569415E-01 0.00000000E+00 1.06066017E+00 0.00000000E+00 0.00000000E+00
24  7 0.00000000E+00 0.00000000E+00 0.00000000E+00 0.00000000E+00
25  1 0.00000000E+00 0.00000000E+00 0.00000000E+00 0.00000000E+00 0.00000000E+00
25  2 0.00000000E+00 0.00000000E+00 0.00000000E+00 0.00000000E+00 0.00000000E+00
25  3 0.00000000E+00 0.00000000E+00 0.00000000E+00 0.00000000E+00 0.00000000E+00
25  4 0.00000000E+00 0.00000000E+00 0.00000000E+00 0.00000000E+00 0.00000000E+00
25  5 0.00000000E+00 0.00000000E+00 0.00000000E+00 0.00000000E+00-6.12372436E-01
25  6 0.00000000E+00 0.00000000E+00 0.00000000E+00 0.00000000E+00-2.73861279E-01
25  7 0.00000000E+00 1.09544512E+00 0.00000000E+00 0.00000000E+00
26  1 0.00000000E+00 0.00000000E+00 0.00000000E+00 0.00000000E+00 0.00000000E+00
26  2 0.00000000E+00 0.00000000E+00 0.00000000E+00 0.00000000E+00 0.00000000E+00
26  3 0.00000000E+00 0.00000000E+00 0.00000000E+00 0.00000000E+00 0.00000000E+00
26  4 0.00000000E+00 0.00000000E+00 0.00000000E+00 0.00000000E+00 0.00000000E+00
26  5 0.00000000E+00 0.00000000E+00 0.00000000E+00 0.00000000E+00 0.00000000E+00
26  6-6.12372436E-01 0.00000000E+00-2.73861279E-01 0.00000000E+00 0.00000000E+00
26  7 0.00000000E+00 0.00000000E+00 1.09544512E+00 0.00000000E+00
27  1 0.00000000E+00 0.00000000E+00 0.00000000E+00 0.00000000E+00 0.00000000E+00
27  2 0.00000000E+00 0.00000000E+00 0.00000000E+00 0.00000000E+00 0.00000000E+00
27  3 0.00000000E+00 0.00000000E+00 0.00000000E+00 0.00000000E+00 0.00000000E+00
27  4 0.00000000E+00 0.00000000E+00 0.00000000E+00 0.00000000E+00 0.00000000E+00
27  5 0.00000000E+00 0.00000000E+00 0.00000000E+00 0.00000000E+00 0.00000000E+00
27  6 0.00000000E+00 1.00000000E+00 0.00000000E+00-6.70820393E-01 0.00000000E+00
27  7-6.70820393E-01 0.00000000E+00 0.00000000E+00 0.00000000E+00
28  1 0.00000000E+00 0.00000000E+00 0.00000000E+00 0.00000000E+00 0.00000000E+00
28  2 0.00000000E+00 0.00000000E+00 0.00000000E+00 0.00000000E+00 0.00000000E+00
28  3 0.00000000E+00 0.00000000E+00 0.00000000E+00 0.00000000E+00 0.00000000E+00
28  4 0.00000000E+00 0.00000000E+00 0.00000000E+00 0.00000000E+00 0.00000000E+00
28  5 0.00000000E+00 0.00000000E+00 0.00000000E+00 0.00000000E+00 0.00000000E+00
28  6 0.00000000E+00 0.00000000E+00 0.00000000E+00 0.00000000E+00 0.00000000E+00
28  7 0.00000000E+00 0.00000000E+00 0.00000000E+00 1.00000000E+00
29  1 4.10864613E+00-2.57342447E+00-2.04005564E+00 0.00000000E+00 0.00000000E+00
29  2 0.00000000E+00 0.00000000E+00 0.00000000E+00 0.00000000E+00 0.00000000E+00
29  3 0.00000000E+00 0.00000000E+00 0.00000000E+00 0.00000000E+00 0.00000000E+00
29  4 0.00000000E+00 0.00000000E+00 0.00000000E+00 0.00000000E+00 0.00000000E+00
29  5 0.00000000E+00 0.00000000E+00 0.00000000E+00 0.00000000E+00 0.00000000E+00
29  6 0.00000000E+00 0.00000000E+00 0.00000000E+00 0.00000000E+00 0.00000000E+00
29  7 0.00000000E+00 0.00000000E+00 0.00000000E+00 0.00000000E+00
 $END   
 POPULATION ANALYSIS
MG           2.00000   0.00000   2.00000  -0.00000
 MOMENTS AT POINT    1 X,Y,Z=  0.000000  0.000000  0.000000
 DIPOLE       0.000000  0.000000  0.000000
